2.458987000000000000e+06 9.996679213115837737e-01 1.403712491007297098e-04
2.458987004820551258e+06 9.996532784011198380e-01 1.403428005466203195e-04
2.458987009641102981e+06 9.996761490583394583e-01 1.403143519897628020e-04
2.458987014461654238e+06 9.997365521027357094e-01 1.403044398953775878e-04
2.458987019282205496e+06 9.998344875347050520e-01 1.402986528447642688e-04
2.458987024102756754e+06 9.999474777966433914e-01 1.402928657941509769e-04
2.458987028923308477e+06 1.000000000000000000e+00 1.402870787429786703e-04
2.458987033743859734e+06 9.999859319638645383e-01 1.402768158063593122e-04
2.458987038564410992e+06 9.999052736965267085e-01 1.402620081575979354e-04
2.458987043384962250e+06 9.997640974086687837e-01 1.402472005088365857e-04
2.458987048205513973e+06 9.996404924615756027e-01 1.402323928586448210e-04
2.458987053026065230e+06 9.995583239702979794e-01 1.402182159937071914e-04
2.458987057846616488e+06 9.995175919208943993e-01 1.402070252514983151e-04
2.458987062667167746e+06 9.995182892564172805e-01 1.401958345092894117e-04
2.458987067487719469e+06 9.995206955048999697e-01 1.401846437659995045e-04
2.458987072308270726e+06 9.994871591156393453e-01 1.401734530237906283e-04
2.458987077128821984e+06 9.994176800906041658e-01 1.401514191753058011e-04
2.458987081949373242e+06 9.993122584297943201e-01 1.401275109229608489e-04
2.458987086769924965e+06 9.991829811762412694e-01 1.401036026683063292e-04
2.458987091590476222e+06 9.990658837250324664e-01 1.400796944159613498e-04
2.458987096411027480e+06 9.989633668532594823e-01 1.400658406750615820e-04
2.458987101231578737e+06 9.988754305609229833e-01 1.400608736790775002e-04
2.458987106052130461e+06 9.987986503280156247e-01 1.400559066826136318e-04
2.458987110872681718e+06 9.986963371567948444e-01 1.400509396866295500e-04
2.458987115693232976e+06 9.985585569777993831e-01 1.400404090823391780e-04
2.458987120513784699e+06 9.983853097725808867e-01 1.400088269853600798e-04
2.458987125334335957e+06 9.981766388915723764e-01 1.399772448914317910e-04
2.458987130154887214e+06 9.979529436881894311e-01 1.399456627975035564e-04
2.458987134975438472e+06 9.977311547098316469e-01 1.399140807035752676e-04
2.458987139795990195e+06 9.975112719353507185e-01 1.398908718745186445e-04
2.458987144616541453e+06 9.972932954072273315e-01 1.398687270729601030e-04
2.458987149437092710e+06 9.970685594839593380e-01 1.398465822714015615e-04
2.458987154257643968e+06 9.968141103624588162e-01 1.398244374698430471e-04
2.458987159078195691e+06 9.965287181548556639e-01 1.397932200933869374e-04
2.458987163898746949e+06 9.962123829162871091e-01 1.397550308955870931e-04
2.458987168719298206e+06 9.958700225133013673e-01 1.397168416977873030e-04
2.458987173539849464e+06 9.955461585029002913e-01 1.396786524999874858e-04
2.458987178360401187e+06 9.952514430966560299e-01 1.396473509701808555e-04
2.458987183180952445e+06 9.949858763515072591e-01 1.396374269790975778e-04
2.458987188001503702e+06 9.947492619198300412e-01 1.396275029880143001e-04
2.458987192822054960e+06 9.945086055701886085e-01 1.396175789969309952e-04
2.458987197642606683e+06 9.942398095353673915e-01 1.396076550048890930e-04
2.458987202463157941e+06 9.939428738672974051e-01 1.395708375929213384e-04
2.458987207283709198e+06 9.936177985413724434e-01 1.395317416683581062e-04
2.458987212104260456e+06 9.932850096859923150e-01 1.394926457437949011e-04
2.458987216924812179e+06 9.929926082198311521e-01 1.394535498154550674e-04
2.458987221745363437e+06 9.927426089026676337e-01 1.394298676640943503e-04
2.458987226565914694e+06 9.925350117042079923e-01 1.394164567755368364e-04
2.458987231386466417e+06 9.923617565384207362e-01 1.394030458856838905e-04
2.458987236207017675e+06 9.921604795417670042e-01 1.393896349971263766e-04
2.458987241027568933e+06 9.919180411184660429e-01 1.393713680220403370e-04
2.458987245848120190e+06 9.916344412685179632e-01 1.393405093107858784e-04
2.458987250668671913e+06 9.913101099849463971e-01 1.393096505965504600e-04
2.458987255489223171e+06 9.909826972615297658e-01 1.392787918852960013e-04
2.458987260309774429e+06 9.906764948093681467e-01 1.392479331740415426e-04
2.458987265130325686e+06 9.903915026284617618e-01 1.392248611642257522e-04
2.458987269950877409e+06 9.901277206943537301e-01 1.392021429901397209e-04
2.458987274771428667e+06 9.898552151905717356e-01 1.391794248182482774e-04
2.458987279591979925e+06 9.895113235186221434e-01 1.391567066463568069e-04
2.458987284412531182e+06 9.890940709002963294e-01 1.391213350090336688e-04
2.458987289233082905e+06 9.886034572846583712e-01 1.390786821798431581e-04
2.458987294053634163e+06 9.880572080189897743e-01 1.390360293547728866e-04
2.458987298874185421e+06 9.875736269003947410e-01 1.389933765297026152e-04
2.458987303694736678e+06 9.871745671991195570e-01 1.389546881331680129e-04
2.458987308515288401e+06 9.868600288888623728e-01 1.389247028108883035e-04
2.458987313335839659e+06 9.866288490631880403e-01 1.388947174915051758e-04
2.458987318156390917e+06 9.864177664767806997e-01 1.388647321721220480e-04
2.458987322976942174e+06 9.861906218932349200e-01 1.388347468527389203e-04
2.458987327797493897e+06 9.859474152882814479e-01 1.387854422729245757e-04
2.458987332618045155e+06 9.856881467089074755e-01 1.387359656625538457e-04
2.458987337438596413e+06 9.854157305714240644e-01 1.386864890521831699e-04
2.458987342259148136e+06 9.851355860560252475e-01 1.386370124370330599e-04
2.458987347079699393e+06 9.848478349950540167e-01 1.385969123301155064e-04
2.458987351900250651e+06 9.845524773618159475e-01 1.385614433149843215e-04
2.458987356720801909e+06 9.842557333190287139e-01 1.385259742998530823e-04
2.458987361541353632e+06 9.839936839790373035e-01 1.384905052812955746e-04
2.458987366361904889e+06 9.837721409029061004e-01 1.384661439885708889e-04
2.458987371182456147e+06 9.835911040633648073e-01 1.384626304225982968e-04
2.458987376003007405e+06 9.834491102763597281e-01 1.384591168566257048e-04
2.458987380823559128e+06 9.832914384486712844e-01 1.384556032903137303e-04
2.458987385644110385e+06 9.830903251880780402e-01 1.384512946181918963e-04
2.458987390464661643e+06 9.828457704814475004e-01 1.384169790127632573e-04
2.458987395285212900e+06 9.825577743287794430e-01 1.383826634073346184e-04
2.458987400105764624e+06 9.822579653051154436e-01 1.383483477985910856e-04
2.458987404926315881e+06 9.819985020835880762e-01 1.383140321931624467e-04
2.458987409746867139e+06 9.817801560880313749e-01 1.382832791986353253e-04
2.458987414567418396e+06 9.816029273184455617e-01 1.382540239289141155e-04
2.458987419387970120e+06 9.814617486699107607e-01 1.382247686563668244e-04
2.458987424208521377e+06 9.813309186399787887e-01 1.381955133866455605e-04
2.458987429029072635e+06 9.812068519119192533e-01 1.381729006077729192e-04
2.458987433849623892e+06 9.810895484857319326e-01 1.381610231549450913e-04
2.458987438670175616e+06 9.809780373113594631e-01 1.381491457009699335e-04
2.458987443490726873e+06 9.808456670577945236e-01 1.381372682481421326e-04
2.458987448311278131e+06 9.806804211254208647e-01 1.381253970425100721e-04
2.458987453131829854e+06 9.804822994935122882e-01 1.381136229287182487e-04
2.458987457952381112e+06 9.802513022003455090e-01 1.381018488160638076e-04
2.458987462772932369e+06 9.800276516223358492e-01 1.380900747034093394e-04
2.458987467593483627e+06 9.798700358089734719e-01 1.380783005907549254e-04
2.458987472414035350e+06 9.797789562052169332e-01 1.380566350863028906e-04
2.458987477234586608e+06 9.797544128286622689e-01 1.380314700878765776e-04
2.458987482055137865e+06 9.797840682612423135e-01 1.380063050894502646e-04
2.458987486875689123e+06 9.798129323447237748e-01 1.379811400910239516e-04
2.458987491696240846e+06 9.798344163200412016e-01 1.379703694804169196e-04
2.458987496516792104e+06 9.798485201830440250e-01 1.379797334333351304e-04
2.458987501337343361e+06 9.798559927708913042e-01 1.379890973862533141e-04
2.458987506157894619e+06 9.798726146438596629e-01 1.379984613391715248e-04
2.458987510978446342e+06 9.799047116561544479e-01 1.380080246820870329e-04
2.458987515798997600e+06 9.799522838015746196e-01 1.380194854404112788e-04
2.458987520619548857e+06 9.800153310824731845e-01 1.380309461987355246e-04
2.458987525440100115e+06 9.800910462442219417e-01 1.380424069570597434e-04
2.458987530260651838e+06 9.801758171796713937e-01 1.380538677164910952e-04
2.458987535081203096e+06 9.802696299447846151e-01 1.380680713104597414e-04
2.458987539901754353e+06 9.803724845473135163e-01 1.380830789698031080e-04
2.458987544722305611e+06 9.804763394465477733e-01 1.380980866291464746e-04
2.458987549542857334e+06 9.805495744312424655e-01 1.381130942899395551e-04
2.458987554363408592e+06 9.805889684510633586e-01 1.381426899458298042e-04
2.458987559183959849e+06 9.805945215147194860e-01 1.381900064088950381e-04
2.458987564004511107e+06 9.805703039154707312e-01 1.382373228719602448e-04
2.458987568825062830e+06 9.805843763773912647e-01 1.382846393395962040e-04
2.458987573645614088e+06 9.806609890893762671e-01 1.383258809831029712e-04
2.458987578466165345e+06 9.808001420497645118e-01 1.383263710155160019e-04
2.458987583286717068e+06 9.810018352810598863e-01 1.383268610479763581e-04
2.458987588107268326e+06 9.812124118193283895e-01 1.383273510803893888e-04
2.458987592927819584e+06 9.813712556647886665e-01 1.383278411128024195e-04
2.458987597748370841e+06 9.814783113034285522e-01 1.383409035768497697e-04
2.458987602568922564e+06 9.815335787380855548e-01 1.383569546400925231e-04
2.458987607389473822e+06 9.815712439341929274e-01 1.383730057017846778e-04
2.458987612210025080e+06 9.817102551695000567e-01 1.383890567634768866e-04
2.458987617030576337e+06 9.819607842658065744e-01 1.384179026849352903e-04
2.458987621851128060e+06 9.823228312634723070e-01 1.384602721572624102e-04
2.458987626671679318e+06 9.827879156965552143e-01 1.385026416254966398e-04
2.458987631492230576e+06 9.832406953883843226e-01 1.385450110937308695e-04
2.458987636312781833e+06 9.836446767311932682e-01 1.385898276316152025e-04
2.458987641133333556e+06 9.839998597569356020e-01 1.386470847551733276e-04
2.458987645953884814e+06 9.843062444903015740e-01 1.387043418732005037e-04
2.458987650774436072e+06 9.845716093100098654e-01 1.387615989912276799e-04
2.458987655594987329e+06 9.848036254461293160e-01 1.388188561092548018e-04
2.458987660415539052e+06 9.850022929162403074e-01 1.388379895000457017e-04
2.458987665236090310e+06 9.851676116819604312e-01 1.388500002942273030e-04
2.458987670056641567e+06 9.853166797824772782e-01 1.388620110884088773e-04
2.458987674877192825e+06 9.855022586916454275e-01 1.388740218825904786e-04
2.458987679697744548e+06 9.857280764649771765e-01 1.388904527806718357e-04
2.458987684518295806e+06 9.859941330588447572e-01 1.389109508022571139e-04
2.458987689338847063e+06 9.862985415327401029e-01 1.389314488238424191e-04
2.458987694159398787e+06 9.866200219413806538e-01 1.389519468474078028e-04
2.458987698979950044e+06 9.869526053637016627e-01 1.389742586091688979e-04
2.458987703800501302e+06 9.872962918302214952e-01 1.390038705665184071e-04
2.458987708621052559e+06 9.876510579850003024e-01 1.390334825238679435e-04
2.458987713441604283e+06 9.879996468548624122e-01 1.390630944840779305e-04
2.458987718262155540e+06 9.883271824853203658e-01 1.390927064414274668e-04
2.458987723082706798e+06 9.886336649110644137e-01 1.391364338011949345e-04
2.458987727903258055e+06 9.889190941320943340e-01 1.391821368211417474e-04
2.458987732723809779e+06 9.891950482656893806e-01 1.392278398455034044e-04
2.458987737544361036e+06 9.894932613320878145e-01 1.392735428654502173e-04
2.458987742364912294e+06 9.898155490953760571e-01 1.393177609307453017e-04
2.458987747185463551e+06 9.901619115555544415e-01 1.393607904406996229e-04
2.458987752006015275e+06 9.905301436342515142e-01 1.394038199548105312e-04
2.458987756826566532e+06 9.908993111629545991e-01 1.394468494647648524e-04
2.458987761647117790e+06 9.912642211092940192e-01 1.394835086067079980e-04
2.458987766467669047e+06 9.916248734732698855e-01 1.394992729817137451e-04
2.458987771288220771e+06 9.919811788074857084e-01 1.395150373582422813e-04
2.458987776108772028e+06 9.923139497512097895e-01 1.395308017332480284e-04
2.458987780929323286e+06 9.926086504493547569e-01 1.395465661082537483e-04
2.458987785749874543e+06 9.928652809019202774e-01 1.395761885978611576e-04
2.458987790570426267e+06 9.930838411281801559e-01 1.396071506467503980e-04
2.458987795390977524e+06 9.932795355584788100e-01 1.396381126926487040e-04
2.458987800211528782e+06 9.934894092885417916e-01 1.396690747385470372e-04
2.458987805032080505e+06 9.937151344198646985e-01 1.396902390030637991e-04
2.458987809852631763e+06 9.939567109088380814e-01 1.397045966181266095e-04
2.458987814673183020e+06 9.942122304225875506e-01 1.397189542331894198e-04
2.458987819493734278e+06 9.944662559368376842e-01 1.397333118482522302e-04
2.458987824314286001e+06 9.947154115723851886e-01 1.397481765530000073e-04
2.458987829134837259e+06 9.949596972810937912e-01 1.397644242929155115e-04
2.458987833955388516e+06 9.951991529541432957e-01 1.397806720328310427e-04
2.458987838775939774e+06 9.954378982719083169e-01 1.397969197727465739e-04
2.458987843596491497e+06 9.956786875883402166e-01 1.398131675142315962e-04
2.458987848417042755e+06 9.959215208569185407e-01 1.398289009573127056e-04
2.458987853237594012e+06 9.961663981008046509e-01 1.398446053276515002e-04
2.458987858058145270e+06 9.964104129480806371e-01 1.398603096979902677e-04
2.458987862878696993e+06 9.966472698736041913e-01 1.398760140698460509e-04
2.458987867699248251e+06 9.968767523656931751e-01 1.398913394257296895e-04
2.458987872519799508e+06 9.970988604475840011e-01 1.399064370893391676e-04
2.458987877340350766e+06 9.973135953154406153e-01 1.399215347529486457e-04
2.458987882160902489e+06 9.975209653149198497e-01 1.399366324180165383e-04
2.458987886981453747e+06 9.977209720045366881e-01 1.399503365564968779e-04
2.458987891802005004e+06 9.979136154046788221e-01 1.399608339163348658e-04
2.458987896622556262e+06 9.980987034563595373e-01 1.399713312761728537e-04
2.458987901443107985e+06 9.982643944324643970e-01 1.399818286370248688e-04
2.458987906263659243e+06 9.984036794892202638e-01 1.399923259968628838e-04
2.458987911084210500e+06 9.985165586439085361e-01 1.399876867510703991e-04
2.458987915904762223e+06 9.986030319036069969e-01 1.399827564250303354e-04
2.458987920725313481e+06 9.986758799241445272e-01 1.399778260994665347e-04
2.458987925545864739e+06 9.987597011380274781e-01 1.399728957739027340e-04
2.458987930366415996e+06 9.988551093984707752e-01 1.399722888393719429e-04
2.458987935186967719e+06 9.989621047163694811e-01 1.399739156135800140e-04
2.458987940007518977e+06 9.990762814558162841e-01 1.399755423876309572e-04
2.458987944828070235e+06 9.991710414917324146e-01 1.399771691616819274e-04
2.458987949648621492e+06 9.992419242809716939e-01 1.399769043646548758e-04
2.458987954469173215e+06 9.992889298269215237e-01 1.399729274350846838e-04
2.458987959289724473e+06 9.993128648319552498e-01 1.399689505058986788e-04
2.458987964110275730e+06 9.993470964589697969e-01 1.399649735767126196e-04
2.458987968930826988e+06 9.994091465144252506e-01 1.399609990131261386e-04
2.458987973751378711e+06 9.994990150083460367e-01 1.399571720934726800e-04
2.458987978571929969e+06 9.996167019233694884e-01 1.399533451741889073e-04
2.458987983392481226e+06 9.997287093843911787e-01 1.399495182549051074e-04
2.458987988213032484e+06 9.997778276614759374e-01 1.399456913356212804e-04
2.458987993033584207e+06 9.997630913859191226e-01 1.399338391410737288e-04
2.458987997854135465e+06 9.996845005605680123e-01 1.399184481254479883e-04
2.458988002674686722e+06 9.995529305380440599e-01 1.399030571098223020e-04
2.458988007495237980e+06 9.994257007911427904e-01 1.398876660941965615e-04
2.458988012315789703e+06 9.993111541760663075e-01 1.398674387144212717e-04
2.458988017136340961e+06 9.992092907149450198e-01 1.398390535079987052e-04
2.458988021956892218e+06 9.991209485611838303e-01 1.398106683015761117e-04
2.458988026777443942e+06 9.990711576030458785e-01 1.397822830924115708e-04
2.458988031597995199e+06 9.990715954302076263e-01 1.397558512635433856e-04
2.458988036418546457e+06 9.991222620354338613e-01 1.397662186143330603e-04
2.458988041239097714e+06 9.992231574187240284e-01 1.397765859651227622e-04
2.458988046059649438e+06 9.993018067515152536e-01 1.397869533169139415e-04
2.458988050880200695e+06 9.992486082323781549e-01 1.397973206677036162e-04
2.458988055700751953e+06 9.990624437007362690e-01 1.397622969416641636e-04
2.458988060521303210e+06 9.987433131565895961e-01 1.397103668493837993e-04
2.458988065341854934e+06 9.983258409102039321e-01 1.396584367520870484e-04
2.458988070162406191e+06 9.979701794302656692e-01 1.396065066598066841e-04
2.458988074982957449e+06 9.976964023657359792e-01 1.395828450307786339e-04
2.458988079803508706e+06 9.975045097166144181e-01 1.396003995221092484e-04
2.458988084624060430e+06 9.973915469690336488e-01 1.396179540151356094e-04
2.458988089444611687e+06 9.972905496231602163e-01 1.396355085064662511e-04
2.458988094265162945e+06 9.971737427209199645e-01 1.396482030467190616e-04
2.458988099085714202e+06 9.970411262623132265e-01 1.396086104349580025e-04
2.458988103906265926e+06 9.968927002322380826e-01 1.395690178193723389e-04
2.458988108726817183e+06 9.967306097127096587e-01 1.395294252076112527e-04
2.458988113547368441e+06 9.965577184297446101e-01 1.394898325958501936e-04
2.458988118367919698e+06 9.963740408336894117e-01 1.394641041527032855e-04
2.458988123188471422e+06 9.961795769052375071e-01 1.394426760709237018e-04
2.458988128009022679e+06 9.959728721319540679e-01 1.394212479912140226e-04
2.458988132829573937e+06 9.957479972939082824e-01 1.393998199115043706e-04
2.458988137650125660e+06 9.955043185071855705e-01 1.393786302376437360e-04
2.458988142470676918e+06 9.952418358188638292e-01 1.393577421935459346e-04
2.458988147291228175e+06 9.949600303682617497e-01 1.393368541494481333e-04
2.458988152111779433e+06 9.946496505838605673e-01 1.393159661053503320e-04
2.458988156932331156e+06 9.943072851807527313e-01 1.392932763719494376e-04
2.458988161752882414e+06 9.939329342250822208e-01 1.392573340017830708e-04
2.458988166573433671e+06 9.935265976853221437e-01 1.392213916316166770e-04
2.458988171393984929e+06 9.931237604234994798e-01 1.391854492614503103e-04
2.458988176214536652e+06 9.927660743490085427e-01 1.391495068878119217e-04
2.458988181035087910e+06 9.924536051018894023e-01 1.391247064714265980e-04
2.458988185855639167e+06 9.921863526454056670e-01 1.391027283559368669e-04
2.458988190676190425e+06 9.919495132924331937e-01 1.390807502404471359e-04
2.458988195496742148e+06 9.916897313749376552e-01 1.390587721228343202e-04
2.458988200317293406e+06 9.914021994805853888e-01 1.390327516267583709e-04
2.458988205137844663e+06 9.910869175856215074e-01 1.390022829515610207e-04
2.458988209958395921e+06 9.907468146530329367e-01 1.389718142763636435e-04
2.458988214778947644e+06 9.904240962745014532e-01 1.389413455982230368e-04
2.458988219599498902e+06 9.901325864926210363e-01 1.389173462287529820e-04
2.458988224420050159e+06 9.898722852747099399e-01 1.389288003171532289e-04
2.458988229240601417e+06 9.896431926207681640e-01 1.389402544055534487e-04
2.458988234061153140e+06 9.894039215832058920e-01 1.389517084950601510e-04
2.458988238881704397e+06 9.891119870740071596e-01 1.389631625834603708e-04
2.458988243702255655e+06 9.887673872572848577e-01 1.389156504643014340e-04
2.458988248522807378e+06 9.883701220921199404e-01 1.388562765458952331e-04
2.458988253343358636e+06 9.879435732851171714e-01 1.387969026332245160e-04
2.458988258163909893e+06 9.875624373415488044e-01 1.387375287205537989e-04
2.458988262984461151e+06 9.872323032186520742e-01 1.386975369120190124e-04
2.458988267805012874e+06 9.869531708919265789e-01 1.386761121642717789e-04
2.458988272625564132e+06 9.867192715547128401e-01 1.386546874185941791e-04
2.458988277446115389e+06 9.864620287686199918e-01 1.386332626729165521e-04
2.458988282266666647e+06 9.861615186556923485e-01 1.386090885164788288e-04
2.458988287087218370e+06 9.858177411806310353e-01 1.385731128097179637e-04
2.458988291907769628e+06 9.854307377764661702e-01 1.385371371064323461e-04
2.458988296728320885e+06 9.850559258876783186e-01 1.385011614031467285e-04
2.458988301548872143e+06 9.847429494654150739e-01 1.384651856998610838e-04
2.458988306369423866e+06 9.844918084884027865e-01 1.384434208287156002e-04
2.458988311189975124e+06 9.843025030051617552e-01 1.384238328712256941e-04
2.458988316010526381e+06 9.841505347088127520e-01 1.384042449137357609e-04
2.458988320831077639e+06 9.839664133019003778e-01 1.383846569562458006e-04
2.458988325651629362e+06 9.837459013725339263e-01 1.383595549013886270e-04
2.458988330472180620e+06 9.834889989633158747e-01 1.383298562782815395e-04
2.458988335292731877e+06 9.832000066201966870e-01 1.383001576551744520e-04
2.458988340113283135e+06 9.829217863497904384e-01 1.382704590320673645e-04
2.458988344933834858e+06 9.826653601888472034e-01 1.382422950513947295e-04
2.458988349754386116e+06 9.824307281869077979e-01 1.382194602137829073e-04
2.458988354574937373e+06 9.822178067901551346e-01 1.381966253761711123e-04
2.458988359395489097e+06 9.820028457207065076e-01 1.381737905363534808e-04
2.458988364216040354e+06 9.817671736245402458e-01 1.381509556987416858e-04
2.458988369036591612e+06 9.815107904818913820e-01 1.381050964525083269e-04
2.458988373857142869e+06 9.812336962927602491e-01 1.380567299329594881e-04
2.458988378677694593e+06 9.809518402943112614e-01 1.380083634087384697e-04
2.458988383498245850e+06 9.807054323507634619e-01 1.379599968891896038e-04
2.458988388318797108e+06 9.804964229115057384e-01 1.379314099893936630e-04
2.458988393139348365e+06 9.803248119765380908e-01 1.379171457166992196e-04
2.458988397959900089e+06 9.801884872341811716e-01 1.379028814426268637e-04
2.458988402780451346e+06 9.800695683928106750e-01 1.378886171699324203e-04
2.458988407601002604e+06 9.799639978387459927e-01 1.378762862383908110e-04
2.458988412421553861e+06 9.798717755719871247e-01 1.378695091254233702e-04
2.458988417242105585e+06 9.797928283566513796e-01 1.378627320118012067e-04
2.458988422062656842e+06 9.797180671751599679e-01 1.378559548988337658e-04
2.458988426883208100e+06 9.796411929100616867e-01 1.378491777858662979e-04
2.458988431703759357e+06 9.795622055613564250e-01 1.378305477784220686e-04
2.458988436524311081e+06 9.794811051211080866e-01 1.378111131637964478e-04
2.458988441344862338e+06 9.794102697760630472e-01 1.377916785510482044e-04
2.458988446165413596e+06 9.793774448912584418e-01 1.377722439382999338e-04
2.458988450985964853e+06 9.793836673611240329e-01 1.377668200346363276e-04
2.458988455806516577e+06 9.794289371919185916e-01 1.377701802562453183e-04
2.458988460627067834e+06 9.795055204173901409e-01 1.377735404775297530e-04
2.458988465447619092e+06 9.795572321516219372e-01 1.377769006988141336e-04
2.458988470268170349e+06 9.795728637853674536e-01 1.377784695016312250e-04
2.458988475088722073e+06 9.795524153149085533e-01 1.377757126532100460e-04
2.458988479909273330e+06 9.794964738010930594e-01 1.377729558050551741e-04
2.458988484729824588e+06 9.794464746023595625e-01 1.377701989569003293e-04
2.458988489550376311e+06 9.794278194585163133e-01 1.377674421084791503e-04
2.458988494370927569e+06 9.794405083731675399e-01 1.377713472204167180e-04
2.458988499191478826e+06 9.794845413429971170e-01 1.377754508238057782e-04
2.458988504012030084e+06 9.795506771191475615e-01 1.377795544271948926e-04
2.458988508832581807e+06 9.796205060696669964e-01 1.377836580309803913e-04
2.458988513653133065e+06 9.796935208501217351e-01 1.377808160591683458e-04
2.458988518473684322e+06 9.797697214671033938e-01 1.377742222917556264e-04
2.458988523294235580e+06 9.798548256841715931e-01 1.377676285243429341e-04
2.458988528114787303e+06 9.799847849140286282e-01 1.377610347562932731e-04
2.458988532935338560e+06 9.801658737921701281e-01 1.377656953859328706e-04
2.458988537755889818e+06 9.803980923286806926e-01 1.377934672135806902e-04
2.458988542576441076e+06 9.806803614540495762e-01 1.378212390412285370e-04
2.458988547396992799e+06 9.809630054911504526e-01 1.378490108715591065e-04
2.458988552217544056e+06 9.812190201415706969e-01 1.378767513189491317e-04
2.458988557038095314e+06 9.814484054338995511e-01 1.378990194505708762e-04
2.458988561858646572e+06 9.816511613681370152e-01 1.379212875821926750e-04
2.458988566679198295e+06 9.818371045116620621e-01 1.379435557159655037e-04
2.458988571499749552e+06 9.820235959295843253e-01 1.379658238475872482e-04
2.458988576320300810e+06 9.822109669131600107e-01 1.380023046270330961e-04
2.458988581140852068e+06 9.823992174623891183e-01 1.380453541267623080e-04
2.458988585961403791e+06 9.825873853274119663e-01 1.380884036306500586e-04
2.458988590781955048e+06 9.827701976156857366e-01 1.381314531303792434e-04
2.458988595602506306e+06 9.829468540245084318e-01 1.381655720538383975e-04
2.458988600423058029e+06 9.831173545700533367e-01 1.381839599319657861e-04
2.458988605243609287e+06 9.832828794156478480e-01 1.382023478083169263e-04
2.458988610064160544e+06 9.834819432604410272e-01 1.382207356846680666e-04
2.458988614884711802e+06 9.837331417493084817e-01 1.382402557258154466e-04
2.458988619705263525e+06 9.840364749140703138e-01 1.382867121198660563e-04
2.458988624525814783e+06 9.843919426961228458e-01 1.383331685094290448e-04
2.458988629346366040e+06 9.847790297165024409e-01 1.383796248989920604e-04
2.458988634166917298e+06 9.851655855856392696e-01 1.384260812885550489e-04
2.458988638987469021e+06 9.855512248069170367e-01 1.384795343964407004e-04
2.458988643808020279e+06 9.859359473058312284e-01 1.385357280920032337e-04
2.458988648628571536e+06 9.863142149874061237e-01 1.385919217875657399e-04
2.458988653449122794e+06 9.866594329799504015e-01 1.386481154831283003e-04
2.458988658269674517e+06 9.869681166365927849e-01 1.386996390303679228e-04
2.458988663090225775e+06 9.872402658976958678e-01 1.387440619518288108e-04
2.458988667910777032e+06 9.874776234050870460e-01 1.387884848732896987e-04
2.458988672731328290e+06 9.877228043205270591e-01 1.388329077947506138e-04
2.458988677551880013e+06 9.879940988654852818e-01 1.388758352274180178e-04
2.458988682372431271e+06 9.882915069875481962e-01 1.389003101703390538e-04
2.458988687192982528e+06 9.886150287116612922e-01 1.389247851132600897e-04
2.458988692013533786e+06 9.889373584351146551e-01 1.389492600561811528e-04
2.458988696834085509e+06 9.892206821885420887e-01 1.389737350014664543e-04
2.458988701654636767e+06 9.894647586353293445e-01 1.389975646769891116e-04
2.458988706475188024e+06 9.896695878047410133e-01 1.390211828969013417e-04
2.458988711295739748e+06 9.898469314735954816e-01 1.390448011190950585e-04
2.458988716116291005e+06 9.900465106231812751e-01 1.390684193390072886e-04
2.458988720936842263e+06 9.902738986523468290e-01 1.390903507045870055e-04
2.458988725757393520e+06 9.905290955610921433e-01 1.391100586669017823e-04
2.458988730577945244e+06 9.908140450783725628e-01 1.391297666311203096e-04
2.458988735398496501e+06 9.911657955697031896e-01 1.391494745934350864e-04
2.458988740219047759e+06 9.915984840039286929e-01 1.391714883946367442e-04
2.458988745039599016e+06 9.921121103810488506e-01 1.392122344067093695e-04
2.458988749860150740e+06 9.927066747624075926e-01 1.392529804227180554e-04
2.458988754680701997e+06 9.932850578781639017e-01 1.392937264347906808e-04
2.458988759501253255e+06 9.937288541251848573e-01 1.393344724468633332e-04
2.458988764321804512e+06 9.940377796315242875e-01 1.393594217413352465e-04
2.458988769142356236e+06 9.942118344074817315e-01 1.393801164367232566e-04
2.458988773962907493e+06 9.942918950457452221e-01 1.394008111301121876e-04
2.458988778783458751e+06 9.944306171151795493e-01 1.394215058235011458e-04
2.458988783604010008e+06 9.946424768248379733e-01 1.394384409980526122e-04
2.458988788424561732e+06 9.949274742057829801e-01 1.394510684961006272e-04
2.458988793245112989e+06 9.952793745488215382e-01 1.394636959929288335e-04
2.458988798065664247e+06 9.956028180262203042e-01 1.394763234897570126e-04
2.458988802886215504e+06 9.958654716728763123e-01 1.394904684550848711e-04
2.458988807706767228e+06 9.960673355053526468e-01 1.395136166452869608e-04
2.458988812527318485e+06 9.962084094846503923e-01 1.395367648332529378e-04
2.458988817347869743e+06 9.963467795132781024e-01 1.395599130212189147e-04
2.458988822168421466e+06 9.965444840696207063e-01 1.395830612114209773e-04
2.458988826988972723e+06 9.968015397840873648e-01 1.395917169180674181e-04
2.458988831809523981e+06 9.971179466729092056e-01 1.395972439478470424e-04
2.458988836630075239e+06 9.974692235559576847e-01 1.396027709776266937e-04
2.458988841450626962e+06 9.977743841014924397e-01 1.396082980079402334e-04
2.458988846271178219e+06 9.980270208180319624e-01 1.396238555588396094e-04
2.458988851091729477e+06 9.982271337375913101e-01 1.396494172387536831e-04
2.458988855912280735e+06 9.983782933430619400e-01 1.396749789186677298e-04
2.458988860732832458e+06 9.985253055324443405e-01 1.397005406010510197e-04
2.458988865553383715e+06 9.986816527676977140e-01 1.397255221086778738e-04
2.458988870373934973e+06 9.988473350625727276e-01 1.397478402415938204e-04
2.458988875194486231e+06 9.990223426719829769e-01 1.397701583745097399e-04
2.458988880015037954e+06 9.991754502534301308e-01 1.397924765095815954e-04
2.458988884835589211e+06 9.992775717527833113e-01 1.398147946424975420e-04
2.458988889656140469e+06 9.993287071872956062e-01 1.398076329784957476e-04
2.458988894476691727e+06 9.993288565569667936e-01 1.397955555186380743e-04
2.458988899297243450e+06 9.993049706087050454e-01 1.397834780576137181e-04
2.458988904117794707e+06 9.993361776499766203e-01 1.397714005977560448e-04
2.458988908938345965e+06 9.994276102547910989e-01 1.397559702084089257e-04
2.458988913758897223e+06 9.995792684231487035e-01 1.397376290034345369e-04
2.458988918579448946e+06 9.997824419960315012e-01 1.397192877966883990e-04
2.458988923400000203e+06 9.999458834051934142e-01 1.397009465917140373e-04
