2.459018000000000000e+06 9.918685412919531208e-01 1.396843427852378569e-04
2.459018004820551258e+06 9.915525547354923086e-01 1.396258468597380618e-04
2.459018009641102981e+06 9.912401377950283976e-01 1.395673509285875406e-04
2.459018014461654238e+06 9.909312900024753734e-01 1.395368760579363183e-04
2.459018019282205496e+06 9.906260113274811818e-01 1.395138569514284017e-04
2.459018024102756754e+06 9.903248813460188149e-01 1.394908378449204308e-04
2.459018028923308477e+06 9.900300490664443176e-01 1.394678187361888698e-04
2.459018033743859734e+06 9.897417162758094245e-01 1.394494854505899770e-04
2.459018038564410992e+06 9.894598829453192801e-01 1.394364778390798257e-04
2.459018043384962250e+06 9.891825805082045120e-01 1.394234702275697014e-04
2.459018048205513973e+06 9.888800605137456623e-01 1.394104626148030411e-04
2.459018053026065230e+06 9.885423058291958887e-01 1.393891682255859847e-04
2.459018057846616488e+06 9.881693164270337615e-01 1.393194976868871978e-04
2.459018062667167746e+06 9.877610923072591698e-01 1.392498271481884108e-04
2.459018067487719469e+06 9.873481220367550382e-01 1.391801566027595202e-04
2.459018072308270726e+06 9.869627144607585612e-01 1.391104860640607062e-04
2.459018077128821984e+06 9.866048762792674065e-01 1.391055641536961341e-04
2.459018081949373242e+06 9.862746074922819073e-01 1.391144291923442316e-04
2.459018086769924965e+06 9.859673379375598623e-01 1.391232942318487405e-04
2.459018091590476222e+06 9.856680535719926084e-01 1.391321592704968381e-04
2.459018096411027480e+06 9.853755794170639959e-01 1.391144338553461227e-04
2.459018101231578737e+06 9.850899154727742468e-01 1.390703986088583587e-04
2.459018106052130461e+06 9.848106965675172964e-01 1.390263633581168088e-04
2.459018110872681718e+06 9.845333897980828031e-01 1.389823281116290177e-04
2.459018115693232976e+06 9.842566405236347071e-01 1.389413650293073012e-04
2.459018120513784699e+06 9.839804487175199954e-01 1.389143166612584045e-04
2.459018125334335957e+06 9.837048184869128242e-01 1.388872682958223537e-04
2.459018130154887214e+06 9.834403267065892074e-01 1.388602199303863030e-04
2.459018134975438472e+06 9.831967499101764707e-01 1.388331715649502522e-04
2.459018139795990195e+06 9.829740880771759004e-01 1.388122986885303013e-04
2.459018144616541453e+06 9.827723412506054190e-01 1.387924390027696245e-04
2.459018149437092710e+06 9.825793742490058769e-01 1.387725793170090018e-04
2.459018154257643968e+06 9.823597976740559012e-01 1.387527196312483249e-04
2.459018159078195691e+06 9.821113432395103260e-01 1.387363246372908259e-04
2.459018163898746949e+06 9.818340109933700877e-01 1.387229137670943570e-04
2.459018168719298206e+06 9.815342717385340254e-01 1.387095028968978610e-04
2.459018173539849464e+06 9.812792523914571907e-01 1.386960920267013922e-04
2.459018178360401187e+06 9.810867199345234546e-01 1.386830344498833894e-04
2.459018183180952445e+06 9.809566744049298403e-01 1.386712632787911439e-04
2.459018188001503702e+06 9.808889466548890157e-01 1.386594921076988714e-04
2.459018192822054960e+06 9.808208699376554929e-01 1.386477209366065988e-04
2.459018197642606683e+06 9.807016684082038305e-01 1.386359497643772692e-04
2.459018202463157941e+06 9.805313420895632737e-01 1.386330957384880049e-04
2.459018207283709198e+06 9.803098909726885024e-01 1.386313027344706651e-04
2.459018212104260456e+06 9.800596932678459217e-01 1.386295097304533525e-04
2.459018216924812179e+06 9.798387479323233951e-01 1.386277167262628114e-04
2.459018221745363437e+06 9.796500312921249121e-01 1.386308275451088746e-04
2.459018226565914694e+06 9.794935433243505685e-01 1.386376096324920244e-04
2.459018231386466417e+06 9.793681991970131229e-01 1.386443917205303577e-04
2.459018236207017675e+06 9.792644662313912951e-01 1.386511738079135075e-04
2.459018241027568933e+06 9.791801159036723767e-01 1.386479924067435775e-04
2.459018245848120190e+06 9.791151482138568118e-01 1.386149318129623596e-04
2.459018250668671913e+06 9.790694927221044175e-01 1.385818712159875158e-04
2.459018255489223171e+06 9.790328524472331484e-01 1.385488106222063250e-04
2.459018260309774429e+06 9.789978786564245139e-01 1.385157500284251071e-04
2.459018265130325686e+06 9.789645713496789581e-01 1.385407793878095923e-04
2.459018269950877409e+06 9.789329305240201951e-01 1.385702973012028583e-04
2.459018274771428667e+06 9.789092836830162181e-01 1.385998152117446996e-04
2.459018279591979925e+06 9.789082123813305225e-01 1.386293331222865680e-04
2.459018284412531182e+06 9.789302980944831756e-01 1.386317485688168315e-04
2.459018289233082905e+06 9.789755408279625648e-01 1.386165780210279488e-04
2.459018294053634163e+06 9.790403615571294793e-01 1.386014074747045279e-04
2.459018298874185421e+06 9.790978268978379750e-01 1.385862369283811341e-04
2.459018303694736678e+06 9.791423956889239166e-01 1.385690692573178788e-04
2.459018308515288401e+06 9.791740679328237995e-01 1.385468833314889528e-04
2.459018313335839659e+06 9.791931252564614052e-01 1.385246974078031693e-04
2.459018318156390917e+06 9.792219367167680488e-01 1.385025114841173857e-04
2.459018322976942174e+06 9.792746151369410290e-01 1.384803255604315751e-04
2.459018327797493897e+06 9.793511605255272867e-01 1.384847038393917688e-04
2.459018332618045155e+06 9.794515728677382072e-01 1.384901061801300474e-04
2.459018337438596413e+06 9.795704437984785740e-01 1.384955085208682988e-04
2.459018342259148136e+06 9.796966936871218667e-01 1.385009108621284581e-04
2.459018347079699393e+06 9.798299927871705339e-01 1.385152076631088745e-04
2.459018351900250651e+06 9.799703411104798700e-01 1.385344841213631138e-04
2.459018356720801909e+06 9.801182560296551882e-01 1.385537605796173803e-04
2.459018361541353632e+06 9.802771015276678934e-01 1.385730370397337098e-04
2.459018366361904889e+06 9.804474838731322972e-01 1.385869717720523444e-04
2.459018371182456147e+06 9.806294030808357931e-01 1.385895179708381746e-04
2.459018376003007405e+06 9.808232796905754780e-01 1.385920641696239506e-04
2.459018380823559128e+06 9.810503467216818985e-01 1.385946103686557049e-04
2.459018385644110385e+06 9.813224781364806582e-01 1.385971565674415352e-04
2.459018390464661643e+06 9.816396739547297301e-01 1.386083926109472236e-04
2.459018395285212900e+06 9.820019341764291143e-01 1.386196505422278974e-04
2.459018400105764624e+06 9.823771352122903089e-01 1.386309084745960803e-04
2.459018404926315881e+06 9.827068288212404967e-01 1.386421664058767541e-04
2.459018409746867139e+06 9.829897893964654187e-01 1.386635172881625785e-04
2.459018414567418396e+06 9.832260169379652970e-01 1.386897124746238404e-04
2.459018419387970120e+06 9.834245890075814511e-01 1.387159076636155217e-04
2.459018424208521377e+06 9.836368710353132760e-01 1.387421028500767566e-04
2.459018429029072635e+06 9.838709273013891421e-01 1.387604914327167653e-04
2.459018433849623892e+06 9.841267578058087162e-01 1.387646273393832559e-04
2.459018438670175616e+06 9.844039222162792591e-01 1.387687632464492207e-04
2.459018443490726873e+06 9.846869148322062726e-01 1.387728991531156841e-04
2.459018448311278131e+06 9.849680359053866185e-01 1.387776224915464578e-04
2.459018453131829854e+06 9.852472854627053467e-01 1.388000617031926441e-04
2.459018457952381112e+06 9.855246634502117242e-01 1.388225009126711849e-04
2.459018462772932369e+06 9.858022749510239047e-01 1.388449401221497257e-04
2.459018467593483627e+06 9.860835159497040037e-01 1.388673793316282936e-04
2.459018472414035350e+06 9.863684324884871568e-01 1.389070945150909747e-04
2.459018477234586608e+06 9.866570245123278404e-01 1.389538559202827656e-04
2.459018482055137865e+06 9.869502823816143078e-01 1.390006173254745565e-04
2.459018486875689123e+06 9.872531116017764230e-01 1.390473787306663474e-04
2.459018491696240846e+06 9.875661783884948086e-01 1.390852632838787759e-04
2.459018496516792104e+06 9.878894826812856245e-01 1.391091755559727529e-04
2.459018501337343361e+06 9.882225795005900038e-01 1.391330878280667028e-04
2.459018506157894619e+06 9.885538577595230914e-01 1.391570001001606527e-04
2.459018510978446342e+06 9.888781922883110864e-01 1.391820634181897365e-04
2.459018515798997600e+06 9.891955830242930015e-01 1.392232325179213446e-04
2.459018520619548857e+06 9.895060299991346175e-01 1.392644016176529528e-04
2.459018525440100115e+06 9.898178539115625174e-01 1.393055707173845609e-04
2.459018530260651838e+06 9.901429267035267712e-01 1.393467398210930768e-04
2.459018535081203096e+06 9.904813382992048165e-01 1.393740612391699825e-04
2.459018539901754353e+06 9.908330887293542721e-01 1.393966404219148451e-04
2.459018544722305611e+06 9.911890412887756074e-01 1.394192196046597078e-04
2.459018549542857334e+06 9.915093904189195007e-01 1.394417987895857141e-04
2.459018554363408592e+06 9.917895001248874243e-01 1.394627140662198911e-04
2.459018559183959849e+06 9.920293704395679590e-01 1.394813606389550887e-04
2.459018564004511107e+06 9.922320382761480317e-01 1.395000072116903405e-04
2.459018568825062830e+06 9.924587662485624406e-01 1.395186537862268315e-04
2.459018573645614088e+06 9.927335989488109691e-01 1.395402525729870838e-04
2.459018578466165345e+06 9.930565363964724002e-01 1.395880404551093747e-04
2.459018583286717068e+06 9.934275786297124267e-01 1.396358283418479545e-04
2.459018588107268326e+06 9.938073548333026253e-01 1.396836162239702454e-04
2.459018592927819584e+06 9.941463567599814199e-01 1.397314041060925634e-04
2.459018597748370841e+06 9.944444263144660567e-01 1.397715594010604813e-04
2.459018602568922564e+06 9.947015635196181371e-01 1.398095557525863011e-04
2.459018607389473822e+06 9.949251166074852826e-01 1.398475521004416899e-04
2.459018612210025080e+06 9.951433486969434306e-01 1.398855484482970787e-04
2.459018617030576337e+06 9.953590529179925372e-01 1.399179998882435277e-04
2.459018621851128060e+06 9.955722292911033389e-01 1.399438817997026045e-04
2.459018626671679318e+06 9.957829773903265069e-01 1.399697637086615111e-04
2.459018631492230576e+06 9.959928999837405206e-01 1.399956456176204447e-04
2.459018636312781833e+06 9.962025561939185092e-01 1.400219745968546555e-04
2.459018641133333556e+06 9.964119460410745255e-01 1.400511459033107052e-04
2.459018645953884814e+06 9.966210694847549290e-01 1.400803172069488051e-04
2.459018650774436072e+06 9.968217219334806201e-01 1.401094885105869591e-04
2.459018655594987329e+06 9.970048523568026955e-01 1.401386598142250861e-04
2.459018660415539052e+06 9.971704553816496119e-01 1.401814351872872127e-04
2.459018665236090310e+06 9.973185309760270734e-01 1.402273167511178590e-04
2.459018670056641567e+06 9.974585036677308114e-01 1.402731983149485052e-04
2.459018674877192825e+06 9.976224676556807447e-01 1.403190798787791785e-04
2.459018679697744548e+06 9.978130791885295725e-01 1.403418366765154135e-04
2.459018684518295806e+06 9.980303382294520853e-01 1.403407468768707624e-04
2.459018689338847063e+06 9.982696806023561020e-01 1.403396570772261112e-04
2.459018694159398787e+06 9.984711371446266526e-01 1.403385672774761840e-04
2.459018698979950044e+06 9.986161330242169232e-01 1.403400836538439174e-04
2.459018703800501302e+06 9.987046682633143879e-01 1.403542777106721990e-04
2.459018708621052559e+06 9.987367460555413023e-01 1.403684717675004535e-04
2.459018713441604283e+06 9.987475398890850453e-01 1.403826658256998442e-04
2.459018718262155540e+06 9.987709047894950398e-01 1.403968598825281258e-04
2.459018723082706798e+06 9.988068407572069374e-01 1.404125615543634176e-04
2.459018727903258055e+06 9.988553477922204049e-01 1.404285319508886162e-04
2.459018732723809779e+06 9.989140481939878802e-01 1.404445023489564990e-04
2.459018737544361036e+06 9.989757577985619585e-01 1.404604727454816977e-04
2.459018742364912294e+06 9.990399868153014840e-01 1.404703214380480149e-04
2.459018747185463551e+06 9.991067352442065674e-01 1.404746739709908029e-04
2.459018752006015275e+06 9.991726684648114531e-01 1.404790265043540716e-04
2.459018756826566532e+06 9.992013444387377596e-01 1.404833790372968596e-04
2.459018761647117790e+06 9.991827590399198211e-01 1.404882866686436578e-04
2.459018766467669047e+06 9.991169122683574155e-01 1.404953453706136481e-04
2.459018771288220771e+06 9.990039131671994976e-01 1.405024040732655473e-04
2.459018776108772028e+06 9.989042365164749748e-01 1.405094627752355647e-04
2.459018780929323286e+06 9.988688202957799467e-01 1.405165214772055820e-04
2.459018785749874543e+06 9.988976645051148573e-01 1.405040563980484037e-04
2.459018790570426267e+06 9.989907691565769188e-01 1.404890124963625766e-04
2.459018795390977524e+06 9.991072075976135114e-01 1.404739685961299599e-04
2.459018800211528782e+06 9.991371110770620456e-01 1.404589246958973703e-04
2.459018805032080505e+06 9.990744376282181261e-01 1.404498767975531377e-04
2.459018809852631763e+06 9.989191872631899560e-01 1.404455109338260108e-04
2.459018814673183020e+06 9.986832177729377813e-01 1.404411450700989111e-04
2.459018819493734278e+06 9.984758888924543108e-01 1.404367792063717843e-04
2.459018824314286001e+06 9.983237415270984627e-01 1.404300340765182818e-04
2.459018829134837259e+06 9.982267757062652791e-01 1.404157433717522733e-04
2.459018833955388516e+06 9.981846856022237313e-01 1.404014526669862919e-04
2.459018838775939774e+06 9.981411109504874091e-01 1.403871619622203105e-04
2.459018843596491497e+06 9.980542917058451424e-01 1.403728712560738416e-04
2.459018848417042755e+06 9.979242278850708470e-01 1.403698567749114585e-04
2.459018853237594012e+06 9.977509194818662275e-01 1.403678504772292433e-04
2.459018858058145270e+06 9.975445835700114117e-01 1.403658441795470010e-04
2.459018862878696993e+06 9.973296063611618578e-01 1.403638378816709576e-04
2.459018867699248251e+06 9.971070403505744029e-01 1.403445966212647181e-04
2.459018872519799508e+06 9.968768855178489208e-01 1.403136789747828743e-04
2.459018877340350766e+06 9.966427848594999750e-01 1.402827613283010304e-04
2.459018882160902489e+06 9.964334245029367043e-01 1.402518436788325619e-04
2.459018886981453747e+06 9.962549386726713418e-01 1.402280134902113892e-04
2.459018891802005004e+06 9.961073273469887024e-01 1.402229310918249379e-04
2.459018896622556262e+06 9.959898807448509528e-01 1.402178486934384867e-04
2.459018901443107985e+06 9.958363417212762192e-01 1.402127662945611088e-04
2.459018906263659243e+06 9.956033528071518424e-01 1.402076838961746575e-04
2.459018911084210500e+06 9.952909139914837278e-01 1.401768020901304735e-04
2.459018915904762223e+06 9.948990252325781158e-01 1.401446346704183306e-04
2.459018920725313481e+06 9.944779571322902578e-01 1.401124672538135382e-04
2.459018925545864739e+06 9.941343893638908691e-01 1.400802998372087458e-04
2.459018930366415996e+06 9.938718046030152742e-01 1.400406869041624235e-04
2.459018935186967719e+06 9.936902028360327099e-01 1.399967149888914223e-04
2.459018940007518977e+06 9.935731867115935589e-01 1.399527430778680812e-04
2.459018944828070235e+06 9.934094689951014079e-01 1.399087711668447402e-04
2.459018949648621492e+06 9.931781711106298927e-01 1.398723390239202434e-04
2.459018954469173215e+06 9.928792930260434968e-01 1.398527726218597622e-04
2.459018959289724473e+06 9.925136653436008594e-01 1.398332062216893978e-04
2.459018964110275730e+06 9.921287458030845219e-01 1.398136398215190604e-04
2.459018968930826988e+06 9.917520423794650153e-01 1.397940734213486689e-04
2.459018973751378711e+06 9.913835550375438288e-01 1.397645552037267284e-04
2.459018978571929969e+06 9.910232838485119045e-01 1.397349073250151699e-04
2.459018983392481226e+06 9.906742252779636715e-01 1.397052594463036115e-04
2.459018988213032484e+06 9.903420290525988268e-01 1.396756115675920531e-04
2.459018993033584207e+06 9.900268276705663784e-01 1.396465180338444969e-04
2.459018997854135465e+06 9.897286211927626143e-01 1.396177033351776709e-04
2.459019002674686722e+06 9.894426087830057170e-01 1.395888886365108448e-04
2.459019007495237980e+06 9.891404912317793841e-01 1.395600739378440188e-04
2.459019012315789703e+06 9.888176352500114286e-01 1.395320194674168736e-04
2.459019017136340961e+06 9.884740409000770667e-01 1.395054176949488329e-04
2.459019021956892218e+06 9.881106142881992405e-01 1.394788159224807922e-04
2.459019026777443942e+06 9.877626296633293945e-01 1.394522141474430568e-04
2.459019031597995199e+06 9.874482346681432432e-01 1.394247026975101503e-04
2.459019036418546457e+06 9.871674292674034179e-01 1.393562619574458461e-04
2.459019041239097714e+06 9.869202134611099186e-01 1.392878212173815960e-04
2.459019046059649438e+06 9.866876518176735944e-01 1.392193804707060167e-04
2.459019050880200695e+06 9.864380703667017247e-01 1.391509397306417125e-04
2.459019055700751953e+06 9.861709742775630616e-01 1.391398138200379000e-04
2.459019060521303210e+06 9.858863635502572720e-01 1.391532580126386123e-04
2.459019065341854934e+06 9.855857856573361220e-01 1.391667022065380362e-04
2.459019070162406191e+06 9.852772130790875549e-01 1.391801463991387486e-04
2.459019074982957449e+06 9.849617774088669231e-01 1.391695689630560804e-04
2.459019079803508706e+06 9.846394786466742266e-01 1.391194881791664104e-04
2.459019084624060430e+06 9.843109790638374657e-01 1.390694073904389760e-04
2.459019089444611687e+06 9.839950846082953229e-01 1.390193266065493330e-04
2.459019094265162945e+06 9.837003934625634383e-01 1.389706303578671742e-04
2.459019099085714202e+06 9.834269056266417008e-01 1.389451217187581385e-04
2.459019103906265926e+06 9.831746210771837857e-01 1.389196130771850094e-04
2.459019108726817183e+06 9.829487235222295061e-01 1.388941044380759466e-04
2.459019113547368441e+06 9.827568882725576938e-01 1.388685957989669380e-04
2.459019118367919698e+06 9.825991859982489141e-01 1.388432927951233097e-04
2.459019123188471422e+06 9.824756166890149522e-01 1.388180641020597043e-04
2.459019128009022679e+06 9.823709051650365565e-01 1.387928354114331686e-04
2.459019132829573937e+06 9.822159262633477494e-01 1.387676067208066600e-04
2.459019137650125660e+06 9.820022420496313797e-01 1.387400244217222838e-04
2.459019142470676918e+06 9.817298525651713126e-01 1.387090934478159082e-04
2.459019147291228175e+06 9.814023245565972609e-01 1.386781624739095867e-04
2.459019152111779433e+06 9.810970827806229089e-01 1.386472315000032110e-04
2.459019156932331156e+06 9.808456028886249900e-01 1.386180315702188444e-04
2.459019161752882414e+06 9.806478849291889732e-01 1.386061337599779684e-04
2.459019166573433671e+06 9.805039288754253679e-01 1.385942359497370653e-04
2.459019171393984929e+06 9.803931397206585574e-01 1.385823381394961622e-04
2.459019176214536652e+06 9.802886100087788712e-01 1.385704403281059506e-04
2.459019181035087910e+06 9.801902232582980767e-01 1.385682063907858015e-04
2.459019185855639167e+06 9.800979794588221550e-01 1.385688729347620105e-04
2.459019190676190425e+06 9.800130619208535787e-01 1.385695394787382195e-04
2.459019195496742148e+06 9.799401932926260494e-01 1.385702060227787758e-04
2.459019200317293406e+06 9.798798644409872916e-01 1.385717641220840870e-04
2.459019205137844663e+06 9.798320753582923093e-01 1.385744236325490758e-04
2.459019209958395921e+06 9.797962039044942895e-01 1.385770831430140646e-04
2.459019214778947644e+06 9.797615685348441961e-01 1.385797426537359821e-04
2.459019219599498902e+06 9.797243088441668357e-01 1.385837064071920031e-04
2.459019224420050159e+06 9.796844248292431168e-01 1.385967540055259024e-04
2.459019229240601417e+06 9.796419164900733723e-01 1.386098016038597746e-04
2.459019234061153140e+06 9.795939895779604001e-01 1.386228492034540590e-04
2.459019238881704397e+06 9.795374365474465161e-01 1.386358968017879312e-04
2.459019243702255655e+06 9.794722536424379511e-01 1.386135884696715879e-04
2.459019248522807378e+06 9.793984408553878529e-01 1.385826474959996296e-04
2.459019253343358636e+06 9.793327876816799726e-01 1.385517065253165727e-04
2.459019258163909893e+06 9.793345763248262337e-01 1.385207655546334888e-04
2.459019262984461151e+06 9.794089889044096386e-01 1.385180233105265683e-04
2.459019267805012874e+06 9.795560254381415755e-01 1.385455915708124191e-04
2.459019272625564132e+06 9.797703979862261159e-01 1.385731598284351441e-04
2.459019277446115389e+06 9.799784401111840682e-01 1.386007280860579232e-04
2.459019282266666647e+06 9.801565035575691143e-01 1.386257487595806185e-04
2.459019287087218370e+06 9.803045883382379699e-01 1.386374099473098437e-04
2.459019291907769628e+06 9.804226944245811870e-01 1.386490711339125829e-04
2.459019296728320885e+06 9.805281611347922421e-01 1.386607323205153763e-04
2.459019301548872143e+06 9.806383795155582117e-01 1.386723935071181425e-04
2.459019306369423866e+06 9.807533495878623109e-01 1.386817328785094352e-04
2.459019311189975124e+06 9.808730713294924186e-01 1.386906245747542899e-04
2.459019316010526381e+06 9.809964171870706462e-01 1.386995162709991447e-04
2.459019320831077639e+06 9.811198566105060470e-01 1.387084079672439994e-04
2.459019325651629362e+06 9.812431340126323009e-01 1.387090655592214253e-04
2.459019330472180620e+06 9.813662493696324596e-01 1.387020168571458751e-04
2.459019335292731877e+06 9.814920084465035277e-01 1.386949681550703249e-04
2.459019340113283135e+06 9.816527590432960748e-01 1.386879194529948289e-04
2.459019344933834858e+06 9.818577104381110976e-01 1.386834274310633219e-04
2.459019349754386116e+06 9.821068625913524919e-01 1.386895063118543942e-04
2.459019354574937373e+06 9.824001952477114941e-01 1.386955851926454937e-04
2.459019359395489097e+06 9.827188654245047061e-01 1.387016640740238241e-04
2.459019364216040354e+06 9.830463643805951168e-01 1.387077429548148693e-04
2.459019369036591612e+06 9.833826921463396653e-01 1.387514306311759009e-04
2.459019373857142869e+06 9.837278487217383516e-01 1.388005915777443234e-04
2.459019378677694593e+06 9.840600941772632559e-01 1.388497525290616869e-04
2.459019383498245850e+06 9.843189685364198693e-01 1.388989134756301366e-04
2.459019388318797108e+06 9.845009168231176888e-01 1.389030035402338966e-04
2.459019393139348365e+06 9.846059390373564923e-01 1.388703895456659372e-04
2.459019397959900089e+06 9.846500369167451305e-01 1.388377755479475032e-04
2.459019402780451346e+06 9.847882792720493716e-01 1.388051615533795167e-04
2.459019407601002604e+06 9.850597282345242567e-01 1.387861895677155381e-04
2.459019412421553861e+06 9.854643838041697856e-01 1.388130546202738806e-04
2.459019417242105585e+06 9.860017018633429053e-01 1.388399196754273965e-04
2.459019422062656842e+06 9.865407589544711309e-01 1.388667847279857390e-04
2.459019426883208100e+06 9.869807951694614667e-01 1.388936497805440815e-04
2.459019431703759357e+06 9.873218105083141349e-01 1.389290201166392411e-04
2.459019436524311081e+06 9.875638049896227066e-01 1.389652567793554100e-04
2.459019441344862338e+06 9.877460953132725097e-01 1.390014934385711237e-04
2.459019446165413596e+06 9.879658851658693619e-01 1.390377300977868374e-04
2.459019450985964853e+06 9.882277008537302398e-01 1.390650472878562590e-04
2.459019455806516577e+06 9.885315424082358193e-01 1.390860567536672391e-04
2.459019460627067834e+06 9.888708987440696374e-01 1.391070662174487282e-04
2.459019465447619092e+06 9.891920706110640671e-01 1.391280756812301902e-04
2.459019470268170349e+06 9.894831261803079814e-01 1.391497994640204078e-04
2.459019475088722073e+06 9.897440654755533807e-01 1.391735150983336737e-04
2.459019479909273330e+06 9.899753384952959534e-01 1.391972307303560204e-04
2.459019484729824588e+06 9.902271510974101076e-01 1.392209463623783942e-04
2.459019489550376311e+06 9.905335918104778425e-01 1.392446619966916871e-04
2.459019494370927569e+06 9.908946605752956271e-01 1.392817946568661856e-04
2.459019499191478826e+06 9.913103574188268929e-01 1.393197509984999045e-04
2.459019504012030084e+06 9.917403480228803581e-01 1.393577073401336235e-04
2.459019508832581807e+06 9.920959645394047399e-01 1.393956636854338973e-04
2.459019513653133065e+06 9.923740450681768355e-01 1.394157424655311059e-04
2.459019518473684322e+06 9.925745896472941698e-01 1.394248807822191306e-04
2.459019523294235580e+06 9.927125047499829602e-01 1.394340190989071010e-04
2.459019528114787303e+06 9.928934763252734719e-01 1.394431574164778831e-04
2.459019532935338560e+06 9.931381359680526710e-01 1.394595116115700110e-04
2.459019537755889818e+06 9.934464836927264786e-01 1.394928188088488609e-04
2.459019542576441076e+06 9.938177683123551320e-01 1.395261260061276837e-04
2.459019547396992799e+06 9.942029391992602827e-01 1.395594332066239849e-04
2.459019552217544056e+06 9.945725192418002347e-01 1.395927404039028078e-04
2.459019557038095314e+06 9.949265084779348456e-01 1.396300287965177587e-04
2.459019561858646572e+06 9.952649069076644484e-01 1.396674119095732663e-04
2.459019566679198295e+06 9.955842840169011332e-01 1.397047950262399261e-04
2.459019571499749552e+06 9.958779373673848356e-01 1.397421781392954338e-04
2.459019576320300810e+06 9.961456922392408764e-01 1.397681037259475029e-04
2.459019581140852068e+06 9.963875486324692554e-01 1.397879933950849909e-04
2.459019585961403791e+06 9.966071480053184661e-01 1.398078830661438207e-04
2.459019590781955048e+06 9.968268662987137541e-01 1.398277727352813086e-04
2.459019595602506306e+06 9.970505221600171053e-01 1.398521392684539896e-04
2.459019600423058029e+06 9.972781156114037815e-01 1.398854664645234405e-04
2.459019605243609287e+06 9.975087825473720748e-01 1.399187936573735157e-04
2.459019610064160544e+06 9.977051006699297897e-01 1.399521208502235909e-04
2.459019614884711802e+06 9.978471194305871261e-01 1.399851712140247513e-04
2.459019619705263525e+06 9.979348388351946264e-01 1.399941328970478061e-04
2.459019624525814783e+06 9.979682588668054022e-01 1.400030945792051797e-04
2.459019629346366040e+06 9.980037269110973996e-01 1.400120562613625804e-04
2.459019634166917298e+06 9.981389631007133723e-01 1.400210179435199540e-04
2.459019638987469021e+06 9.983757095480084720e-01 1.400536571118329192e-04
2.459019643808020279e+06 9.987139662072436197e-01 1.400969557998159299e-04
2.459019648628571536e+06 9.991213015363188399e-01 1.401402544877989676e-04
2.459019653449122794e+06 9.994238444166392288e-01 1.401835531757819782e-04
2.459019658269674517e+06 9.995958151736392683e-01 1.402179291600206960e-04
2.459019663090225775e+06 9.996372137740945352e-01 1.402369656521511678e-04
2.459019667910777032e+06 9.995521798979477568e-01 1.402560021442816396e-04
2.459019672731328290e+06 9.994691972010020242e-01 1.402750386364120844e-04
2.459019677551880013e+06 9.994491214695832015e-01 1.402941918518029536e-04
2.459019682372431271e+06 9.994919527075706300e-01 1.403157678754895805e-04
2.459019687192982528e+06 9.995976909099861807e-01 1.403373438991762073e-04
2.459019692013533786e+06 9.997267173158682629e-01 1.403589199228628341e-04
2.459019696834085509e+06 9.998181647003822059e-01 1.403804959486336769e-04
2.459019701654636767e+06 9.998713648822252775e-01 1.403870628658487668e-04
2.459019706475188024e+06 9.998863178720783784e-01 1.403879127092284363e-04
2.459019711295739748e+06 9.998719164217708677e-01 1.403887625526902341e-04
2.459019716116291005e+06 9.998699804924942036e-01 1.403896123960699037e-04
2.459019720936842263e+06 9.998858564478166899e-01 1.403933573686197997e-04
2.459019725757393520e+06 9.999195442877381046e-01 1.404014025526141671e-04
2.459019730577945244e+06 9.999695173872491516e-01 1.404094477373856906e-04
2.459019735398496501e+06 1.000000000000000000e+00 1.404174929213800310e-04
2.459019740219047759e+06 9.999959263209881044e-01 1.404243615859343400e-04
2.459019745039599016e+06 9.999572963502134648e-01 1.404178027948212279e-04
2.459019749860150740e+06 9.998841100789372938e-01 1.404112440030745894e-04
2.459019754680701997e+06 9.997901810026159630e-01 1.404046852119615043e-04
2.459019759501253255e+06 9.996942548014440266e-01 1.403981264208483922e-04
2.459019764321804512e+06 9.995964368883609730e-01 1.403728271480329185e-04
2.459019769142356236e+06 9.994967272536433578e-01 1.403415695736340155e-04
2.459019773962907493e+06 9.993864769186951991e-01 1.403103120022545613e-04
2.459019778783458751e+06 9.992298535680808058e-01 1.402790544308751071e-04
2.459019783604010008e+06 9.990229441435167779e-01 1.402538738690604339e-04
2.459019788424561732e+06 9.987657486177294874e-01 1.402365237323379245e-04
2.459019793245112989e+06 9.984628928608720866e-01 1.402191735972913749e-04
2.459019798065664247e+06 9.981993368201030892e-01 1.402018234622448524e-04
2.459019802886215504e+06 9.980068918719217086e-01 1.401896258277992332e-04
2.459019807706767228e+06 9.978855580080419063e-01 1.402170174477997318e-04
2.459019812527318485e+06 9.978353352519049313e-01 1.402444090651542349e-04
2.459019817347869743e+06 9.978024501121312007e-01 1.402718006825087109e-04
2.459019822168421466e+06 9.977226957937903595e-01 1.402991923025092094e-04
2.459019826988972723e+06 9.975959487716927754e-01 1.403033453785375794e-04
2.459019831809523981e+06 9.974222090404033514e-01 1.403014457287574080e-04
2.459019836630075239e+06 9.972131036504398027e-01 1.402995460789772638e-04
2.459019841450626962e+06 9.970112133230187856e-01 1.402976464290135912e-04
2.459019846271178219e+06 9.968204646436265026e-01 1.402847771633961244e-04
2.459019851091729477e+06 9.966408575922222068e-01 1.402596151356063790e-04
2.459019855912280735e+06 9.964697151904358119e-01 1.402344531078166337e-04
2.459019860732832458e+06 9.962674193343492579e-01 1.402092910775962697e-04
2.459019865553383715e+06 9.960207893009458413e-01 1.401835660560086757e-04
2.459019870373934973e+06 9.957298250728245925e-01 1.401546447219319833e-04
2.459019875194486231e+06 9.953945266499857336e-01 1.401257233878553451e-04
2.459019880015037954e+06 9.950468895348631992e-01 1.400968020509849076e-04
2.459019884835589211e+06 9.947203551995056348e-01 1.400678807169082423e-04
2.459019889656140469e+06 9.944149276700610107e-01 1.400476541150182227e-04
2.459019894476691727e+06 9.941306069465295492e-01 1.400292341780002712e-04
2.459019899297243450e+06 9.938646143661383769e-01 1.400108142392029542e-04
2.459019904117794707e+06 9.936079316705750397e-01 1.399923943021850299e-04
2.459019908938345965e+06 9.933598666251736153e-01 1.399810761553546329e-04
2.459019913758897223e+06 9.931204192299346589e-01 1.399766869647430282e-04
2.459019918579448946e+06 9.928882162967458402e-01 1.399722977737074192e-04
2.459019923400000203e+06 9.926465302943544566e-01 1.399679085830957874e-04
