2.458938000000000000e+06 1.000000000000000000e+00 1.461110051709290172e-04
2.458938004820551258e+06 9.999203013081008340e-01 1.460886975028191485e-04
2.458938009641102981e+06 9.997736771688096047e-01 1.460663898325544009e-04
2.458938014461654238e+06 9.995601274711503059e-01 1.460338940713938811e-04
2.458938019282205496e+06 9.992796522041914598e-01 1.459994110101200178e-04
2.458938024102756754e+06 9.989757893116977261e-01 1.459649279488461546e-04
2.458938028923308477e+06 9.987856002253845400e-01 1.459304448842412428e-04
2.458938033743859734e+06 9.987190966814073478e-01 1.459108918053065944e-04
2.458938038564410992e+06 9.987762786554205130e-01 1.459053990462712530e-04
2.458938043384962250e+06 9.989429741681895569e-01 1.458999062872359386e-04
2.458938048205513973e+06 9.990544647505471554e-01 1.458944135276700428e-04
2.458938053026065230e+06 9.990636015476096476e-01 1.458874080059330020e-04
2.458938057846616488e+06 9.989703845750903533e-01 1.458740860654814760e-04
2.458938062667167746e+06 9.987748767805794126e-01 1.458607641250299228e-04
2.458938067487719469e+06 9.985410625976052224e-01 1.458474421832915030e-04
2.458938072308270726e+06 9.983253277025803119e-01 1.458341202428399498e-04
2.458938077128821984e+06 9.981276720720448914e-01 1.458146726995478094e-04
2.458938081949373242e+06 9.979480957059990720e-01 1.457943214944992967e-04
2.458938086769924965e+06 9.977740056494822651e-01 1.457739702874848544e-04
2.458938091590476222e+06 9.975702002908005683e-01 1.457536190824363417e-04
2.458938096411027480e+06 9.973345899877199550e-01 1.457334016153876972e-04
2.458938101231578737e+06 9.970671747402406471e-01 1.457132937186773154e-04
2.458938106052130461e+06 9.967753994415378127e-01 1.456931858200245582e-04
2.458938110872681718e+06 9.965319300034897188e-01 1.456730779233142035e-04
2.458938115693232976e+06 9.963551683446705276e-01 1.456534356256715586e-04
2.458938120513784699e+06 9.962451144576706108e-01 1.456353708468388034e-04
2.458938125334335957e+06 9.962013991321322370e-01 1.456173060697510987e-04
2.458938130154887214e+06 9.961314791854233297e-01 1.455992412926633941e-04
2.458938134975438472e+06 9.959637483444122585e-01 1.455811765155756894e-04
2.458938139795990195e+06 9.956982065787238767e-01 1.455537828193674684e-04
2.458938144616541453e+06 9.953348539396601469e-01 1.455254224525336483e-04
2.458938149437092710e+06 9.949062385024188826e-01 1.454970620856998282e-04
2.458938154257643968e+06 9.944932239793858875e-01 1.454687017188660352e-04
2.458938159078195691e+06 9.940996147871716815e-01 1.454381464470999293e-04
2.458938163898746949e+06 9.937254110018206577e-01 1.454060298072242581e-04
2.458938168719298206e+06 9.933686111758824877e-01 1.453739131673485328e-04
2.458938173539849464e+06 9.930126028213733802e-01 1.453417965274728346e-04
2.458938178360401187e+06 9.926536753474829444e-01 1.453071675311829738e-04
2.458938183180952445e+06 9.922918288235547113e-01 1.452654818933719395e-04
2.458938188001503702e+06 9.919273409783692097e-01 1.452237962555608781e-04
2.458938192822054960e+06 9.915919962744685900e-01 1.451821106177498438e-04
2.458938197642606683e+06 9.913074835490696124e-01 1.451404249759120284e-04
2.458938202463157941e+06 9.910738028571398628e-01 1.451280538875386475e-04
2.458938207283709198e+06 9.908909541687401790e-01 1.451175283223185650e-04
2.458938212104260456e+06 9.907265109427501049e-01 1.451070027570985097e-04
2.458938216924812179e+06 9.905088548558590444e-01 1.450964771908616895e-04
2.458938221745363437e+06 9.902354028198824265e-01 1.450835047909056967e-04
2.458938226565914694e+06 9.899061548164893587e-01 1.450690263060051203e-04
2.458938231386466417e+06 9.895269033986993090e-01 1.450545478197059774e-04
2.458938236207017675e+06 9.891389549606025566e-01 1.450400693348054282e-04
2.458938241027568933e+06 9.887504148396059067e-01 1.450163375104608046e-04
2.458938245848120190e+06 9.883612830357096923e-01 1.449707256188847103e-04
2.458938250668671913e+06 9.879720245850778237e-01 1.449251137229025539e-04
2.458938255489223171e+06 9.876135566392201248e-01 1.448795018313264597e-04
2.458938260309774429e+06 9.873045455719393626e-01 1.448338899397503654e-04
2.458938265130325686e+06 9.870449913832356481e-01 1.448057593008742307e-04
2.458938269950877409e+06 9.868348940552023052e-01 1.447780688631475268e-04
2.458938274771428667e+06 9.866462161943649889e-01 1.447503784280957122e-04
2.458938279591979925e+06 9.864239333092473805e-01 1.447226879930438976e-04
2.458938284412531182e+06 9.861665920542945774e-01 1.447016206037718324e-04
2.458938289233082905e+06 9.858741923995677503e-01 1.446840624402326032e-04
2.458938294053634163e+06 9.855484803260066151e-01 1.446665042783895269e-04
2.458938298874185421e+06 9.852002402934008085e-01 1.446489461165464236e-04
2.458938303694736678e+06 9.848313222085952612e-01 1.446242433328281062e-04
2.458938308515288401e+06 9.844417260329568764e-01 1.445851574218140543e-04
2.458938313335839659e+06 9.840326154467005093e-01 1.445460715145756823e-04
2.458938318156390917e+06 9.836550714615642788e-01 1.445069856073373103e-04
2.458938322976942174e+06 9.833364455830700956e-01 1.444680876917025592e-04
2.458938327797493897e+06 9.830767377889764180e-01 1.444476131669853065e-04
2.458938332618045155e+06 9.828759481294582212e-01 1.444271386442458826e-04
2.458938337438596413e+06 9.827048325080157687e-01 1.444066641215064587e-04
2.458938342259148136e+06 9.825124541567424874e-01 1.443861895967892060e-04
2.458938347079699393e+06 9.822978910880038050e-01 1.443751739246691267e-04
2.458938351900250651e+06 9.820611432842877297e-01 1.443684412963224526e-04
2.458938356720801909e+06 9.818047088542559697e-01 1.443617086679757514e-04
2.458938361541353632e+06 9.815420442804743129e-01 1.443549760389787186e-04
2.458938366361904889e+06 9.812751550289969815e-01 1.443437964836915112e-04
2.458938371182456147e+06 9.810040410746545536e-01 1.443249317928051417e-04
2.458938376003007405e+06 9.807308199735879084e-01 1.443060671019187992e-04
2.458938380823559128e+06 9.805219181128593808e-01 1.442872024092101027e-04
2.458938385644110385e+06 9.804089278017252829e-01 1.442688311200577536e-04
2.458938390464661643e+06 9.803918490153735732e-01 1.442609886082797438e-04
2.458938395285212900e+06 9.804706817538040298e-01 1.442531460965017611e-04
2.458938400105764624e+06 9.805813102417477722e-01 1.442453035839661921e-04
2.458938404926315881e+06 9.806248173797967871e-01 1.442374610721881823e-04
2.458938409746867139e+06 9.806000964685503973e-01 1.442467587495541268e-04
2.458938414567418396e+06 9.805071475080087140e-01 1.442626237542559103e-04
2.458938419387970120e+06 9.803562993340920739e-01 1.442784887604902136e-04
2.458938424208521377e+06 9.801963367173903707e-01 1.442943537651919701e-04
2.458938429029072635e+06 9.800335285153971565e-01 1.442951831282823273e-04
2.458938433849623892e+06 9.798678747281124313e-01 1.442735720593354683e-04
2.458938438670175616e+06 9.797010904755563132e-01 1.442519609883010593e-04
2.458938443490726873e+06 9.795737176609939922e-01 1.442303499193542003e-04
2.458938448311278131e+06 9.795028956388791563e-01 1.442093387285872945e-04
2.458938453131829854e+06 9.794886244105646123e-01 1.441952802002678658e-04
2.458938457952381112e+06 9.795309039788077099e-01 1.441812216733064274e-04
2.458938462772932369e+06 9.795969736770259173e-01 1.441671631463450432e-04
2.458938467593483627e+06 9.796421934149226463e-01 1.441531046193836047e-04
2.458938472414035350e+06 9.796663055197586401e-01 1.441783740197105353e-04
2.458938477234586608e+06 9.796693099868755139e-01 1.442162233872244521e-04
2.458938482055137865e+06 9.796637501455871533e-01 1.442540727547383689e-04
2.458938486875689123e+06 9.797017996211653257e-01 1.442919221222522857e-04
2.458938491696240846e+06 9.797891856615255080e-01 1.443130896210078251e-04
2.458938496516792104e+06 9.799259082497853157e-01 1.443126663320451876e-04
2.458938501337343361e+06 9.801085615008532370e-01 1.443122430430825772e-04
2.458938506157894619e+06 9.802741419441742821e-01 1.443118197541199939e-04
2.458938510978446342e+06 9.803989723724111371e-01 1.443143278882277870e-04
2.458938515798997600e+06 9.804830527614469826e-01 1.443395985731587867e-04
2.458938520619548857e+06 9.805263831253081541e-01 1.443648692580897864e-04
2.458938525440100115e+06 9.805783385311762634e-01 1.443901399430207589e-04
2.458938530260651838e+06 9.806981098613727355e-01 1.444154106303928669e-04
2.458938535081203096e+06 9.808858161147593346e-01 1.444179417403015551e-04
2.458938539901754353e+06 9.811414572996246530e-01 1.444145120998858967e-04
2.458938544722305611e+06 9.814460105714395421e-01 1.444110824594702384e-04
2.458938549542857334e+06 9.817295544712761890e-01 1.444076528187232479e-04
2.458938554363408592e+06 9.819856070951739069e-01 1.444057789053940243e-04
2.458938559183959849e+06 9.822141684718505017e-01 1.444056555849903580e-04
2.458938564004511107e+06 9.824154559278671650e-01 1.444055322645866645e-04
2.458938568825062830e+06 9.825927052564400466e-01 1.444054089441710719e-04
2.458938573645614088e+06 9.827469967208457557e-01 1.444083426509322628e-04
2.458938578466165345e+06 9.828783303393151538e-01 1.444287705091515113e-04
2.458938583286717068e+06 9.829867061212084201e-01 1.444491983693440347e-04
2.458938588107268326e+06 9.831095045188912307e-01 1.444696262275632561e-04
2.458938592927819584e+06 9.832859488239401591e-01 1.444900540857825045e-04
2.458938597748370841e+06 9.835160446796250566e-01 1.445244259945784938e-04
2.458938602568922564e+06 9.837997921159469250e-01 1.445617154210307399e-04
2.458938607389473822e+06 9.841255716089588601e-01 1.445990048438808328e-04
2.458938612210025080e+06 9.844555435021247192e-01 1.446362942667309256e-04
2.458938617030576337e+06 9.847867876307550006e-01 1.446976249885342878e-04
2.458938621851128060e+06 9.851193040270319612e-01 1.447825027624020607e-04
2.458938626671679318e+06 9.854506560023408301e-01 1.448673805280706632e-04
2.458938631492230576e+06 9.857510084340058709e-01 1.449522582937392927e-04
2.458938636312781833e+06 9.860115241746589820e-01 1.450120214325187915e-04
2.458938641133333556e+06 9.862322032436936503e-01 1.449599702205159129e-04
2.458938645953884814e+06 9.864130720847363865e-01 1.449079190135411845e-04
2.458938650774436072e+06 9.866086379110778903e-01 1.448558678065664290e-04
2.458938655594987329e+06 9.868687836658793788e-01 1.448038165995916735e-04
2.458938660415539052e+06 9.871935093836281538e-01 1.448474225806571029e-04
2.458938665236090310e+06 9.875828150015879547e-01 1.449063897275620016e-04
2.458938670056641567e+06 9.880117319105410356e-01 1.449653568744669002e-04
2.458938674877192825e+06 9.884080859446280343e-01 1.450243240213717989e-04
2.458938679697744548e+06 9.887673234707630154e-01 1.450639898066330760e-04
2.458938684518295806e+06 9.890894444195420521e-01 1.450872040378218912e-04
2.458938689338847063e+06 9.893781647924249079e-01 1.451104182690107335e-04
2.458938694159398787e+06 9.896715384996975784e-01 1.451336325024420041e-04
2.458938698979950044e+06 9.899795449558886906e-01 1.451559628970192008e-04
2.458938703800501302e+06 9.903021841886308074e-01 1.451751242200780088e-04
2.458938708621052559e+06 9.906393273895871543e-01 1.451942855431368167e-04
2.458938713441604283e+06 9.909473374817270308e-01 1.452134468680465747e-04
2.458938718262155540e+06 9.911912008500677329e-01 1.452326081911053555e-04
2.458938723082706798e+06 9.913709175274614260e-01 1.452394288266795389e-04
2.458938727903258055e+06 9.914864875139079992e-01 1.452448215939996146e-04
2.458938732723809779e+06 9.915808911041423812e-01 1.452502143618406222e-04
2.458938737544361036e+06 9.917645288153050798e-01 1.452556071291607521e-04
2.458938742364912294e+06 9.920429645520830730e-01 1.452732147210353752e-04
2.458938747185463551e+06 9.924161983144760280e-01 1.452998685907651148e-04
2.458938752006015275e+06 9.928727350123569551e-01 1.453265224630695906e-04
2.458938756826566532e+06 9.933127931211861439e-01 1.453531763327993030e-04
2.458938761647117790e+06 9.937132706158858797e-01 1.453885115917690136e-04
2.458938766467669047e+06 9.940741674964562735e-01 1.454495151875992833e-04
2.458938771288220771e+06 9.943956000018893127e-01 1.455105187893224899e-04
2.458938776108772028e+06 9.946936423841500341e-01 1.455715223851527596e-04
2.458938780929323286e+06 9.949796565087839495e-01 1.456325259809830293e-04
2.458938785749874543e+06 9.952536423757912809e-01 1.456587496329068358e-04
2.458938790570426267e+06 9.955156000098954738e-01 1.456823938196862857e-04
2.458938795390977524e+06 9.957658669626846537e-01 1.457060380041817283e-04
2.458938800211528782e+06 9.960052141814568216e-01 1.457296821886771708e-04
2.458938805032080505e+06 9.962336717871943526e-01 1.457412720583127941e-04
2.458938809852631763e+06 9.964512397357596640e-01 1.457451283201483113e-04
2.458938814673183020e+06 9.966595983263667469e-01 1.457489845819838286e-04
2.458938819493734278e+06 9.968712447230759777e-01 1.457528408438193729e-04
2.458938824314286001e+06 9.970887240221958381e-01 1.457554940031806909e-04
2.458938829134837259e+06 9.973120361817094937e-01 1.457551640378279068e-04
2.458938833955388516e+06 9.975409483831989554e-01 1.457548340724750956e-04
2.458938838775939774e+06 9.977576960561216346e-01 1.457545041071223115e-04
2.458938843596491497e+06 9.979511783175903927e-01 1.457541741417376247e-04
2.458938848417042755e+06 9.981213951302245757e-01 1.457580763462806796e-04
2.458938853237594012e+06 9.982683465138382228e-01 1.457621292540483464e-04
2.458938858058145270e+06 9.984016838982266995e-01 1.457661821618159862e-04
2.458938862878696993e+06 9.985409951047183874e-01 1.457702350699751584e-04
2.458938867699248251e+06 9.986868484200286389e-01 1.457953220152051867e-04
2.458938872519799508e+06 9.988392438572983867e-01 1.458320448242413059e-04
2.458938877340350766e+06 9.989935136213443645e-01 1.458687676332773981e-04
2.458938882160902489e+06 9.991196495930494414e-01 1.459054904458608913e-04
2.458938886981453747e+06 9.992123013101968931e-01 1.459302931011764205e-04
2.458938891802005004e+06 9.992714687865886791e-01 1.459300031316304602e-04
2.458938896622556262e+06 9.992978796420624032e-01 1.459297131620844999e-04
2.458938901443107985e+06 9.993271214017768189e-01 1.459294231925104858e-04
2.458938906263659243e+06 9.993789054268000793e-01 1.459291312620655801e-04
2.458938911084210500e+06 9.994532317188681292e-01 1.459217087086170752e-04
2.458938915904762223e+06 9.995501002884271680e-01 1.459142861544515603e-04
2.458938920725313481e+06 9.996513965142573843e-01 1.459068636010031096e-04
2.458938925545864739e+06 9.997244777179963293e-01 1.458994410475546047e-04
2.458938930366415996e+06 9.997686806450348795e-01 1.458984612538685873e-04
2.458938935186967719e+06 9.997840052954588552e-01 1.459005343696270752e-04
2.458938940007518977e+06 9.997701515455454935e-01 1.459026074851853109e-04
2.458938944828070235e+06 9.997254397753915223e-01 1.459046806007435195e-04
2.458938949648621492e+06 9.996496093057041232e-01 1.459094715935686684e-04
2.458938954469173215e+06 9.995426601246492071e-01 1.459191639092538150e-04
2.458938959289724473e+06 9.994068145496161071e-01 1.459288562240026717e-04
2.458938964110275730e+06 9.993182770135539128e-01 1.459385485387515826e-04
2.458938968930826988e+06 9.993145251187125488e-01 1.459479504673876871e-04
2.458938973751378711e+06 9.993955588770147003e-01 1.459493303225093167e-04
2.458938978571929969e+06 9.995613782728048902e-01 1.459507101774976166e-04
2.458938983392481226e+06 9.997257485010617728e-01 1.459520900324859437e-04
2.458938988213032484e+06 9.997509355450365787e-01 1.459534698874742436e-04
2.458938993033584207e+06 9.996351485481346222e-01 1.459350784517072933e-04
2.458938997854135465e+06 9.993783875327262312e-01 1.459087345535727931e-04
2.458939002674686722e+06 9.990161871763717505e-01 1.458823906554383200e-04
2.458939007495237980e+06 9.987226748050351821e-01 1.458560467573037926e-04
2.458939012315789703e+06 9.985212067987122575e-01 1.458484933092308840e-04
2.458939017136340961e+06 9.984117831963262857e-01 1.458701610311585793e-04
2.458939021956892218e+06 9.983895930785737782e-01 1.458918287530862475e-04
2.458939026777443942e+06 9.983319492349210789e-01 1.459134964771070493e-04
2.458939031597995199e+06 9.981852243308183548e-01 1.459288025017032762e-04
2.458939036418546457e+06 9.979494183650003958e-01 1.458590564996738908e-04
2.458939041239097714e+06 9.976245313374669799e-01 1.457893104976444511e-04
2.458939046059649438e+06 9.972908039247283529e-01 1.457195644888776166e-04
2.458939050880200695e+06 9.970615342632237477e-01 1.456498184868482040e-04
2.458939055700751953e+06 9.969375322956964824e-01 1.456383358565655579e-04
2.458939060521303210e+06 9.969187980221465573e-01 1.456465016645237863e-04
2.458939065341854934e+06 9.969694566016156223e-01 1.456546674732707718e-04
2.458939070162406191e+06 9.969348671460510625e-01 1.456628332812289731e-04
2.458939074982957449e+06 9.967972593277523163e-01 1.456618446443073501e-04
2.458939079803508706e+06 9.965566331467192729e-01 1.456485227118955084e-04
2.458939084624060430e+06 9.962174639832320766e-01 1.456352007781968271e-04
2.458939089444611687e+06 9.958682219174564976e-01 1.456218788457850125e-04
2.458939094265162945e+06 9.955432855742034626e-01 1.456095499669505015e-04
2.458939099085714202e+06 9.952426549534725275e-01 1.456057536994956499e-04
2.458939103906265926e+06 9.949663300297451052e-01 1.456019574316740669e-04
2.458939108726817183e+06 9.947059615049040904e-01 1.455981611642192153e-04
2.458939113547368441e+06 9.944511646950380257e-01 1.455943648967643908e-04
2.458939118367919698e+06 9.942019095016181307e-01 1.455694780763979292e-04
2.458939123188471422e+06 9.939581959013693568e-01 1.455387279744322152e-04
2.458939128009022679e+06 9.937133865133570554e-01 1.455079778754369440e-04
2.458939132829573937e+06 9.934422201526553753e-01 1.454772277764416729e-04
2.458939137650125660e+06 9.931422366654470979e-01 1.454441452991099006e-04
2.458939142470676918e+06 9.928134361096881966e-01 1.454083324000941856e-04
2.458939147291228175e+06 9.924570105545386101e-01 1.453725195010784706e-04
2.458939152111779433e+06 9.920917918186182849e-01 1.453367066020627555e-04
2.458939156932331156e+06 9.917242826557060020e-01 1.453005348921014041e-04
2.458939161752882414e+06 9.913544831368038546e-01 1.452621389323583269e-04
2.458939166573433671e+06 9.909823932265217072e-01 1.452237429726152226e-04
2.458939171393984929e+06 9.906268241074326353e-01 1.451853470128721454e-04
2.458939176214536652e+06 9.903082876965554338e-01 1.451469510494200396e-04
2.458939181035087910e+06 9.900267935589537327e-01 1.451530701998732286e-04
2.458939185855639167e+06 9.897823416620681325e-01 1.451691518413577165e-04
2.458939190676190425e+06 9.895564240343345253e-01 1.451852334828422045e-04
2.458939195496742148e+06 9.892866729611040633e-01 1.452013151258801644e-04
2.458939200317293406e+06 9.889680097299058392e-01 1.451722078143200044e-04
2.458939205137844663e+06 9.886004343170441411e-01 1.450970623899260536e-04
2.458939209958395921e+06 9.881886698942402569e-01 1.450219169655320758e-04
2.458939214778947644e+06 9.877937378593202311e-01 1.449467715338791476e-04
2.458939219599498902e+06 9.874343413156085880e-01 1.448762262487156445e-04
2.458939224420050159e+06 9.871104802232385511e-01 1.448275847014964088e-04
2.458939229240601417e+06 9.868221519995188373e-01 1.447789431542771189e-04
2.458939234061153140e+06 9.865528760021972099e-01 1.447303016023591135e-04
2.458939238881704397e+06 9.862869790271994175e-01 1.446816600551398778e-04
2.458939243702255655e+06 9.860244610483503980e-01 1.446563322118637096e-04
2.458939248522807378e+06 9.857653220407806005e-01 1.446350611157007707e-04
2.458939253343358636e+06 9.854965741903533027e-01 1.446137900215925846e-04
2.458939258163909893e+06 9.851793866603232308e-01 1.445925189274844256e-04
2.458939262984461151e+06 9.848111596887999530e-01 1.445641483152563373e-04
2.458939267805012874e+06 9.843918932328177274e-01 1.445294819612621441e-04
2.458939272625564132e+06 9.839312659015152507e-01 1.444948156106167533e-04
2.458939277446115389e+06 9.835334012880737609e-01 1.444601492599713083e-04
2.458939282266666647e+06 9.832265741014463156e-01 1.444326317776542827e-04
2.458939287087218370e+06 9.830107843251849609e-01 1.444322984793827865e-04
2.458939291907769628e+06 9.828858718971814623e-01 1.444319651811434640e-04
2.458939296728320885e+06 9.827739223768435783e-01 1.444316318829041686e-04
2.458939301548872143e+06 9.826100717441609289e-01 1.444312985846648461e-04
2.458939306369423866e+06 9.823943199757853018e-01 1.444087770766962068e-04
2.458939311189975124e+06 9.821266671133994652e-01 1.443834130812517028e-04
2.458939316010526381e+06 9.818365129183174167e-01 1.443580490858071988e-04
2.458939320831077639e+06 9.816019476362579654e-01 1.443326850903626677e-04
2.458939325651629362e+06 9.814271779328375134e-01 1.443146665261556532e-04
2.458939330472180620e+06 9.813122038418214954e-01 1.443023111607006281e-04
2.458939335292731877e+06 9.812493463099568602e-01 1.442899557952455759e-04
2.458939340113283135e+06 9.811688240926572657e-01 1.442776004297905237e-04
2.458939344933834858e+06 9.810538925987879466e-01 1.442696252949286935e-04
2.458939349754386116e+06 9.809045518505535854e-01 1.442753046966726476e-04
2.458939354574937373e+06 9.807209023926846125e-01 1.442809840984166016e-04
2.458939359395489097e+06 9.805201555890640241e-01 1.442866635007091620e-04
2.458939364216040354e+06 9.803149186193526043e-01 1.442923429024530889e-04
2.458939369036591612e+06 9.801051914643754692e-01 1.442666039741139308e-04
2.458939373857142869e+06 9.798909741241325078e-01 1.442381736362072296e-04
2.458939378677694593e+06 9.796857720632886624e-01 1.442097432955542172e-04
2.458939383498245850e+06 9.795214750064797915e-01 1.441813129576475160e-04
2.458939388318797108e+06 9.793994267182259961e-01 1.441927707515194021e-04
2.458939393139348365e+06 9.793196271985269430e-01 1.442308967345574792e-04
2.458939397959900089e+06 9.792784547960639019e-01 1.442690227212784827e-04
2.458939402780451346e+06 9.792477898963484195e-01 1.443071487043165598e-04
2.458939407601002604e+06 9.792216904241345388e-01 1.443189775691688665e-04
2.458939412421553861e+06 9.792001563794225927e-01 1.442623502033730913e-04
2.458939417242105585e+06 9.791833402106189244e-01 1.442057228321071095e-04
2.458939422062656842e+06 9.791847562444819797e-01 1.441490954663113343e-04
2.458939426883208100e+06 9.792131481722424757e-01 1.440924681005155319e-04
2.458939431703759357e+06 9.792685159939003015e-01 1.441047558354204710e-04
2.458939436524311081e+06 9.793508597187127185e-01 1.441202342057653187e-04
2.458939441344862338e+06 9.794418814729021205e-01 1.441357125746149702e-04
2.458939446165413596e+06 9.795031751452406565e-01 1.441511909434646489e-04
2.458939450985964853e+06 9.795335219695125994e-01 1.441576890324693821e-04
2.458939455806516577e+06 9.795329219441655244e-01 1.441590022275123504e-04
2.458939460627067834e+06 9.795116888560471136e-01 1.441603154224284399e-04
2.458939465447619092e+06 9.795388822827375552e-01 1.441616286173445837e-04
2.458939470268170349e+06 9.796272973668008754e-01 1.441634214891864571e-04
2.458939475088722073e+06 9.797769341256487019e-01 1.441662711890256781e-04
2.458939479909273330e+06 9.799866005587323237e-01 1.441691208885895659e-04
2.458939484729824588e+06 9.801908511830138560e-01 1.441719705881534808e-04
2.458939489550376311e+06 9.803521781851070038e-01 1.441748202879927017e-04
2.458939494370927569e+06 9.804705815338435881e-01 1.441993839848948445e-04
2.458939499191478826e+06 9.805460612468809289e-01 1.442241580397002571e-04
2.458939504012030084e+06 9.806143108805192021e-01 1.442489320945056696e-04
2.458939508832581807e+06 9.807418753650595233e-01 1.442737061517042417e-04
2.458939513653133065e+06 9.809302623877832472e-01 1.442907383635807963e-04
2.458939518473684322e+06 9.811794719580749780e-01 1.443039336385155697e-04
2.458939523294235580e+06 9.814768206038172460e-01 1.443171289134503161e-04
2.458939528114787303e+06 9.817485136232511067e-01 1.443303241896597589e-04
2.458939532935338560e+06 9.819826283497650188e-01 1.443447506214134404e-04
2.458939537755889818e+06 9.821791648114194251e-01 1.443614955223364023e-04
2.458939542576441076e+06 9.823388849471582640e-01 1.443782404232593641e-04
2.458939547396992799e+06 9.824904956729486605e-01 1.443949853257998743e-04
2.458939552217544056e+06 9.826485995078332314e-01 1.444121074960649862e-04
2.458939557038095314e+06 9.828131964661441788e-01 1.444439074746804285e-04
2.458939561858646572e+06 9.829842865478812808e-01 1.444757074532958979e-04
2.458939566679198295e+06 9.831926602398204373e-01 1.445075074349832101e-04
2.458939571499749552e+06 9.834892275350394231e-01 1.445393074135986524e-04
2.458939576320300810e+06 9.838747491662365174e-01 1.445954921256436426e-04
2.458939581140852068e+06 9.843492251334117205e-01 1.446619651146052342e-04
2.458939585961403791e+06 9.848831206796283544e-01 1.447284381099880673e-04
2.458939590781955048e+06 9.853262021893604006e-01 1.447949110989496589e-04
2.458939595602506306e+06 9.856574457058953076e-01 1.448326198572028501e-04
2.458939600423058029e+06 9.858768512450258870e-01 1.448236941314869682e-04
2.458939605243609287e+06 9.859892296247965149e-01 1.448147684066333524e-04
2.458939610064160544e+06 9.861274289773549473e-01 1.448058426817796823e-04
2.458939614884711802e+06 9.863514992594727415e-01 1.448010390857495683e-04
2.458939619705263525e+06 9.866614405052376302e-01 1.448611460825979845e-04
2.458939624525814783e+06 9.870572526547696235e-01 1.449212530736400915e-04
2.458939629346366040e+06 9.874796433817126795e-01 1.449813600646821985e-04
2.458939634166917298e+06 9.878418713443011256e-01 1.450414670557243597e-04
2.458939638987469021e+06 9.881431852436275420e-01 1.450637369694363402e-04
2.458939643808020279e+06 9.883835850214782726e-01 1.450725693706064311e-04
2.458939648628571536e+06 9.885746184296391181e-01 1.450814017717765221e-04
2.458939653449122794e+06 9.887678945791945617e-01 1.450902341729465859e-04
2.458939658269674517e+06 9.889696176884599232e-01 1.450880828117188850e-04
2.458939663090225775e+06 9.891797877184623777e-01 1.450705213322000034e-04
2.458939667910777032e+06 9.894006398225567711e-01 1.450529598526811490e-04
2.458939672731328290e+06 9.896795209076156841e-01 1.450353983731622945e-04
2.458939677551880013e+06 9.900354576587834243e-01 1.450247654274109603e-04
2.458939682372431271e+06 9.904684500072933329e-01 1.450806261973362125e-04
2.458939687192982528e+06 9.909784979838068830e-01 1.451364869672614919e-04
2.458939692013533786e+06 9.915009836076378313e-01 1.451923477371867442e-04
2.458939696834085509e+06 9.919525403079780812e-01 1.452482085125080978e-04
2.458939701654636767e+06 9.923328398066356693e-01 1.452821637121988496e-04
2.458939706475188024e+06 9.926418821506720613e-01 1.453096708078962509e-04
2.458939711295739748e+06 9.928951325794322935e-01 1.453371779062508421e-04
2.458939716116291005e+06 9.931535584029909103e-01 1.453646850019482434e-04
2.458939720936842263e+06 9.934233918796682161e-01 1.453896032729872835e-04
2.458939725757393520e+06 9.937046330094647661e-01 1.454113676412036071e-04
2.458939730577945244e+06 9.939967269520088022e-01 1.454331320115223342e-04
2.458939735398496501e+06 9.942903536476441761e-01 1.454548963797386578e-04
2.458939740219047759e+06 9.945821842760160791e-01 1.454817147039870581e-04
2.458939745039599016e+06 9.948722188371239561e-01 1.455426516020113853e-04
2.458939749860150740e+06 9.951604573587254920e-01 1.456035885059221713e-04
2.458939754680701997e+06 9.954367972764999184e-01 1.456645254039464984e-04
2.458939759501253255e+06 9.956897947462431953e-01 1.457254623019708256e-04
2.458939764321804512e+06 9.959194388177081692e-01 1.457230271678786515e-04
2.458939769142356236e+06 9.961257295096942466e-01 1.457054590218777605e-04
2.458939773962907493e+06 9.963065193605261660e-01 1.456878908775739170e-04
2.458939778783458751e+06 9.964543180872204031e-01 1.456703227332700734e-04
2.458939783604010008e+06 9.965684827762247844e-01 1.456642375617731705e-04
2.458939788424561732e+06 9.966490134336942752e-01 1.456703235861703705e-04
2.458939793245112989e+06 9.967020735856361169e-01 1.456764096099796618e-04
2.458939798065664247e+06 9.968118279361837253e-01 1.456824956337889531e-04
2.458939802886215504e+06 9.970049702403884773e-01 1.456933913998155689e-04
2.458939807706767228e+06 9.972815005289906720e-01 1.457288643221658388e-04
2.458939812527318485e+06 9.976414181341227705e-01 1.457643372410894606e-04
2.458939817347869743e+06 9.980046740590100551e-01 1.457998101600130824e-04
2.458939822168421466e+06 9.982921021293834629e-01 1.458352830823633523e-04
2.458939826988972723e+06 9.985037022897127468e-01 1.458654386439036570e-04
2.458939831809523981e+06 9.986394745714253229e-01 1.458945955627994175e-04
2.458939836630075239e+06 9.987198097190533863e-01 1.459237524816952051e-04
2.458939841450626962e+06 9.988077801984607262e-01 1.459529094034075060e-04
2.458939846271178219e+06 9.989078604352471524e-01 1.459540772893100488e-04
2.458939851091729477e+06 9.990200504373255574e-01 1.459294198954864008e-04
2.458939855912280735e+06 9.991411838214675489e-01 1.459047625016626987e-04
2.458939860732832458e+06 9.992354245219581266e-01 1.458801051054571128e-04
2.458939865553383715e+06 9.992926964874078166e-01 1.458618210690401824e-04
2.458939870373934973e+06 9.993129997287059085e-01 1.458693002785212004e-04
2.458939875194486231e+06 9.992963597260732245e-01 1.458767794880021641e-04
2.458939880015037954e+06 9.992622748280014511e-01 1.458842586982056402e-04
2.458939884835589211e+06 9.992275968083244031e-01 1.458917379076866310e-04
2.458939889656140469e+06 9.991923256637785800e-01 1.458771219361934687e-04
2.458939894476691727e+06 9.991564613943634265e-01 1.458593938103734178e-04
2.458939899297243450e+06 9.991276711335098648e-01 1.458416656828408426e-04
2.458939904117794707e+06 9.991270182908378317e-01 1.458239375570207917e-04
2.458939908938345965e+06 9.991557133341156804e-01 1.458138346514730528e-04
2.458939913758897223e+06 9.992137562633434111e-01 1.458098517392047728e-04
2.458939918579448946e+06 9.992929611704509663e-01 1.458058688265517365e-04
2.458939923400000203e+06 9.993153637825906710e-01 1.458018859142834564e-04
