2.458798000000000000e+06 9.801724390031081313e-01 1.396209558686548665e-04
2.458798004820551258e+06 9.801072956020234761e-01 1.396198950993129267e-04
2.458798009641102981e+06 9.800166887164649676e-01 1.396188343298685299e-04
2.458798014461654238e+06 9.799000710629803823e-01 1.396051609372275229e-04
2.458798019282205496e+06 9.797574426340732723e-01 1.395863806498216146e-04
2.458798024102756754e+06 9.795980860974764504e-01 1.395676003624157064e-04
2.458798028923308477e+06 9.794677199288086555e-01 1.395488200731956569e-04
2.458798033743859734e+06 9.793725124064903698e-01 1.395405302769510479e-04
2.458798038564410992e+06 9.793124635162298031e-01 1.395486461629612176e-04
2.458798043384962250e+06 9.792875367902742489e-01 1.395567620489713873e-04
2.458798048205513973e+06 9.792967924472700814e-01 1.395648779357655436e-04
2.458798053026065230e+06 9.793398178491334871e-01 1.395729812946251724e-04
2.458798057846616488e+06 9.794166129951272781e-01 1.395809137142438490e-04
2.458798062667167746e+06 9.795271778852517874e-01 1.395888461338624985e-04
2.458798067487719469e+06 9.796358219380658650e-01 1.395967785542474350e-04
2.458798072308270726e+06 9.796919143760154380e-01 1.396047109738660845e-04
2.458798077128821984e+06 9.796950835435784821e-01 1.396027497500803617e-04
2.458798081949373242e+06 9.796453294407549972e-01 1.395974292247264116e-04
2.458798086769924965e+06 9.795595172588728028e-01 1.395921086988584684e-04
2.458798091590476222e+06 9.795106841699675604e-01 1.395867881735044912e-04
2.458798096411027480e+06 9.795072725257371049e-01 1.395850538744731735e-04
2.458798101231578737e+06 9.795492823261818804e-01 1.395881761388117397e-04
2.458798106052130461e+06 9.796359975214856686e-01 1.395912984034519038e-04
2.458798110872681718e+06 9.797531406160504552e-01 1.395944206677904699e-04
2.458798115693232976e+06 9.798951398864929052e-01 1.395996256207790486e-04
2.458798120513784699e+06 9.800619953501317205e-01 1.396229658837871491e-04
2.458798125334335957e+06 9.802537069747307985e-01 1.396463061445405969e-04
2.458798130154887214e+06 9.804686804627862351e-01 1.396696464052940448e-04
2.458798134975438472e+06 9.807049237923193274e-01 1.396929866660475198e-04
2.458798139795990195e+06 9.809624309746886039e-01 1.397240930321976742e-04
2.458798144616541453e+06 9.812412019601438606e-01 1.397573738348748776e-04
2.458798149437092710e+06 9.815286230360419362e-01 1.397906546375520540e-04
2.458798154257643968e+06 9.817764827611473732e-01 1.398239354402292032e-04
2.458798159078195691e+06 9.819800579535928886e-01 1.398442750216155595e-04
2.458798163898746949e+06 9.821393485740481655e-01 1.398493920658338413e-04
2.458798168719298206e+06 9.822585557299381431e-01 1.398545091100520960e-04
2.458798173539849464e+06 9.824045247014994153e-01 1.398596261542703507e-04
2.458798178360401187e+06 9.826004308848451663e-01 1.398696292653379286e-04
2.458798183180952445e+06 9.828462742421262277e-01 1.399102187008320012e-04
2.458798188001503702e+06 9.831420547898553908e-01 1.399508081363260467e-04
2.458798192822054960e+06 9.834638474243253548e-01 1.399913975718201193e-04
2.458798197642606683e+06 9.837854471487947894e-01 1.400319870112350735e-04
2.458798202463157941e+06 9.841068404815377368e-01 1.400559291315215716e-04
2.458798207283709198e+06 9.844280274536303388e-01 1.400761171051910416e-04
2.458798212104260456e+06 9.847422233807383574e-01 1.400963050788605116e-04
2.458798216924812179e+06 9.850264755070684553e-01 1.401164930544801090e-04
2.458798221745363437e+06 9.852789032933337854e-01 1.401276234611130672e-04
2.458798226565914694e+06 9.854995067685297094e-01 1.401294848109656103e-04
2.458798231386466417e+06 9.856932004003433612e-01 1.401313461609979684e-04
2.458798236207017675e+06 9.859238654529551837e-01 1.401332075108505115e-04
2.458798241027568933e+06 9.862111564690625443e-01 1.401416368183194166e-04
2.458798245848120190e+06 9.865550734486656648e-01 1.401815791169504579e-04
2.458798250668671913e+06 9.869556101921186375e-01 1.402215214194398767e-04
2.458798255489223171e+06 9.873652843123265077e-01 1.402614637180709452e-04
2.458798260309774429e+06 9.877387477641594860e-01 1.403014060167019866e-04
2.458798265130325686e+06 9.880760005476172392e-01 1.403390014700343935e-04
2.458798269950877409e+06 9.883770426900314598e-01 1.403761851050644677e-04
2.458798274771428667e+06 9.886527374249205469e-01 1.404133687365026072e-04
2.458798279591979925e+06 9.889356812638846472e-01 1.404505523679407196e-04
2.458798284412531182e+06 9.892280702498628120e-01 1.404750687867480118e-04
2.458798289233082905e+06 9.895299044124681309e-01 1.404883050533488201e-04
2.458798294053634163e+06 9.898410321081236862e-01 1.405015413186710017e-04
2.458798298874185421e+06 9.901598140501838285e-01 1.405147775839932103e-04
2.458798303694736678e+06 9.904858034646707443e-01 1.405325728823985179e-04
2.458798308515288401e+06 9.908190003841187421e-01 1.405678117736210316e-04
2.458798313335839659e+06 9.911593979110248087e-01 1.406030506614395028e-04
2.458798318156390917e+06 9.915035307453000657e-01 1.406382895492579741e-04
2.458798322976942174e+06 9.918485030611196018e-01 1.406735284370764453e-04
2.458798327797493897e+06 9.921943148919284416e-01 1.406973397173227251e-04
2.458798332618045155e+06 9.925409661709165832e-01 1.407196725788023637e-04
2.458798337438596413e+06 9.928728922739000762e-01 1.407420054402820566e-04
2.458798342259148136e+06 9.931486131121505245e-01 1.407643383039190678e-04
2.458798347079699393e+06 9.933658795566331356e-01 1.407914171274771457e-04
2.458798351900250651e+06 9.935246916368054571e-01 1.408221694270109692e-04
2.458798356720801909e+06 9.936355894080044493e-01 1.408529217265448469e-04
2.458798361541353632e+06 9.937947836661658041e-01 1.408836740290493573e-04
2.458798366361904889e+06 9.940254407397789427e-01 1.409106534487461265e-04
2.458798371182456147e+06 9.943275606407697698e-01 1.409258111070827541e-04
2.458798376003007405e+06 9.947006448533619594e-01 1.409409687654193818e-04
2.458798380823559128e+06 9.950575131551165908e-01 1.409561264252201973e-04
2.458798385644110385e+06 9.953340907366303725e-01 1.409712840835567979e-04
2.458798390464661643e+06 9.955303776362546264e-01 1.410057303856860776e-04
2.458798395285212900e+06 9.956463738539891306e-01 1.410418499105101141e-04
2.458798400105764624e+06 9.957304665119230958e-01 1.410779694388232487e-04
2.458798404926315881e+06 9.958972607330933702e-01 1.411140889636472581e-04
2.458798409746867139e+06 9.961516190027046580e-01 1.411313724919467801e-04
2.458798414567418396e+06 9.964935413207567372e-01 1.411360158590094574e-04
2.458798419387970120e+06 9.969069064611334463e-01 1.411406592265207233e-04
2.458798424208521377e+06 9.972660579005664383e-01 1.411453025935834548e-04
2.458798429029072635e+06 9.975443554921242795e-01 1.411536504163226973e-04
2.458798433849623892e+06 9.977417992358069698e-01 1.411716834923140099e-04
2.458798438670175616e+06 9.978593547354452920e-01 1.411897165700473373e-04
2.458798443490726873e+06 9.979837948160392713e-01 1.412077496460386770e-04
2.458798448311278131e+06 9.981714311587509547e-01 1.412257827220300167e-04
2.458798453131829854e+06 9.984222637908626297e-01 1.412356040051528853e-04
2.458798457952381112e+06 9.987362926639139493e-01 1.412450375121642669e-04
2.458798462772932369e+06 9.990492128356297519e-01 1.412544710191756213e-04
2.458798467593483627e+06 9.992256697207372307e-01 1.412639045261870029e-04
2.458798472414035350e+06 9.992613363614523125e-01 1.412776550325864496e-04
2.458798477234586608e+06 9.991562127508842872e-01 1.412939068169426801e-04
2.458798482055137865e+06 9.989437470643530714e-01 1.413101586012989106e-04
2.458798486875689123e+06 9.988486547764647838e-01 1.413264103856551410e-04
2.458798491696240846e+06 9.989127003481218514e-01 1.413468918947164592e-04
2.458798496516792104e+06 9.991358837669506165e-01 1.413767268617284088e-04
2.458798501337343361e+06 9.995144807607211357e-01 1.414065618287403583e-04
2.458798506157894619e+06 9.998420622618283682e-01 1.414363967957522807e-04
2.458798510978446342e+06 1.000000000000000000e+00 1.414662317656462294e-04
2.458798515798997600e+06 9.999882939447226615e-01 1.414999291181332148e-04
2.458798520619548857e+06 9.998069441194468165e-01 1.415336669143780807e-04
2.458798525440100115e+06 9.995420536944690237e-01 1.415674047106229194e-04
2.458798530260651838e+06 9.993545656599145399e-01 1.416011425101268428e-04
2.458798535081203096e+06 9.992481560830647203e-01 1.415766746212131688e-04
2.458798539901754353e+06 9.992228249418922958e-01 1.415232625593709260e-04
2.458798544722305611e+06 9.992672729771174822e-01 1.414698504975286561e-04
2.458798549542857334e+06 9.993155685960953827e-01 1.414164384305268308e-04
2.458798554363408592e+06 9.993570281028422153e-01 1.413774944399935174e-04
2.458798559183959849e+06 9.993916515023532066e-01 1.413658826873631560e-04
2.458798564004511107e+06 9.994190283208261860e-01 1.413542709347328217e-04
2.458798568825062830e+06 9.994235861400608822e-01 1.413426591809807719e-04
2.458798573645614088e+06 9.993973844892355407e-01 1.413314735023594928e-04
2.458798578466165345e+06 9.993404233702757322e-01 1.413373477615901738e-04
2.458798583286717068e+06 9.992527027732225342e-01 1.413432220213883535e-04
2.458798588107268326e+06 9.991457172737781001e-01 1.413490962806190345e-04
2.458798592927819584e+06 9.990385175781707483e-01 1.413549705398497156e-04
2.458798597748370841e+06 9.989313909766120991e-01 1.413512894066103935e-04
2.458798602568922564e+06 9.988243374587640888e-01 1.413435638042864252e-04
2.458798607389473822e+06 9.987134793838026159e-01 1.413358382027087674e-04
2.458798612210025080e+06 9.985790432260414073e-01 1.413281126011310825e-04
2.458798617030576337e+06 9.984182541142190281e-01 1.413188650246611448e-04
2.458798621851128060e+06 9.982311120289848461e-01 1.413071431910832522e-04
2.458798626671679318e+06 9.980190379544112700e-01 1.412954213586376732e-04
2.458798631492230576e+06 9.978214745484101922e-01 1.412836995261921213e-04
2.458798636312781833e+06 9.976562888710870380e-01 1.412731127584665187e-04
2.458798641133333556e+06 9.975234809111762635e-01 1.412805981864576185e-04
2.458798645953884814e+06 9.974230506943363439e-01 1.412880836137256639e-04
2.458798650774436072e+06 9.973005479760927994e-01 1.412955690409937364e-04
2.458798655594987329e+06 9.970761428970849050e-01 1.413030544682617818e-04
2.458798660415539052e+06 9.967491362446935232e-01 1.412466425006634132e-04
2.458798665236090310e+06 9.963195280820960065e-01 1.411674684292698592e-04
2.458798670056641567e+06 9.958223542730157973e-01 1.410882943578763051e-04
2.458798674877192825e+06 9.954145309101432026e-01 1.410091202864827240e-04
2.458798679697744548e+06 9.951149711055112812e-01 1.409676071925744663e-04
2.458798684518295806e+06 9.949236749169951821e-01 1.409790554928461918e-04
2.458798689338847063e+06 9.948360323747242884e-01 1.409905037931178903e-04
2.458798694159398787e+06 9.947540044696931982e-01 1.410019520944955291e-04
2.458798698979950044e+06 9.946381194895899114e-01 1.410115673013562774e-04
2.458798703800501302e+06 9.944883774281259026e-01 1.410034781031747854e-04
2.458798708621052559e+06 9.943047782853007277e-01 1.409953889049932933e-04
2.458798713441604283e+06 9.940862641954957279e-01 1.409872997060303626e-04
2.458798718262155540e+06 9.938314677694403132e-01 1.409792105078488706e-04
2.458798723082706798e+06 9.935403835231515490e-01 1.409575539732157556e-04
2.458798727903258055e+06 9.932130114566293244e-01 1.409318920344073962e-04
2.458798732723809779e+06 9.928558809554558495e-01 1.409062300931200899e-04
2.458798737544361036e+06 9.924947788644705726e-01 1.408805681543117306e-04
2.458798742364912294e+06 9.921323475728039964e-01 1.408593660171916946e-04
2.458798747185463551e+06 9.917685870804556769e-01 1.408436079259111696e-04
2.458798752006015275e+06 9.914035819537327932e-01 1.408278498331084246e-04
2.458798756826566532e+06 9.910387575866910215e-01 1.408120917418278996e-04
2.458798761647117790e+06 9.906746238610381061e-01 1.407936530966239332e-04
2.458798766467669047e+06 9.903111807767740471e-01 1.407570432211362589e-04
2.458798771288220771e+06 9.899484282988905148e-01 1.407204333421121069e-04
2.458798776108772028e+06 9.896100051601846026e-01 1.406838234666244326e-04
2.458798780929323286e+06 9.893227350339227621e-01 1.406472135911367854e-04
2.458798785749874543e+06 9.890866442994860064e-01 1.406299081908956141e-04
2.458798790570426267e+06 9.889017329414837576e-01 1.406172256615060819e-04
2.458798795390977524e+06 9.887451641159078486e-01 1.406045431333416982e-04
2.458798800211528782e+06 9.885371627319532450e-01 1.405918606051773415e-04
2.458798805032080505e+06 9.882708660776204912e-01 1.405723356923314850e-04
2.458798809852631763e+06 9.879462742043575441e-01 1.405455462706030562e-04
2.458798814673183020e+06 9.875672287450761866e-01 1.405187568488746003e-04
2.458798819493734278e+06 9.871863082026863800e-01 1.404919674271461443e-04
2.458798824314286001e+06 9.868202115001432073e-01 1.404657586152745121e-04
2.458798829134837259e+06 9.864689387081757577e-01 1.404425251048351106e-04
2.458798833955388516e+06 9.861324897121667155e-01 1.404192915943957632e-04
2.458798838775939774e+06 9.857971897080993751e-01 1.403960580839563616e-04
2.458798843596491497e+06 9.854494943953835406e-01 1.403728245712726615e-04
2.458798848417042755e+06 9.850894038411932563e-01 1.403425339779115625e-04
2.458798853237594012e+06 9.847169180125401322e-01 1.403109143884596877e-04
2.458798858058145270e+06 9.843441392222053166e-01 1.402792947990078129e-04
2.458798862878696993e+06 9.840085473925582749e-01 1.402476752065015238e-04
2.458798867699248251e+06 9.837128068413624193e-01 1.402225903486770749e-04
2.458798872519799508e+06 9.834569175342747771e-01 1.402035432065939493e-04
2.458798877340350766e+06 9.832363221764590655e-01 1.401844960645108509e-04
2.458798882160902489e+06 9.829993558314716884e-01 1.401654489205878071e-04
2.458798886981453747e+06 9.827314753533166192e-01 1.401456078482508124e-04
2.458798891802005004e+06 9.824326807205964185e-01 1.401225511336811030e-04
2.458798896622556262e+06 9.821030199196613131e-01 1.400994944191114207e-04
2.458798901443107985e+06 9.817797891605295479e-01 1.400764377023144347e-04
2.458798906263659243e+06 9.814952591295752482e-01 1.400533809877447253e-04
2.458798911084210500e+06 9.812494297937053300e-01 1.400261152158716103e-04
2.458798915904762223e+06 9.810423011347807476e-01 1.399982550157858696e-04
2.458798920725313481e+06 9.808704923325137770e-01 1.399703948183914168e-04
2.458798925545864739e+06 9.807247066888923337e-01 1.399425346209969370e-04
2.458798930366415996e+06 9.806044090032418614e-01 1.399249252015256190e-04
2.458798935186967719e+06 9.805095992676345906e-01 1.399155517388231450e-04
2.458798940007518977e+06 9.804345907551200723e-01 1.399061782770261424e-04
2.458798944828070235e+06 9.803251573805451535e-01 1.398968048152291399e-04
2.458798949648621492e+06 9.801678027595155385e-01 1.398873451786008962e-04
2.458798954469173215e+06 9.799625268698872738e-01 1.398776014474429046e-04
2.458798959289724473e+06 9.797095773224525628e-01 1.398678577172261632e-04
2.458798964110275730e+06 9.794632961958367190e-01 1.398581139870094217e-04
2.458798968930826988e+06 9.792649870391841871e-01 1.398483702567926803e-04
2.458798973751378711e+06 9.791146498402898413e-01 1.398429446582576444e-04
2.458798978571929969e+06 9.790122846281983371e-01 1.398379410310757046e-04
2.458798983392481226e+06 9.789405296109089383e-01 1.398329374038937648e-04
2.458798988213032484e+06 9.788569592608025172e-01 1.398279337767118250e-04
2.458798993033584207e+06 9.787596465336780849e-01 1.398296442790909397e-04
2.458798997854135465e+06 9.786485914483363802e-01 1.398360355788779861e-04
2.458799002674686722e+06 9.785309843650785711e-01 1.398424268786650326e-04
2.458799007495237980e+06 9.784652070598456319e-01 1.398488181784521061e-04
2.458799012315789703e+06 9.784640663781690728e-01 1.398571919275293837e-04
2.458799017136340961e+06 9.785275623202690509e-01 1.398709952667400900e-04
2.458799021956892218e+06 9.786549977025383873e-01 1.398847986059507963e-04
2.458799026777443942e+06 9.787733143563237537e-01 1.398986019464948816e-04
2.458799031597995199e+06 9.788335269973120756e-01 1.399124052857055609e-04
2.458799036418546457e+06 9.788356356397386326e-01 1.399152841113188400e-04
2.458799041239097714e+06 9.787796402836036469e-01 1.399175357435003802e-04
2.458799046059649438e+06 9.787070685970845618e-01 1.399197873758994655e-04
2.458799050880200695e+06 9.787081118054589135e-01 1.399220390080810057e-04
2.458799055700751953e+06 9.787858914232070440e-01 1.399399630909555674e-04
2.458799060521303210e+06 9.789404074503290643e-01 1.399673329310289745e-04
2.458799065341854934e+06 9.791575022215618374e-01 1.399947027737462899e-04
2.458799070162406191e+06 9.793383199461669353e-01 1.400220726138196969e-04
2.458799074982957449e+06 9.794638262846809829e-01 1.400388964349258186e-04
2.458799079803508706e+06 9.795340212371039801e-01 1.400313676440610158e-04
2.458799084624060430e+06 9.795498033875852384e-01 1.400238388524689302e-04
2.458799089444611687e+06 9.795670926807457102e-01 1.400163100616041273e-04
2.458799094265162945e+06 9.796190691911503823e-01 1.400087812707393516e-04
2.458799099085714202e+06 9.797057329187991437e-01 1.400114171265168922e-04
2.458799103906265926e+06 9.798270838770898328e-01 1.400142558510886789e-04
2.458799108726817183e+06 9.799779581187674227e-01 1.400170945753861896e-04
2.458799113547368441e+06 9.801483934910845131e-01 1.400199332996837273e-04
2.458799118367919698e+06 9.803381396584219809e-01 1.400419885060012390e-04
2.458799123188471422e+06 9.805471966419072594e-01 1.400740017143726091e-04
2.458799128009022679e+06 9.807777480722382757e-01 1.401060149196514822e-04
2.458799132829573937e+06 9.810430122138404929e-01 1.401380281249303824e-04
2.458799137650125660e+06 9.813452116225299671e-01 1.401658684040951177e-04
2.458799142470676918e+06 9.816843462399222897e-01 1.401854959643379856e-04
2.458799147291228175e+06 9.820597556929352434e-01 1.402051235245808263e-04
2.458799152111779433e+06 9.824439471683906744e-01 1.402247510848236942e-04
2.458799156932331156e+06 9.828224525917287346e-01 1.402447707312902663e-04
2.458799161752882414e+06 9.831952718898225863e-01 1.402902637065778690e-04
2.458799166573433671e+06 9.835624050995104284e-01 1.403357566818654446e-04
2.458799171393984929e+06 9.839152197083698148e-01 1.403812496571530473e-04
2.458799176214536652e+06 9.842389420307431358e-01 1.404267426368351925e-04
2.458799181035087910e+06 9.845333208284875459e-01 1.404520221984332802e-04
2.458799185855639167e+06 9.847983561342914527e-01 1.404683640433483747e-04
2.458799190676190425e+06 9.850340479481551892e-01 1.404847058882634963e-04
2.458799195496742148e+06 9.852403962885940558e-01 1.405010477347572162e-04
2.458799200317293406e+06 9.854214847533544486e-01 1.405173895796723107e-04
2.458799205137844663e+06 9.856206884834746162e-01 1.405337314245874594e-04
2.458799209958395921e+06 9.858496812064945214e-01 1.405500732695025539e-04
2.458799214778947644e+06 9.861084629488512387e-01 1.405664151159963010e-04
2.458799219599498902e+06 9.863970336605482059e-01 1.405828216915121036e-04
2.458799224420050159e+06 9.867153933651450215e-01 1.406004611436270841e-04
2.458799229240601417e+06 9.870635420626414636e-01 1.406181005957420104e-04
2.458799234061153140e+06 9.874363474344398650e-01 1.406357400495609230e-04
2.458799238881704397e+06 9.878260339014361957e-01 1.406533795016758493e-04
2.458799243702255655e+06 9.882325214950418157e-01 1.406901801424524786e-04
2.458799248522807378e+06 9.886558102569573681e-01 1.407341353387036751e-04
2.458799253343358636e+06 9.890814677178189074e-01 1.407780905307088107e-04
2.458799258163909893e+06 9.894426198729179278e-01 1.408220457227140005e-04
2.458799262984461151e+06 9.897308668643300944e-01 1.408589602198699782e-04
2.458799267805012874e+06 9.899462087093362506e-01 1.408855895227333272e-04
2.458799272625564132e+06 9.900938625825634887e-01 1.409122188230242710e-04
2.458799277446115389e+06 9.902924699385156071e-01 1.409388481233152420e-04
2.458799282266666647e+06 9.905913146000546732e-01 1.409647232825899765e-04
2.458799287087218370e+06 9.909903966105728657e-01 1.409824394582969006e-04
2.458799291907769628e+06 9.914897158929684151e-01 1.410001556322924658e-04
2.458799296728320885e+06 9.920068711901485203e-01 1.410178718062880040e-04
2.458799301548872143e+06 9.924316852401475764e-01 1.410355879802835692e-04
2.458799306369423866e+06 9.927635963270732278e-01 1.410542965823949769e-04
2.458799311189975124e+06 9.930026043868007690e-01 1.410733136984623033e-04
2.458799316010526381e+06 9.931692919528024577e-01 1.410923308145296568e-04
2.458799320831077639e+06 9.933476769709846943e-01 1.411113479305969561e-04
2.458799325651629362e+06 9.935467579520794734e-01 1.411295572616188317e-04
2.458799330472180620e+06 9.937665348576250057e-01 1.411467430508082542e-04
2.458799335292731877e+06 9.940070951813330113e-01 1.411639288399976766e-04
2.458799340113283135e+06 9.942700023688842981e-01 1.411811146291870719e-04
2.458799344933834858e+06 9.945558336284519019e-01 1.412008604314098949e-04
2.458799349754386116e+06 9.948645889048139956e-01 1.412394984344633882e-04
2.458799354574937373e+06 9.951962682244744895e-01 1.412781364375168545e-04
2.458799359395489097e+06 9.955229409877752733e-01 1.413167744443027409e-04
2.458799364216040354e+06 9.958117814919946742e-01 1.413554124473562071e-04
2.458799369036591612e+06 9.960627372964199200e-01 1.413982886561949114e-04
2.458799373857142869e+06 9.962758084010512327e-01 1.414422405095017512e-04
2.458799378677694593e+06 9.964576637445732299e-01 1.414861923670543539e-04
2.458799383498245850e+06 9.966323647770513050e-01 1.415301442203612209e-04
2.458799388318797108e+06 9.968020828392949451e-01 1.415569795703420619e-04
2.458799393139348365e+06 9.969668179313042611e-01 1.415649586863947573e-04
2.458799397959900089e+06 9.971274097181089813e-01 1.415729378032181849e-04
2.458799402780451346e+06 9.972959763276634249e-01 1.415809169192708532e-04
2.458799407601002604e+06 9.974764906187704172e-01 1.415905672604808618e-04
2.458799412421553861e+06 9.976689525914299583e-01 1.416093942383242022e-04
2.458799417242105585e+06 9.978733622659650138e-01 1.416282212179862375e-04
2.458799422062656842e+06 9.980719404629839753e-01 1.416470481958295778e-04
2.458799426883208100e+06 9.982464189619223438e-01 1.416658751736729453e-04
2.458799431703759357e+06 9.983967969247210528e-01 1.416864984507162472e-04
2.458799436524311081e+06 9.985230743624142757e-01 1.417074836609229205e-04
2.458799441344862338e+06 9.986311865905128649e-01 1.417284688691024068e-04
2.458799446165413596e+06 9.987401088223182288e-01 1.417494540772819202e-04
2.458799450985964853e+06 9.988512624979244414e-01 1.417660283977934324e-04
2.458799455806516577e+06 9.989646476283919885e-01 1.417783740126360307e-04
2.458799460627067834e+06 9.990773676921288482e-01 1.417907196262860607e-04
2.458799465447619092e+06 9.991549580272608422e-01 1.418030652399360908e-04
2.458799470268170349e+06 9.991873991153208401e-01 1.418152679027472648e-04
2.458799475088722073e+06 9.991746909529004572e-01 1.418268563018298251e-04
2.458799479909273330e+06 9.991168685463144294e-01 1.418384446997929737e-04
2.458799484729824588e+06 9.990613210834532465e-01 1.418500330977560953e-04
2.458799489550376311e+06 9.990505252912303957e-01 1.418616214968386555e-04
2.458799494370927569e+06 9.990844811717314311e-01 1.418795032863436729e-04
2.458799499191478826e+06 9.991631887217521379e-01 1.418983502778496425e-04
2.458799504012030084e+06 9.992594388296238694e-01 1.419171972693556122e-04
2.458799508832581807e+06 9.992960198614093681e-01 1.419360442626822012e-04
2.458799513653133065e+06 9.992682200342184462e-01 1.419376155601621619e-04
2.458799518473684322e+06 9.991760393546945673e-01 1.419247795917207738e-04
2.458799523294235580e+06 9.990267478649798027e-01 1.419119436232793585e-04
2.458799528114787303e+06 9.988928356196383751e-01 1.418991076535979954e-04
2.458799532935338560e+06 9.987929497157921332e-01 1.418890109098509811e-04
2.458799537755889818e+06 9.987270901388620725e-01 1.418884304892406166e-04
2.458799542576441076e+06 9.986950933654582530e-01 1.418878500686301979e-04
2.458799547396992799e+06 9.986503755904063695e-01 1.418872696479637531e-04
2.458799552217544056e+06 9.985563062953262126e-01 1.418866892273533344e-04
2.458799557038095314e+06 9.984128854782815532e-01 1.418585493833069637e-04
2.458799561858646572e+06 9.982201131392722804e-01 1.418274068153836491e-04
2.458799566679198295e+06 9.980008533804828330e-01 1.417962642444519717e-04
2.458799571499749552e+06 9.978127555315058350e-01 1.417651216765286571e-04
2.458799576320300810e+06 9.976586166332174210e-01 1.417575283626210754e-04
2.458799581140852068e+06 9.975384366856177021e-01 1.417669885512089472e-04
2.458799585961403791e+06 9.974448801298632095e-01 1.417764487407106660e-04
2.458799590781955048e+06 9.973158517506461873e-01 1.417859089292985379e-04
2.458799595602506306e+06 9.971372600484745830e-01 1.417832431925955181e-04
2.458799600423058029e+06 9.969091049989153852e-01 1.417457460177676406e-04
2.458799605243609287e+06 9.966318573239377754e-01 1.417082488465618928e-04
2.458799610064160544e+06 9.963639070039795875e-01 1.416707516753561993e-04
2.458799614884711802e+06 9.961457170991863119e-01 1.416332545041504786e-04
2.458799619705263525e+06 9.959772875956918181e-01 1.416184645452793988e-04
2.458799624525814783e+06 9.958586185260357437e-01 1.416052149443516482e-04
2.458799629346366040e+06 9.957635992742758235e-01 1.415919653434238705e-04
2.458799634166917298e+06 9.956337147197830140e-01 1.415787157424960657e-04
2.458799638987469021e+06 9.954667790225899537e-01 1.415688208166967675e-04
2.458799643808020279e+06 9.952627922149486217e-01 1.415610285035629899e-04
2.458799648628571536e+06 9.950258959845386109e-01 1.415532361904292395e-04
2.458799653449122794e+06 9.947861675411034943e-01 1.415454438772954890e-04
2.458799658269674517e+06 9.945496051761969492e-01 1.415349749353700555e-04
2.458799663090225775e+06 9.943162089355225275e-01 1.415180460020353339e-04
2.458799667910777032e+06 9.940856581512138579e-01 1.415011170687006665e-04
2.458799672731328290e+06 9.938353574943447066e-01 1.414841881353659449e-04
2.458799677551880013e+06 9.935514605567887791e-01 1.414672592003959211e-04
2.458799682372431271e+06 9.932339673933947566e-01 1.414578268656521720e-04
2.458799687192982528e+06 9.928828779783606118e-01 1.414486168589738858e-04
2.458799692013533786e+06 9.925110516219235457e-01 1.414394068522955726e-04
2.458799696834085509e+06 9.921440928852875984e-01 1.414301968447276173e-04
2.458799701654636767e+06 9.917827064715593055e-01 1.414264222421600164e-04
2.458799706475188024e+06 9.914268923450219040e-01 1.414255816330752891e-04
2.458799711295739748e+06 9.910809191861235101e-01 1.414247410239093550e-04
2.458799716116291005e+06 9.907716083388476980e-01 1.414239004148246277e-04
2.458799720936842263e+06 9.905036377236443590e-01 1.414189291521034900e-04
2.458799725757393520e+06 9.902770073405137152e-01 1.414054827424981759e-04
2.458799730577945244e+06 9.900901007817337618e-01 1.413920363315939604e-04
2.458799735398496501e+06 9.898686719465166206e-01 1.413785899219886734e-04
2.458799740219047759e+06 9.895723880712009590e-01 1.413651060727907818e-04
2.458799745039599016e+06 9.892012491557872211e-01 1.413453350809899150e-04
2.458799749860150740e+06 9.887552551535768730e-01 1.413255640872791989e-04
2.458799754680701997e+06 9.882817909411397705e-01 1.413057930954783321e-04
2.458799759501253255e+06 9.878645915457018312e-01 1.412860221036774653e-04
2.458799764321804512e+06 9.875052503595894704e-01 1.412724084566862649e-04
2.458799769142356236e+06 9.872037673564743043e-01 1.412616373182916483e-04
2.458799773962907493e+06 9.869506470596219883e-01 1.412508661809374862e-04
2.458799778783458751e+06 9.866939105383497610e-01 1.412400950435833513e-04
2.458799783604010008e+06 9.864256769075177012e-01 1.412343516374044801e-04
2.458799788424561732e+06 9.861459461395486459e-01 1.412374538853781514e-04
2.458799793245112989e+06 9.858546925550318862e-01 1.412405561330521493e-04
2.458799798065664247e+06 9.855510785451808697e-01 1.412436583807261472e-04
2.458799802886215504e+06 9.852347001102799151e-01 1.412455781766885400e-04
2.458799807706767228e+06 9.849055572179177265e-01 1.412195860087198118e-04
2.458799812527318485e+06 9.845636499316839929e-01 1.411935938432619332e-04
2.458799817347869743e+06 9.842283185607159091e-01 1.411676016778040275e-04
2.458799822168421466e+06 9.839298377102219106e-01 1.411416095098353535e-04
2.458799826988972723e+06 9.836685686940648266e-01 1.411171616651459623e-04
2.458799831809523981e+06 9.834445114816142697e-01 1.410933177233415455e-04
2.458799836630075239e+06 9.832475585077911084e-01 1.410694737815371017e-04
2.458799841450626962e+06 9.830292353643625969e-01 1.410456298374293516e-04
2.458799846271178219e+06 9.827832002959314694e-01 1.410242101041284416e-04
2.458799851091729477e+06 9.825094532827465255e-01 1.410064705854264730e-04
2.458799855912280735e+06 9.822088289284581775e-01 1.409887310667245043e-04
2.458799860732832458e+06 9.819016777380493721e-01 1.409709915463088728e-04
2.458799865553383715e+06 9.815967228680315682e-01 1.409529086224010756e-04
2.458799870373934973e+06 9.812939642886282510e-01 1.409306124691471972e-04
2.458799875194486231e+06 9.809934019998391985e-01 1.409083163158933460e-04
2.458799880015037954e+06 9.807153597091464725e-01 1.408860201604856730e-04
2.458799884835589211e+06 9.804879410427896902e-01 1.408637240072318217e-04
2.458799889656140469e+06 9.803113236952567533e-01 1.408434188117099555e-04
2.458799894476691727e+06 9.801855076665472177e-01 1.408237645724861773e-04
2.458799899297243450e+06 9.800970555955111907e-01 1.408041103313638256e-04
2.458799904117794707e+06 9.799892532893244024e-01 1.407844560921400474e-04
2.458799908938345965e+06 9.798557564265117925e-01 1.407733974731585147e-04
2.458799913758897223e+06 9.796965650070733611e-01 1.407736476544001777e-04
2.458799918579448946e+06 9.795123712754181255e-01 1.407738978356660184e-04
2.458799923400000203e+06 9.793163289138919758e-01 1.407741480169076814e-04
