2.458852000000000000e+06 9.814878412758862858e-01 1.305922776237420421e-04
2.458852004820551258e+06 9.818107304454964934e-01 1.306107959871995725e-04
2.458852009641102981e+06 9.820912849977528891e-01 1.306293143524459824e-04
2.458852014461654238e+06 9.823292864281876202e-01 1.306394512278233290e-04
2.458852019282205496e+06 9.825247347659573638e-01 1.306471197420837186e-04
2.458852024102756754e+06 9.826889526720421486e-01 1.306547882563441354e-04
2.458852028923308477e+06 9.828665877502873460e-01 1.306624567713452791e-04
2.458852033743859734e+06 9.830622054947707467e-01 1.306731328788347942e-04
2.458852038564410992e+06 9.832758059217828750e-01 1.306874738669446705e-04
2.458852043384962250e+06 9.835068089054117557e-01 1.307018148550545468e-04
2.458852048205513973e+06 9.837454678491589499e-01 1.307161558445497354e-04
2.458852053026065230e+06 9.839883010218872794e-01 1.307306932111020905e-04
2.458852057846616488e+06 9.842353084464494639e-01 1.307465565755278514e-04
2.458852062667167746e+06 9.844864901228453924e-01 1.307624199399535581e-04
2.458852067487719469e+06 9.847563102301527538e-01 1.307782833059116761e-04
2.458852072308270726e+06 9.850611538343327922e-01 1.307941466703374099e-04
2.458852077128821984e+06 9.854010366455008274e-01 1.308270778780934050e-04
2.458852081949373242e+06 9.857759586636567484e-01 1.308640846221936782e-04
2.458852086769924965e+06 9.861683309258820751e-01 1.309010913698687557e-04
2.458852091590476222e+06 9.865168070863955530e-01 1.309380981139690288e-04
2.458852096411027480e+06 9.868161223043453445e-01 1.309612172105223773e-04
2.458852101231578737e+06 9.870662765797313387e-01 1.309696185973740210e-04
2.458852106052130461e+06 9.872717209757484458e-01 1.309780199850371901e-04
2.458852110872681718e+06 9.874932169112657920e-01 1.309864213718888338e-04
2.458852115693232976e+06 9.877500319685524888e-01 1.309988558515385194e-04
2.458852120513784699e+06 9.880421661775343756e-01 1.310318884288851874e-04
2.458852125334335957e+06 9.883696193219467796e-01 1.310649210030409399e-04
2.458852130154887214e+06 9.887127869603973274e-01 1.310979535771966654e-04
2.458852134975438472e+06 9.890522874117396723e-01 1.311309861513523909e-04
2.458852139795990195e+06 9.893881207082378948e-01 1.311540362236820112e-04
2.458852144616541453e+06 9.897202867850095620e-01 1.311752129152822511e-04
2.458852149437092710e+06 9.900515497354861472e-01 1.311963896068824638e-04
2.458852154257643968e+06 9.903904559075985548e-01 1.312175662984827308e-04
2.458852159078195691e+06 9.907376112182851857e-01 1.312367950665448428e-04
2.458852163898746949e+06 9.910930156004762459e-01 1.312542274441863696e-04
2.458852168719298206e+06 9.914543109063777004e-01 1.312716598218278692e-04
2.458852173539849464e+06 9.917948283909039375e-01 1.312890921994693959e-04
2.458852178360401187e+06 9.921070735012708086e-01 1.313106993748070243e-04
2.458852183180952445e+06 9.923910461771532354e-01 1.313491651994061894e-04
2.458852188001503702e+06 9.926467642109034761e-01 1.313876310240053274e-04
2.458852192822054960e+06 9.928876943622124696e-01 1.314260968486044925e-04
2.458852197642606683e+06 9.931254676287772920e-01 1.314645626769193811e-04
2.458852202463157941e+06 9.933600839646604674e-01 1.314728645119729589e-04
2.458852207283709198e+06 9.935915433929831675e-01 1.314769252932351524e-04
2.458852212104260456e+06 9.938325458354752007e-01 1.314809860744973460e-04
2.458852216924812179e+06 9.941179560604423981e-01 1.314850468561517768e-04
2.458852221745363437e+06 9.944497749257399377e-01 1.315033283779674684e-04
2.458852226565914694e+06 9.948280024566967805e-01 1.315330130541033737e-04
2.458852231386466417e+06 9.952439650335973553e-01 1.315626977331068312e-04
2.458852236207017675e+06 9.956151480897335038e-01 1.315923824092427366e-04
2.458852241027568933e+06 9.959210505158195836e-01 1.316167124375729202e-04
2.458852245848120190e+06 9.961616723118559280e-01 1.316234382104893084e-04
2.458852250668671913e+06 9.963371965211231807e-01 1.316301639840554319e-04
2.458852255489223171e+06 9.964872808681224381e-01 1.316368897569717930e-04
2.458852260309774429e+06 9.966420133183623298e-01 1.316436155298882082e-04
2.458852265130325686e+06 9.968013938718426337e-01 1.316751998438155840e-04
2.458852269950877409e+06 9.969654225446330509e-01 1.317091984785265105e-04
2.458852274771428667e+06 9.971347555889936709e-01 1.317431971099531718e-04
2.458852279591979925e+06 9.973109940101241300e-01 1.317771957413798602e-04
2.458852284412531182e+06 9.974942102633760355e-01 1.317864101197699334e-04
2.458852289233082905e+06 9.976844043674591989e-01 1.317783818317215256e-04
2.458852294053634163e+06 9.978818534692969200e-01 1.317703535444486476e-04
2.458852298874185421e+06 9.980888030822099299e-01 1.317623252571758238e-04
2.458852303694736678e+06 9.983057448686399882e-01 1.317609973940060892e-04
2.458852308515288401e+06 9.985326788509908402e-01 1.317779733923025748e-04
2.458852313335839659e+06 9.987692184052217037e-01 1.317949493889592318e-04
2.458852318156390917e+06 9.989752117684888022e-01 1.318119253856158888e-04
2.458852322976942174e+06 9.991237861969142209e-01 1.318289013822725457e-04
2.458852327797493897e+06 9.992149416965303566e-01 1.318237907435689730e-04
2.458852332618045155e+06 9.992486782497262965e-01 1.318174247448227301e-04
2.458852337438596413e+06 9.992590524223999848e-01 1.318110587460764871e-04
2.458852342259148136e+06 9.993198997431227415e-01 1.318046927467152846e-04
2.458852347079699393e+06 9.994337645306209383e-01 1.318228799141435274e-04
2.458852351900250651e+06 9.996006467882118107e-01 1.318558325348605806e-04
2.458852356720801909e+06 9.998056954178060618e-01 1.318887851555776609e-04
2.458852361541353632e+06 9.999454408456412979e-01 1.319217377794778775e-04
2.458852366361904889e+06 1.000000000000000000e+00 1.319424825428054551e-04
2.458852371182456147e+06 9.999693728984959673e-01 1.319351071786458037e-04
2.458852376003007405e+06 9.998549300456229805e-01 1.319277318144861252e-04
2.458852380823559128e+06 9.997413784567193984e-01 1.319203564496139632e-04
2.458852385644110385e+06 9.996788868693522456e-01 1.319129810854542846e-04
2.458852390464661643e+06 9.996674552700863803e-01 1.319036875116667384e-04
2.458852395285212900e+06 9.997070836589216913e-01 1.318943567101538410e-04
2.458852400105764624e+06 9.997766640395313598e-01 1.318850259077396193e-04
2.458852404926315881e+06 9.998355493749760958e-01 1.318756951062267490e-04
2.458852409746867139e+06 9.998827237510707899e-01 1.318748979010565174e-04
2.458852414567418396e+06 9.999181871678153311e-01 1.318785122957875108e-04
2.458852419387970120e+06 9.999365740014118931e-01 1.318821266908676174e-04
2.458852424208521377e+06 9.999054749102681550e-01 1.318857410855986108e-04
2.458852429029072635e+06 9.998194522503888182e-01 1.318822609683346924e-04
2.458852433849623892e+06 9.996785060217736607e-01 1.318648519117062009e-04
2.458852438670175616e+06 9.994839904651322549e-01 1.318474428533960576e-04
2.458852443490726873e+06 9.992919683722444324e-01 1.318300337967675661e-04
2.458852448311278131e+06 9.991318878291719496e-01 1.318128706752891679e-04
2.458852453131829854e+06 9.990037488250796960e-01 1.318111217744830641e-04
2.458852457952381112e+06 9.989075513847237575e-01 1.318093728738458520e-04
2.458852462772932369e+06 9.988264343417919688e-01 1.318076239732086669e-04
2.458852467593483627e+06 9.987315964314830152e-01 1.318058750725714819e-04
2.458852472414035350e+06 9.986225513543161014e-01 1.317981249455669958e-04
2.458852477234586608e+06 9.984992991313582644e-01 1.317877281476838487e-04
2.458852482055137865e+06 9.983641622811493255e-01 1.317773313498006474e-04
2.458852486875689123e+06 9.982293824660509740e-01 1.317669345519175003e-04
2.458852491696240846e+06 9.980967415427260958e-01 1.317581434050663807e-04
2.458852496516792104e+06 9.979662395368007477e-01 1.317520605622242707e-04
2.458852501337343361e+06 9.978367545489591484e-01 1.317459777193821064e-04
2.458852506157894619e+06 9.976747905923925019e-01 1.317398948765399693e-04
2.458852510978446342e+06 9.974647214633781678e-01 1.317329763171751818e-04
2.458852515798997600e+06 9.972065472025004595e-01 1.317103272221262645e-04
2.458852520619548857e+06 9.969002677917906396e-01 1.316876781270773472e-04
2.458852525440100115e+06 9.965745406249348903e-01 1.316650290320284299e-04
2.458852530260651838e+06 9.962726945669847511e-01 1.316423799347915926e-04
2.458852535081203096e+06 9.959951712934128620e-01 1.316204153819157028e-04
2.458852539901754353e+06 9.957419707738861536e-01 1.315987056963098967e-04
2.458852544722305611e+06 9.955074524837396188e-01 1.315769960107040907e-04
2.458852549542857334e+06 9.952655355644102197e-01 1.315552863230011666e-04
2.458852554363408592e+06 9.950129524119520896e-01 1.315313900236152634e-04
2.458852559183959849e+06 9.947497030035110654e-01 1.315043070492443811e-04
2.458852564004511107e+06 9.944757452960589772e-01 1.314772240748734717e-04
2.458852568825062830e+06 9.941901272495624609e-01 1.314501410978863825e-04
2.458852573645614088e+06 9.938924542239968574e-01 1.314236955021893746e-04
2.458852578466165345e+06 9.935827261923541043e-01 1.314040944914100079e-04
2.458852583286717068e+06 9.932609431229679764e-01 1.313844934787371634e-04
2.458852588107268326e+06 9.929445340050699897e-01 1.313648924679577696e-04
2.458852592927819584e+06 9.926567532981140918e-01 1.313452914571783758e-04
2.458852597748370841e+06 9.923977178668476062e-01 1.313316720232995775e-04
2.458852602568922564e+06 9.921674276904129952e-01 1.313199060859758559e-04
2.458852607389473822e+06 9.919538213277786509e-01 1.313081401497886492e-04
2.458852612210025080e+06 9.917077674531495912e-01 1.312963742136014696e-04
2.458852617030576337e+06 9.914240186541554145e-01 1.312792304877666099e-04
2.458852621851128060e+06 9.911025748979245265e-01 1.312552888701460003e-04
2.458852626671679318e+06 9.907453221453995651e-01 1.312313472548381295e-04
2.458852631492230576e+06 9.903858374281405696e-01 1.312074056395302315e-04
2.458852636312781833e+06 9.900364914756398793e-01 1.311838227895585119e-04
2.458852641133333556e+06 9.896972842556202021e-01 1.311628726258622644e-04
2.458852645953884814e+06 9.893682158336152277e-01 1.311419224641897615e-04
2.458852650774436072e+06 9.890510940903466386e-01 1.311209723025172586e-04
2.458852655594987329e+06 9.887480389875918929e-01 1.311000221408447556e-04
2.458852660415539052e+06 9.884590537936250865e-01 1.310747459161328010e-04
2.458852665236090310e+06 9.881841385642775588e-01 1.310483758287103663e-04
2.458852670056641567e+06 9.879188113909230795e-01 1.310220057412879587e-04
2.458852674877192825e+06 9.876469358543383814e-01 1.309956356538655782e-04
2.458852679697744548e+06 9.873670602661424045e-01 1.309717874382703947e-04
2.458852684518295806e+06 9.870791846804064518e-01 1.309507106895183145e-04
2.458852689338847063e+06 9.867848690620507623e-01 1.309296339407662344e-04
2.458852694159398787e+06 9.865065481630831412e-01 1.309085571899781580e-04
2.458852698979950044e+06 9.862515617495057896e-01 1.308881822069838871e-04
2.458852703800501302e+06 9.860199097933061152e-01 1.308716426060332059e-04
2.458852708621052559e+06 9.858115922944841181e-01 1.308551030050824975e-04
2.458852713441604283e+06 9.855920333251542154e-01 1.308385634025341089e-04
2.458852718262155540e+06 9.853257920821841820e-01 1.308220238015834005e-04
2.458852723082706798e+06 9.850128671985115547e-01 1.308009948188292644e-04
2.458852727903258055e+06 9.846532586741364446e-01 1.307790652733995624e-04
2.458852732723809779e+06 9.842737543732215100e-01 1.307571357258514920e-04
2.458852737544361036e+06 9.839598121129327080e-01 1.307352061804217900e-04
2.458852742364912294e+06 9.837178113259291701e-01 1.307213701020602564e-04
2.458852747185463551e+06 9.835477520122111184e-01 1.307152739350787201e-04
2.458852752006015275e+06 9.834415959576057187e-01 1.307091777675083264e-04
2.458852756826566532e+06 9.833040147375540219e-01 1.307030816005267900e-04
2.458852761647117790e+06 9.831073548924781358e-01 1.306936317987959827e-04
2.458852766467669047e+06 9.828516164223780605e-01 1.306698300976577446e-04
2.458852771288220771e+06 9.825368386546071697e-01 1.306460283942202931e-04
2.458852776108772028e+06 9.822140412607153204e-01 1.306222266930820821e-04
2.458852780929323286e+06 9.819288444051313958e-01 1.305984249919438440e-04
2.458852785749874543e+06 9.816812480878552849e-01 1.305878641102279400e-04
2.458852790570426267e+06 9.814712522904176506e-01 1.305793228133420817e-04
2.458852795390977524e+06 9.812996504184902102e-01 1.305707815172813013e-04
2.458852800211528782e+06 9.811686889166864045e-01 1.305622402212204937e-04
2.458852805032080505e+06 9.810785043259203642e-01 1.305512929950586798e-04
2.458852809852631763e+06 9.810290966636155963e-01 1.305383444701802747e-04
2.458852814673183020e+06 9.810143143578996527e-01 1.305253959453018424e-04
2.458852819493734278e+06 9.809730113919226113e-01 1.305124474204234102e-04
2.458852824314286001e+06 9.808894946357062938e-01 1.305011483624690010e-04
2.458852829134837259e+06 9.807637641053861266e-01 1.304955585440330766e-04
2.458852833955388516e+06 9.805960327803608934e-01 1.304899687255971794e-04
2.458852838775939774e+06 9.804458032579858040e-01 1.304843789071612821e-04
2.458852843596491497e+06 9.803597530096668233e-01 1.304787890881853980e-04
2.458852848417042755e+06 9.803378820520286530e-01 1.304786793987568238e-04
2.458852853237594012e+06 9.803801903736591994e-01 1.304791624283486529e-04
2.458852858058145270e+06 9.804532336095820311e-01 1.304796454579405091e-04
2.458852862878696993e+06 9.804728717871209476e-01 1.304801284875789860e-04
2.458852867699248251e+06 9.804350411883524519e-01 1.304761298204760132e-04
2.458852872519799508e+06 9.803397418179493616e-01 1.304688943703142840e-04
2.458852877340350766e+06 9.801977769162535381e-01 1.304616589201525276e-04
2.458852882160902489e+06 9.801003229411257012e-01 1.304544234692918403e-04
2.458852886981453747e+06 9.800680212658596790e-01 1.304509792584808089e-04
2.458852891802005004e+06 9.801008718778944084e-01 1.304583879330478984e-04
2.458852896622556262e+06 9.801985244138832210e-01 1.304657966076149878e-04
2.458852901443107985e+06 9.803180604063009840e-01 1.304732052828977320e-04
2.458852906263659243e+06 9.804298086571937576e-01 1.304806139574648215e-04
2.458852911084210500e+06 9.805337691784847820e-01 1.304899050954498043e-04
2.458852915904762223e+06 9.806299419790879268e-01 1.304993225075703849e-04
2.458852920725313481e+06 9.807253353511903304e-01 1.305087399187812656e-04
2.458852925545864739e+06 9.808356197386329800e-01 1.305181573299921463e-04
2.458852930366415996e+06 9.809613773519059166e-01 1.305289543857592863e-04
2.458852935186967719e+06 9.811026082053995179e-01 1.305406137213395163e-04
2.458852940007518977e+06 9.812572994301903551e-01 1.305522730557935043e-04
2.458852944828070235e+06 9.814108757071992040e-01 1.305639323902474652e-04
2.458852949648621492e+06 9.815604376599812442e-01 1.305731717721568129e-04
2.458852954469173215e+06 9.817059853024023841e-01 1.305765896231011623e-04
2.458852959289724473e+06 9.818475098385817113e-01 1.305800074737153993e-04
2.458852964110275730e+06 9.819843992260669507e-01 1.305834253243296091e-04
2.458852968930826988e+06 9.821162792859065016e-01 1.305868431749438461e-04
2.458852973751378711e+06 9.822431500301143092e-01 1.305891537823283355e-04
2.458852978571929969e+06 9.823650114341789807e-01 1.305914323494044844e-04
2.458852983392481226e+06 9.824883990981576609e-01 1.305937109164806334e-04
2.458852988213032484e+06 9.826262959091071059e-01 1.305959894835567552e-04
2.458852993033584207e+06 9.827790568309044961e-01 1.306129602677171247e-04
2.458852997854135465e+06 9.829466818340368839e-01 1.306378379556474324e-04
2.458853002674686722e+06 9.831327187858055483e-01 1.306627156435777131e-04
2.458853007495237980e+06 9.833593974374325031e-01 1.306875933315079937e-04
2.458853012315789703e+06 9.836305844517884145e-01 1.307124863359414128e-04
2.458853017136340961e+06 9.839462797764803037e-01 1.307374106606513638e-04
2.458853021956892218e+06 9.843053888107611282e-01 1.307623349853613418e-04
2.458853026777443942e+06 9.846580113219279839e-01 1.307872593124789534e-04
2.458853031597995199e+06 9.849771045449010609e-01 1.308121349763046630e-04
2.458853036418546457e+06 9.852626685153627051e-01 1.308297039269221813e-04
2.458853041239097714e+06 9.855147032333125834e-01 1.308472728775396995e-04
2.458853046059649438e+06 9.857659268565515109e-01 1.308648418298543736e-04
2.458853050880200695e+06 9.860740169076246397e-01 1.308824107804718918e-04
2.458853055700751953e+06 9.864400619128176340e-01 1.309074719724823491e-04
2.458853060521303210e+06 9.868640618721303825e-01 1.309359807089298562e-04
2.458853065341854934e+06 9.873277015304835480e-01 1.309644894481312369e-04
2.458853070162406191e+06 9.877309958311518701e-01 1.309929981845787440e-04
2.458853074982957449e+06 9.880588294672353333e-01 1.310199985515744488e-04
2.458853079803508706e+06 9.883112024387342709e-01 1.310443532339964701e-04
2.458853084624060430e+06 9.884903020631942150e-01 1.310687079187711288e-04
2.458853089444611687e+06 9.886668682726834634e-01 1.310930626011931502e-04
2.458853094265162945e+06 9.888749394589135822e-01 1.311167345479301815e-04
2.458853099085714202e+06 9.891145156218844603e-01 1.311245796136970856e-04
2.458853103906265926e+06 9.893855967893039338e-01 1.311324246802218199e-04
2.458853108726817183e+06 9.896825565324264273e-01 1.311402697459887240e-04
2.458853113547368441e+06 9.899966097348206207e-01 1.311481148117556281e-04
2.458853118367919698e+06 9.903276527158685338e-01 1.311696548410611410e-04
2.458853123188471422e+06 9.906756855100102843e-01 1.311965312721892821e-04
2.458853128009022679e+06 9.910352991685272839e-01 1.312234077007211927e-04
2.458853132829573937e+06 9.913806232313108202e-01 1.312502841292531033e-04
2.458853137650125660e+06 9.917082837837788434e-01 1.312755211413369047e-04
2.458853142470676918e+06 9.920182807626274357e-01 1.312982768284094682e-04
2.458853147291228175e+06 9.923107582576261576e-01 1.313210325154820317e-04
2.458853152111779433e+06 9.925892093819246309e-01 1.313437882025546223e-04
2.458853156932331156e+06 9.928551277761760163e-01 1.313667091599430377e-04
2.458853161752882414e+06 9.931085133890054095e-01 1.313916368136625284e-04
2.458853166573433671e+06 9.933493662467053342e-01 1.314165644673820463e-04
2.458853171393984929e+06 9.935947738364168114e-01 1.314414921211015371e-04
2.458853176214536652e+06 9.938683022856904525e-01 1.314664197772290408e-04
2.458853181035087910e+06 9.941700981905298162e-01 1.314950865914229973e-04
2.458853185855639167e+06 9.945001615759928582e-01 1.315249711272398724e-04
2.458853190676190425e+06 9.948500727386001552e-01 1.315548556630567474e-04
2.458853195496742148e+06 9.951843897726531107e-01 1.315847402017604733e-04
2.458853200317293406e+06 9.954991614927851673e-01 1.316055620583776481e-04
2.458853205137844663e+06 9.957943879322355141e-01 1.316144964384098886e-04
2.458853209958395921e+06 9.960692108486791652e-01 1.316234308184421561e-04
2.458853214778947644e+06 9.963074037821938456e-01 1.316323651993374757e-04
2.458853219599498902e+06 9.965028003619138541e-01 1.316410684625569081e-04
2.458853224420050159e+06 9.966554006129152432e-01 1.316479174876673916e-04
2.458853229240601417e+06 9.967652045351980128e-01 1.316547665127778752e-04
2.458853234061153140e+06 9.968723346043448785e-01 1.316616155385499660e-04
2.458853238881704397e+06 9.970254801301238201e-01 1.316684645636604495e-04
2.458853243702255655e+06 9.972247524912787320e-01 1.316935192282776433e-04
2.458853248522807378e+06 9.974701517137424256e-01 1.317234404092649776e-04
2.458853253343358636e+06 9.977457192197272118e-01 1.317533615873619102e-04
2.458853258163909893e+06 9.979921256146503383e-01 1.317832827654588700e-04
2.458853262984461151e+06 9.982037807039921828e-01 1.317974963060030346e-04
2.458853267805012874e+06 9.983806845031633070e-01 1.317938052942246993e-04
2.458853272625564132e+06 9.985225413603678879e-01 1.317901142828029309e-04
2.458853277446115389e+06 9.986248651941397325e-01 1.317864232713811354e-04
2.458853282266666647e+06 9.986861417547396869e-01 1.317835006029904389e-04
2.458853287087218370e+06 9.987063710421396623e-01 1.317850879379116585e-04
2.458853291907769628e+06 9.986855530524314517e-01 1.317866752726795448e-04
2.458853296728320885e+06 9.986236877895514619e-01 1.317882626074474582e-04
2.458853301548872143e+06 9.985207752535000258e-01 1.317898499422153445e-04
2.458853306369423866e+06 9.984085881213656810e-01 1.317914372771365641e-04
2.458853311189975124e+06 9.983475335004865503e-01 1.317930246119044233e-04
2.458853316010526381e+06 9.983390646920723421e-01 1.317946119466723368e-04
2.458853320831077639e+06 9.983831816961232786e-01 1.317961992814402231e-04
2.458853325651629362e+06 9.984798845245206333e-01 1.317982406913201742e-04
2.458853330472180620e+06 9.986291731585815734e-01 1.318007324570422622e-04
2.458853335292731877e+06 9.988246688243093141e-01 1.318032242227643502e-04
2.458853340113283135e+06 9.989869372507604872e-01 1.318057159884864383e-04
2.458853344933834858e+06 9.990921930845408916e-01 1.318094636637409038e-04
2.458853349754386116e+06 9.991404363053151272e-01 1.318189210472769848e-04
2.458853354574937373e+06 9.991316795766080894e-01 1.318283784308130657e-04
2.458853359395489097e+06 9.991007309848797258e-01 1.318378358152627226e-04
2.458853364216040354e+06 9.990798313978085377e-01 1.318472931987988035e-04
2.458853369036591612e+06 9.990689808119198601e-01 1.318417068657713471e-04
2.458853373857142869e+06 9.990681792272138040e-01 1.318336419397307929e-04
2.458853378677694593e+06 9.990696904768298081e-01 1.318255770129111851e-04
2.458853383498245850e+06 9.990509159413754059e-01 1.318175120868706580e-04
2.458853388318797108e+06 9.990104028676558556e-01 1.318123779882856140e-04
2.458853393139348365e+06 9.989481512556713794e-01 1.318097729605434833e-04
2.458853397959900089e+06 9.988638345620221015e-01 1.318071679325497091e-04
2.458853402780451346e+06 9.987540578490198273e-01 1.318045629048075513e-04
2.458853407601002604e+06 9.986179211147363510e-01 1.317995345043061479e-04
2.458853412421553861e+06 9.984554243591716727e-01 1.317856599003375121e-04
2.458853417242105585e+06 9.982666311230106171e-01 1.317717852950286398e-04
2.458853422062656842e+06 9.980754304996185544e-01 1.317579106910600039e-04
2.458853426883208100e+06 9.979012078942076647e-01 1.317440360870913952e-04
2.458853431703759357e+06 9.977439633067777258e-01 1.317292360302463447e-04
2.458853436524311081e+06 9.976036967245989207e-01 1.317143254103244525e-04
2.458853441344862338e+06 9.974664600278986271e-01 1.316994147918429771e-04
2.458853446165413596e+06 9.972960583570771309e-01 1.316845041733614747e-04
2.458853450985964853e+06 9.970906297396585627e-01 1.316645387238590933e-04
2.458853455806516577e+06 9.968501741507230784e-01 1.316407836678575830e-04
2.458853460627067834e+06 9.965805127384920192e-01 1.316170286141508136e-04
2.458853465447619092e+06 9.963328733840848273e-01 1.315932735604440171e-04
2.458853470268170349e+06 9.961192458525781612e-01 1.315737486423702190e-04
2.458853475088722073e+06 9.959396301282636976e-01 1.315669295989614271e-04
2.458853479909273330e+06 9.957938152195711101e-01 1.315601105562113151e-04
2.458853484729824588e+06 9.956507704904673517e-01 1.315532915134612574e-04
2.458853489550376311e+06 9.954883278500241683e-01 1.315464724700524384e-04
2.458853494370927569e+06 9.953064873296257886e-01 1.315334952720320747e-04
2.458853499191478826e+06 9.951052489145167934e-01 1.315200404048840973e-04
2.458853504012030084e+06 9.948770865114733297e-01 1.315065855377360658e-04
2.458853508832581807e+06 9.946046425246430900e-01 1.314931306692883198e-04
2.458853513653133065e+06 9.942872235568376293e-01 1.314682731385595493e-04
2.458853518473684322e+06 9.939248295839110403e-01 1.314360101067655695e-04
2.458853523294235580e+06 9.935282698373740784e-01 1.314037470749715897e-04
2.458853528114787303e+06 9.931789559818531288e-01 1.313714840400610165e-04
2.458853532935338560e+06 9.928936495365018322e-01 1.313457880167540330e-04
2.458853537755889818e+06 9.926723504644849871e-01 1.313366071271697096e-04
2.458853542576441076e+06 9.925142275145131254e-01 1.313274262375853862e-04
2.458853547396992799e+06 9.923531084065038144e-01 1.313182453471141854e-04
2.458853552217544056e+06 9.921472223327404416e-01 1.313090644575298619e-04
2.458853557038095314e+06 9.918965692798210609e-01 1.312985526003493928e-04
2.458853561858646572e+06 9.916011492477456724e-01 1.312879892473479699e-04
2.458853566679198295e+06 9.912729937968159932e-01 1.312774258933261501e-04
2.458853571499749552e+06 9.909367601754335286e-01 1.312668625403247272e-04
2.458853576320300810e+06 9.905931828651520776e-01 1.312383711467859861e-04
2.458853581140852068e+06 9.902422618659716402e-01 1.311998387283989638e-04
2.458853585961403791e+06 9.898882207630553820e-01 1.311613063062897671e-04
2.458853590781955048e+06 9.895585291951881635e-01 1.311227738879027719e-04
2.458853595602506306e+06 9.892581393461959971e-01 1.310935935670442165e-04
2.458853600423058029e+06 9.889870511913076978e-01 1.310843560459489432e-04
2.458853605243609287e+06 9.887442442651687147e-01 1.310751185257460225e-04
2.458853610064160544e+06 9.884781783127558619e-01 1.310658810055431017e-04
2.458853614884711802e+06 9.881600283733784629e-01 1.310566434853401810e-04
2.458853619705263525e+06 9.877897944087566939e-01 1.310219262989116974e-04
2.458853624525814783e+06 9.873674764904190049e-01 1.309871448541649022e-04
2.458853629346366040e+06 9.869338953877833109e-01 1.309523634094181071e-04
2.458853634166917298e+06 9.865633190282944165e-01 1.309175819646713119e-04
2.458853638987469021e+06 9.862573044583533566e-01 1.308974591101920199e-04
2.458853643808020279e+06 9.860158517370816167e-01 1.308843706806013963e-04
2.458853648628571536e+06 9.858256020839335498e-01 1.308712822510107727e-04
2.458853653449122794e+06 9.856109825329603114e-01 1.308581938214201763e-04
2.458853658269674517e+06 9.853601311777849814e-01 1.308399701143016876e-04
2.458853663090225775e+06 9.850730480668717925e-01 1.308123741482216079e-04
2.458853667910777032e+06 9.847506070690733582e-01 1.307847781821415011e-04
2.458853672731328290e+06 9.844235495096195221e-01 1.307571822160613943e-04
2.458853677551880013e+06 9.841071355394140907e-01 1.307297937034105327e-04
2.458853682372431271e+06 9.838013652195878311e-01 1.307086370186377863e-04
2.458853687192982528e+06 9.835062385190611600e-01 1.306874803338650942e-04
2.458853692013533786e+06 9.832150910302868141e-01 1.306663236490923478e-04
2.458853696834085509e+06 9.829171767838112972e-01 1.306451669622759075e-04
2.458853701654636767e+06 9.826123505327025720e-01 1.306209927158873238e-04
2.458853706475188024e+06 9.823006122485163916e-01 1.305955887047913287e-04
2.458853711295739748e+06 9.819899074678589690e-01 1.305701846912413774e-04
2.458853716116291005e+06 9.817195661477412516e-01 1.305447806801453823e-04
2.458853720936842263e+06 9.814949251202500502e-01 1.305272533640339011e-04
2.458853725757393520e+06 9.813159843853852538e-01 1.305221132659162807e-04
2.458853730577945244e+06 9.811810783103900313e-01 1.305169731673021228e-04
2.458853735398496501e+06 9.810468267977409118e-01 1.305118330691845295e-04
2.458853740219047759e+06 9.808940964057618617e-01 1.305060499909812578e-04
2.458853745039599016e+06 9.807228871344531029e-01 1.304913059376639774e-04
2.458853749860150740e+06 9.805331989645982294e-01 1.304765618829224077e-04
2.458853754680701997e+06 9.803405810347239902e-01 1.304618178296051273e-04
2.458853759501253255e+06 9.801671971527237126e-01 1.304470737762878469e-04
2.458853764321804512e+06 9.800132144177159388e-01 1.304401269912299551e-04
2.458853769142356236e+06 9.798786328176369853e-01 1.304358463518446264e-04
2.458853773962907493e+06 9.797638838199729250e-01 1.304315657128728395e-04
2.458853778783458751e+06 9.796708449203154201e-01 1.304272850739009984e-04
2.458853783604010008e+06 9.795997344694790110e-01 1.304205500431140983e-04
2.458853788424561732e+06 9.795505524637722061e-01 1.304104730517902512e-04
2.458853793245112989e+06 9.795213580753054927e-01 1.304003960614398279e-04
2.458853798065664247e+06 9.794730953721398903e-01 1.303903190710894045e-04
2.458853802886215504e+06 9.793904538939748328e-01 1.303804561543264241e-04
2.458853807706767228e+06 9.792734336278454688e-01 1.303724845048391805e-04
2.458853812527318485e+06 9.791220345963601579e-01 1.303645128561219373e-04
2.458853817347869743e+06 9.789890672859005161e-01 1.303565412074047484e-04
2.458853822168421466e+06 9.789408429841606196e-01 1.303485695579174777e-04
2.458853826988972723e+06 9.789775707847229169e-01 1.303579689020359670e-04
2.458853831809523981e+06 9.790992506788260830e-01 1.303722698999227150e-04
2.458853836630075239e+06 9.792779461129916818e-01 1.303865708978094900e-04
2.458853841450626962e+06 9.794063737876106401e-01 1.304008718970776741e-04
2.458853846271178219e+06 9.794739540766562724e-01 1.304093120255759273e-04
2.458853851091729477e+06 9.794806869954729711e-01 1.304108210756336648e-04
2.458853855912280735e+06 9.794314005837544412e-01 1.304123301256914023e-04
2.458853860732832458e+06 9.794035462505048528e-01 1.304138391758949108e-04
2.458853865553383715e+06 9.794240989519878982e-01 1.304176457805266234e-04
2.458853870373934973e+06 9.794930586831750441e-01 1.304359975610614591e-04
2.458853875194486231e+06 9.796104254440660686e-01 1.304543493415963220e-04
2.458853880015037954e+06 9.797473438974518833e-01 1.304727011239039639e-04
2.458853884835589211e+06 9.798720457877988510e-01 1.304910529044387996e-04
2.458853889656140469e+06 9.799845129792172926e-01 1.304909643411495562e-04
2.458853894476691727e+06 9.800847454717072083e-01 1.304866803714199806e-04
2.458853899297243450e+06 9.801769543078714397e-01 1.304823964012765379e-04
2.458853904117794707e+06 9.802754516657496975e-01 1.304781124315469623e-04
2.458853908938345965e+06 9.803814185256719549e-01 1.304814980729536217e-04
2.458853913758897223e+06 9.804948548876383230e-01 1.304927743071764381e-04
2.458853918579448946e+06 9.806172373620394289e-01 1.305040505424884983e-04
2.458853923400000203e+06 9.807679020011426108e-01 1.305153267767113147e-04
