2.458964000000000000e+06 9.998187240800372466e-01 1.402535326561120215e-04
2.458964004820551258e+06 9.999214003865212197e-01 1.402246070422083208e-04
2.458964009641102981e+06 9.999089987121008161e-01 1.401956814255104415e-04
2.458964014461654238e+06 9.997815145218567068e-01 1.401737485014739376e-04
2.458964019282205496e+06 9.995389478201498479e-01 1.401532211846431223e-04
2.458964024102756754e+06 9.992191998024169131e-01 1.401326938678123071e-04
2.458964028923308477e+06 9.989433075401192852e-01 1.401121665489985673e-04
2.458964033743859734e+06 9.987203219181325364e-01 1.401087116519857481e-04
2.458964038564410992e+06 9.985502429072500297e-01 1.401216041538835735e-04
2.458964043384962250e+06 9.984265882798377678e-01 1.401344966557813718e-04
2.458964048205513973e+06 9.982723465613173586e-01 1.401473891589245931e-04
2.458964053026065230e+06 9.980651518183691895e-01 1.401497664869885468e-04
2.458964057846616488e+06 9.978050040386514663e-01 1.401070415291865486e-04
2.458964062667167746e+06 9.974919602201843816e-01 1.400643165713845234e-04
2.458964067487719469e+06 9.972017794789701517e-01 1.400215916094552928e-04
2.458964072308270726e+06 9.970022985861152209e-01 1.399788666516532947e-04
2.458964077128821984e+06 9.968935175092076273e-01 1.399567753451703912e-04
2.458964081949373242e+06 9.968754362482474818e-01 1.399378416713557925e-04
2.458964086769924965e+06 9.968980407202197025e-01 1.399189079957121717e-04
2.458964091590476222e+06 9.968195208407086838e-01 1.398999743218975729e-04
2.458964096411027480e+06 9.966312356109078285e-01 1.398798185067399590e-04
2.458964101231578737e+06 9.963331850308173587e-01 1.398586443982003020e-04
2.458964106052130461e+06 9.959337932436946872e-01 1.398374702876152434e-04
2.458964110872681718e+06 9.955169713250368035e-01 1.398162961790756136e-04
2.458964115693232976e+06 9.951042878662651470e-01 1.397906440562111561e-04
2.458964120513784699e+06 9.946957428281142377e-01 1.397494527272187439e-04
2.458964125334335957e+06 9.942913509747224321e-01 1.397082614022053537e-04
2.458964130154887214e+06 9.938952721757596809e-01 1.396670700771919906e-04
2.458964134975438472e+06 9.935107752670097048e-01 1.396258787521786004e-04
2.458964139795990195e+06 9.931378602130090938e-01 1.395809377010141827e-04
2.458964144616541453e+06 9.927765270858037727e-01 1.395355889027274845e-04
2.458964149437092710e+06 9.924269801901407506e-01 1.394902401044408134e-04
2.458964154257643968e+06 9.920897344695094322e-01 1.394448913061541423e-04
2.458964159078195691e+06 9.917648148493922733e-01 1.394091978805277253e-04
2.458964163898746949e+06 9.914522213925633931e-01 1.393804923115757397e-04
2.458964168719298206e+06 9.911519540670405970e-01 1.393517867426237542e-04
2.458964173539849464e+06 9.908640128728236629e-01 1.393230811736718229e-04
2.458964178360401187e+06 9.905884115760518194e-01 1.392943756019468819e-04
2.458964183180952445e+06 9.903254360504881726e-01 1.392656700329949235e-04
2.458964188001503702e+06 9.900751999263959213e-01 1.392369644640429650e-04
2.458964192822054960e+06 9.898377032037748435e-01 1.392082588950910066e-04
2.458964197642606683e+06 9.896129458615290364e-01 1.391795533233660927e-04
2.458964202463157941e+06 9.894009279430813208e-01 1.391602589723047172e-04
2.458964207283709198e+06 9.892016494261050008e-01 1.391416020196845256e-04
2.458964212104260456e+06 9.889835124706378711e-01 1.391229450670643068e-04
2.458964216924812179e+06 9.886757243726642663e-01 1.391042881126418730e-04
2.458964221745363437e+06 9.882756424909380222e-01 1.390847702963437041e-04
2.458964226565914694e+06 9.877832668001849115e-01 1.390647130725312746e-04
2.458964231386466417e+06 9.872185391199943538e-01 1.390446558467813487e-04
2.458964236207017675e+06 9.867262438071574548e-01 1.390245986229689192e-04
2.458964241027568933e+06 9.863352491288207569e-01 1.390012240133083434e-04
2.458964245848120190e+06 9.860455550849841488e-01 1.389698445933411374e-04
2.458964250668671913e+06 9.858560224687544782e-01 1.389384651703427190e-04
2.458964255489223171e+06 9.856864071454732867e-01 1.389070857503755130e-04
2.458964260309774429e+06 9.854875406734192600e-01 1.388757063304083342e-04
2.458964265130325686e+06 9.852594230525922869e-01 1.388638261819762413e-04
2.458964269950877409e+06 9.850020542567182735e-01 1.388525239886098173e-04
2.458964274771428667e+06 9.847287621222552412e-01 1.388412217963351850e-04
2.458964279591979925e+06 9.844660837057399583e-01 1.388299196040605797e-04
2.458964284412531182e+06 9.842147492767365780e-01 1.388078434724141072e-04
2.458964289233082905e+06 9.839747588126099842e-01 1.387799513934790069e-04
2.458964294053634163e+06 9.837447606276268353e-01 1.387520593172382845e-04
2.458964298874185421e+06 9.835162606822188680e-01 1.387241672409975622e-04
2.458964303694736678e+06 9.832877773848863745e-01 1.387021618680032281e-04
2.458964308515288401e+06 9.830593107135605635e-01 1.386922366087407852e-04
2.458964313335839659e+06 9.828301093355583662e-01 1.386823113504371022e-04
2.458964318156390917e+06 9.825656416066682608e-01 1.386723860921333922e-04
2.458964322976942174e+06 9.822471457555854712e-01 1.386622636782419281e-04
2.458964327797493897e+06 9.818746217437147594e-01 1.386186818881583174e-04
2.458964332618045155e+06 9.814480696430269990e-01 1.385751001022846637e-04
2.458964337438596413e+06 9.810293514000106851e-01 1.385315183164110371e-04
2.458964342259148136e+06 9.807278134155665850e-01 1.384879365263274264e-04
2.458964347079699393e+06 9.805455383362235988e-01 1.384797920225752372e-04
2.458964351900250651e+06 9.804825261270934122e-01 1.384880136169419987e-04
2.458964356720801909e+06 9.805132096117495921e-01 1.384962352113087330e-04
2.458964361541353632e+06 9.804975783610136997e-01 1.385044568064696996e-04
2.458964366361904889e+06 9.804143955749705652e-01 1.384986370377211862e-04
2.458964371182456147e+06 9.802636612553730089e-01 1.384681011160645940e-04
2.458964376003007405e+06 9.800478723557127791e-01 1.384375651944080290e-04
2.458964380823559128e+06 9.798483937330282334e-01 1.384070292698017293e-04
2.458964385644110385e+06 9.797044879520436789e-01 1.383773953720593040e-04
2.458964390464661643e+06 9.796161549908050103e-01 1.383691304361389434e-04
2.458964395285212900e+06 9.795833948493124499e-01 1.383608655002185558e-04
2.458964400105764624e+06 9.795788823107858256e-01 1.383526005634997888e-04
2.458964404926315881e+06 9.795598204776395646e-01 1.383443356275794282e-04
2.458964409746867139e+06 9.795256974702271080e-01 1.383348678056130893e-04
2.458964414567418396e+06 9.794765132885483450e-01 1.383249292118339145e-04
2.458964419387970120e+06 9.794177518295590357e-01 1.383149906170946515e-04
2.458964424208521377e+06 9.793757306899913972e-01 1.383050520233154767e-04
2.458964429029072635e+06 9.793538956268991180e-01 1.383045437026641448e-04
2.458964433849623892e+06 9.793522466402821980e-01 1.383183630489287421e-04
2.458964438670175616e+06 9.793713531594996358e-01 1.383321823965282362e-04
2.458964443490726873e+06 9.794251216518398140e-01 1.383460017427928606e-04
2.458964448311278131e+06 9.795195171584767380e-01 1.383595194444206717e-04
2.458964453131829854e+06 9.796545396944157380e-01 1.383693246797359534e-04
2.458964457952381112e+06 9.798301892335707919e-01 1.383791299141040490e-04
2.458964462772932369e+06 9.800272771772106095e-01 1.383889351484721445e-04
2.458964467593483627e+06 9.802192474261524069e-01 1.383987403828402130e-04
2.458964472414035350e+06 9.804059312089667966e-01 1.384010934363899103e-04
2.458964477234586608e+06 9.805873284895866293e-01 1.384010067529170920e-04
2.458964482055137865e+06 9.807591851335235589e-01 1.384009200694442737e-04
2.458964486875689123e+06 9.809035291925940481e-01 1.384008333859714553e-04
2.458964491696240846e+06 9.810183478460940965e-01 1.384076489276655955e-04
2.458964496516792104e+06 9.811036410718406708e-01 1.384235553445729394e-04
2.458964501337343361e+06 9.811612868411589972e-01 1.384394617614802833e-04
2.458964506157894619e+06 9.812270360029173855e-01 1.384553681783876544e-04
2.458964510978446342e+06 9.813145218183065843e-01 1.384694034192694310e-04
2.458964515798997600e+06 9.814237442704243364e-01 1.384682665322089720e-04
2.458964520619548857e+06 9.815547033666717214e-01 1.384671296451485401e-04
2.458964525440100115e+06 9.817097350997807670e-01 1.384659927580880810e-04
2.458964530260651838e+06 9.818916854806936101e-01 1.384648558709177923e-04
2.458964535081203096e+06 9.821005612495995463e-01 1.384896335799090184e-04
2.458964539901754353e+06 9.823363624227743340e-01 1.385213830681103920e-04
2.458964544722305611e+06 9.826009651191368599e-01 1.385531325563117385e-04
2.458964549542857334e+06 9.829013710806691062e-01 1.385848820475801032e-04
2.458964554363408592e+06 9.832382435795713471e-01 1.386139829012768851e-04
2.458964559183959849e+06 9.836115826431014453e-01 1.386400512875729713e-04
2.458964564004511107e+06 9.840159626337954268e-01 1.386661196738690576e-04
2.458964568825062830e+06 9.843684946465151020e-01 1.386921880626833389e-04
2.458964573645614088e+06 9.846410927948467950e-01 1.387175047714209034e-04
2.458964578466165345e+06 9.848337571167053994e-01 1.387383688156006037e-04
2.458964583286717068e+06 9.849464876191199592e-01 1.387592328617957274e-04
2.458964588107268326e+06 9.850573290861600606e-01 1.387800969059754005e-04
2.458964592927819584e+06 9.852495726670847942e-01 1.388009609501551008e-04
2.458964597748370841e+06 9.855232402204026076e-01 1.388512759837026093e-04
2.458964602568922564e+06 9.858783317843475835e-01 1.389079403047647056e-04
2.458964607389473822e+06 9.862846500429716112e-01 1.389646046203530446e-04
2.458964612210025080e+06 9.866423690192108742e-01 1.390212689359413836e-04
2.458964617030576337e+06 9.869435994153138436e-01 1.390511653733630146e-04
2.458964621851128060e+06 9.871883412521940127e-01 1.390543859978714703e-04
2.458964626671679318e+06 9.873834138967007013e-01 1.390576066220688414e-04
2.458964631492230576e+06 9.876142988959809577e-01 1.390608272462661853e-04
2.458964636312781833e+06 9.879067001641157475e-01 1.390690534054575393e-04
2.458964641133333556e+06 9.882606177382644574e-01 1.391002261167972897e-04
2.458964645953884814e+06 9.886760354336810996e-01 1.391313988251257770e-04
2.458964650774436072e+06 9.891024658734278718e-01 1.391625715334542915e-04
2.458964655594987329e+06 9.894929187166410234e-01 1.391937442417827788e-04
2.458964660415539052e+06 9.898473939958252199e-01 1.392521526147858814e-04
2.458964665236090310e+06 9.901658916424960211e-01 1.393150948123665796e-04
2.458964670056641567e+06 9.904588198014590006e-01 1.393780370099472778e-04
2.458964674877192825e+06 9.907567149738688572e-01 1.394409792075279760e-04
2.458964679697744548e+06 9.910615553912219822e-01 1.394658111303178542e-04
2.458964684518295806e+06 9.913733409946237085e-01 1.394575862032581388e-04
2.458964689338847063e+06 9.916932795505513099e-01 1.394493612761983691e-04
2.458964694159398787e+06 9.920340097713393757e-01 1.394411363483441231e-04
2.458964698979950044e+06 9.923988975733318840e-01 1.394474741416572598e-04
2.458964703800501302e+06 9.927879429882767726e-01 1.395073890859192768e-04
2.458964708621052559e+06 9.932009689043767020e-01 1.395673040301812938e-04
2.458964713441604283e+06 9.935681541432972441e-01 1.396272189802310530e-04
2.458964718262155540e+06 9.938325572832011900e-01 1.396871339244930700e-04
2.458964723082706798e+06 9.939941783645227513e-01 1.396912387760796119e-04
2.458964727903258055e+06 9.940530173872619280e-01 1.396885815945365906e-04
2.458964732723809779e+06 9.940710146126435776e-01 1.396859244127369114e-04
2.458964737544361036e+06 9.942096498686607831e-01 1.396832672311938901e-04
2.458964742364912294e+06 9.944773075126926987e-01 1.397111587012116684e-04
2.458964747185463551e+06 9.948739875447398795e-01 1.397620819006857313e-04
2.458964752006015275e+06 9.953822607161089131e-01 1.398130051050789279e-04
2.458964756826566532e+06 9.958477465143837914e-01 1.398639283045529638e-04
2.458964761647117790e+06 9.962341289388569887e-01 1.399024037648953142e-04
2.458964766467669047e+06 9.965414079895289490e-01 1.399032072539190289e-04
2.458964771288220771e+06 9.967700118417281985e-01 1.399040107430202912e-04
2.458964776108772028e+06 9.969848386670475682e-01 1.399048142320439788e-04
2.458964780929323286e+06 9.972324909580747576e-01 1.399056177210676393e-04
2.458964785749874543e+06 9.975129687148097668e-01 1.399176936245443933e-04
2.458964790570426267e+06 9.978262719691032290e-01 1.399306628048941367e-04
2.458964795390977524e+06 9.981364667081710218e-01 1.399436319839910303e-04
2.458964800211528782e+06 9.983602667369227968e-01 1.399566011630879782e-04
2.458964805032080505e+06 9.984943067682086060e-01 1.399683625493058697e-04
2.458964809852631763e+06 9.985385867761324974e-01 1.399793346751058618e-04
2.458964814673183020e+06 9.985075460091639155e-01 1.399903068009058539e-04
2.458964819493734278e+06 9.985106426267040813e-01 1.400012789267058460e-04
2.458964824314286001e+06 9.985705385716694416e-01 1.400124293792732804e-04
2.458964829134837259e+06 9.986872338324876974e-01 1.400240316266379266e-04
2.458964833955388516e+06 9.988601483769913303e-01 1.400356338740026000e-04
2.458964838775939774e+06 9.990420410721153610e-01 1.400472361213672462e-04
2.458964843596491497e+06 9.992029312819575848e-01 1.400588383698526322e-04
2.458964848417042755e+06 9.993428189754344215e-01 1.400675756393206196e-04
2.458964853237594012e+06 9.994617041691019610e-01 1.400761973095377322e-04
2.458964858058145270e+06 9.995598012640799501e-01 1.400848189797548719e-04
2.458964862878696993e+06 9.996375519830728029e-01 1.400934406508048415e-04
2.458964867699248251e+06 9.996949696571626465e-01 1.400939037495585492e-04
2.458964872519799508e+06 9.997320542948424649e-01 1.400897662814609799e-04
2.458964877340350766e+06 9.997526847373111591e-01 1.400856288133634105e-04
2.458964882160902489e+06 9.997822529528048729e-01 1.400814913448661771e-04
2.458964886981453747e+06 9.998253648912299729e-01 1.400815729984356082e-04
2.458964891802005004e+06 9.998820205547885864e-01 1.400907181031831137e-04
2.458964896622556262e+06 9.999515160879298703e-01 1.400998632079305650e-04
2.458964901443107985e+06 9.999976323944291812e-01 1.401090083135614784e-04
2.458964906263659243e+06 1.000000000000000000e+00 1.401181534183089568e-04
2.458964911084210500e+06 9.999586189112097401e-01 1.401312163197732824e-04
2.458964915904762223e+06 9.998734891177220030e-01 1.401442955208626420e-04
2.458964920725313481e+06 9.997651724379494897e-01 1.401573747206885537e-04
2.458964925545864739e+06 9.996712906698060896e-01 1.401704539205144654e-04
2.458964930366415996e+06 9.995926471233427257e-01 1.401602304733539294e-04
2.458964935186967719e+06 9.995292417931703755e-01 1.401387396423006595e-04
2.458964940007518977e+06 9.994807242393084490e-01 1.401172488133233928e-04
2.458964944828070235e+06 9.994450988069345510e-01 1.400957579843461261e-04
2.458964949648621492e+06 9.994220501160628878e-01 1.400890741898729475e-04
2.458964954469173215e+06 9.994115781662897824e-01 1.401096148363451357e-04
2.458964959289724473e+06 9.994135150033470749e-01 1.401301554808330983e-04
2.458964964110275730e+06 9.994218562952963403e-01 1.401506961253210881e-04
2.458964968930826988e+06 9.994336040612955552e-01 1.401703639512688702e-04
2.458964973751378711e+06 9.994487583029734168e-01 1.401622857194230465e-04
2.458964978571929969e+06 9.994673190174020450e-01 1.401542074883575773e-04
2.458964983392481226e+06 9.994403689824051806e-01 1.401461292572921081e-04
2.458964988213032484e+06 9.992885510209302824e-01 1.401380510262266389e-04
2.458964993033584207e+06 9.990107652311067676e-01 1.401057939575537422e-04
2.458964997854135465e+06 9.986070116666018182e-01 1.400635991195988794e-04
2.458965002674686722e+06 9.981090999235991967e-01 1.400214042816440166e-04
2.458965007495237980e+06 9.976755377156933946e-01 1.399792094436891538e-04
2.458965012315789703e+06 9.973279976152557014e-01 1.399460871753287281e-04
2.458965017136340961e+06 9.970664796894302961e-01 1.399273402119503580e-04
2.458965021956892218e+06 9.968896138254899064e-01 1.399085932485719607e-04
2.458965026777443942e+06 9.967612006543439263e-01 1.398898462833826476e-04
2.458965031597995199e+06 9.966651763067940761e-01 1.398725656580642037e-04
2.458965036418546457e+06 9.966015407688713079e-01 1.398763297202470504e-04
2.458965041239097714e+06 9.965702940405759547e-01 1.398800937824299241e-04
2.458965046059649438e+06 9.965182218800929803e-01 1.398838578449763850e-04
2.458965050880200695e+06 9.963689729358120584e-01 1.398876219071592316e-04
2.458965055700751953e+06 9.961219504806652081e-01 1.398588332331736762e-04
2.458965060521303210e+06 9.957771545146524295e-01 1.398188054833443799e-04
2.458965065341854934e+06 9.953580421751643259e-01 1.397787777296484392e-04
2.458965070162406191e+06 9.949673871105614298e-01 1.397387499798191158e-04
2.458965074982957449e+06 9.946172436378101223e-01 1.397113210457055820e-04
2.458965079803508706e+06 9.943076117569109584e-01 1.397011790821056675e-04
2.458965084624060430e+06 9.940346792638494744e-01 1.396910371175260138e-04
2.458965089444611687e+06 9.937207190056523975e-01 1.396808951539260993e-04
2.458965094265162945e+06 9.933350648920886705e-01 1.396669628563833429e-04
2.458965099085714202e+06 9.928777169231582933e-01 1.396188335390736643e-04
2.458965103906265926e+06 9.923486750442933602e-01 1.395707042171147100e-04
2.458965108726817183e+06 9.918195532195291930e-01 1.395225748998050314e-04
2.458965113547368441e+06 9.913809148355511303e-01 1.394744455824953257e-04
2.458965118367919698e+06 9.910330633239857745e-01 1.394389999918326959e-04
2.458965123188471422e+06 9.907759986643858152e-01 1.394071738275613965e-04
2.458965128009022679e+06 9.905886371494212472e-01 1.393753476663645149e-04
2.458965132829573937e+06 9.903894489834433879e-01 1.393435215051676333e-04
2.458965137650125660e+06 9.901703168376676523e-01 1.393269750990182678e-04
2.458965142470676918e+06 9.899312407544299530e-01 1.393286420883958581e-04
2.458965147291228175e+06 9.896739994072988322e-01 1.393303090777734483e-04
2.458965152111779433e+06 9.894274773281487301e-01 1.393319760671510386e-04
2.458965156932331156e+06 9.892018027079640952e-01 1.393244013248637185e-04
2.458965161752882414e+06 9.889969755903449400e-01 1.392573150058516154e-04
2.458965166573433671e+06 9.888129959524841750e-01 1.391902286868394853e-04
2.458965171393984929e+06 9.886022964574291416e-01 1.391231423678273823e-04
2.458965176214536652e+06 9.883121002368202568e-01 1.390560560423347860e-04
2.458965181035087910e+06 9.879423721681747095e-01 1.390152905474667923e-04
2.458965185855639167e+06 9.874931122273010731e-01 1.389805938313372401e-04
2.458965190676190425e+06 9.869865098141968884e-01 1.389458971152076608e-04
2.458965195496742148e+06 9.864985185330136241e-01 1.389112003957264330e-04
2.458965200317293406e+06 9.860354744031055718e-01 1.388755496197687520e-04
2.458965205137844663e+06 9.855973773761284029e-01 1.388389091948873610e-04
2.458965209958395921e+06 9.851868907481405868e-01 1.388022687700059428e-04
2.458965214778947644e+06 9.848392949953737041e-01 1.387656283415851196e-04
2.458965219599498902e+06 9.845655734569932482e-01 1.387355661144356494e-04
2.458965224420050159e+06 9.843657260958533772e-01 1.387378365538664046e-04
2.458965229240601417e+06 9.842397492735638354e-01 1.387401069932971869e-04
2.458965234061153140e+06 9.841321790443704476e-01 1.387423774329472762e-04
2.458965238881704397e+06 9.839893230871930019e-01 1.387446478723780585e-04
2.458965243702255655e+06 9.838111813933446692e-01 1.387261730982814628e-04
2.458965248522807378e+06 9.835977539405039716e-01 1.387039587971794583e-04
2.458965253343358636e+06 9.833504499509939656e-01 1.386817444982233068e-04
2.458965258163909893e+06 9.830735483479329240e-01 1.386595301992671553e-04
2.458965262984461151e+06 9.827673433391533875e-01 1.386302274987481851e-04
2.458965267805012874e+06 9.824318348908300802e-01 1.385945239192041851e-04
2.458965272625564132e+06 9.820737485071444617e-01 1.385588203431091406e-04
2.458965277446115389e+06 9.817671215909115068e-01 1.385231167670140961e-04
2.458965282266666647e+06 9.815323817077726831e-01 1.384953297148234044e-04
2.458965287087218370e+06 9.813695288454687971e-01 1.384984903267766593e-04
2.458965291907769628e+06 9.812784489023737011e-01 1.385016509384246570e-04
2.458965296728320885e+06 9.811917427978940065e-01 1.385048115500726277e-04
2.458965301548872143e+06 9.810523347993218568e-01 1.385079721617205983e-04
2.458965306369423866e+06 9.808602248855539107e-01 1.384881780885199301e-04
2.458965311189975124e+06 9.806154130937059232e-01 1.384653103302827080e-04
2.458965316010526381e+06 9.803463344246000633e-01 1.384424425720455129e-04
2.458965320831077639e+06 9.801296905544083504e-01 1.384195748138082908e-04
2.458965325651629362e+06 9.799697386255769027e-01 1.384086848026643566e-04
2.458965330472180620e+06 9.798664786690082229e-01 1.384072011822841072e-04
2.458965335292731877e+06 9.798135545304748062e-01 1.384057175619038849e-04
2.458965340113283135e+06 9.797519571087393020e-01 1.384042339415236355e-04
2.458965344933834858e+06 9.796672929283306575e-01 1.383961471397726097e-04
2.458965349754386116e+06 9.795595620056058994e-01 1.383669581583807449e-04
2.458965354574937373e+06 9.794289378938566548e-01 1.383377691769889072e-04
2.458965359395489097e+06 9.793084955518164270e-01 1.383085801927774121e-04
2.458965364216040354e+06 9.792228660137181073e-01 1.382793912113855744e-04
2.458965369036591612e+06 9.791720492662455699e-01 1.383034029018561045e-04
2.458965373857142869e+06 9.791560453093989258e-01 1.383322584841123319e-04
2.458965378677694593e+06 9.791550668982326178e-01 1.383611140691559346e-04
2.458965383498245850e+06 9.791216646257174805e-01 1.383899696514121348e-04
2.458965388318797108e+06 9.790537695667398399e-01 1.383860019305053156e-04
2.458965393139348365e+06 9.789513817213000291e-01 1.383596701692397450e-04
2.458965397959900089e+06 9.788267723517432017e-01 1.383333384054305547e-04
2.458965402780451346e+06 9.787771548889976359e-01 1.383070066441649570e-04
2.458965407601002604e+06 9.788234227837750989e-01 1.382880693649874153e-04
2.458965412421553861e+06 9.789655760360753689e-01 1.382888261780633281e-04
2.458965417242105585e+06 9.792029047045126555e-01 1.382895829912123703e-04
2.458965422062656842e+06 9.794676429088012837e-01 1.382903398042883102e-04
2.458965426883208100e+06 9.797152327177875986e-01 1.382910966173642230e-04
2.458965431703759357e+06 9.799456741314714892e-01 1.383243681171010368e-04
2.458965436524311081e+06 9.801589671696289141e-01 1.383593082123636523e-04
2.458965441344862338e+06 9.803511055706581878e-01 1.383942483042510652e-04
2.458965446165413596e+06 9.805135487963159147e-01 1.384291883961385051e-04
2.458965450985964853e+06 9.806460147595140731e-01 1.384411215848640553e-04
2.458965455806516577e+06 9.807485034687049019e-01 1.384395079392431501e-04
2.458965460627067834e+06 9.808241581147535415e-01 1.384378942937781261e-04
2.458965465447619092e+06 9.808944303258613218e-01 1.384362806483130750e-04
2.458965470268170349e+06 9.809633653070801707e-01 1.384303308848610563e-04
2.458965475088722073e+06 9.810309630648756940e-01 1.384146211782582517e-04
2.458965479909273330e+06 9.810977419309778735e-01 1.383989114731730050e-04
2.458965484729824588e+06 9.811938106830785378e-01 1.383832017680877312e-04
2.458965489550376311e+06 9.813367014517514475e-01 1.383674920614848996e-04
2.458965494370927569e+06 9.815264142093904631e-01 1.384135364981327755e-04
2.458965499191478826e+06 9.817629489675373522e-01 1.384604689086771855e-04
2.458965504012030084e+06 9.820256095164150434e-01 1.385074013192216227e-04
2.458965508832581807e+06 9.822751987041529187e-01 1.385543337342997055e-04
2.458965513653133065e+06 9.825107843551147413e-01 1.385718524644422012e-04
2.458965518473684322e+06 9.827323664940871284e-01 1.385744896411659967e-04
2.458965523294235580e+06 9.829481284360711557e-01 1.385771268178897652e-04
2.458965528114787303e+06 9.832065578735151856e-01 1.385797639948682940e-04
2.458965532935338560e+06 9.835156348482481103e-01 1.385957811563287871e-04
2.458965537755889818e+06 9.838753593827874733e-01 1.386375125600123855e-04
2.458965542576441076e+06 9.842847229938354037e-01 1.386792439636960110e-04
2.458965547396992799e+06 9.847039587035641972e-01 1.387209753714108357e-04
2.458965552217544056e+06 9.851125171650746415e-01 1.387624530878676097e-04
2.458965557038095314e+06 9.855103984193805955e-01 1.387917865379439128e-04
2.458965561858646572e+06 9.858976024664820592e-01 1.388211199880202160e-04
2.458965566679198295e+06 9.862741293422353506e-01 1.388504534409301086e-04
2.458965571499749552e+06 9.866399789738961035e-01 1.388797868910064117e-04
2.458965576320300810e+06 9.869951513983523661e-01 1.389091203410827149e-04
2.458965581140852068e+06 9.873396466156039164e-01 1.389384537911590180e-04
2.458965585961403791e+06 9.876723113624972239e-01 1.389677872440688835e-04
2.458965590781955048e+06 9.879871753028299786e-01 1.389971206941451867e-04
2.458965595602506306e+06 9.882833864949360780e-01 1.390264541442214898e-04
2.458965600423058029e+06 9.885609449647265734e-01 1.390557875971314096e-04
2.458965605243609287e+06 9.888198506585773595e-01 1.390851210472077127e-04
2.458965610064160544e+06 9.890601036042016014e-01 1.391144544972840159e-04
2.458965614884711802e+06 9.892817038015990772e-01 1.391425706972378976e-04
2.458965619705263525e+06 9.894846512694733809e-01 1.391498120980132181e-04
2.458965624525814783e+06 9.896689459686156543e-01 1.391570534980890385e-04
2.458965629346366040e+06 9.898671718248220897e-01 1.391642948981648318e-04
2.458965634166917298e+06 9.901277890563283668e-01 1.391715362982406522e-04
2.458965638987469021e+06 9.904512537949896611e-01 1.391961067513252412e-04
2.458965643808020279e+06 9.908375659783134060e-01 1.392269793870075541e-04
2.458965648628571536e+06 9.912628331568800188e-01 1.392578520226898670e-04
2.458965653449122794e+06 9.916184429230432418e-01 1.392887246583721528e-04
2.458965658269674517e+06 9.918910639002771479e-01 1.393150422226610129e-04
2.458965663090225775e+06 9.920806960359122018e-01 1.393348460511549612e-04
2.458965667910777032e+06 9.921929166841059189e-01 1.393546498796489094e-04
2.458965672731328290e+06 9.923498672261569231e-01 1.393744537081428576e-04
2.458965677551880013e+06 9.926014079848479721e-01 1.393959670333375783e-04
2.458965682372431271e+06 9.929475389115812733e-01 1.394348212113289125e-04
2.458965687192982528e+06 9.933882600260870444e-01 1.394736753893202196e-04
2.458965692013533786e+06 9.938579332975548963e-01 1.395125295673115538e-04
2.458965696834085509e+06 9.942704214443813804e-01 1.395513837490561248e-04
2.458965701654636767e+06 9.946253391536594712e-01 1.395818272731159818e-04
2.458965706475188024e+06 9.949226864680157378e-01 1.396097293332105086e-04
2.458965711295739748e+06 9.951784740260321005e-01 1.396376313960003078e-04
2.458965716116291005e+06 9.954568755435394545e-01 1.396655334560948074e-04
2.458965720936842263e+06 9.957645994632848829e-01 1.396955492346599597e-04
2.458965725757393520e+06 9.961016457852686079e-01 1.397281888771889418e-04
2.458965730577945244e+06 9.964619392840439183e-01 1.397608285228708923e-04
2.458965735398496501e+06 9.967403805477192957e-01 1.397934681653998745e-04
2.458965740219047759e+06 9.968988318798464032e-01 1.398220537495712041e-04
2.458965745039599016e+06 9.969372932804249077e-01 1.398220970912824462e-04
2.458965749860150740e+06 9.968557647357841889e-01 1.398221404329978354e-04
2.458965754680701997e+06 9.967886545252749864e-01 1.398221837747090775e-04
2.458965759501253255e+06 9.968909439126995009e-01 1.398222271164202926e-04
2.458965764321804512e+06 9.971628260312095371e-01 1.398481400567117862e-04
2.458965769142356236e+06 9.976043009316422072e-01 1.398804162980584668e-04
2.458965773962907493e+06 9.981442106030100625e-01 1.399126925362873073e-04
2.458965778783458751e+06 9.985302763345554888e-01 1.399449687745161748e-04
2.458965783604010008e+06 9.987403114938802062e-01 1.399707289721071821e-04
2.458965788424561732e+06 9.987743160757668326e-01 1.399894525923273353e-04
2.458965793245112989e+06 9.986469716281139997e-01 1.400081762107388225e-04
2.458965798065664247e+06 9.985641657605628385e-01 1.400268998291503096e-04
2.458965802886215504e+06 9.985922548562713441e-01 1.400423377184011487e-04
2.458965807706767228e+06 9.987312389340208263e-01 1.400403973432287619e-04
2.458965812527318485e+06 9.989811179669602081e-01 1.400384569682438336e-04
2.458965817347869743e+06 9.992563798608957715e-01 1.400365165932588782e-04
2.458965822168421466e+06 9.994708657037746358e-01 1.400345762180864914e-04
2.458965826988972723e+06 9.996245751486534381e-01 1.400360495671288969e-04
2.458965831809523981e+06 9.997175082191861462e-01 1.400381866467944453e-04
2.458965836630075239e+06 9.997572624551793741e-01 1.400403237264600208e-04
2.458965841450626962e+06 9.997677195964963515e-01 1.400424608063320013e-04
2.458965846271178219e+06 9.997506197623025059e-01 1.400408293557947549e-04
2.458965851091729477e+06 9.997059629549386317e-01 1.400356550226171978e-04
2.458965855912280735e+06 9.996356890285812424e-01 1.400304806894396407e-04
2.458965860732832458e+06 9.995622941341562040e-01 1.400253063557622664e-04
2.458965865553383715e+06 9.994922079528721914e-01 1.400209186875293204e-04
2.458965870373934973e+06 9.994254304774798925e-01 1.400198068060369528e-04
2.458965875194486231e+06 9.993619617079787520e-01 1.400186949245446123e-04
2.458965880015037954e+06 9.993018016387175129e-01 1.400175830429448273e-04
2.458965884835589211e+06 9.992449502813188777e-01 1.400164711614524868e-04
2.458965889656140469e+06 9.992011402452376512e-01 1.400153592799601191e-04
2.458965894476691727e+06 9.991860364142286510e-01 1.400142473984677515e-04
2.458965899297243450e+06 9.991998490468581018e-01 1.400131355168679937e-04
2.458965904117794707e+06 9.992425781404571383e-01 1.400120236353756260e-04
2.458965908938345965e+06 9.993142236949638102e-01 1.400044976601327992e-04
2.458965913758897223e+06 9.994147857103776733e-01 1.399917251923749907e-04
2.458965918579448946e+06 9.995350671251432839e-01 1.399789527233833602e-04
2.458965923400000203e+06 9.995854723632069394e-01 1.399661802556255517e-04
