2.458694000000000000e+06 9.868627492592603190e-01 1.433722525718019694e-04
2.458694004820551258e+06 9.865049376473198350e-01 1.432912166210541368e-04
2.458694009641102981e+06 9.861318050791421097e-01 1.432101806624783103e-04
2.458694014461654238e+06 9.857433395733448123e-01 1.431564605067579669e-04
2.458694019282205496e+06 9.853395410946241828e-01 1.431135599061078838e-04
2.458694024102756754e+06 9.849348368936681197e-01 1.430706593054577736e-04
2.458694028923308477e+06 9.845990990707197410e-01 1.430277587006635175e-04
2.458694033743859734e+06 9.843415737729055426e-01 1.429871046996137164e-04
2.458694038564410992e+06 9.841622609640159336e-01 1.429498990753898377e-04
2.458694043384962250e+06 9.840566983924152744e-01 1.429126934511659318e-04
2.458694048205513973e+06 9.839138242775894438e-01 1.428754878233480042e-04
2.458694053026065230e+06 9.836856020885765828e-01 1.428373999984303621e-04
2.458694057846616488e+06 9.833720318156975448e-01 1.427880579773314342e-04
2.458694062667167746e+06 9.829731134589519970e-01 1.427387159562324792e-04
2.458694067487719469e+06 9.825456617757116762e-01 1.426893739303671817e-04
2.458694072308270726e+06 9.821690088403494112e-01 1.426400319092682538e-04
2.458694077128821984e+06 9.818436863375588075e-01 1.425937050806057663e-04
2.458694081949373242e+06 9.815696942673399761e-01 1.425483785353240352e-04
2.458694086769924965e+06 9.813432456358779366e-01 1.425030519856638079e-04
2.458694091590476222e+06 9.811481979053887637e-01 1.424577254403821310e-04
2.458694096411027480e+06 9.809827222061607843e-01 1.424289956651320196e-04
2.458694101231578737e+06 9.808468185381939985e-01 1.424223476385302531e-04
2.458694106052130461e+06 9.807389843115303929e-01 1.424156996112863136e-04
2.458694110872681718e+06 9.806301299577734332e-01 1.424090515846845742e-04
2.458694115693232976e+06 9.805090682847581451e-01 1.424005986324051673e-04
2.458694120513784699e+06 9.803757992790215203e-01 1.423771289307346958e-04
2.458694125334335957e+06 9.802303229663107409e-01 1.423536592313314267e-04
2.458694130154887214e+06 9.800727075986300774e-01 1.423301895319281033e-04
2.458694134975438472e+06 9.799030371243966364e-01 1.423067198325248070e-04
2.458694139795990195e+06 9.797213117444490971e-01 1.423080985918599164e-04
2.458694144616541453e+06 9.795275314938961531e-01 1.423162628346900992e-04
2.458694149437092710e+06 9.793351453898501147e-01 1.423244270775202820e-04
2.458694154257643968e+06 9.791947932928880549e-01 1.423325913203504376e-04
2.458694159078195691e+06 9.791113333590242274e-01 1.423383589354555408e-04
2.458694163898746949e+06 9.790847656043828451e-01 1.423413547127226121e-04
2.458694168719298206e+06 9.791116417847242070e-01 1.423443504899896833e-04
2.458694173539849464e+06 9.791384753353492565e-01 1.423473462672567274e-04
2.458694178360401187e+06 9.791469858156157668e-01 1.423510650689903498e-04
2.458694183180952445e+06 9.791371732238796088e-01 1.423591560000713645e-04
2.458694188001503702e+06 9.791090375618476394e-01 1.423672469311524063e-04
2.458694192822054960e+06 9.790864896902570225e-01 1.423753378622334752e-04
2.458694197642606683e+06 9.790953013391785476e-01 1.423834287940960912e-04
2.458694202463157941e+06 9.791354814713069121e-01 1.424084444282612918e-04
2.458694207283709198e+06 9.792070300859780918e-01 1.424371725647071850e-04
2.458694212104260456e+06 9.793060400217077355e-01 1.424659007011531053e-04
2.458694216924812179e+06 9.794194802977613801e-01 1.424946288403741224e-04
2.458694221745363437e+06 9.795463066578221634e-01 1.425147919392059427e-04
2.458694226565914694e+06 9.796865191122018368e-01 1.425263318460046654e-04
2.458694231386466417e+06 9.798377182151749576e-01 1.425378717539181920e-04
2.458694236207017675e+06 9.799694034583270597e-01 1.425494116607169690e-04
2.458694241027568933e+06 9.800723216937766713e-01 1.425589699456087343e-04
2.458694245848120190e+06 9.801464729215241256e-01 1.425592831859249067e-04
2.458694250668671913e+06 9.801918651066718891e-01 1.425595964262713013e-04
2.458694255489223171e+06 9.802421728462182848e-01 1.425599096665874465e-04
2.458694260309774429e+06 9.803290545364998776e-01 1.425602229069036189e-04
2.458694265130325686e+06 9.804525101775163343e-01 1.425613877573994105e-04
2.458694269950877409e+06 9.806125397864930981e-01 1.425626973686056737e-04
2.458694274771428667e+06 9.807946357876056176e-01 1.425640069796854377e-04
2.458694279591979925e+06 9.809558559113182863e-01 1.425653165907651745e-04
2.458694284412531182e+06 9.810933747423450368e-01 1.425774429181066649e-04
2.458694289233082905e+06 9.812071922905357679e-01 1.425990498368379252e-04
2.458694294053634163e+06 9.813023370041794591e-01 1.426206567534819608e-04
2.458694298874185421e+06 9.814321198446220862e-01 1.426422636701259964e-04
2.458694303694736678e+06 9.816108697547155648e-01 1.426585225040171464e-04
2.458694308515288401e+06 9.818385867588225180e-01 1.426547969434678489e-04
2.458694313335839659e+06 9.821151869952096103e-01 1.426510713832784523e-04
2.458694318156390917e+06 9.824042612423893317e-01 1.426473458230890286e-04
2.458694322976942174e+06 9.826758253154377343e-01 1.426436202628996320e-04
2.458694327797493897e+06 9.829298792380503080e-01 1.426560399116178044e-04
2.458694332618045155e+06 9.831664229611444261e-01 1.426704689592560456e-04
2.458694337438596413e+06 9.834036723211447839e-01 1.426848980068942869e-04
2.458694342259148136e+06 9.836895414743342947e-01 1.426993270559263514e-04
2.458694347079699393e+06 9.840265625093373991e-01 1.427126365317613803e-04
2.458694351900250651e+06 9.844147354512983172e-01 1.427250928317304616e-04
2.458694356720801909e+06 9.848468078833230166e-01 1.427375491316995701e-04
2.458694361541353632e+06 9.852577491512780616e-01 1.427500054328719261e-04
2.458694366361904889e+06 9.856321147291985385e-01 1.427586738480824129e-04
2.458694371182456147e+06 9.859699046585475024e-01 1.427557147270624440e-04
2.458694376003007405e+06 9.862711710908232954e-01 1.427527556060425294e-04
2.458694380823559128e+06 9.865442880881458709e-01 1.427497964847367106e-04
2.458694385644110385e+06 9.867953267283178231e-01 1.427468373637167688e-04
2.458694390464661643e+06 9.870242870387884171e-01 1.427552668174620839e-04
2.458694395285212900e+06 9.872311690195575418e-01 1.427646340348057001e-04
2.458694400105764624e+06 9.874405752084544075e-01 1.427740012530542184e-04
2.458694404926315881e+06 9.877100451103192347e-01 1.427833684703978345e-04
2.458694409746867139e+06 9.880419518557070901e-01 1.427957614622501375e-04
2.458694414567418396e+06 9.884362954446181959e-01 1.428101538534657712e-04
2.458694419387970120e+06 9.888818152306049214e-01 1.428245462460716773e-04
2.458694424208521377e+06 9.892921470888377256e-01 1.428389386372873110e-04
2.458694429029072635e+06 9.896492308804450966e-01 1.428484352099148441e-04
2.458694433849623892e+06 9.899530666054270345e-01 1.428453627894222340e-04
2.458694438670175616e+06 9.902041797202639772e-01 1.428422903686328235e-04
2.458694443490726873e+06 9.904471592046724115e-01 1.428392179481402134e-04
2.458694448311278131e+06 9.907105716501010129e-01 1.428361455276475490e-04
2.458694453131829854e+06 9.909944170849556144e-01 1.428662538093309850e-04
2.458694457952381112e+06 9.912986954543979712e-01 1.428977977707009378e-04
2.458694462772932369e+06 9.916229425942008069e-01 1.429293417320709177e-04
2.458694467593483627e+06 9.919661933351208161e-01 1.429608856934408705e-04
2.458694472414035350e+06 9.923284178314391024e-01 1.429908277032768604e-04
2.458694477234586608e+06 9.927096160131745339e-01 1.430198557448310423e-04
2.458694482055137865e+06 9.931019463896324506e-01 1.430488837863852242e-04
2.458694486875689123e+06 9.934534986115846067e-01 1.430779118279394333e-04
2.458694491696240846e+06 9.937547568162915512e-01 1.431115354101263558e-04
2.458694496516792104e+06 9.940057209455503973e-01 1.431551557825226856e-04
2.458694501337343361e+06 9.942073960802612076e-01 1.431987761549190154e-04
2.458694506157894619e+06 9.944131849365774878e-01 1.432423965273153452e-04
2.458694510978446342e+06 9.946534051126888487e-01 1.432860169039253454e-04
2.458694515798997600e+06 9.949280565621850814e-01 1.433138975406820777e-04
2.458694520619548857e+06 9.952371393066085092e-01 1.433416692876110456e-04
2.458694525440100115e+06 9.955580961738301760e-01 1.433694410345399863e-04
2.458694530260651838e+06 9.958492640127494244e-01 1.433972127841516770e-04
2.458694535081203096e+06 9.961097260663990260e-01 1.434384764980353830e-04
2.458694539901754353e+06 9.963394823643881848e-01 1.434863456058628451e-04
2.458694544722305611e+06 9.965462541608957059e-01 1.435342147136903614e-04
2.458694549542857334e+06 9.967744884985335618e-01 1.435820838261419458e-04
2.458694554363408592e+06 9.970312883502311374e-01 1.436279903167522807e-04
2.458694559183959849e+06 9.973166537366556783e-01 1.436702444256061234e-04
2.458694564004511107e+06 9.976290251564291500e-01 1.437124985344599660e-04
2.458694568825062830e+06 9.979111581833882694e-01 1.437547526473955317e-04
2.458694573645614088e+06 9.981341996001474870e-01 1.437967841345987681e-04
2.458694578466165345e+06 9.982981494368148301e-01 1.438310106292389973e-04
2.458694583286717068e+06 9.984030077006652570e-01 1.438652371271854468e-04
2.458694588107268326e+06 9.984753269756955207e-01 1.438994636218256760e-04
2.458694592927819584e+06 9.985586031705809829e-01 1.439336901164658782e-04
2.458694597748370841e+06 9.986534629479045799e-01 1.439660699681425912e-04
2.458694602568922564e+06 9.987599063185083059e-01 1.439976805751921874e-04
2.458694607389473822e+06 9.988778560482906022e-01 1.440292911791882095e-04
2.458694612210025080e+06 9.990069233140974614e-01 1.440609017831842044e-04
2.458694617030576337e+06 9.991470543128451176e-01 1.441020514252301600e-04
2.458694621851128060e+06 9.992982490596732381e-01 1.441584946533775011e-04
2.458694626671679318e+06 9.994595156195753560e-01 1.442149378760724978e-04
2.458694631492230576e+06 9.996040466413856906e-01 1.442713810987674946e-04
2.458694636312781833e+06 9.997198324449493301e-01 1.443250039229167583e-04
2.458694641133333556e+06 9.998068730372858814e-01 1.443362005953749546e-04
2.458694645953884814e+06 9.998651684015789076e-01 1.443473972667515780e-04
2.458694650774436072e+06 9.999005397763021108e-01 1.443585939381282013e-04
2.458694655594987329e+06 9.999214240364743267e-01 1.443697906095048247e-04
2.458694660415539052e+06 9.999278907803110794e-01 1.443786947749557128e-04
2.458694665236090310e+06 9.999199400065628129e-01 1.443867956999903902e-04
2.458694670056641567e+06 9.999029281202721497e-01 1.443948966250251217e-04
2.458694674877192825e+06 9.999005671128254891e-01 1.444029975500597991e-04
2.458694679697744548e+06 9.999156741909970281e-01 1.444197832479710529e-04
2.458694684518295806e+06 9.999482493518679904e-01 1.444486246737938762e-04
2.458694689338847063e+06 9.999955276389701497e-01 1.444774660996166996e-04
2.458694694159398787e+06 1.000000000000000000e+00 1.445063075282255701e-04
2.458694698979950044e+06 9.999387574833601411e-01 1.445315511375079348e-04
2.458694703800501302e+06 9.998118000926567994e-01 1.445232769310241720e-04
2.458694708621052559e+06 9.996191278278899750e-01 1.445150027245404635e-04
2.458694713441604283e+06 9.994186994490510401e-01 1.445067285172574269e-04
2.458694718262155540e+06 9.992845870289752686e-01 1.444984543107736912e-04
2.458694723082706798e+06 9.992170611987516438e-01 1.444786520989111594e-04
2.458694727903258055e+06 9.992161219583799436e-01 1.444555056482661900e-04
2.458694732723809779e+06 9.992576853238255286e-01 1.444323591953853246e-04
2.458694737544361036e+06 9.992476649594109750e-01 1.444092127447403823e-04
2.458694742364912294e+06 9.991765613326901718e-01 1.443950094590996979e-04
2.458694747185463551e+06 9.990443744436635631e-01 1.443915904757478940e-04
2.458694752006015275e+06 9.988541079794304167e-01 1.443881714920657879e-04
2.458694756826566532e+06 9.986554206779445497e-01 1.443847525087139840e-04
2.458694761647117790e+06 9.984658969673971818e-01 1.443804148016788959e-04
2.458694766467669047e+06 9.982855368477885349e-01 1.443700112287882461e-04
2.458694771288220771e+06 9.981143403030235950e-01 1.443596076548926493e-04
2.458694776108772028e+06 9.979478261239633774e-01 1.443492040820020265e-04
2.458694780929323286e+06 9.977809666757578855e-01 1.443388005091114038e-04
2.458694785749874543e+06 9.976137578571236952e-01 1.443205799120411041e-04
2.458694790570426267e+06 9.974461996518584339e-01 1.443005225418047047e-04
2.458694795390977524e+06 9.972710232728611013e-01 1.442804651735058558e-04
2.458694800211528782e+06 9.970630945142148205e-01 1.442604078052069799e-04
2.458694805032080505e+06 9.968202841593858388e-01 1.442380822079955213e-04
2.458694809852631763e+06 9.965425922552848537e-01 1.442133762227415148e-04
2.458694814673183020e+06 9.962315587088724778e-01 1.441886702374874541e-04
2.458694819493734278e+06 9.959079194232104415e-01 1.441639642522334205e-04
2.458694824314286001e+06 9.955781950654919443e-01 1.441398390131415656e-04
2.458694829134837259e+06 9.952423856994191409e-01 1.441186286553553571e-04
2.458694833955388516e+06 9.949004916234565066e-01 1.440974182975691487e-04
2.458694838775939774e+06 9.945646783191233187e-01 1.440762079397828860e-04
2.458694843596491497e+06 9.942468600858725969e-01 1.440549975799477794e-04
2.458694848417042755e+06 9.939470369851068909e-01 1.440389276963276134e-04
2.458694853237594012e+06 9.936652089852557879e-01 1.440238055279878862e-04
2.458694858058145270e+06 9.933975317081017442e-01 1.440086833596481591e-04
2.458694862878696993e+06 9.931322131252101615e-01 1.439935611898476050e-04
2.458694867699248251e+06 9.928684284727825604e-01 1.439819964273674044e-04
2.458694872519799508e+06 9.926061777251152796e-01 1.439736822340742322e-04
2.458694877340350766e+06 9.923452996855487429e-01 1.439653680407810600e-04
2.458694882160902489e+06 9.920839926517748264e-01 1.439570538466847921e-04
2.458694886981453747e+06 9.918217543847350770e-01 1.439503356880695206e-04
2.458694891802005004e+06 9.915585848592323170e-01 1.439499724627995095e-04
2.458694896622556262e+06 9.912944670199956843e-01 1.439496092375294712e-04
2.458694901443107985e+06 9.910178302357700586e-01 1.439492460122243590e-04
2.458694906263659243e+06 9.907187654118133624e-01 1.439488827869543749e-04
2.458694911084210500e+06 9.903972725224854390e-01 1.439283745266878561e-04
2.458694915904762223e+06 9.900533515334809520e-01 1.439050914519167574e-04
2.458694920725313481e+06 9.896932487912528664e-01 1.438818083793947278e-04
2.458694925545864739e+06 9.893339852257067024e-01 1.438585253068726982e-04
2.458694930366415996e+06 9.889765240578296535e-01 1.438380215032862130e-04
2.458694935186967719e+06 9.886208652533524655e-01 1.438197269447498655e-04
2.458694940007518977e+06 9.882681121236776001e-01 1.438014323879807676e-04
2.458694944828070235e+06 9.879286537918506861e-01 1.437831378312116426e-04
2.458694949648621492e+06 9.876050518368409969e-01 1.437589256314459642e-04
2.458694954469173215e+06 9.872973062296864777e-01 1.437154852208049846e-04
2.458694959289724473e+06 9.870053685297418555e-01 1.436720448143603824e-04
2.458694964110275730e+06 9.867192782821627706e-01 1.436286044079157259e-04
2.458694968930826988e+06 9.864315359572002340e-01 1.435851640014710966e-04
2.458694973751378711e+06 9.861421415268196711e-01 1.435769206420894146e-04
2.458694978571929969e+06 9.858510950469313583e-01 1.435720087704186771e-04
2.458694983392481226e+06 9.855545166343882002e-01 1.435670968987479937e-04
2.458694988213032484e+06 9.852430065228757750e-01 1.435621850270772562e-04
2.458694993033584207e+06 9.849161455591066705e-01 1.435178676948683368e-04
2.458694997854135465e+06 9.845739338062301504e-01 1.434463623097947504e-04
2.458695002674686722e+06 9.842195257575426792e-01 1.433748569247211911e-04
2.458695007495237980e+06 9.838782512685689818e-01 1.433033515396476046e-04
2.458695012315789703e+06 9.835556158992110332e-01 1.432390889181776189e-04
2.458695017136340961e+06 9.832516197118014167e-01 1.431944155482982978e-04
2.458695021956892218e+06 9.829662701315461382e-01 1.431497421784190039e-04
2.458695026777443942e+06 9.827003163361573979e-01 1.431050688042242872e-04
2.458695031597995199e+06 9.824542563641002202e-01 1.430603954343449662e-04
2.458695036418546457e+06 9.822280901887232574e-01 1.430207077392725383e-04
2.458695041239097714e+06 9.820218178100260653e-01 1.429812928042484906e-04
2.458695046059649438e+06 9.818314806468224631e-01 1.429418778654169687e-04
2.458695050880200695e+06 9.816485513248296435e-01 1.429024629303929210e-04
2.458695055700751953e+06 9.814727406486838390e-01 1.428675979581628560e-04
2.458695060521303210e+06 9.813040486183852718e-01 1.428354475290022027e-04
2.458695065341854934e+06 9.811422395182706202e-01 1.428032970967357980e-04
2.458695070162406191e+06 9.809856838764744458e-01 1.427711466675751176e-04
2.458695074982957449e+06 9.808340707416477455e-01 1.427319657976451725e-04
2.458695079803508706e+06 9.806874001137905195e-01 1.426767289089785323e-04
2.458695084624060430e+06 9.805456756539441265e-01 1.426214920149760724e-04
2.458695089444611687e+06 9.804091193357628020e-01 1.425662551263094321e-04
2.458695094265162945e+06 9.802778617799980942e-01 1.425110182376427919e-04
2.458695099085714202e+06 9.801519029866496702e-01 1.424904219255331125e-04
2.458695103906265926e+06 9.800312429443179818e-01 1.424704345407462776e-04
2.458695108726817183e+06 9.799247193069972051e-01 1.424504471578901899e-04
2.458695113547368441e+06 9.798492492658532615e-01 1.424304597750341292e-04
2.458695118367919698e+06 9.798052482279676623e-01 1.424008456001852967e-04
2.458695123188471422e+06 9.797927161936499374e-01 1.423662925519041686e-04
2.458695128009022679e+06 9.798038324533170362e-01 1.423317395069608382e-04
2.458695132829573937e+06 9.797916770381523976e-01 1.422971864620175078e-04
2.458695137650125660e+06 9.797484306657423536e-01 1.422670486011207798e-04
2.458695142470676918e+06 9.796740933444419985e-01 1.422455150133656308e-04
2.458695147291228175e+06 9.795698142423946431e-01 1.422239814256104817e-04
2.458695152111779433e+06 9.794823707371694832e-01 1.422024478378553598e-04
2.458695156932331156e+06 9.794361957232857741e-01 1.421812894720056236e-04
2.458695161752882414e+06 9.794312892096642686e-01 1.421814194333030168e-04
2.458695166573433671e+06 9.794676511898510185e-01 1.421815493946004100e-04
2.458695171393984929e+06 9.795216812745619617e-01 1.421816793558977761e-04
2.458695176214536652e+06 9.795532891221055971e-01 1.421818093172077190e-04
2.458695181035087910e+06 9.795618113853833409e-01 1.421762354053846813e-04
2.458695185855639167e+06 9.795472480685635253e-01 1.421681644757635734e-04
2.458695190676190425e+06 9.795245513288640682e-01 1.421600935461424925e-04
2.458695195496742148e+06 9.795720666519580622e-01 1.421520226157417619e-04
2.458695200317293406e+06 9.797011242098783157e-01 1.421520639077242362e-04
2.458695205137844663e+06 9.799117240032763076e-01 1.421656998463168627e-04
2.458695209958395921e+06 9.802002496741403226e-01 1.421793357849094892e-04
2.458695214778947644e+06 9.804601001461135112e-01 1.421929717248192858e-04
2.458695219599498902e+06 9.806417968315952471e-01 1.422056797029486945e-04
2.458695224420050159e+06 9.807453397594617650e-01 1.422014409655336761e-04
2.458695229240601417e+06 9.807707289297130648e-01 1.421972022281187120e-04
2.458695234061153140e+06 9.807742374879602210e-01 1.421929634902942448e-04
2.458695238881704397e+06 9.808405131939904598e-01 1.421887247528792807e-04
2.458695243702255655e+06 9.809703979751593916e-01 1.422023684497551808e-04
2.458695248522807378e+06 9.811638918532306075e-01 1.422226224177939354e-04
2.458695253343358636e+06 9.814112906198334541e-01 1.422428763838761660e-04
2.458695258163909893e+06 9.816679547773575765e-01 1.422631303499583965e-04
2.458695262984461151e+06 9.819283260654574352e-01 1.422819447701264867e-04
2.458695267805012874e+06 9.821924045098218148e-01 1.422986731214845616e-04
2.458695272625564132e+06 9.824601331588922459e-01 1.423154014712266875e-04
2.458695277446115389e+06 9.827302362936766178e-01 1.423321298209688675e-04
2.458695282266666647e+06 9.830021874099150736e-01 1.423479042701087684e-04
2.458695287087218370e+06 9.832759865341459404e-01 1.423536059051474633e-04
2.458695291907769628e+06 9.835516336134714210e-01 1.423593075396353835e-04
2.458695296728320885e+06 9.838270915722506782e-01 1.423650091741232766e-04
2.458695301548872143e+06 9.840996552440592904e-01 1.423707108086111968e-04
2.458695306369423866e+06 9.843693114957607904e-01 1.423946758218385745e-04
2.458695311189975124e+06 9.846360602752580737e-01 1.424242603395780649e-04
2.458695316010526381e+06 9.849042035667112671e-01 1.424538448573175553e-04
2.458695320831077639e+06 9.851911867368775555e-01 1.424834293750570186e-04
2.458695325651629362e+06 9.854988620384763642e-01 1.425125976904094741e-04
2.458695330472180620e+06 9.858272294120654644e-01 1.425412424875264399e-04
2.458695335292731877e+06 9.861744922389614754e-01 1.425698872846434056e-04
2.458695340113283135e+06 9.865089094826468008e-01 1.425985320817603713e-04
2.458695344933834858e+06 9.868188343920872851e-01 1.426206603875862359e-04
2.458695349754386116e+06 9.871042669074060472e-01 1.425954945542925643e-04
2.458695354574937373e+06 9.873652070597247477e-01 1.425703287209989468e-04
2.458695359395489097e+06 9.876198031474888728e-01 1.425451628852743313e-04
2.458695364216040354e+06 9.878892436158265289e-01 1.425199970519806867e-04
2.458695369036591612e+06 9.881735596703584701e-01 1.425164084909349277e-04
2.458695373857142869e+06 9.884727513110848074e-01 1.425182379456304367e-04
2.458695378677694593e+06 9.887904023108962104e-01 1.425200674005026977e-04
2.458695383498245850e+06 9.891393658376450571e-01 1.425218968551982338e-04
2.458695388318797108e+06 9.895207917200044001e-01 1.425240254507513082e-04
2.458695393139348365e+06 9.899346799579737954e-01 1.425264813853240964e-04
2.458695397959900089e+06 9.903759438654087255e-01 1.425289373201341352e-04
2.458695402780451346e+06 9.907718727265433234e-01 1.425313932547069235e-04
2.458695407601002604e+06 9.910987640979131985e-01 1.425345329909379663e-04
2.458695412421553861e+06 9.913566179795187949e-01 1.425413809494648337e-04
2.458695417242105585e+06 9.915454343862646347e-01 1.425482289086531728e-04
2.458695422062656842e+06 9.917385789779221694e-01 1.425550768671800131e-04
2.458695426883208100e+06 9.920109563986339030e-01 1.425619248257068534e-04
2.458695431703759357e+06 9.923625686606698526e-01 1.425634124789149939e-04
2.458695436524311081e+06 9.927934158094759987e-01 1.425638323537755411e-04
2.458695441344862338e+06 9.932700707481935121e-01 1.425642522285955392e-04
2.458695446165413596e+06 9.936862435357729506e-01 1.425646721034155644e-04
2.458695450985964853e+06 9.940340416751154429e-01 1.425793339443972186e-04
2.458695455806516577e+06 9.943134651899105947e-01 1.426075655296284422e-04
2.458695460627067834e+06 9.945301375827854118e-01 1.426357971121325449e-04
2.458695465447619092e+06 9.947504357408124553e-01 1.426640286946366206e-04
2.458695470268170349e+06 9.949935545808368254e-01 1.426839620194312686e-04
2.458695475088722073e+06 9.952594941296502018e-01 1.426685832706095015e-04
2.458695479909273330e+06 9.955482254161460709e-01 1.426532045232733624e-04
2.458695484729824588e+06 9.958243344715961287e-01 1.426378257759371962e-04
2.458695489550376311e+06 9.960562578779992293e-01 1.426224470271154291e-04
2.458695494370927569e+06 9.962439955905486588e-01 1.426347268610435391e-04
2.458695499191478826e+06 9.963875476337819004e-01 1.426511952830666408e-04
2.458695504012030084e+06 9.965111617076648498e-01 1.426676637050897426e-04
2.458695508832581807e+06 9.966833107642497636e-01 1.426841321287036671e-04
2.458695513653133065e+06 9.969081361764019489e-01 1.426942737650329003e-04
2.458695518473684322e+06 9.971856379582064722e-01 1.426991689716032130e-04
2.458695523294235580e+06 9.975083863714385712e-01 1.427040641781735257e-04
2.458695528114787303e+06 9.978027981127303159e-01 1.427089593852166861e-04
2.458695532935338560e+06 9.980500380166762442e-01 1.427169613823961437e-04
2.458695537755889818e+06 9.982501061139943399e-01 1.427356724680954310e-04
2.458695542576441076e+06 9.984030278673010628e-01 1.427543835537947454e-04
2.458695547396992799e+06 9.985157709306798912e-01 1.427730946413015062e-04
2.458695552217544056e+06 9.985937871312859926e-01 1.427918057270008206e-04
2.458695557038095314e+06 9.986370764816877577e-01 1.428141340219984468e-04
2.458695561858646572e+06 9.986456389818851864e-01 1.428368505786342451e-04
2.458695566679198295e+06 9.986486921344129852e-01 1.428595671374644686e-04
2.458695571499749552e+06 9.987195814855251985e-01 1.428822836941002941e-04
2.458695576320300810e+06 9.988618333812777639e-01 1.429207535943635818e-04
2.458695581140852068e+06 9.990754478216712364e-01 1.429705720649686600e-04
2.458695585961403791e+06 9.993478614052068165e-01 1.430203905403861051e-04
2.458695590781955048e+06 9.995733274905240773e-01 1.430702090109911833e-04
2.458695595602506306e+06 9.997279581784243030e-01 1.431108963833640233e-04
2.458695600423058029e+06 9.998117534735806444e-01 1.431255220207441458e-04
2.458695605243609287e+06 9.998250729149621430e-01 1.431401476567114445e-04
2.458695610064160544e+06 9.998115100047157977e-01 1.431547732926787431e-04
2.458695614884711802e+06 9.998011440975832498e-01 1.431693989286460418e-04
2.458695619705263525e+06 9.997939751930261520e-01 1.431760631267328307e-04
2.458695624525814783e+06 9.997900032924295077e-01 1.431821979627350978e-04
2.458695629346366040e+06 9.997913583950668315e-01 1.431883327987373649e-04
2.458695634166917298e+06 9.998027951947334735e-01 1.431944676347396319e-04
2.458695638987469021e+06 9.998244896432320061e-01 1.431926952592697734e-04
2.458695643808020279e+06 9.998564417363706713e-01 1.431859905934573785e-04
2.458695648628571536e+06 9.998945293853443994e-01 1.431792859276449293e-04
2.458695653449122794e+06 9.999089599973524090e-01 1.431725812618325072e-04
2.458695658269674517e+06 9.998938170027072969e-01 1.431671425751402586e-04
2.458695663090225775e+06 9.998491004043343899e-01 1.431647432912589596e-04
2.458695667910777032e+06 9.997749887690354775e-01 1.431623440073776876e-04
2.458695672731328290e+06 9.996838803455578848e-01 1.431599447234963886e-04
2.458695677551880013e+06 9.995833444267551160e-01 1.431575454393833413e-04
2.458695682372431271e+06 9.994733810320503009e-01 1.431645870400083062e-04
2.458695687192982528e+06 9.993539901521870661e-01 1.431718981910053926e-04
2.458695692013533786e+06 9.992220080809565141e-01 1.431792093420024249e-04
2.458695696834085509e+06 9.990711573959289993e-01 1.431865204937057335e-04
2.458695701654636767e+06 9.989012670627607227e-01 1.431615059346488512e-04
2.458695706475188024e+06 9.987123370677989387e-01 1.431191185879743027e-04
2.458695711295739748e+06 9.985064256487804490e-01 1.430767312372052105e-04
2.458695716116291005e+06 9.982964142209617142e-01 1.430343438905306620e-04
2.458695720936842263e+06 9.980845408069523028e-01 1.429952867778165636e-04
2.458695725757393520e+06 9.978708054067523259e-01 1.429630330741905962e-04
2.458695730577945244e+06 9.976556586403463323e-01 1.429307793674489298e-04
2.458695735398496501e+06 9.974595909474028854e-01 1.428985256638229352e-04
2.458695740219047759e+06 9.972936977417420357e-01 1.428666387227938502e-04
2.458695745039599016e+06 9.971579790233638940e-01 1.428881123116114860e-04
2.458695749860150740e+06 9.970524347835302281e-01 1.429095859025034446e-04
2.458695754680701997e+06 9.969427928961115404e-01 1.429310594913210805e-04
2.458695759501253255e+06 9.967686750001021334e-01 1.429525330801387163e-04
2.458695764321804512e+06 9.965289441252528357e-01 1.428990534716726346e-04
2.458695769142356236e+06 9.962236002388985545e-01 1.428111097256718116e-04
2.458695773962907493e+06 9.958695311493916957e-01 1.427231659881663089e-04
2.458695778783458751e+06 9.955588807848333444e-01 1.426352222506607791e-04
2.458695783604010008e+06 9.953055714118896891e-01 1.425594268786881612e-04
2.458695788424561732e+06 9.951096030143997684e-01 1.425049298144580431e-04
2.458695793245112989e+06 9.949680917485108633e-01 1.424504327554922687e-04
2.458695798065664247e+06 9.947878385375328314e-01 1.423959356965265213e-04
2.458695802886215504e+06 9.945240108264900014e-01 1.423410057509295564e-04
2.458695807706767228e+06 9.941766085777870021e-01 1.422760551436514905e-04
2.458695812527318485e+06 9.937456318585414783e-01 1.422111045426475669e-04
2.458695817347869743e+06 9.932900151722815485e-01 1.421461539416436976e-04
2.458695822168421466e+06 9.929017700218326636e-01 1.420812033343656045e-04
2.458695826988972723e+06 9.925819818643766279e-01 1.420281034884083161e-04
2.458695831809523981e+06 9.923306506591028642e-01 1.419796213031492861e-04
2.458695836630075239e+06 9.921312650635313313e-01 1.419311391178902019e-04
2.458695841450626962e+06 9.919048458304104976e-01 1.418826569279478251e-04
2.458695846271178219e+06 9.916410918676389352e-01 1.418238721655587823e-04
2.458695851091729477e+06 9.913400031551479197e-01 1.417494910528506046e-04
2.458695855912280735e+06 9.910034846976495393e-01 1.416751099401424810e-04
2.458695860732832458e+06 9.906777547196867761e-01 1.416007288202491871e-04
2.458695865553383715e+06 9.903825805195721754e-01 1.415266809661825038e-04
2.458695870373934973e+06 9.901179620643647539e-01 1.414566852100589492e-04
2.458695875194486231e+06 9.898838993540646225e-01 1.413866894539353403e-04
2.458695880015037954e+06 9.896450925353086348e-01 1.413166936910502131e-04
2.458695884835589211e+06 9.893528362904130402e-01 1.412466979349266314e-04
2.458695889656140469e+06 9.890068266803487829e-01 1.411647141794123241e-04
2.458695894476691727e+06 9.886070637051157517e-01 1.410788231756782498e-04
2.458695899297243450e+06 9.881713400925059565e-01 1.409929321636471287e-04
2.458695904117794707e+06 9.877746005225294113e-01 1.409070411599130273e-04
2.458695908938345965e+06 9.874252067329584159e-01 1.408280157664354264e-04
2.458695913758897223e+06 9.871231587237928595e-01 1.407580033533173489e-04
2.458695918579448946e+06 9.868647168337255637e-01 1.406879909334361268e-04
2.458695923400000203e+06 9.865790692785476601e-01 1.406179785203180493e-04
