2.458986000000000000e+06 9.988140110859616838e-01 1.407776145634748145e-04
2.458986004820551258e+06 9.988912971305103916e-01 1.407687906450463323e-04
2.458986009641102981e+06 9.990015663970416293e-01 1.407599667257654775e-04
2.458986014461654238e+06 9.991448296507692284e-01 1.407691979060413611e-04
2.458986019282205496e+06 9.993210869007512764e-01 1.407824321169068673e-04
2.458986024102756754e+06 9.995102788870441346e-01 1.407956663277723736e-04
2.458986028923308477e+06 9.996451374787042043e-01 1.408089005399163168e-04
2.458986033743859734e+06 9.997202259094771781e-01 1.408100449788496128e-04
2.458986038564410992e+06 9.997355441952768818e-01 1.407989409094773960e-04
2.458986043384962250e+06 9.996952174329547525e-01 1.407878368401051792e-04
2.458986048205513973e+06 9.996521330987870879e-01 1.407767327696603070e-04
2.458986053026065230e+06 9.996224232383698061e-01 1.407675043341563082e-04
2.458986057846616488e+06 9.996060878468946420e-01 1.407671209754118467e-04
2.458986062667167746e+06 9.996031256335073945e-01 1.407667376166673852e-04
2.458986067487719469e+06 9.996068273962157580e-01 1.407663542578858982e-04
2.458986072308270726e+06 9.996108472528292266e-01 1.407659708991414096e-04
2.458986077128821984e+06 9.996151852036896379e-01 1.407584574144856251e-04
2.458986081949373242e+06 9.996198412487971030e-01 1.407497168353072489e-04
2.458986086769924965e+06 9.996165060052009110e-01 1.407409762552845232e-04
2.458986091590476222e+06 9.995804539016281964e-01 1.407322356761061741e-04
2.458986096411027480e+06 9.995100431079261272e-01 1.407156194530143523e-04
2.458986101231578737e+06 9.994052736240947032e-01 1.406920578912242180e-04
2.458986106052130461e+06 9.992692378732811465e-01 1.406684963271580995e-04
2.458986110872681718e+06 9.991349736940157156e-01 1.406449347653680195e-04
2.458986115693232976e+06 9.990114088709017848e-01 1.406238815836035477e-04
2.458986120513784699e+06 9.988985433935532177e-01 1.406122874811476127e-04
2.458986125334335957e+06 9.987963338844373373e-01 1.406006933798116315e-04
2.458986130154887214e+06 9.986847919154938635e-01 1.405890992784756502e-04
2.458986134975438472e+06 9.985473629414993724e-01 1.405775051771396961e-04
2.458986139795990195e+06 9.983840469454272615e-01 1.405580297124292858e-04
2.458986144616541453e+06 9.981948439588298472e-01 1.405375583559325477e-04
2.458986149437092710e+06 9.979870066350804425e-01 1.405170869994358095e-04
2.458986154257643968e+06 9.977797093548675944e-01 1.404966156429390985e-04
2.458986159078195691e+06 9.975739756082049325e-01 1.404803709251407646e-04
2.458986163898746949e+06 9.973698054348398845e-01 1.404673667303990548e-04
2.458986168719298206e+06 9.971681421937710343e-01 1.404543625356573450e-04
2.458986173539849464e+06 9.969775037214435587e-01 1.404413583409156894e-04
2.458986178360401187e+06 9.967999238234866999e-01 1.404238507734744637e-04
2.458986183180952445e+06 9.966354025342087919e-01 1.403924086907255018e-04
2.458986188001503702e+06 9.964838419904959999e-01 1.403609666079765398e-04
2.458986192822054960e+06 9.963290070754466932e-01 1.403295245252276049e-04
2.458986197642606683e+06 9.961590645858179327e-01 1.402980824394413589e-04
2.458986202463157941e+06 9.959740145544425660e-01 1.402720863104480885e-04
2.458986207283709198e+06 9.957738569656334748e-01 1.402465479526707442e-04
2.458986212104260456e+06 9.955564102138244609e-01 1.402210095948933999e-04
2.458986216924812179e+06 9.953165467600461058e-01 1.401954712346490891e-04
2.458986221745363437e+06 9.950540528114022454e-01 1.401662585010506968e-04
2.458986226565914694e+06 9.947689283458152065e-01 1.401346030715436145e-04
2.458986231386466417e+06 9.944651362968287556e-01 1.401029476389787027e-04
2.458986236207017675e+06 9.941732632052898699e-01 1.400712922094716475e-04
2.458986241027568933e+06 9.938997397011366530e-01 1.400412247023571000e-04
2.458986245848120190e+06 9.936445657843687718e-01 1.400152629832121184e-04
2.458986250668671913e+06 9.934073949718084107e-01 1.399893012615592146e-04
2.458986255489223171e+06 9.931581648628610148e-01 1.399633395424142331e-04
2.458986260309774429e+06 9.928775182286594392e-01 1.399373778232692244e-04
2.458986265130325686e+06 9.925654550692036837e-01 1.399042118128308865e-04
2.458986269950877409e+06 9.922219753497961703e-01 1.398707229260955066e-04
2.458986274771428667e+06 9.918624751198830136e-01 1.398372340425950878e-04
2.458986279591979925e+06 9.915191209980590559e-01 1.398037451590947232e-04
2.458986284412531182e+06 9.911929215430982376e-01 1.397632863480714445e-04
2.458986289233082905e+06 9.908838767259754432e-01 1.397188267340569387e-04
2.458986294053634163e+06 9.905893309771204303e-01 1.396743671243371745e-04
2.458986298874185421e+06 9.902916019472839393e-01 1.396299075146174103e-04
2.458986303694736678e+06 9.899874305853009204e-01 1.395851353939002600e-04
2.458986308515288401e+06 9.896768168608551797e-01 1.395396790471429714e-04
2.458986313335839659e+06 9.893596077385811149e-01 1.394942227047767287e-04
2.458986318156390917e+06 9.890275327960076357e-01 1.394487663624104860e-04
2.458986322976942174e+06 9.886758742105603570e-01 1.394033100200442162e-04
2.458986327797493897e+06 9.883046319454318329e-01 1.393618341627584083e-04
2.458986332618045155e+06 9.879138060723452464e-01 1.393203914203364788e-04
2.458986337438596413e+06 9.875289506155123798e-01 1.392789486779144950e-04
2.458986342259148136e+06 9.871974873444870902e-01 1.392375059314891761e-04
2.458986347079699393e+06 9.869204753581034550e-01 1.391990424983144447e-04
2.458986351900250651e+06 9.866979146217121910e-01 1.391620467168312432e-04
2.458986356720801909e+06 9.865206060321149995e-01 1.391250509353480417e-04
2.458986361541353632e+06 9.863353105900650730e-01 1.390880551502910931e-04
2.458986366361904889e+06 9.861334733163500399e-01 1.390557810028805210e-04
2.458986371182456147e+06 9.859150941938692458e-01 1.390323461192966687e-04
2.458986376003007405e+06 9.856794492898995896e-01 1.390089112357128164e-04
2.458986380823559128e+06 9.853996170731190718e-01 1.389854763498651771e-04
2.458986385644110385e+06 9.850619657309317434e-01 1.389611316667262143e-04
2.458986390464661643e+06 9.846664952390986603e-01 1.389032278363063616e-04
2.458986395285212900e+06 9.842132055976199334e-01 1.388453240058865089e-04
2.458986400105764624e+06 9.837486090756395463e-01 1.387874201698732031e-04
2.458986404926315881e+06 9.833492531076772902e-01 1.387295163394533775e-04
2.458986409746867139e+06 9.830162608606028973e-01 1.386926018649595020e-04
2.458986414567418396e+06 9.827496323344164786e-01 1.386644866717665926e-04
2.458986419387970120e+06 9.825409218295273472e-01 1.386363714758577839e-04
2.458986424208521377e+06 9.823473856619692191e-01 1.386082562826648475e-04
2.458986429029072635e+06 9.821630759868458238e-01 1.385766150458111383e-04
2.458986433849623892e+06 9.819879928041570505e-01 1.385392892441577282e-04
2.458986438670175616e+06 9.818214914710713392e-01 1.385019634388987226e-04
2.458986443490726873e+06 9.816459641035110151e-01 1.384646376372453125e-04
2.458986448311278131e+06 9.814534873780856872e-01 1.384294855709562993e-04
2.458986453131829854e+06 9.812440612737466372e-01 1.384277721241488463e-04
2.458986457952381112e+06 9.810176858309545000e-01 1.384260586775068968e-04
2.458986462772932369e+06 9.807932167739290552e-01 1.384243452308649743e-04
2.458986467593483627e+06 9.805981085967503397e-01 1.384226317842230248e-04
2.458986472414035350e+06 9.804325933162406637e-01 1.384112630480728123e-04
2.458986477234586608e+06 9.802966709643772258e-01 1.383964887377282609e-04
2.458986482055137865e+06 9.801822080589838171e-01 1.383817144273837094e-04
2.458986486875689123e+06 9.800530303968647550e-01 1.383669401170391851e-04
2.458986491696240846e+06 9.799048152126763611e-01 1.383567471251627499e-04
2.458986496516792104e+06 9.797375625350536188e-01 1.383529468739406706e-04
2.458986501337343361e+06 9.795535533570229880e-01 1.383491466227185641e-04
2.458986506157894619e+06 9.794006555462756447e-01 1.383453463714964847e-04
2.458986510978446342e+06 9.792980191766178510e-01 1.383415371889367210e-04
2.458986515798997600e+06 9.792456442678784123e-01 1.383376435982109536e-04
2.458986520619548857e+06 9.792435308077154232e-01 1.383337500074851320e-04
2.458986525440100115e+06 9.792631237097845220e-01 1.383298564167593375e-04
2.458986530260651838e+06 9.792677610147132450e-01 1.383259628256574333e-04
2.458986535081203096e+06 9.792573037628813371e-01 1.383158131526250612e-04
2.458986539901754353e+06 9.792317519554661898e-01 1.383038356941680756e-04
2.458986544722305611e+06 9.792023723918018563e-01 1.382918582357110630e-04
2.458986549542857334e+06 9.792133736397030663e-01 1.382798807760970711e-04
2.458986554363408592e+06 9.792692461021582639e-01 1.382874825545193866e-04
2.458986559183959849e+06 9.793699897780628882e-01 1.383188112915254822e-04
2.458986564004511107e+06 9.795118741503183735e-01 1.383501400285315507e-04
2.458986568825062830e+06 9.796327526369691396e-01 1.383814687685639528e-04
2.458986573645614088e+06 9.797105271310606600e-01 1.384101134792893313e-04
2.458986578466165345e+06 9.797451976463514844e-01 1.384208475219749564e-04
2.458986583286717068e+06 9.797367641799452631e-01 1.384315815656975124e-04
2.458986588107268326e+06 9.797427005345342721e-01 1.384423156083831375e-04
2.458986592927819584e+06 9.798277863302078394e-01 1.384530496510687897e-04
2.458986597748370841e+06 9.799920787053402194e-01 1.384775648301784742e-04
2.458986602568922564e+06 9.802355776872788695e-01 1.385053433352529718e-04
2.458986607389473822e+06 9.805276387668170335e-01 1.385331218376440962e-04
2.458986612210025080e+06 9.807618586740153299e-01 1.385609003400352205e-04
2.458986617030576337e+06 9.809291669673700920e-01 1.386066932103226343e-04
2.458986621851128060e+06 9.810295636533480357e-01 1.386714808299140936e-04
2.458986626671679318e+06 9.810695171943677462e-01 1.387362684432471313e-04
2.458986631492230576e+06 9.811367078013017995e-01 1.388010560565801691e-04
2.458986636312781833e+06 9.812588196697540344e-01 1.388556445956098376e-04
2.458986641133333556e+06 9.814358528194786491e-01 1.388586081250061126e-04
2.458986645953884814e+06 9.816678066426318683e-01 1.388615716541161311e-04
2.458986650774436072e+06 9.819198810546229117e-01 1.388645351832261496e-04
2.458986655594987329e+06 9.821578371134375152e-01 1.388674987123361682e-04
2.458986660415539052e+06 9.823816748400165944e-01 1.388970467686440470e-04
2.458986665236090310e+06 9.825913941911148530e-01 1.389315390465022202e-04
2.458986670056641567e+06 9.827941652757751223e-01 1.389660313243603663e-04
2.458986674877192825e+06 9.830120679054983324e-01 1.390005236022185395e-04
2.458986679697744548e+06 9.832466567991187123e-01 1.390338165893545343e-04
2.458986684518295806e+06 9.834979319113142937e-01 1.390660087160309891e-04
2.458986689338847063e+06 9.837650423188964988e-01 1.390982008427074710e-04
2.458986694159398787e+06 9.840384215387674161e-01 1.391303929724936616e-04
2.458986698979950044e+06 9.843153918725786600e-01 1.391632970962485721e-04
2.458986703800501302e+06 9.845959533465648006e-01 1.391990561236298659e-04
2.458986708621052559e+06 9.848801019926001210e-01 1.392348151510111869e-04
2.458986713441604283e+06 9.851649939443023474e-01 1.392705741818467760e-04
2.458986718262155540e+06 9.854481832865270574e-01 1.393063332092280698e-04
2.458986723082706798e+06 9.857296700468766160e-01 1.393317273493189829e-04
2.458986727903258055e+06 9.860094542253513561e-01 1.393556789310731959e-04
2.458986732723809779e+06 9.862985475980454719e-01 1.393796305151410965e-04
2.458986737544361036e+06 9.866270695303928084e-01 1.394035820968953366e-04
2.458986742364912294e+06 9.869967366730778568e-01 1.394421399760347618e-04
2.458986747185463551e+06 9.874075490261005061e-01 1.394923599580893351e-04
2.458986752006015275e+06 9.878525949010132923e-01 1.395425799449951168e-04
2.458986756826566532e+06 9.882664488677112002e-01 1.395927999270496901e-04
2.458986761647117790e+06 9.886329165000528052e-01 1.396369976028936065e-04
2.458986766467669047e+06 9.889519977980381071e-01 1.396615092210845598e-04
2.458986771288220771e+06 9.892238280240390758e-01 1.396860208416433836e-04
2.458986776108772028e+06 9.894769516214171334e-01 1.397105324598343370e-04
2.458986780929323286e+06 9.897329450572676102e-01 1.397350440780253445e-04
2.458986785749874543e+06 9.899918083315907280e-01 1.397540075187928704e-04
2.458986790570426267e+06 9.902535414698081517e-01 1.397724387369406066e-04
2.458986795390977524e+06 9.905213089375463076e-01 1.397908699533078930e-04
2.458986800211528782e+06 9.908028049797683590e-01 1.398093011696752337e-04
2.458986805032080505e+06 9.910983753649322825e-01 1.398461373160823082e-04
2.458986809852631763e+06 9.914080200359345341e-01 1.398957272554347895e-04
2.458986814673183020e+06 9.917322762818718829e-01 1.399453171947872979e-04
2.458986819493734278e+06 9.920754782176004483e-01 1.399949071341397792e-04
2.458986824314286001e+06 9.924385715560756216e-01 1.400336463664214517e-04
2.458986829134837259e+06 9.928215562271479611e-01 1.400428836427017331e-04
2.458986833955388516e+06 9.932241810834931961e-01 1.400521209189820688e-04
2.458986838775939774e+06 9.936207640152314724e-01 1.400613581952623774e-04
2.458986843596491497e+06 9.939941720693891147e-01 1.400705954724349844e-04
2.458986848417042755e+06 9.943444051738243861e-01 1.401020786990878498e-04
2.458986853237594012e+06 9.946714633657274263e-01 1.401348041921386461e-04
2.458986858058145270e+06 9.949758648630560032e-01 1.401675296851894424e-04
2.458986862878696993e+06 9.952587298634786306e-01 1.402002551814015012e-04
2.458986867699248251e+06 9.955200966273393126e-01 1.402221514129577335e-04
2.458986872519799508e+06 9.957599651830011389e-01 1.402375590961093947e-04
2.458986877340350766e+06 9.959766432454721929e-01 1.402529667792610287e-04
2.458986882160902489e+06 9.961583822000157351e-01 1.402683744639011097e-04
2.458986886981453747e+06 9.963029316186678974e-01 1.402788290746984892e-04
2.458986891802005004e+06 9.964102915207808664e-01 1.402779190146797987e-04
2.458986896622556262e+06 9.964815411105999443e-01 1.402770089546611081e-04
2.458986901443107985e+06 9.965826909892339103e-01 1.402760988945544888e-04
2.458986906263659243e+06 9.967527268657506712e-01 1.402751888345358253e-04
2.458986911084210500e+06 9.969916487465938504e-01 1.402966674901308082e-04
2.458986915904762223e+06 9.972994566648248904e-01 1.403185622700346843e-04
2.458986920725313481e+06 9.976317761350251834e-01 1.403404570478235529e-04
2.458986925545864739e+06 9.979033832141490645e-01 1.403623518256124215e-04
2.458986930366415996e+06 9.981121645095308859e-01 1.403724962185404505e-04
2.458986935186967719e+06 9.982581200322352410e-01 1.403765864886899147e-04
2.458986940007518977e+06 9.983501350721110112e-01 1.403806767584442415e-04
2.458986944828070235e+06 9.984417195416196433e-01 1.403847670281985682e-04
2.458986949648621492e+06 9.985418248360852234e-01 1.403882755888193415e-04
2.458986954469173215e+06 9.986504509664130280e-01 1.403906457453606962e-04
2.458986959289724473e+06 9.987676439643770054e-01 1.403930159016731217e-04
2.458986964110275730e+06 9.988952964674071566e-01 1.403953860579855201e-04
2.458986968930826988e+06 9.990344002091001707e-01 1.403978476471129052e-04
2.458986973751378711e+06 9.991849552045523053e-01 1.404057948384889126e-04
2.458986978571929969e+06 9.993469614246766053e-01 1.404137420290971965e-04
2.458986983392481226e+06 9.994991225346591124e-01 1.404216892197055074e-04
2.458986988213032484e+06 9.996051463759846323e-01 1.404296364103137912e-04
2.458986993033584207e+06 9.996644253900248689e-01 1.404123028212100801e-04
2.458986997854135465e+06 9.996769595653274276e-01 1.403838542789906472e-04
2.458987002674686722e+06 9.996547521706904416e-01 1.403554057367711601e-04
2.458987007495237980e+06 9.996609153090155742e-01 1.403269571945517272e-04
2.458987012315789703e+06 9.997046108252611862e-01 1.403069573556286456e-04
2.458987017136340961e+06 9.997858387109851419e-01 1.403011703074340190e-04
2.458987021956892218e+06 9.999022606944908409e-01 1.402953832592394195e-04
2.458987026777443942e+06 9.999844254545078304e-01 1.402895962104857511e-04
2.458987031597995199e+06 1.000000000000000000e+00 1.402833487885251870e-04
2.458987036418546457e+06 9.999489843421213164e-01 1.402685411459526530e-04
2.458987041239097714e+06 9.998313784808710025e-01 1.402537335033800920e-04
2.458987046059649438e+06 9.996899800602878639e-01 1.402389258593771159e-04
2.458987050880200695e+06 9.995893662121168033e-01 1.402241182168045277e-04
2.458987055700751953e+06 9.995301887885014169e-01 1.402119482004480393e-04
2.458987060521303210e+06 9.995124477894420378e-01 1.402007574629162757e-04
2.458987065341854934e+06 9.995236453802931464e-01 1.401895667243035083e-04
2.458987070162406191e+06 9.995061088339173283e-01 1.401783759867717175e-04
2.458987074982957449e+06 9.994526296667889387e-01 1.401620033345908948e-04
2.458987079803508706e+06 9.993632078789079776e-01 1.401380950922382750e-04
2.458987084624060430e+06 9.992393792795627450e-01 1.401141868475761149e-04
2.458987089444611687e+06 9.991157913467374474e-01 1.400902786052234952e-04
2.458987094265162945e+06 9.990067839872543987e-01 1.400679931885247080e-04
2.458987099085714202e+06 9.989123572011138208e-01 1.400630261946165752e-04
2.458987103906265926e+06 9.988325109813068758e-01 1.400580592002286017e-04
2.458987108726817183e+06 9.987458443842693878e-01 1.400530922063204689e-04
2.458987113547368441e+06 9.986238523663917288e-01 1.400481252124123361e-04
2.458987118367919698e+06 9.984663933555626425e-01 1.400228272103045768e-04
2.458987123188471422e+06 9.982734673314327400e-01 1.399912451265251251e-04
2.458987128009022679e+06 9.980518688868467159e-01 1.399596630457964285e-04
2.458987132829573937e+06 9.978292314469946467e-01 1.399280809650677319e-04
2.458987137650125660e+06 9.976085002101408028e-01 1.399006711443198463e-04
2.458987142470676918e+06 9.973896752189296278e-01 1.398785263520166508e-04
2.458987147291228175e+06 9.971714576004551134e-01 1.398563815597134554e-04
2.458987152111779433e+06 9.969307828566256191e-01 1.398342367674102057e-04
2.458987156932331156e+06 9.966591650409565295e-01 1.398101615511650284e-04
2.458987161752882414e+06 9.963566042059237571e-01 1.397719723693262393e-04
2.458987166573433671e+06 9.960231003267840943e-01 1.397337831874874230e-04
2.458987171393984929e+06 9.956863104346437288e-01 1.396955940056486068e-04
2.458987176214536652e+06 9.953786196658805929e-01 1.396574048201207926e-04
2.458987181035087910e+06 9.951000775472841342e-01 1.396417862730941052e-04
2.458987185855639167e+06 9.948506840477232549e-01 1.396318622861585242e-04
2.458987190676190425e+06 9.946187929815547557e-01 1.396219382992229432e-04
2.458987195496742148e+06 9.943625234012285485e-01 1.396120143113287106e-04
2.458987200317293406e+06 9.940781141982044655e-01 1.395881827721677407e-04
2.458987205137844663e+06 9.937655653490858887e-01 1.395490868639444923e-04
2.458987209958395921e+06 9.934283955439326963e-01 1.395099909557212439e-04
2.458987214778947644e+06 9.931171189368321883e-01 1.394708950437213940e-04
2.458987219599498902e+06 9.928482444628309311e-01 1.394357792338112479e-04
2.458987224420050159e+06 9.926217720898116159e-01 1.394223683508587610e-04
2.458987229240601417e+06 9.924377018177745757e-01 1.394089574679062741e-04
2.458987234061153140e+06 9.922547463860890149e-01 1.393955465836583553e-04
2.458987238881704397e+06 9.920306310325924803e-01 1.393821357007058684e-04
2.458987243702255655e+06 9.917653542696522884e-01 1.393541877989161557e-04
2.458987248522807378e+06 9.914589160656782640e-01 1.393233290975780269e-04
2.458987253343358636e+06 9.911254111595205751e-01 1.392924703992208036e-04
2.458987258163909893e+06 9.908097671040037024e-01 1.392616117008636074e-04
2.458987262984461151e+06 9.905153333108768221e-01 1.392349159476214489e-04
2.458987267805012874e+06 9.902421097547715600e-01 1.392121977830303994e-04
2.458987272625564132e+06 9.899842877279003694e-01 1.391894796206338835e-04
2.458987277446115389e+06 9.896730527526091947e-01 1.391667614582373948e-04
2.458987282266666647e+06 9.892884568616028274e-01 1.391402637269006145e-04
2.458987287087218370e+06 9.888305000070998219e-01 1.390976109155366643e-04
2.458987291907769628e+06 9.882992473216327678e-01 1.390549581082929263e-04
2.458987296728320885e+06 9.877780417795837264e-01 1.390123053010492154e-04
2.458987301548872143e+06 9.873413576195291252e-01 1.389696524938055045e-04
2.458987306369423866e+06 9.869891948115326885e-01 1.389379926832729048e-04
2.458987311189975124e+06 9.867215534236317698e-01 1.389080073764220157e-04
2.458987316010526381e+06 9.865133009996605029e-01 1.388780220695711267e-04
2.458987320831077639e+06 9.862933064932345451e-01 1.388480367627202105e-04
2.458987325651629362e+06 9.860572499728046392e-01 1.388074087324732290e-04
2.458987330472180620e+06 9.858051314839765267e-01 1.387579321427810533e-04
2.458987335292731877e+06 9.855375780841952871e-01 1.387084555530888777e-04
2.458987340113283135e+06 9.852608197714537441e-01 1.386589789633967020e-04
2.458987344933834858e+06 9.849764548617877535e-01 1.386126434012529369e-04
2.458987349754386116e+06 9.846844834101360355e-01 1.385771744009458043e-04
2.458987354574937373e+06 9.843850019160765852e-01 1.385417054006387260e-04
2.458987359395489097e+06 9.841049213725951983e-01 1.385062363969053248e-04
2.458987364216040354e+06 9.838653470777862786e-01 1.384707673965982194e-04
2.458987369036591612e+06 9.836662790026378111e-01 1.384641366131798151e-04
2.458987373857142869e+06 9.835077171471499069e-01 1.384606230486756936e-04
2.458987378677694593e+06 9.833665797684236765e-01 1.384571094838321897e-04
2.458987383498245850e+06 9.831848045087464572e-01 1.384535959193280953e-04
2.458987388318797108e+06 9.829595878211878635e-01 1.384321967199114028e-04
2.458987393139348365e+06 9.826909297057480064e-01 1.383978811288248071e-04
2.458987397959900089e+06 9.823862800662290784e-01 1.383635655344233717e-04
2.458987402780451346e+06 9.821085136605521848e-01 1.383292499433367488e-04
2.458987407601002604e+06 9.818718644636613702e-01 1.382962443582131263e-04
2.458987412421553861e+06 9.816763324755565234e-01 1.382669891007189795e-04
2.458987417242105585e+06 9.815217527699414690e-01 1.382377338403987784e-04
2.458987422062656842e+06 9.813879121175309583e-01 1.382084785829046586e-04
2.458987426883208100e+06 9.812608347641660345e-01 1.381792233254105118e-04
2.458987431703759357e+06 9.811405207098466974e-01 1.381662526475671787e-04
2.458987436524311081e+06 9.810269699439309043e-01 1.381543751985561490e-04
2.458987441344862338e+06 9.809082416086034595e-01 1.381424977506924762e-04
2.458987446165413596e+06 9.807576303212932611e-01 1.381306203028288034e-04
2.458987450985964853e+06 9.805741433689144637e-01 1.381188064405121688e-04
2.458987455806516577e+06 9.803577807289790558e-01 1.381070323316412681e-04
2.458987460627067834e+06 9.801188061458552259e-01 1.380952582239077496e-04
2.458987465447619092e+06 9.799315718677940046e-01 1.380834841161742582e-04
2.458987470268170349e+06 9.798108737771145105e-01 1.380677795628033801e-04
2.458987475088722073e+06 9.797567118717984691e-01 1.380426145724637516e-04
2.458987479909273330e+06 9.797684361092948713e-01 1.380174495845550400e-04
2.458987484729824588e+06 9.798005854293487804e-01 1.379922845966463012e-04
2.458987489550376311e+06 9.798253546446404894e-01 1.379671196063066727e-04
2.458987494370927569e+06 9.798427437503848259e-01 1.379755074109069446e-04
2.458987499191478826e+06 9.798527527493305911e-01 1.379848713599115379e-04
2.458987504012030084e+06 9.798628947882499496e-01 1.379942353089161312e-04
2.458987508832581807e+06 9.798881030451678242e-01 1.380035992588252473e-04
2.458987513653133065e+06 9.799287864294088379e-01 1.380143260105103054e-04
2.458987518473684322e+06 9.799849449426604187e-01 1.380257867640445732e-04
2.458987523294235580e+06 9.800558092624956918e-01 1.380372475175788410e-04
2.458987528114787303e+06 9.801365551971181755e-01 1.380487082722202147e-04
2.458987532935338560e+06 9.802263429580141407e-01 1.380613329607618316e-04
2.458987537755889818e+06 9.803251725525469196e-01 1.380763406138328176e-04
2.458987542576441076e+06 9.804324441243797983e-01 1.380913482669037765e-04
2.458987547396992799e+06 9.805207433481839541e-01 1.381063559214245034e-04
2.458987552217544056e+06 9.805752016198031606e-01 1.381215693328316128e-04
2.458987557038095314e+06 9.805958189494010657e-01 1.381688857761211346e-04
2.458987561858646572e+06 9.805825953369778913e-01 1.382162022194106834e-04
2.458987566679198295e+06 9.805699787549828628e-01 1.382635186672709034e-04
2.458987571499749552e+06 9.806187517050486413e-01 1.383108351105604252e-04
2.458987576320300810e+06 9.807300648773792373e-01 1.383260950651735372e-04
2.458987581140852068e+06 9.809039182719745398e-01 1.383265850973817892e-04
2.458987585961403791e+06 9.811246346934929807e-01 1.383270751296373396e-04
2.458987590781955048e+06 9.813065319417575427e-01 1.383275651618455645e-04
2.458987595602506306e+06 9.814366410048463996e-01 1.383337006435962331e-04
2.458987600423058029e+06 9.815149618878239446e-01 1.383497517001304857e-04
2.458987605243609287e+06 9.815448230723816669e-01 1.383658027551142207e-04
2.458987610064160544e+06 9.816341921837448137e-01 1.383818538100979286e-04
2.458987614884711802e+06 9.818350791094992980e-01 1.383989841067834214e-04
2.458987619705263525e+06 9.821474838852090050e-01 1.384413535614024027e-04
2.458987624525814783e+06 9.825714064505181033e-01 1.384837230119285209e-04
2.458987629346366040e+06 9.830447563974863412e-01 1.385260924624546119e-04
2.458987634166917298e+06 9.834704601083943398e-01 1.385684619129807301e-04
2.458987638987469021e+06 9.838473655247290672e-01 1.386215388586127734e-04
2.458987643808020279e+06 9.841754725736728826e-01 1.386787959527095747e-04
2.458987648628571536e+06 9.844571893419872266e-01 1.387360530468063761e-04
2.458987653449122794e+06 9.847040505147476308e-01 1.387933101409031503e-04
2.458987658269674517e+06 9.849175630368715018e-01 1.388325848801351295e-04
2.458987663090225775e+06 9.850977268671083920e-01 1.388445956692968477e-04
2.458987667910777032e+06 9.852466006639600815e-01 1.388566064584585659e-04
2.458987672731328290e+06 9.854142672154432292e-01 1.388686172476202841e-04
2.458987677551880013e+06 9.856221726125419247e-01 1.388812700579258245e-04
2.458987682372431271e+06 9.858703168150891871e-01 1.389017680709440624e-04
2.458987687192982528e+06 9.861586998412249505e-01 1.389222660839622731e-04
2.458987692013533786e+06 9.864751317059163860e-01 1.389427640969805109e-04
2.458987696834085509e+06 9.868027725111738757e-01 1.389632621119788543e-04
2.458987701654636767e+06 9.871415163248762337e-01 1.389906307368526895e-04
2.458987706475188024e+06 9.874913631781369050e-01 1.390202426818260039e-04
2.458987711295739748e+06 9.878466599276262139e-01 1.390498546296598502e-04
2.458987716116291005e+06 9.881835672345077315e-01 1.390794665746331374e-04
2.458987720936842263e+06 9.884994213454744161e-01 1.391160309954788353e-04
2.458987725757393520e+06 9.887942222605262677e-01 1.391617339963242828e-04
2.458987730577945244e+06 9.890696292909703091e-01 1.392074370015846014e-04
2.458987735398496501e+06 9.893571254051537478e-01 1.392531400024300489e-04
2.458987740219047759e+06 9.896686962061653769e-01 1.392985481595809252e-04
2.458987745039599016e+06 9.900043416940049745e-01 1.393415776515512055e-04
2.458987749860150740e+06 9.903640619045840365e-01 1.393846071476781271e-04
2.458987754680701997e+06 9.907350882524998958e-01 1.394276366396484345e-04
2.458987759501253255e+06 9.911018933049171586e-01 1.394706661316187418e-04
2.458987764321804512e+06 9.914644407767503331e-01 1.394921971826205585e-04
2.458987769142356236e+06 9.918227307024041206e-01 1.395079615525604794e-04
2.458987773962907493e+06 9.921701038700159181e-01 1.395237259209775569e-04
2.458987778783458751e+06 9.924817513772665745e-01 1.395394902893946074e-04
2.458987783604010008e+06 9.927553286548491673e-01 1.395623475384115994e-04
2.458987788424561732e+06 9.929908357236746363e-01 1.395933095743603718e-04
2.458987793245112989e+06 9.931907939870995294e-01 1.396242716073182370e-04
2.458987798065664247e+06 9.933936114038551812e-01 1.396552336402761023e-04
2.458987802886215504e+06 9.936122801926758896e-01 1.396837893405715404e-04
2.458987807706767228e+06 9.938468003769813652e-01 1.396981469510205826e-04
2.458987812527318485e+06 9.940971719114627403e-01 1.397125045600826863e-04
2.458987817347869743e+06 9.943533625086480310e-01 1.397268621691447900e-04
2.458987822168421466e+06 9.946046858725824391e-01 1.397412197795938323e-04
2.458987826988972723e+06 9.948511393115037071e-01 1.397571332135906410e-04
2.458987831809523981e+06 9.950927228499248933e-01 1.397733809467154617e-04
2.458987836630075239e+06 9.953309525682292325e-01 1.397896286798403366e-04
2.458987841450626962e+06 9.955708319103437898e-01 1.398058764145346754e-04
2.458987846271178219e+06 9.958127552038384955e-01 1.398218517314713102e-04
2.458987851091729477e+06 9.960567224717867818e-01 1.398375560952465075e-04
2.458987855912280735e+06 9.963021878820630395e-01 1.398532604590216777e-04
2.458987860732832458e+06 9.965423274203377701e-01 1.398689648243139178e-04
2.458987865553383715e+06 9.967750925279427188e-01 1.398845602486945819e-04
2.458987870373934973e+06 9.970004832284313778e-01 1.398996579059940575e-04
2.458987875194486231e+06 9.972184995237410865e-01 1.399147555632935603e-04
2.458987880015037954e+06 9.974291471979155332e-01 1.399298532220514505e-04
2.458987884835589211e+06 9.976324315649885976e-01 1.399449508793509261e-04
2.458987889656140469e+06 9.978283526456641628e-01 1.399561025309419070e-04
2.458987894476691727e+06 9.980169104399425617e-01 1.399665998863925623e-04
2.458987899297243450e+06 9.981934810592066887e-01 1.399770972428572720e-04
2.458987904117794707e+06 9.983445206190131316e-01 1.399875945983079274e-04
2.458987908938345965e+06 9.984691542877878190e-01 1.399898229733961678e-04
2.458987913758897223e+06 9.985673820655310839e-01 1.399848926498929746e-04
2.458987918579448946e+06 9.986418766138480674e-01 1.399799623259135456e-04
2.458987923400000203e+06 9.987205398303492521e-01 1.399750320024103524e-04
