2.458771000000000000e+06 9.822812312828080872e-01 1.403406419922304015e-04
2.458771004820551258e+06 9.821319870875306890e-01 1.403449939498245557e-04
2.458771009641102981e+06 9.819705888776220082e-01 1.403493459078391636e-04
2.458771014461654238e+06 9.817964083258571284e-01 1.403499374920500083e-04
2.458771019282205496e+06 9.816094454172623607e-01 1.403488711624710375e-04
2.458771024102756754e+06 9.814102214698336990e-01 1.403478048328920668e-04
2.458771028923308477e+06 9.812014836373619264e-01 1.403467385032100968e-04
2.458771033743859734e+06 9.809836317364121205e-01 1.403378573625499416e-04
2.458771038564410992e+06 9.807566657472609473e-01 1.403157976693849857e-04
2.458771043384962250e+06 9.805211463644853964e-01 1.402937379762200570e-04
2.458771048205513973e+06 9.802938074513394273e-01 1.402716782809241560e-04
2.458771053026065230e+06 9.800824543264845534e-01 1.402507997983366568e-04
2.458771057846616488e+06 9.798870869671879591e-01 1.402521360425604345e-04
2.458771062667167746e+06 9.797077053734494223e-01 1.402534722867842122e-04
2.458771067487719469e+06 9.795617965460198251e-01 1.402548085311370912e-04
2.458771072308270726e+06 9.794757968934636461e-01 1.402561447753608690e-04
2.458771077128821984e+06 9.794499756837766746e-01 1.402424789040102016e-04
2.458771081949373242e+06 9.794843329169592439e-01 1.402232283232601490e-04
2.458771086769924965e+06 9.795573852548791205e-01 1.402039777406505271e-04
2.458771091590476222e+06 9.795698063549914680e-01 1.401847271599004473e-04
2.458771096411027480e+06 9.795091530562103355e-01 1.401729202438967766e-04
2.458771101231578737e+06 9.793754253585355007e-01 1.401719605472971620e-04
2.458771106052130461e+06 9.791726434147619562e-01 1.401710008506048481e-04
2.458771110872681718e+06 9.789918301060053230e-01 1.401700411540052335e-04
2.458771115693232976e+06 9.788707209141513932e-01 1.401686093334517005e-04
2.458771120513784699e+06 9.788093158361523827e-01 1.401621080548172275e-04
2.458771125334335957e+06 9.788076148838713575e-01 1.401556067768107514e-04
2.458771130154887214e+06 9.788403645301043676e-01 1.401491054988042754e-04
2.458771134975438472e+06 9.788738706581636695e-01 1.401426042207978265e-04
2.458771139795990195e+06 9.789079639531947929e-01 1.401362097891076231e-04
2.458771144616541453e+06 9.789426444086110068e-01 1.401298484669974930e-04
2.458771149437092710e+06 9.789791468978181754e-01 1.401234871448873087e-04
2.458771154257643968e+06 9.790225016994542617e-01 1.401171258227771515e-04
2.458771159078195691e+06 9.790732460936332204e-01 1.401148044951786389e-04
2.458771163898746949e+06 9.791313800705515602e-01 1.401175902810791567e-04
2.458771168719298206e+06 9.791975664897857312e-01 1.401203760669796745e-04
2.458771173539849464e+06 9.792836084934204433e-01 1.401231618528801922e-04
2.458771178360401187e+06 9.793938549888989709e-01 1.401282271170035325e-04
2.458771183180952445e+06 9.795283059549216853e-01 1.401500235590792665e-04
2.458771188001503702e+06 9.796869614009693361e-01 1.401718200011550276e-04
2.458771192822054960e+06 9.798542808494538070e-01 1.401936164432307616e-04
2.458771197642606683e+06 9.800120394414651992e-01 1.402154128874120163e-04
2.458771202463157941e+06 9.801602087751817294e-01 1.402324273137425586e-04
2.458771207283709198e+06 9.802987888663059479e-01 1.402482323167642854e-04
2.458771212104260456e+06 9.804336248801818199e-01 1.402640373197860393e-04
2.458771216924812179e+06 9.805857646242918113e-01 1.402798423243345396e-04
2.458771221745363437e+06 9.807571019664390599e-01 1.402994158705300222e-04
2.458771226565914694e+06 9.809476369203927737e-01 1.403231317057621053e-04
2.458771231386466417e+06 9.811567756261043716e-01 1.403468475432851346e-04
2.458771236207017675e+06 9.813759746514012505e-01 1.403705633785172176e-04
2.458771241027568933e+06 9.816024384801054214e-01 1.403936125238423524e-04
2.458771245848120190e+06 9.818361671122171064e-01 1.404130163885985527e-04
2.458771250668671913e+06 9.820771605713668473e-01 1.404324202552291218e-04
2.458771255489223171e+06 9.823281786586628428e-01 1.404518241199852950e-04
2.458771260309774429e+06 9.825920509872811959e-01 1.404712279847414682e-04
2.458771265130325686e+06 9.828687776670272935e-01 1.405026821522133010e-04
2.458771269950877409e+06 9.831583587264951518e-01 1.405365547787459706e-04
2.458771274771428667e+06 9.834527273029320948e-01 1.405704274020065994e-04
2.458771279591979925e+06 9.837261424661346565e-01 1.406043000252671740e-04
2.458771284412531182e+06 9.839766818436217477e-01 1.406256226441707495e-04
2.458771289233082905e+06 9.842043454562806604e-01 1.406349396991422526e-04
2.458771294053634163e+06 9.844128443628187286e-01 1.406442567532137594e-04
2.458771298874185421e+06 9.846462097622764587e-01 1.406535738072852120e-04
2.458771303694736678e+06 9.849172182417632593e-01 1.406652358184949084e-04
2.458771308515288401e+06 9.852258698329124931e-01 1.406869389578629601e-04
2.458771313335839659e+06 9.855721447512852951e-01 1.407086420951345171e-04
2.458771318156390917e+06 9.859303085497543861e-01 1.407303452324060742e-04
2.458771322976942174e+06 9.862773418175608819e-01 1.407520483696776312e-04
2.458771327797493897e+06 9.866132445866152567e-01 1.407838553653135831e-04
2.458771332618045155e+06 9.869380167920217550e-01 1.408172048206595957e-04
2.458771337438596413e+06 9.872532152603105127e-01 1.408505542760056083e-04
2.458771342259148136e+06 9.875632497808271015e-01 1.408839037345731380e-04
2.458771347079699393e+06 9.878683885104055928e-01 1.409149361168026316e-04
2.458771351900250651e+06 9.881686314792316184e-01 1.409440402471465149e-04
2.458771356720801909e+06 9.884648920031020580e-01 1.409731443774903711e-04
2.458771361541353632e+06 9.887662535660680652e-01 1.410022485106456991e-04
2.458771366361904889e+06 9.890750483467140031e-01 1.410303478107413860e-04
2.458771371182456147e+06 9.893912763737923166e-01 1.410549666926947190e-04
2.458771376003007405e+06 9.897148937786894862e-01 1.410795855746480791e-04
2.458771380823559128e+06 9.900335978534863246e-01 1.411042044589795824e-04
2.458771385644110385e+06 9.903377329760529868e-01 1.411288233409329696e-04
2.458771390464661643e+06 9.906272991778795056e-01 1.411437429228262449e-04
2.458771395285212900e+06 9.909022964589661031e-01 1.411576118703627438e-04
2.458771400105764624e+06 9.911794408433601822e-01 1.411714808192389642e-04
2.458771404926315881e+06 9.915008064004773303e-01 1.411853497667754631e-04
2.458771409746867139e+06 9.918684271851153644e-01 1.412108134749346148e-04
2.458771414567418396e+06 9.922823031972746177e-01 1.412446561069213749e-04
2.458771419387970120e+06 9.927319412749814331e-01 1.412784987421773027e-04
2.458771424208521377e+06 9.931287216890448688e-01 1.413123413741640627e-04
2.458771429029072635e+06 9.934525710658749231e-01 1.413475488475065601e-04
2.458771433849623892e+06 9.937034894054714851e-01 1.413866664772833466e-04
2.458771438670175616e+06 9.938819059175995063e-01 1.414257841108388215e-04
2.458771443490726873e+06 9.940405552614191009e-01 1.414649017406155809e-04
2.458771448311278131e+06 9.942159157233141364e-01 1.415040193703923674e-04
2.458771453131829854e+06 9.944079873226457922e-01 1.415174127158072429e-04
2.458771457952381112e+06 9.946167700223058628e-01 1.415290756942738128e-04
2.458771462772932369e+06 9.948452779461828266e-01 1.415407386727403284e-04
2.458771467593483627e+06 9.951002544557623342e-01 1.415524016512068441e-04
2.458771472414035350e+06 9.953819504637491100e-01 1.415761722286222883e-04
2.458771477234586608e+06 9.956903659157194664e-01 1.416075156494806084e-04
2.458771482055137865e+06 9.960184913490043312e-01 1.416388590703389827e-04
2.458771486875689123e+06 9.963155307064899269e-01 1.416702024911973027e-04
2.458771491696240846e+06 9.965713725825547931e-01 1.416935295654695197e-04
2.458771496516792104e+06 9.967860169277706905e-01 1.416975549591802629e-04
2.458771501337343361e+06 9.969599955095854726e-01 1.417015803528910061e-04
2.458771506157894619e+06 9.971305261811260756e-01 1.417056057466017493e-04
2.458771510978446342e+06 9.973203771564742581e-01 1.417096311407013145e-04
2.458771515798997600e+06 9.975295483989512491e-01 1.417430567896360105e-04
2.458771520619548857e+06 9.977580399259634580e-01 1.417773392810022404e-04
2.458771525440100115e+06 9.979880713652239388e-01 1.418116217723684703e-04
2.458771530260651838e+06 9.981842978917786491e-01 1.418459042670463415e-04
2.458771535081203096e+06 9.983457512775600895e-01 1.418702526684809139e-04
2.458771539901754353e+06 9.984724315432034203e-01 1.418892499938385063e-04
2.458771544722305611e+06 9.985703795789684367e-01 1.419082473191960988e-04
2.458771549542857334e+06 9.986774782683528473e-01 1.419272446463888118e-04
2.458771554363408592e+06 9.988003224232608890e-01 1.419539281614396343e-04
2.458771559183959849e+06 9.989389120532774502e-01 1.419963480793140433e-04
2.458771564004511107e+06 9.990924468038622219e-01 1.420387679971884523e-04
2.458771568825062830e+06 9.992243527567257200e-01 1.420811879191606034e-04
2.458771573645614088e+06 9.993147940439923715e-01 1.421232822711473954e-04
2.458771578466165345e+06 9.993637706804068266e-01 1.421147416390120997e-04
2.458771583286717068e+06 9.993712826646917735e-01 1.421062010060518074e-04
2.458771588107268326e+06 9.993543526136274835e-01 1.420976603739165659e-04
2.458771592927819584e+06 9.993430131889279311e-01 1.420891197417812701e-04
2.458771597748370841e+06 9.993378327365143310e-01 1.420858627378523422e-04
2.458771602568922564e+06 9.993388112567791470e-01 1.420850396647578258e-04
2.458771607389473822e+06 9.993431145538728133e-01 1.420842165917428357e-04
2.458771612210025080e+06 9.993352559024628601e-01 1.420833935187278455e-04
2.458771617030576337e+06 9.993128917254155974e-01 1.420789442027943104e-04
2.458771621851128060e+06 9.992760220184686570e-01 1.420681276227751637e-04
2.458771626671679318e+06 9.992253429539549314e-01 1.420573110438008626e-04
2.458771631492230576e+06 9.991834206180226774e-01 1.420464944648265886e-04
2.458771636312781833e+06 9.991611226350642916e-01 1.420362954944993461e-04
2.458771641133333556e+06 9.991584490057701107e-01 1.420405074960841535e-04
2.458771645953884814e+06 9.991753997306559443e-01 1.420447194972620597e-04
2.458771650774436072e+06 9.991883422898025779e-01 1.420489314984399660e-04
2.458771655594987329e+06 9.991603420750581055e-01 1.420531434996178722e-04
2.458771660415539052e+06 9.990909614043147480e-01 1.420420026322796411e-04
2.458771665236090310e+06 9.989802002909764500e-01 1.420248713842008331e-04
2.458771670056641567e+06 9.988373252507087852e-01 1.420077401361220250e-04
2.458771674877192825e+06 9.987067030689485980e-01 1.419906088880432170e-04
2.458771679697744548e+06 9.985941268350064792e-01 1.419796141311396094e-04
2.458771684518295806e+06 9.984995965706315868e-01 1.419779180009184453e-04
2.458771689338847063e+06 9.984205655830147297e-01 1.419762218706972811e-04
2.458771694159398787e+06 9.982951471563361601e-01 1.419745257403122398e-04
2.458771698979950044e+06 9.980968537718183375e-01 1.419712832202392667e-04
2.458771703800501302e+06 9.978256854208654714e-01 1.419491868764400960e-04
2.458771708621052559e+06 9.974816421034778946e-01 1.419270905326409254e-04
2.458771713441604283e+06 9.971318835881327614e-01 1.419049941867072588e-04
2.458771718262155540e+06 9.968691316030428018e-01 1.418828978429080611e-04
2.458771723082706798e+06 9.966939668664794860e-01 1.418677867091561282e-04
2.458771727903258055e+06 9.966063893784428140e-01 1.418549541014238848e-04
2.458771732723809779e+06 9.965820565950818111e-01 1.418421214924520189e-04
2.458771737544361036e+06 9.965183879428195501e-01 1.418292888847197484e-04
2.458771742364912294e+06 9.964039313420406385e-01 1.418218205376684470e-04
2.458771747185463551e+06 9.962386867927448542e-01 1.418213973381924958e-04
2.458771752006015275e+06 9.960236368022876707e-01 1.418209741386755888e-04
2.458771756826566532e+06 9.957773969691222637e-01 1.418205509391996376e-04
2.458771761647117790e+06 9.955070490476485290e-01 1.418170911688962994e-04
2.458771766467669047e+06 9.952125930378661334e-01 1.417891899946193150e-04
2.458771771288220771e+06 9.948940289078376242e-01 1.417612888176471666e-04
2.458771776108772028e+06 9.945552386102970432e-01 1.417333876433701822e-04
2.458771780929323286e+06 9.942009385897391249e-01 1.417054864690932519e-04
2.458771785749874543e+06 9.938311397689333360e-01 1.416910790782184701e-04
2.458771790570426267e+06 9.934458421099117142e-01 1.416802858246399559e-04
2.458771795390977524e+06 9.930522052188397453e-01 1.416694925721040648e-04
2.458771800211528782e+06 9.926768776971711672e-01 1.416586993195682008e-04
2.458771805032080505e+06 9.923223746512258581e-01 1.416471871438292496e-04
2.458771809852631763e+06 9.919886961494932542e-01 1.416348543785490486e-04
2.458771814673183020e+06 9.916752539165871738e-01 1.416225216132688746e-04
2.458771819493734278e+06 9.913731027765736448e-01 1.416101888479887278e-04
2.458771824314286001e+06 9.910792197576271390e-01 1.415943052284590576e-04
2.458771829134837259e+06 9.907936049165254611e-01 1.415575201976644582e-04
2.458771833955388516e+06 9.905162582244805280e-01 1.415207351668698317e-04
2.458771838775939774e+06 9.902370178381920685e-01 1.414839501360752323e-04
2.458771843596491497e+06 9.899450723678394626e-01 1.414471651017272145e-04
2.458771848417042755e+06 9.896404192956383961e-01 1.414121334679675204e-04
2.458771853237594012e+06 9.893230585940006039e-01 1.413774777643972023e-04
2.458771858058145270e+06 9.890017553153689356e-01 1.413428220608268571e-04
2.458771862878696993e+06 9.887054031807780419e-01 1.413081663539087938e-04
2.458771867699248251e+06 9.884362755796699540e-01 1.412828741765748575e-04
2.458771872519799508e+06 9.881943724821025121e-01 1.412668825687446754e-04
2.458771877340350766e+06 9.879758720948632611e-01 1.412508909609144661e-04
2.458771882160902489e+06 9.877330852435139974e-01 1.412348993515395127e-04
2.458771886981453747e+06 9.874517136189839839e-01 1.412172038221581123e-04
2.458771891802005004e+06 9.871317571996837126e-01 1.411917418774405941e-04
2.458771896622556262e+06 9.867732225994322315e-01 1.411662799327231029e-04
2.458771901443107985e+06 9.863950361807006795e-01 1.411408179855459907e-04
2.458771906263659243e+06 9.860147547632156506e-01 1.411153560408284996e-04
2.458771911084210500e+06 9.856323783105463976e-01 1.410813981660014851e-04
2.458771915904762223e+06 9.852479067854515993e-01 1.410460360158269897e-04
2.458771920725313481e+06 9.848673756308783389e-01 1.410106738690684901e-04
2.458771925545864739e+06 9.845084389132925384e-01 1.409753117223099905e-04
2.458771930366415996e+06 9.841722342396806988e-01 1.409426056671701105e-04
2.458771935186967719e+06 9.838587615808597198e-01 1.409121952850292316e-04
2.458771940007518977e+06 9.835687699282358309e-01 1.408817849058259985e-04
2.458771944828070235e+06 9.833100615212809759e-01 1.408513745266227384e-04
2.458771949648621492e+06 9.830847076852979871e-01 1.408254834970086458e-04
2.458771954469173215e+06 9.828927084033508565e-01 1.408161297886293491e-04
2.458771959289724473e+06 9.827339522149510787e-01 1.408067760811536264e-04
2.458771964110275730e+06 9.825659136315920694e-01 1.407974223736779037e-04
2.458771968930826988e+06 9.823540308720718484e-01 1.407880686662021539e-04
2.458771973751378711e+06 9.820983039095696476e-01 1.407705121395455301e-04
2.458771978571929969e+06 9.817987327934918351e-01 1.407519713389642532e-04
2.458771983392481226e+06 9.814780492279476798e-01 1.407334305383829492e-04
2.458771988213032484e+06 9.811953260155532597e-01 1.407148897378016723e-04
2.458771993033584207e+06 9.809536107818251915e-01 1.406986535405263300e-04
2.458771997854135465e+06 9.807529035734623424e-01 1.406841481298630816e-04
2.458772002674686722e+06 9.805895057695427353e-01 1.406696427191998333e-04
2.458772007495237980e+06 9.804308029488205678e-01 1.406551373085365578e-04
2.458772012315789703e+06 9.802691497434772305e-01 1.406438472836733994e-04
2.458772017136340961e+06 9.801045461847439633e-01 1.406422377928968502e-04
2.458772021956892218e+06 9.799371438365970244e-01 1.406406283021202738e-04
2.458772026777443942e+06 9.797894415328314288e-01 1.406390188111882500e-04
2.458772031597995199e+06 9.796775380606048689e-01 1.406374093204117008e-04
2.458772036418546457e+06 9.796014334039201410e-01 1.406335774593648919e-04
2.458772041239097714e+06 9.795611275627773562e-01 1.406295720599582127e-04
2.458772046059649438e+06 9.795387878267740600e-01 1.406255666601646359e-04
2.458772050880200695e+06 9.794932230712364296e-01 1.406215612607579566e-04
2.458772055700751953e+06 9.794227818592954327e-01 1.406293653042535062e-04
2.458772060521303210e+06 9.793274641909512912e-01 1.406448537372336762e-04
2.458772065341854934e+06 9.792114780390558382e-01 1.406603421717100453e-04
2.458772070162406191e+06 9.791065803274905388e-01 1.406758306046902696e-04
2.458772074982957449e+06 9.790193206574057116e-01 1.406834687828432810e-04
2.458772079803508706e+06 9.789496990288015787e-01 1.406713192937332263e-04
2.458772084624060430e+06 9.788977908135039208e-01 1.406591698034495228e-04
2.458772089444611687e+06 9.788696388756847888e-01 1.406470203143394410e-04
2.458772094265162945e+06 9.788690640606314552e-01 1.406348708252293863e-04
2.458772099085714202e+06 9.788960663683440311e-01 1.406438109244977466e-04
2.458772103906265926e+06 9.789506458054265670e-01 1.406535778350906179e-04
2.458772108726817183e+06 9.790154040517647926e-01 1.406633447447399622e-04
2.458772113547368441e+06 9.790546270052516986e-01 1.406731116543893337e-04
2.458772118367919698e+06 9.790672460772381624e-01 1.406760891771367101e-04
2.458772123188471422e+06 9.790532612650885147e-01 1.406752561073333293e-04
2.458772128009022679e+06 9.790232420310872596e-01 1.406744230376104777e-04
2.458772132829573937e+06 9.790460688923167121e-01 1.406735899678875719e-04
2.458772137650125660e+06 9.791341834271808375e-01 1.406744722634213781e-04
2.458772142470676918e+06 9.792875856186562533e-01 1.406790208242099773e-04
2.458772147291228175e+06 9.795053888958439314e-01 1.406835693849985765e-04
2.458772152111779433e+06 9.797425578015860337e-01 1.406881179457871757e-04
2.458772156932331156e+06 9.799738617629891735e-01 1.406926665070151749e-04
2.458772161752882414e+06 9.801993007353659859e-01 1.406967100911458188e-04
2.458772166573433671e+06 9.804188747413433713e-01 1.407007521454412577e-04
2.458772171393984929e+06 9.806311060899604026e-01 1.407047941997366424e-04
2.458772176214536652e+06 9.808333016161392415e-01 1.407088362544225296e-04
2.458772181035087910e+06 9.810254044945178054e-01 1.407286013329182861e-04
2.458772185855639167e+06 9.812074147451155248e-01 1.407559293521076706e-04
2.458772190676190425e+06 9.813776913033376292e-01 1.407832573712970822e-04
2.458772195496742148e+06 9.815269314454603267e-01 1.408105853931263635e-04
2.458772200317293406e+06 9.816536718968754682e-01 1.408284380697327385e-04
2.458772205137844663e+06 9.817579126730862082e-01 1.408289579052281887e-04
2.458772209958395921e+06 9.818408717214278658e-01 1.408294777407236389e-04
2.458772214778947644e+06 9.819456074226320386e-01 1.408299975762693148e-04
2.458772219599498902e+06 9.820935327736333154e-01 1.408310772058800971e-04
2.458772224420050159e+06 9.822846477824626055e-01 1.408492647836635206e-04
2.458772229240601417e+06 9.825189524491202420e-01 1.408674523614469442e-04
2.458772234061153140e+06 9.827896036417252956e-01 1.408856399409872903e-04
2.458772238881704397e+06 9.830855463245241621e-01 1.409038275187707138e-04
2.458772243702255655e+06 9.834066298861958710e-01 1.409288139731689675e-04
2.458772248522807378e+06 9.837528543614000309e-01 1.409565785229546092e-04
2.458772253343358636e+06 9.841134914655331745e-01 1.409843430700582329e-04
2.458772258163909893e+06 9.844353278139580388e-01 1.410121076171618295e-04
2.458772262984461151e+06 9.847111256065074203e-01 1.410330893729790861e-04
2.458772267805012874e+06 9.849408848631522329e-01 1.410433794509601121e-04
2.458772272625564132e+06 9.851272445326353377e-01 1.410536695279471415e-04
2.458772277446115389e+06 9.853392411673072004e-01 1.410639596049341709e-04
2.458772282266666647e+06 9.856073818221893212e-01 1.410761526802813571e-04
2.458772287087218370e+06 9.859316665313191397e-01 1.411151070225448586e-04
2.458772291907769628e+06 9.863120952320451051e-01 1.411540613610453654e-04
2.458772296728320885e+06 9.867213311417355470e-01 1.411930156995459265e-04
2.458772301548872143e+06 9.871203289264760539e-01 1.412319700380464604e-04
2.458772306369423866e+06 9.875087909315951595e-01 1.412527340056142326e-04
2.458772311189975124e+06 9.878867170820424537e-01 1.412672594089777118e-04
2.458772316010526381e+06 9.882495362323914234e-01 1.412817848123411909e-04
2.458772320831077639e+06 9.885773141762078664e-01 1.412963102157046701e-04
2.458772325651629362e+06 9.888677265241422321e-01 1.413216686591107173e-04
2.458772330472180620e+06 9.891207732200869573e-01 1.413618126202250476e-04
2.458772335292731877e+06 9.893389048860485868e-01 1.414019565813394051e-04
2.458772340113283135e+06 9.895716353217799410e-01 1.414421005424537625e-04
2.458772344933834858e+06 9.898384131247286444e-01 1.414802859306195208e-04
2.458772349754386116e+06 9.901392382433537032e-01 1.415010560240219416e-04
2.458772354574937373e+06 9.904741107017809298e-01 1.415218261174243082e-04
2.458772359395489097e+06 9.908307804831713028e-01 1.415425962128330723e-04
2.458772364216040354e+06 9.911938319612721981e-01 1.415633663062354389e-04
2.458772369036591612e+06 9.915632156333931135e-01 1.416185718223303023e-04
2.458772373857142869e+06 9.919389314995343820e-01 1.416835279304071594e-04
2.458772378677694593e+06 9.923152525125106260e-01 1.417484840447587281e-04
2.458772383498245850e+06 9.926701381492190057e-01 1.418134401528355580e-04
2.458772388318797108e+06 9.930014085188244577e-01 1.418488439773931277e-04
2.458772393139348365e+06 9.933090636213264268e-01 1.418492138603252991e-04
2.458772397959900089e+06 9.935937540027639514e-01 1.418495837432931950e-04
2.458772402780451346e+06 9.938659545307688692e-01 1.418499536262253394e-04
2.458772407601002604e+06 9.941293210752011333e-01 1.418530784305903629e-04
2.458772412421553861e+06 9.943838536360606328e-01 1.418737352260537464e-04
2.458772417242105585e+06 9.946295522366547237e-01 1.418943920235126311e-04
2.458772422062656842e+06 9.948621224894430570e-01 1.419150488189760146e-04
2.458772426883208100e+06 9.950768252618426013e-01 1.419357056144394523e-04
2.458772431703759357e+06 9.952736577108567406e-01 1.419478286213645725e-04
2.458772436524311081e+06 9.954526198529094483e-01 1.419580020688935575e-04
2.458772441344862338e+06 9.956259387564698748e-01 1.419681755154398217e-04
2.458772446165413596e+06 9.958352620636735653e-01 1.419783489619860588e-04
2.458772450985964853e+06 9.960840378836712805e-01 1.420017331422858918e-04
2.458772455806516577e+06 9.963722662462106694e-01 1.420387430980607978e-04
2.458772460627067834e+06 9.966999470956070528e-01 1.420757530502605743e-04
2.458772465447619092e+06 9.970670804577972390e-01 1.421127630024603507e-04
2.458772470268170349e+06 9.974718715294960125e-01 1.421497729546601272e-04
2.458772475088722073e+06 9.978351179360330780e-01 1.421867829104350332e-04
2.458772479909273330e+06 9.981143391454965208e-01 1.422237928626348367e-04
2.458772484729824588e+06 9.983095351970341369e-01 1.422608028148345861e-04
2.458772489550376311e+06 9.984207060973263603e-01 1.422978127706095192e-04
2.458772494370927569e+06 9.984478518248953716e-01 1.423071640785835833e-04
2.458772499191478826e+06 9.983909723945384451e-01 1.423115860121784259e-04
2.458772504012030084e+06 9.982928741401434491e-01 1.423160079457733227e-04
2.458772508832581807e+06 9.982828801615843961e-01 1.423204298797953410e-04
2.458772513653133065e+06 9.983698056494476614e-01 1.423405418032844434e-04
2.458772518473684322e+06 9.985536505980868727e-01 1.423747376454475883e-04
2.458772523294235580e+06 9.988265180734567927e-01 1.424089334876107332e-04
2.458772528114787303e+06 9.991021364571880392e-01 1.424431293330771710e-04
2.458772532935338560e+06 9.993568277282309786e-01 1.424783584005505843e-04
2.458772537755889818e+06 9.995905919142212825e-01 1.425175893155560891e-04
2.458772542576441076e+06 9.998033508331609642e-01 1.425568202305616211e-04
2.458772547396992799e+06 9.999519359944155639e-01 1.425960511493568463e-04
2.458772552217544056e+06 1.000000000000000000e+00 1.426352820643623511e-04
2.458772557038095314e+06 9.999475428691222412e-01 1.425919727907849007e-04
2.458772561858646572e+06 9.997945646017823984e-01 1.425377732806715181e-04
2.458772566679198295e+06 9.995646607150919793e-01 1.424835737653224962e-04
2.458772571499749552e+06 9.993211458405196757e-01 1.424293742552090866e-04
2.458772576320300810e+06 9.990674987755794323e-01 1.424098602816488944e-04
2.458772581140852068e+06 9.988037195202714713e-01 1.424174145568828694e-04
2.458772585961403791e+06 9.985391290052126889e-01 1.424249688328465939e-04
2.458772590781955048e+06 9.983596240677589106e-01 1.424325231080805689e-04
2.458772595602506306e+06 9.982860389351213559e-01 1.424423629933068835e-04
2.458772600423058029e+06 9.983183736155393229e-01 1.424594442542640989e-04
2.458772605243609287e+06 9.984559232342589130e-01 1.424765255135712670e-04
2.458772610064160544e+06 9.985693923751122192e-01 1.424936067728784352e-04
2.458772614884711802e+06 9.985630486682990359e-01 1.425106880321856304e-04
2.458772619705263525e+06 9.984368920958460736e-01 1.425000715480913120e-04
2.458772624525814783e+06 9.981909226821268355e-01 1.424869856906392355e-04
2.458772629346366040e+06 9.978851530141127357e-01 1.424738998331871861e-04
2.458772634166917298e+06 9.976627100100543544e-01 1.424608139757351096e-04
2.458772638987469021e+06 9.975297600584254187e-01 1.424543378688643985e-04
2.458772643808020279e+06 9.974863031849111605e-01 1.424523351695639484e-04
2.458772648628571536e+06 9.975173359764357706e-01 1.424503324702634983e-04
2.458772653449122794e+06 9.975048540280483378e-01 1.424483297709630211e-04
2.458772658269674517e+06 9.974236481593650172e-01 1.424405949806231990e-04
2.458772663090225775e+06 9.972737183860748145e-01 1.424177188896121342e-04
2.458772667910777032e+06 9.970555921913037967e-01 1.423948427986010694e-04
2.458772672731328290e+06 9.968182725495696728e-01 1.423719667075899775e-04
2.458772677551880013e+06 9.965937925168344425e-01 1.423490906143691189e-04
2.458772682372431271e+06 9.963821521364676359e-01 1.423582771911403833e-04
2.458772687192982528e+06 9.961833513861644285e-01 1.423690504471110797e-04
2.458772692013533786e+06 9.959816374496431868e-01 1.423798237030817761e-04
2.458772696834085509e+06 9.957436184376438071e-01 1.423905969600931711e-04
2.458772701654636767e+06 9.954682074055560825e-01 1.423608360966051030e-04
2.458772706475188024e+06 9.951554043321939602e-01 1.423073796881860209e-04
2.458772711295739748e+06 9.948150429106338288e-01 1.422539232746030736e-04
2.458772716116291005e+06 9.945137629145842650e-01 1.422004668661839915e-04
2.458772720936842263e+06 9.942640491631695721e-01 1.421692978101573809e-04
2.458772725757393520e+06 9.940659016563899719e-01 1.421878952553254924e-04
2.458772730577945244e+06 9.939181248433949234e-01 1.422064927022900999e-04
2.458772735398496501e+06 9.937527376060191209e-01 1.422250901474582114e-04
2.458772740219047759e+06 9.935303899130218941e-01 1.422436875926263230e-04
2.458772745039599016e+06 9.932510817644030210e-01 1.422117385106628855e-04
2.458772749860150740e+06 9.929148131249283527e-01 1.421791521580617395e-04
2.458772754680701997e+06 9.925612401998298306e-01 1.421465658086084119e-04
2.458772759501253255e+06 9.922650225752140951e-01 1.421139794591550843e-04
2.458772764321804512e+06 9.920279037201061856e-01 1.421072639292239755e-04
2.458772769142356236e+06 9.918498836201646851e-01 1.421135352774420264e-04
2.458772773962907493e+06 9.917171140673464169e-01 1.421198066250543065e-04
2.458772778783458751e+06 9.915481133506178768e-01 1.421260779726665866e-04
2.458772783604010008e+06 9.913295656696222702e-01 1.421298880789981787e-04
2.458772788424561732e+06 9.910614709960688939e-01 1.421290050251842693e-04
2.458772793245112989e+06 9.907440673338226977e-01 1.421281219714556595e-04
2.458772798065664247e+06 9.903865723207032623e-01 1.421272389177270226e-04
2.458772802886215504e+06 9.899937201685709010e-01 1.421252868498451994e-04
2.458772807706767228e+06 9.895655108343532902e-01 1.420763623362756884e-04
2.458772812527318485e+06 9.891019444007799200e-01 1.420274378274322417e-04
2.458772817347869743e+06 9.886505102607882067e-01 1.419785133185888222e-04
2.458772822168421466e+06 9.882905002187264420e-01 1.419295888050193112e-04
2.458772826988972723e+06 9.880231444412691522e-01 1.419118400676862215e-04
2.458772831809523981e+06 9.878484428891642910e-01 1.419074214668636694e-04
2.458772836630075239e+06 9.877366317580347221e-01 1.419030028660411445e-04
2.458772841450626962e+06 9.875347003684764591e-01 1.418985842647917963e-04
2.458772846271178219e+06 9.872209814822501261e-01 1.418880878674580004e-04
2.458772851091729477e+06 9.867954750852483414e-01 1.418676210150809414e-04
2.458772855912280735e+06 9.862639168786329069e-01 1.418471541627038825e-04
2.458772860732832458e+06 9.857883670322655778e-01 1.418266873083497538e-04
2.458772865553383715e+06 9.854427720438666549e-01 1.418061764253347810e-04
2.458772870373934973e+06 9.852271318612216833e-01 1.417849364844276803e-04
2.458772875194486231e+06 9.851414464843306629e-01 1.417636965435206068e-04
2.458772880015037954e+06 9.850880427647075166e-01 1.417424566005617891e-04
2.458772884835589211e+06 9.849226200626614025e-01 1.417212166596547155e-04
2.458772889656140469e+06 9.846438644788543249e-01 1.416777859631203438e-04
2.458772894476691727e+06 9.842517760132865057e-01 1.416263622479098665e-04
2.458772899297243450e+06 9.837733778009473129e-01 1.415749385277318730e-04
2.458772904117794707e+06 9.833306625157746117e-01 1.415235148125213685e-04
2.458772908938345965e+06 9.829384774253080437e-01 1.414874572673034041e-04
2.458772913758897223e+06 9.825968225295478309e-01 1.414732017817104596e-04
2.458772918579448946e+06 9.823041112037894651e-01 1.414589462947404429e-04
2.458772923400000203e+06 9.820260738764294839e-01 1.414446908091474713e-04
