2.459005000000000000e+06 9.863869928922510688e-01 1.384270280759761901e-04
2.459005004820551258e+06 9.867325613612051294e-01 1.384276479708339660e-04
2.459005009641102981e+06 9.870589149092443559e-01 1.384282678657516169e-04
2.459005014461654238e+06 9.873660326799909015e-01 1.384452036200229763e-04
2.459005019282205496e+06 9.876539147058995827e-01 1.384661533995331869e-04
2.459005024102756754e+06 9.879298754654325387e-01 1.384871031790434518e-04
2.459005028923308477e+06 9.882198502028941567e-01 1.385080529605774342e-04
2.459005033743859734e+06 9.885261201147532706e-01 1.385356152681710884e-04
2.459005038564410992e+06 9.888486852282341033e-01 1.385703193811269019e-04
2.459005043384962250e+06 9.891864483629323468e-01 1.386050234940826883e-04
2.459005048205513973e+06 9.895240196418761958e-01 1.386397276103908821e-04
2.459005053026065230e+06 9.898564382380401483e-01 1.386759887745758573e-04
2.459005057846616488e+06 9.901837041842824760e-01 1.387204878926192361e-04
2.459005062667167746e+06 9.905058174806028459e-01 1.387649870106626149e-04
2.459005067487719469e+06 9.908088001205869189e-01 1.388094861330045843e-04
2.459005072308270726e+06 9.910785656094186491e-01 1.388539852510479902e-04
2.459005077128821984e+06 9.913151139254787747e-01 1.388448616942337087e-04
2.459005081949373242e+06 9.915184450687668516e-01 1.388253083449433282e-04
2.459005086769924965e+06 9.917107321229142736e-01 1.388057549937641319e-04
2.459005091590476222e+06 9.919616860657919366e-01 1.387862016444737514e-04
2.459005096411027480e+06 9.922763879384466357e-01 1.387889996255386625e-04
2.459005101231578737e+06 9.926548377408780377e-01 1.388128155849777123e-04
2.459005106052130461e+06 9.930896139343485807e-01 1.388366315467173850e-04
2.459005110872681718e+06 9.934946212053634707e-01 1.388604475061564619e-04
2.459005115693232976e+06 9.938452471497564167e-01 1.388841408880601503e-04
2.459005120513784699e+06 9.941414917935172957e-01 1.389073236233188068e-04
2.459005125334335957e+06 9.943833983543104438e-01 1.389305063563380167e-04
2.459005130154887214e+06 9.946140534433266511e-01 1.389536890893572265e-04
2.459005134975438472e+06 9.948713763757706108e-01 1.389768718223764363e-04
2.459005139795990195e+06 9.951553671803641254e-01 1.390029541884097309e-04
2.459005144616541453e+06 9.954660258022405284e-01 1.390294630243148937e-04
2.459005149437092710e+06 9.957877013943624567e-01 1.390559718602200835e-04
2.459005154257643968e+06 9.960766933044566951e-01 1.390824806961252463e-04
2.459005159078195691e+06 9.963304127892829154e-01 1.391158210132406137e-04
2.459005163898746949e+06 9.965488597998233278e-01 1.391547510733821748e-04
2.459005168719298206e+06 9.967353527622853093e-01 1.391936811335237360e-04
2.459005173539849464e+06 9.969222321002678688e-01 1.392326111936652972e-04
2.459005178360401187e+06 9.971176786534753367e-01 1.392641431297454962e-04
2.459005183180952445e+06 9.973216923841471404e-01 1.392706520253157243e-04
2.459005188001503702e+06 9.975342539534147734e-01 1.392771609208859796e-04
2.459005192822054960e+06 9.977505516686123732e-01 1.392836698164561806e-04
2.459005197642606683e+06 9.979668664652052712e-01 1.392901787126551918e-04
2.459005202463157941e+06 9.981831983014017862e-01 1.392965818802780809e-04
2.459005207283709198e+06 9.983995471980970926e-01 1.393029741288313937e-04
2.459005212104260456e+06 9.986036969701930222e-01 1.393093663773847335e-04
2.459005216924812179e+06 9.987653256236768140e-01 1.393157586265555807e-04
2.459005221745363437e+06 9.988830093474162508e-01 1.393198557505701766e-04
2.459005226565914694e+06 9.989567481591465903e-01 1.393223219987085588e-04
2.459005231386466417e+06 9.989908216756153703e-01 1.393247882470852216e-04
2.459005236207017675e+06 9.990207111163893483e-01 1.393272544952236310e-04
2.459005241027568933e+06 9.990543340559536745e-01 1.393369981920397627e-04
2.459005245848120190e+06 9.990916904943079047e-01 1.393671564067771468e-04
2.459005250668671913e+06 9.991329460170041976e-01 1.393973146244277279e-04
2.459005255489223171e+06 9.991969651004770636e-01 1.394274728391650849e-04
2.459005260309774429e+06 9.992966093371837832e-01 1.394576310539024418e-04
2.459005265130325686e+06 9.994318787271245785e-01 1.394651462872718677e-04
2.459005269950877409e+06 9.996027732885283124e-01 1.394712419200838801e-04
2.459005274771428667e+06 9.997795863530190008e-01 1.394773375523070623e-04
2.459005279591979925e+06 9.998967564425563781e-01 1.394834331845302175e-04
2.459005284412531182e+06 9.999519232198237351e-01 1.394758445856040250e-04
2.459005289233082905e+06 9.999450866811656624e-01 1.394598406340158826e-04
2.459005294053634163e+06 9.998848621624433219e-01 1.394438366839737041e-04
2.459005298874185421e+06 9.998326312236054392e-01 1.394278327339314985e-04
2.459005303694736678e+06 9.998004291551770839e-01 1.394187226009730753e-04
2.459005308515288401e+06 9.997882559569494232e-01 1.394258980504814872e-04
2.459005313335839659e+06 9.997955693171171054e-01 1.394330734992967687e-04
2.459005318156390917e+06 9.997864081413782023e-01 1.394402489481120502e-04
2.459005322976942174e+06 9.997390748276518968e-01 1.394474243969273588e-04
2.459005327797493897e+06 9.996535693658343824e-01 1.394426733479887871e-04
2.459005332618045155e+06 9.995298917724451115e-01 1.394376242050662568e-04
2.459005337438596413e+06 9.993848729615847359e-01 1.394325750621437535e-04
2.459005342259148136e+06 9.992515250827687101e-01 1.394275259187334676e-04
2.459005347079699393e+06 9.991307186542157659e-01 1.394002158395815866e-04
2.459005351900250651e+06 9.990224536624392471e-01 1.393611191436739131e-04
2.459005356720801909e+06 9.989268594766488318e-01 1.393220224477662668e-04
2.459005361541353632e+06 9.988447347072385574e-01 1.392829257480818564e-04
2.459005366361904889e+06 9.987762162779114661e-01 1.392554843861765082e-04
2.459005371182456147e+06 9.987213041800769853e-01 1.392514917305849738e-04
2.459005376003007405e+06 9.986793416869979012e-01 1.392474990749934395e-04
2.459005380823559128e+06 9.986215403434698379e-01 1.392435064190162002e-04
2.459005385644110385e+06 9.985324923954934651e-01 1.392394103251329610e-04
2.459005390464661643e+06 9.984121978389949303e-01 1.392253027201736991e-04
2.459005395285212900e+06 9.982606566739736786e-01 1.392111951152144101e-04
2.459005400105764624e+06 9.980797170290950371e-01 1.391970875088923874e-04
2.459005404926315881e+06 9.978725967064189240e-01 1.391829799039331255e-04
2.459005409746867139e+06 9.976393538532779548e-01 1.391546540467424411e-04
2.459005414567418396e+06 9.973799884696719076e-01 1.391198932821697447e-04
2.459005419387970120e+06 9.970989216583733272e-01 1.390851325142391658e-04
2.459005424208521377e+06 9.968199595858980855e-01 1.390503717496664423e-04
2.459005429029072635e+06 9.965466485770124727e-01 1.390173851892022446e-04
2.459005433849623892e+06 9.962789886317165999e-01 1.389874636023077773e-04
2.459005438670175616e+06 9.960170516360647985e-01 1.389575420125229084e-04
2.459005443490726873e+06 9.957630918237857509e-01 1.389276204256284411e-04
2.459005448311278131e+06 9.955181809571891360e-01 1.388982518838774547e-04
2.459005453131829854e+06 9.952823190139281628e-01 1.388806648683098743e-04
2.459005457952381112e+06 9.950555060395704920e-01 1.388630778544412117e-04
2.459005462772932369e+06 9.948211765644436877e-01 1.388454908405725491e-04
2.459005467593483627e+06 9.945537793829689610e-01 1.388279038267038864e-04
2.459005472414035350e+06 9.942530288811068928e-01 1.387953331344758310e-04
2.459005477234586608e+06 9.939189251169620043e-01 1.387570229734181031e-04
2.459005482055137865e+06 9.935625835330852418e-01 1.387187128123603752e-04
2.459005486875689123e+06 9.932364951055201452e-01 1.386804026513026474e-04
2.459005491696240846e+06 9.929474035553558231e-01 1.386582304548975150e-04
2.459005496516792104e+06 9.926953089384443762e-01 1.386601401306075069e-04
2.459005501337343361e+06 9.924784008639312427e-01 1.386620498063174717e-04
2.459005506157894619e+06 9.922538958503905882e-01 1.386639594820274365e-04
2.459005510978446342e+06 9.920037086054911413e-01 1.386621532389077096e-04
2.459005515798997600e+06 9.917278391775685709e-01 1.386172908571766998e-04
2.459005520619548857e+06 9.914262875436956612e-01 1.385724284754456630e-04
2.459005525440100115e+06 9.911146189182086230e-01 1.385275660937146532e-04
2.459005530260651838e+06 9.908140417582360637e-01 1.384827037076499518e-04
2.459005535081203096e+06 9.905246785107141294e-01 1.384569687611129864e-04
2.459005539901754353e+06 9.902465291460655905e-01 1.384373520923016740e-04
2.459005544722305611e+06 9.899707309113713327e-01 1.384177354234903887e-04
2.459005549542857334e+06 9.896604185573647516e-01 1.383981187527841348e-04
2.459005554363408592e+06 9.893115452320095926e-01 1.383733802139504234e-04
2.459005559183959849e+06 9.889241109071922331e-01 1.383420122080507980e-04
2.459005564004511107e+06 9.885012643883923644e-01 1.383106442021511998e-04
2.459005568825062830e+06 9.881012625816221195e-01 1.382792761932214733e-04
2.459005573645614088e+06 9.877460007605067815e-01 1.382502102380607381e-04
2.459005578466165345e+06 9.874354788842456543e-01 1.382390254712262455e-04
2.459005583286717068e+06 9.871696969293252133e-01 1.382278407033113454e-04
2.459005588107268326e+06 9.869216665029735269e-01 1.382166559364768528e-04
2.459005592927819584e+06 9.866590288124499342e-01 1.382054711696423873e-04
2.459005597748370841e+06 9.863817186804439974e-01 1.381792914530437125e-04
2.459005602568922564e+06 9.860897360780415122e-01 1.381491798975103354e-04
2.459005607389473822e+06 9.857817630468762582e-01 1.381190683448857372e-04
2.459005612210025080e+06 9.854529539884182565e-01 1.380889567922611119e-04
2.459005617030576337e+06 9.851028595763522411e-01 1.380666191224682205e-04
2.459005621851128060e+06 9.847314797737750647e-01 1.380530314291460842e-04
2.459005626671679318e+06 9.843436002780131533e-01 1.380394437371364831e-04
2.459005631492230576e+06 9.840105063065114344e-01 1.380258560451269091e-04
2.459005636312781833e+06 9.837560033660706083e-01 1.380152471396861428e-04
2.459005641133333556e+06 9.835800914434938980e-01 1.380216960447611335e-04
2.459005645953884814e+06 9.834827705727670066e-01 1.380281449492131145e-04
2.459005650774436072e+06 9.833906827106490001e-01 1.380345938536651498e-04
2.459005655594987329e+06 9.832268251492806144e-01 1.380410427581171579e-04
2.459005660415539052e+06 9.829911866146265886e-01 1.380165444011181267e-04
2.459005665236090310e+06 9.826837671522117290e-01 1.379855663303783191e-04
2.459005670056641567e+06 9.823354261740286919e-01 1.379545882596385387e-04
2.459005674877192825e+06 9.820466983176711073e-01 1.379236101888987583e-04
2.459005679697744548e+06 9.818253467804473056e-01 1.379055800034441055e-04
2.459005684518295806e+06 9.816713716051219674e-01 1.379002375776887683e-04
2.459005689338847063e+06 9.815784279405458390e-01 1.378948951519334311e-04
2.459005694159398787e+06 9.814687731835207707e-01 1.378895527256620136e-04
2.459005698979950044e+06 9.813193697942024230e-01 1.378881641295755093e-04
2.459005703800501302e+06 9.811302177639181776e-01 1.379043947056382091e-04
2.459005708621052559e+06 9.809013445046389501e-01 1.379206252817008818e-04
2.459005713441604283e+06 9.806898828770755916e-01 1.379368558593314464e-04
2.459005718262155540e+06 9.805481482860231024e-01 1.379530864353941462e-04
2.459005723082706798e+06 9.804761407076866275e-01 1.379399943467821675e-04
2.459005727903258055e+06 9.804738601420663890e-01 1.379221873722514342e-04
2.459005732723809779e+06 9.805091448208559379e-01 1.379043803960005329e-04
2.459005737544361036e+06 9.804889763896947885e-01 1.378865734214698268e-04
2.459005742364912294e+06 9.804074802277830125e-01 1.378771265135306982e-04
2.459005747185463551e+06 9.802646563351204989e-01 1.378748102404589698e-04
2.459005752006015275e+06 9.800679613711850147e-01 1.378724939671634891e-04
2.459005756826566532e+06 9.798938246989583600e-01 1.378701776940917606e-04
2.459005761647117790e+06 9.797623023860754232e-01 1.378721929814633669e-04
2.459005766467669047e+06 9.796733944325362042e-01 1.378897566639969289e-04
2.459005771288220771e+06 9.796270537543115831e-01 1.379073203482271317e-04
2.459005776108772028e+06 9.796072246170335340e-01 1.379248840307607479e-04
2.459005780929323286e+06 9.796010147334633933e-01 1.379424477132943369e-04
2.459005785749874543e+06 9.796084241036009388e-01 1.379350058049337634e-04
2.459005790570426267e+06 9.796294527301352417e-01 1.379246642279037343e-04
2.459005795390977524e+06 9.796611501013058332e-01 1.379143226518726891e-04
2.459005800211528782e+06 9.796959319206970385e-01 1.379039810758416710e-04
2.459005805032080505e+06 9.797334153983932037e-01 1.379003116365279619e-04
2.459005809852631763e+06 9.797736005271524551e-01 1.379015880862641274e-04
2.459005814673183020e+06 9.798178471858024485e-01 1.379028645360002930e-04
2.459005819493734278e+06 9.798779721363853890e-01 1.379041409857364856e-04
2.459005824314286001e+06 9.799567135969263765e-01 1.379080479832910143e-04
2.459005829134837259e+06 9.800540715522126911e-01 1.379197426624665908e-04
2.459005833955388516e+06 9.801700265442780946e-01 1.379314373416421673e-04
2.459005838775939774e+06 9.803018724646174187e-01 1.379431320208177438e-04
2.459005843596491497e+06 9.804476948472701237e-01 1.379548267011230047e-04
2.459005848417042755e+06 9.806074936640633011e-01 1.379727311797915583e-04
2.459005853237594012e+06 9.807812689284085561e-01 1.379910980583713871e-04
2.459005858058145270e+06 9.809614966716563300e-01 1.380094649369512159e-04
2.459005862878696993e+06 9.811309802175833816e-01 1.380278318173052332e-04
2.459005867699248251e+06 9.812890467001804673e-01 1.380520674975661019e-04
2.459005872519799508e+06 9.814356961363709386e-01 1.380800727374965333e-04
2.459005877340350766e+06 9.815726428929791858e-01 1.381080779774269106e-04
2.459005882160902489e+06 9.817126533479864081e-01 1.381360832200626161e-04
2.459005886981453747e+06 9.818583301496472959e-01 1.381649008236656621e-04
2.459005891802005004e+06 9.820096733112132492e-01 1.381957355826607826e-04
2.459005896622556262e+06 9.821671210128077867e-01 1.382265703416559301e-04
2.459005901443107985e+06 9.823642517155429799e-01 1.382574051036296521e-04
2.459005906263659243e+06 9.826220704112343940e-01 1.382882398626247996e-04
2.459005911084210500e+06 9.829405771159939187e-01 1.382903294822737726e-04
2.459005915904762223e+06 9.833197718693824640e-01 1.382913859694706799e-04
2.459005920725313481e+06 9.837223109584170011e-01 1.382924424565655367e-04
2.459005925545864739e+06 9.840723222881887500e-01 1.382934989436603664e-04
2.459005930366415996e+06 9.843675980052212227e-01 1.383065505362316067e-04
2.459005935186967719e+06 9.846081381301069468e-01 1.383262471898407298e-04
2.459005940007518977e+06 9.848069637878348326e-01 1.383459438415471864e-04
2.459005944828070235e+06 9.850479000407482699e-01 1.383656404932536430e-04
2.459005949648621492e+06 9.853459124811619896e-01 1.383909672061978179e-04
2.459005954469173215e+06 9.857010011461340149e-01 1.384281642198917914e-04
2.459005959289724473e+06 9.861119228308657947e-01 1.384653612299926106e-04
2.459005964110275730e+06 9.865176326741116331e-01 1.385025582400933755e-04
2.459005968930826988e+06 9.868842777352898610e-01 1.385397552501941676e-04
2.459005973751378711e+06 9.872118580441576752e-01 1.385459202105919258e-04
2.459005978571929969e+06 9.875003735374270342e-01 1.385520824962418638e-04
2.459005983392481226e+06 9.877705063642457928e-01 1.385582447818918290e-04
2.459005988213032484e+06 9.880595734690741372e-01 1.385644070675417941e-04
2.459005993033584207e+06 9.883683363045776549e-01 1.385849610592580815e-04
2.459005997854135465e+06 9.886967948111039517e-01 1.386123464033282024e-04
2.459006002674686722e+06 9.890387165928039570e-01 1.386397317473983233e-04
2.459006007495237980e+06 9.893591691341709904e-01 1.386671170914683900e-04
2.459006012315789703e+06 9.896527222977258287e-01 1.386914291153607079e-04
2.459006017136340961e+06 9.899193760267546160e-01 1.387101892591808964e-04
2.459006021956892218e+06 9.901603813458935699e-01 1.387289494030011119e-04
2.459006026777443942e+06 9.904187973532415645e-01 1.387477095486335443e-04
2.459006031597995199e+06 9.907158298021208065e-01 1.387662518984823714e-04
2.459006036418546457e+06 9.910514787156287086e-01 1.387787031146390127e-04
2.459006041239097714e+06 9.914257440937654930e-01 1.387911543307956811e-04
2.459006046059649438e+06 9.918179237632064327e-01 1.388036055481550821e-04
2.459006050880200695e+06 9.921949031914932826e-01 1.388160567643117235e-04
2.459006055700751953e+06 9.925562491993329406e-01 1.388339855208575659e-04
2.459006060521303210e+06 9.929019617867255176e-01 1.388541220968796401e-04
2.459006065341854934e+06 9.932304373445516310e-01 1.388742586748468544e-04
2.459006070162406191e+06 9.935338046794762734e-01 1.388943952508689015e-04
2.459006074982957449e+06 9.938110060359952591e-01 1.389144249916566588e-04
2.459006079803508706e+06 9.940620414141083661e-01 1.389342882803705037e-04
2.459006084624060430e+06 9.942877991949625738e-01 1.389541515710030883e-04
2.459006089444611687e+06 9.945110157294986264e-01 1.389740148597169061e-04
2.459006094265162945e+06 9.947416446239107923e-01 1.389936399250588951e-04
2.459006099085714202e+06 9.949796858781987385e-01 1.390100571331468588e-04
2.459006103906265926e+06 9.952251395164314340e-01 1.390264743428207121e-04
2.459006108726817183e+06 9.954773311881044418e-01 1.390428915509086757e-04
2.459006113547368441e+06 9.957353071955524770e-01 1.390593087589966665e-04
2.459006118367919698e+06 9.959990606543956959e-01 1.390826326233178068e-04
2.459006123188471422e+06 9.962685915909493817e-01 1.391082915955628376e-04
2.459006128009022679e+06 9.965399391707826515e-01 1.391339505653292467e-04
2.459006132829573937e+06 9.967959997693452978e-01 1.391596095350956558e-04
2.459006137650125660e+06 9.970348035358193028e-01 1.391865590727795453e-04
2.459006142470676918e+06 9.972563504240677945e-01 1.392152508594767066e-04
2.459006147291228175e+06 9.974613424830425235e-01 1.392439426461738951e-04
2.459006152111779433e+06 9.976637057024090316e-01 1.392726344328710294e-04
2.459006156932331156e+06 9.978688609311758828e-01 1.392994634436895752e-04
2.459006161752882414e+06 9.980768081297073380e-01 1.393101982845481701e-04
2.459006166573433671e+06 9.982875473176863190e-01 1.393209331254067649e-04
2.459006171393984929e+06 9.984936927950842644e-01 1.393316679662653598e-04
2.459006176214536652e+06 9.986860405873926316e-01 1.393424028081609127e-04
2.459006181035087910e+06 9.988645635087396446e-01 1.393553866414745841e-04
2.459006185855639167e+06 9.990292615783739061e-01 1.393689976595082673e-04
2.459006190676190425e+06 9.991701043942189386e-01 1.393826086775419777e-04
2.459006195496742148e+06 9.992488443542943966e-01 1.393962196968904729e-04
2.459006200317293406e+06 9.992617466271989102e-01 1.394110912847336891e-04
2.459006205137844663e+06 9.992088112237178521e-01 1.394274418367594725e-04
2.459006209958395921e+06 9.990971112179726221e-01 1.394437923887852830e-04
2.459006214778947644e+06 9.990387626008794264e-01 1.394601429423905322e-04
2.459006219599498902e+06 9.990725538223854674e-01 1.394755220349387301e-04
2.459006224420050159e+06 9.991984848724042578e-01 1.394848504479222575e-04
2.459006229240601417e+06 9.994165557509355757e-01 1.394941788609058121e-04
2.459006234061153140e+06 9.996534491314393867e-01 1.395035072747904741e-04
2.459006238881704397e+06 9.998290407618880549e-01 1.395128356877740287e-04
2.459006243702255655e+06 9.999432916227070089e-01 1.395141279487760650e-04
2.459006248522807378e+06 9.999962017160441974e-01 1.395136147027102461e-04
2.459006253343358636e+06 1.000000000000000000e+00 1.395131014566940023e-04
2.459006258163909893e+06 9.999959801427547035e-01 1.395125882106777585e-04
2.459006262984461151e+06 9.999875155088729928e-01 1.395149555483927507e-04
2.459006267805012874e+06 9.999746060968929262e-01 1.395202646456840216e-04
2.459006272625564132e+06 9.999567799932654877e-01 1.395255737424624378e-04
2.459006277446115389e+06 9.999279197260607654e-01 1.395308828392408541e-04
2.459006282266666647e+06 9.998861463448971421e-01 1.395327202961172579e-04
2.459006287087218370e+06 9.998314598438685641e-01 1.395179561401382006e-04
2.459006291907769628e+06 9.997638591165307620e-01 1.395031919855853569e-04
2.459006296728320885e+06 9.996754676968112596e-01 1.394884278310325133e-04
2.459006301548872143e+06 9.995587765763388477e-01 1.394736636764796697e-04
2.459006306369423866e+06 9.994137857397404900e-01 1.394600086647509877e-04
2.459006311189975124e+06 9.992404952150281128e-01 1.394465476218076751e-04
2.459006316010526381e+06 9.990570742305197038e-01 1.394330865788643626e-04
2.459006320831077639e+06 9.989179644249454038e-01 1.394196255359209959e-04
2.459006325651629362e+06 9.988268246054687882e-01 1.394199941212811186e-04
2.459006330472180620e+06 9.987836547896979944e-01 1.394326586328041009e-04
2.459006335292731877e+06 9.987800807703292039e-01 1.394453231443270832e-04
2.459006340113283135e+06 9.987257102827162836e-01 1.394579876558500655e-04
2.459006344933834858e+06 9.985959402925645989e-01 1.394553158132942703e-04
2.459006349754386116e+06 9.983907708249455393e-01 1.393940895656130242e-04
2.459006354574937373e+06 9.981103145152937506e-01 1.393328633179317510e-04
2.459006359395489097e+06 9.978109245323639742e-01 1.392716370643361007e-04
2.459006364216040354e+06 9.975396344782305746e-01 1.392104108166548546e-04
2.459006369036591612e+06 9.972964443226152165e-01 1.391903091413671824e-04
2.459006373857142869e+06 9.970813540655184548e-01 1.391755116598131594e-04
2.459006378677694593e+06 9.968839142674461584e-01 1.391607141768297243e-04
2.459006383498245850e+06 9.966763043115487442e-01 1.391459166952757284e-04
2.459006388318797108e+06 9.964570185994889862e-01 1.391176617047454030e-04
2.459006393139348365e+06 9.962260571312668844e-01 1.390790016178025050e-04
2.459006397959900089e+06 9.959867061102309904e-01 1.390403415271250997e-04
2.459006402780451346e+06 9.957689279063592913e-01 1.390016814401822016e-04
2.459006407601002604e+06 9.955799306358146250e-01 1.389702776487152229e-04
2.459006412421553861e+06 9.954197142985974356e-01 1.389615824619192181e-04
2.459006417242105585e+06 9.952879676117363239e-01 1.389528872742832005e-04
2.459006422062656842e+06 9.951305133794259294e-01 1.389441920874871957e-04
2.459006426883208100e+06 9.949075626631539437e-01 1.389354969006911637e-04
2.459006431703759357e+06 9.946191154629203668e-01 1.389100171753261399e-04
2.459006436524311081e+06 9.942651717413706347e-01 1.388830850903449720e-04
2.459006441344862338e+06 9.938707494102053674e-01 1.388561530079654557e-04
2.459006446165413596e+06 9.934950705589485898e-01 1.388292209255859123e-04
2.459006450985964853e+06 9.931406447791708558e-01 1.388001104436653479e-04
2.459006455806516577e+06 9.928074720397143116e-01 1.387695389778155703e-04
2.459006460627067834e+06 9.924953334750413747e-01 1.387389675149189696e-04
2.459006465447619092e+06 9.922025235259235298e-01 1.387083960520223689e-04
2.459006470268170349e+06 9.919286807704605913e-01 1.386773661600877109e-04
2.459006475088722073e+06 9.916738051849476321e-01 1.386451383100757793e-04
2.459006479909273330e+06 9.914374834416180837e-01 1.386129104631769987e-04
2.459006484729824588e+06 9.911826149660351026e-01 1.385806826162782181e-04
2.459006489550376311e+06 9.908851299386208789e-01 1.385484547662662865e-04
2.459006494370927569e+06 9.905450284168493269e-01 1.385224363285530406e-04
2.459006499191478826e+06 9.901623103740416765e-01 1.384967107080554462e-04
2.459006504012030084e+06 9.897610706519712753e-01 1.384709850875578789e-04
2.459006508832581807e+06 9.893920195274444884e-01 1.384452594645752118e-04
2.459006513653133065e+06 9.890567776117616949e-01 1.384167547092358724e-04
2.459006518473684322e+06 9.887553448676394963e-01 1.383866398366331656e-04
2.459006523294235580e+06 9.884817586907514997e-01 1.383565249640304317e-04
2.459006528114787303e+06 9.881959597893184011e-01 1.383264100885186478e-04
2.459006532935338560e+06 9.878905029126179294e-01 1.382972115246471436e-04
2.459006537755889818e+06 9.875653880339917423e-01 1.382700394843273364e-04
2.459006542576441076e+06 9.872210741555780267e-01 1.382428674440075022e-04
2.459006547396992799e+06 9.868830169082023485e-01 1.382156954010628957e-04
2.459006552217544056e+06 9.865658472271581214e-01 1.381885233607430615e-04
2.459006557038095314e+06 9.862695650787802748e-01 1.381803445541735040e-04
2.459006561858646572e+06 9.859941704630689197e-01 1.381723659126273375e-04
2.459006566679198295e+06 9.857330527180807600e-01 1.381643872703104930e-04
2.459006571499749552e+06 9.854738516784845581e-01 1.381564086287643536e-04
2.459006576320300810e+06 9.852162847429731807e-01 1.381356020339903460e-04
2.459006581140852068e+06 9.849603519115466277e-01 1.381084133310564877e-04
2.459006585961403791e+06 9.847046427865107088e-01 1.380812246254962039e-04
2.459006590781955048e+06 9.844409236418694142e-01 1.380540359225623727e-04
2.459006595602506306e+06 9.841678595428966503e-01 1.380312587888668486e-04
2.459006600423058029e+06 9.838854504618609331e-01 1.380168212459495015e-04
2.459006605243609287e+06 9.835942557422875376e-01 1.380023837044267907e-04
2.459006610064160544e+06 9.833155290597594966e-01 1.379879461629041342e-04
2.459006614884711802e+06 9.830601141271032573e-01 1.379735928982371812e-04
2.459006619705263525e+06 9.828280109230238537e-01 1.379626414289467865e-04
2.459006624525814783e+06 9.826192194923633050e-01 1.379516899607143021e-04
2.459006629346366040e+06 9.824131251924708153e-01 1.379407384924817906e-04
2.459006634166917298e+06 9.821755366921071095e-01 1.379297870242492791e-04
2.459006638987469021e+06 9.819059368739188054e-01 1.379240580067717114e-04
2.459006643808020279e+06 9.816043257899920160e-01 1.379205419389125363e-04
2.459006648628571536e+06 9.812818400646968753e-01 1.379170258710533611e-04
2.459006653449122794e+06 9.809953241265374491e-01 1.379135098031941589e-04
2.459006658269674517e+06 9.807527637027110279e-01 1.379044724892135526e-04
2.459006663090225775e+06 9.805541588400797925e-01 1.378864488924766169e-04
2.459006667910777032e+06 9.803986369413668633e-01 1.378684252957397083e-04
2.459006672731328290e+06 9.802619179232520130e-01 1.378504016990027726e-04
2.459006677551880013e+06 9.801329921333611361e-01 1.378339127586713456e-04
2.459006682372431271e+06 9.800118595966025303e-01 1.378419980480031668e-04
2.459006687192982528e+06 9.798985203001455702e-01 1.378500833373349881e-04
2.459006692013533786e+06 9.797993748862526830e-01 1.378581686266668093e-04
2.459006696834085509e+06 9.797238186943774130e-01 1.378662539167796355e-04
2.459006701654636767e+06 9.796719345355153763e-01 1.379053411402950916e-04
2.459006706475188024e+06 9.796437224012248812e-01 1.379554925969583845e-04
2.459006711295739748e+06 9.796329133304717551e-01 1.380056440584662722e-04
2.459006716116291005e+06 9.796113912077303310e-01 1.380557955151295380e-04
2.459006720936842263e+06 9.795757613811789666e-01 1.380732805334683943e-04
2.459006725757393520e+06 9.795260238508174400e-01 1.380447520599810309e-04
2.459006730577945244e+06 9.794637206594141166e-01 1.380162235837378425e-04
2.459006735398496501e+06 9.794217452148299419e-01 1.379876951102505063e-04
2.459006740219047759e+06 9.794133597390697332e-01 1.379636093269658167e-04
2.459006745039599016e+06 9.794385642321337127e-01 1.379826560819116528e-04
2.459006749860150740e+06 9.794973587013233729e-01 1.380017028386973257e-04
2.459006754680701997e+06 9.795649615925758891e-01 1.380207495936431076e-04
2.459006759501253255e+06 9.796092841539428830e-01 1.380397963485889437e-04
2.459006764321804512e+06 9.796301964662748052e-01 1.380610494562125950e-04
2.459006769142356236e+06 9.796276985281993088e-01 1.380829557260905094e-04
2.459006773962907493e+06 9.796171768206096697e-01 1.381048619938523322e-04
2.459006778783458751e+06 9.796595071770189955e-01 1.381267682616141280e-04
2.459006783604010008e+06 9.797609429200547781e-01 1.381355835354868087e-04
2.459006788424561732e+06 9.799214840680797733e-01 1.381283847614295072e-04
2.459006793245112989e+06 9.801375575323162392e-01 1.381211859880675588e-04
2.459006798065664247e+06 9.803487581203623735e-01 1.381139872147056646e-04
2.459006802886215504e+06 9.805334352340999704e-01 1.381134493685147132e-04
2.459006807706767228e+06 9.806915888875253895e-01 1.381582950646791932e-04
2.459006812527318485e+06 9.808232190500837389e-01 1.382031407565115536e-04
2.459006817347869743e+06 9.809479185374087029e-01 1.382479864483439683e-04
2.459006822168421466e+06 9.810879701790821139e-01 1.382928321445083941e-04
2.459006826988972723e+06 9.812433966432514421e-01 1.382811711178083720e-04
2.459006831809523981e+06 9.814141979427030149e-01 1.382559254201242631e-04
2.459006836630075239e+06 9.815957432910333846e-01 1.382306797224401541e-04
2.459006841450626962e+06 9.817718204872265542e-01 1.382054340223173221e-04
2.459006846271178219e+06 9.819410302179407690e-01 1.382049847188987957e-04
2.459006851091729477e+06 9.821033725005168247e-01 1.382309302973107671e-04
2.459006855912280735e+06 9.822607664439388930e-01 1.382568758757227656e-04
2.459006860732832458e+06 9.824395783537569482e-01 1.382828214566410871e-04
2.459006865553383715e+06 9.826482015666693215e-01 1.383060923777273347e-04
2.459006870373934973e+06 9.828866360985090145e-01 1.383155874260566021e-04
2.459006875194486231e+06 9.831548819221332947e-01 1.383250824743858967e-04
2.459006880015037954e+06 9.834433828807359612e-01 1.383345775236323992e-04
2.459006884835589211e+06 9.837426469649347416e-01 1.383440725719616937e-04
2.459006889656140469e+06 9.840526742020786477e-01 1.383787757717862288e-04
2.459006894476691727e+06 9.843734645921679016e-01 1.384182523767214248e-04
2.459006899297243450e+06 9.847029266263983560e-01 1.384577289854700580e-04
2.459006904117794707e+06 9.850345660217213473e-01 1.384972055904053082e-04
2.459006908938345965e+06 9.853679191584742147e-01 1.385211341951985569e-04
2.459006913758897223e+06 9.857029860366568474e-01 1.385306525726721861e-04
2.459006918579448946e+06 9.860376528813736829e-01 1.385401709510652459e-04
2.459006923400000203e+06 9.863478564892018685e-01 1.385496893285388751e-04
