2.458958000000000000e+06 9.505855443866202403e-01 6.684007836752078272e-05
2.458958004306767136e+06 9.504375137046175981e-01 6.683276343434953746e-05
2.458958008613533806e+06 9.502517838135340345e-01 6.682544850196921768e-05
2.458958012920300942e+06 9.500283546732060103e-01 6.680945681067548532e-05
2.458958017227067612e+06 9.497672263319495434e-01 6.679145410458202630e-05
2.458958021533834748e+06 9.494737639870122203e-01 6.677345139654205846e-05
2.458958025840601418e+06 9.491992410303902172e-01 6.675544869044859944e-05
2.458958030147368554e+06 9.489564399200309808e-01 6.673744598240863161e-05
2.458958034454135224e+06 9.487453607084391782e-01 6.672501481946506799e-05
2.458958038760902360e+06 9.485660033499697663e-01 6.671272961526626937e-05
2.458958043067669030e+06 9.484297485165801289e-01 6.670044441239579461e-05
2.458958047374436166e+06 9.483916306515678407e-01 6.668815920819699599e-05
2.458958051681202836e+06 9.484589197153445728e-01 6.667922937145712007e-05
2.458958055987969972e+06 9.486316157224613521e-01 6.669141749430089233e-05
2.458958060294736642e+06 9.489097186355734959e-01 6.670360561582684396e-05
2.458958064601503778e+06 9.492751015245940449e-01 6.671579373867061622e-05
2.458958068908270914e+06 9.496784335000416633e-01 6.672798186151440204e-05
2.458958073215037584e+06 9.501169298188707479e-01 6.674247098083461993e-05
2.458958077521804720e+06 9.505905905759044483e-01 6.676233588492901008e-05
2.458958081828571390e+06 9.510994156687152534e-01 6.678220078687554151e-05
2.458958086135338526e+06 9.516278643566081774e-01 6.680206569096991810e-05
2.458958090442105196e+06 9.521517198155058370e-01 6.682193059291646308e-05
2.458958094748872332e+06 9.526706988904870554e-01 6.684001361323430935e-05
2.458958099055639002e+06 9.531848014693242721e-01 6.685602468007532375e-05
2.458958103362406138e+06 9.536940260656394663e-01 6.687203574864752443e-05
2.458958107669172809e+06 9.541974653838097842e-01 6.688804681548853883e-05
2.458958111975939944e+06 9.546943538432633991e-01 6.690405788406072595e-05
2.458958116282706615e+06 9.551846913365498182e-01 6.691880855227592614e-05
2.458958120589473750e+06 9.556684779697030008e-01 6.693280297606930547e-05
2.458958124896240421e+06 9.561466565617567914e-01 6.694679739834957224e-05
2.458958129203007556e+06 9.566486344554719912e-01 6.696079182214295157e-05
2.458958133509774227e+06 9.571883661815185906e-01 6.697478624442321834e-05
2.458958137816541363e+06 9.577658518566116719e-01 6.699492328592998548e-05
2.458958142123308498e+06 9.583810914244348389e-01 6.701671657822793119e-05
2.458958146430075169e+06 9.590351976568467496e-01 6.703850986816953965e-05
2.458958150736842304e+06 9.597401530182197993e-01 6.706030316046749892e-05
2.458958155043608975e+06 9.604992130616510915e-01 6.708209645040910738e-05
2.458958159350376111e+06 9.613123779512844358e-01 6.711335122537749609e-05
2.458958163657142781e+06 9.621796475112760483e-01 6.714510123569572466e-05
2.458958167963909917e+06 9.630852882971200346e-01 6.717685124944687612e-05
2.458958172270676587e+06 9.639458915065055589e-01 6.720860125976511825e-05
2.458958176577443723e+06 9.647492400385651035e-01 6.723925679474135276e-05
2.458958180884210393e+06 9.654953337195771867e-01 6.726131190962259291e-05
2.458958185190977529e+06 9.661841727108821942e-01 6.728336702688852218e-05
2.458958189497744199e+06 9.668414741520129363e-01 6.730542214176976233e-05
2.458958193804511335e+06 9.675432583459292468e-01 6.732747725903567805e-05
2.458958198111278005e+06 9.682945151146189477e-01 6.735085195152782256e-05
2.458958202418045141e+06 9.690952446205383097e-01 6.737769641472019172e-05
2.458958206724812277e+06 9.699454467851337247e-01 6.740454087791256088e-05
2.458958211031578947e+06 9.707860397597712909e-01 6.743138533820241241e-05
2.458958215338346083e+06 9.715168071346254042e-01 6.745822980139478157e-05
2.458958219645112753e+06 9.721360994418029033e-01 6.747477007743099282e-05
2.458958223951879889e+06 9.726439168152233306e-01 6.747809731993735332e-05
2.458958228258646559e+06 9.730402910279227768e-01 6.748142456208394843e-05
2.458958232565413695e+06 9.734125347759364777e-01 6.748475180459032247e-05
2.458958236872180365e+06 9.738415062374661257e-01 6.748807904673693114e-05
2.458958241178947501e+06 9.743272055052755176e-01 6.749824093373148540e-05
2.458958245485714171e+06 9.748696324743336694e-01 6.751294434332365886e-05
2.458958249792481307e+06 9.754688107632122351e-01 6.752764775450562508e-05
2.458958254099247977e+06 9.761256600519035986e-01 6.754235116409782564e-05
2.458958258406015113e+06 9.768406545732114532e-01 6.755705457527979186e-05
2.458958262712781783e+06 9.776137941725207003e-01 6.758809329087150551e-05
2.458958267019548919e+06 9.784450790170201584e-01 6.762419431173055304e-05
2.458958271326315589e+06 9.793309005397328182e-01 6.766029532868624236e-05
2.458958275633082725e+06 9.802271780962381609e-01 6.769639634954530345e-05
2.458958279939849861e+06 9.811208743876079774e-01 6.773249737040435098e-05
2.458958284246616531e+06 9.820119893176314507e-01 6.776317974793548415e-05
2.458958288553383667e+06 9.829005230790093250e-01 6.779342941222105188e-05
2.458958292860150337e+06 9.837695091566724948e-01 6.782367907323593403e-05
2.458958297166917473e+06 9.845200905667129687e-01 6.785392873752150176e-05
2.458958301473684143e+06 9.851362715536671200e-01 6.788172936081331838e-05
2.458958305780451279e+06 9.856180522507821395e-01 6.788436232448268872e-05
2.458958310087217949e+06 9.859654325538742548e-01 6.788699528786738824e-05
2.458958314393985085e+06 9.862315186705246095e-01 6.788962825153678569e-05
2.458958318700751755e+06 9.865869296999385529e-01 6.789226121492147165e-05
2.458958323007518891e+06 9.870445494627674288e-01 6.790126416399334562e-05
2.458958327314285561e+06 9.876043778600523959e-01 6.792924417985048580e-05
2.458958331621052697e+06 9.882664150128545044e-01 6.795722419873292952e-05
2.458958335927819367e+06 9.889912234241308164e-01 6.798520421459006971e-05
2.458958340234586503e+06 9.897060616168773528e-01 6.801318423347251342e-05
2.458958344541353639e+06 9.904093358997538843e-01 6.803893940877218135e-05
2.458958348848120309e+06 9.911010461985958475e-01 6.806154464921443923e-05
2.458958353154887445e+06 9.917811926629827024e-01 6.808414989210085473e-05
2.458958357461654115e+06 9.924045619548690356e-01 6.810675513254311260e-05
2.458958361768421251e+06 9.929250781214072896e-01 6.812936037542952810e-05
2.458958366075187922e+06 9.933427400232321958e-01 6.814083518507183933e-05
2.458958370381955057e+06 9.936575477506610632e-01 6.814413595055226515e-05
2.458958374688721728e+06 9.938716309725018627e-01 6.814743671567581227e-05
2.458958378995488863e+06 9.940931415687315198e-01 6.815073748115625164e-05
2.458958383302255534e+06 9.943826648605449403e-01 6.815403824627978520e-05
2.458958387609022669e+06 9.947402009105503762e-01 6.816728577785426146e-05
2.458958391915789340e+06 9.951657496414320070e-01 6.818404260329428827e-05
2.458958396222556476e+06 9.956533500819942928e-01 6.820079943054611178e-05
2.458958400529323146e+06 9.961197027155085371e-01 6.821755625598613859e-05
2.458958404836090282e+06 9.965380177095025660e-01 6.823431308323796209e-05
2.458958409142856952e+06 9.969082949735177390e-01 6.823853813931485420e-05
2.458958413449624088e+06 9.972305345876246729e-01 6.824139909685315311e-05
2.458958417756391224e+06 9.974961904545098790e-01 6.824426005439143846e-05
2.458958422063157894e+06 9.976503680016357567e-01 6.824712101162041448e-05
2.458958426369925030e+06 9.976832874094694326e-01 6.824848461246823834e-05
2.458958430676691700e+06 9.975949486708923786e-01 6.822811812722800865e-05
2.458958434983458836e+06 9.973853517668014312e-01 6.820775163978571014e-05
2.458958439290225506e+06 9.970986603032394591e-01 6.818738515454548046e-05
2.458958443596992642e+06 9.968892225375691751e-01 6.816701866710316840e-05
2.458958447903759312e+06 9.967703259043199093e-01 6.815146204699292951e-05
2.458958452210526448e+06 9.967419703777811169e-01 6.815227547089180527e-05
2.458958456517293118e+06 9.968041559640841154e-01 6.815308889470273867e-05
2.458958460824060254e+06 9.969227071104583837e-01 6.815390231860161442e-05
2.458958465130826924e+06 9.970291310144177022e-01 6.815471574241254782e-05
2.458958469437594060e+06 9.971215081785200773e-01 6.815759060848715670e-05
2.458958473744360730e+06 9.971998385827894884e-01 6.816369349346281469e-05
2.458958478051127866e+06 9.972641222441648301e-01 6.816979637909834522e-05
2.458958482357895002e+06 9.973269158617285024e-01 6.817589926473386220e-05
2.458958486664661672e+06 9.974022851673521872e-01 6.818200214970952019e-05
2.458958490971428808e+06 9.974902413446704585e-01 6.818749730176781594e-05
2.458958495278195478e+06 9.975907843746634196e-01 6.819249993163965177e-05
2.458958499584962614e+06 9.977026316393218242e-01 6.819750256205240962e-05
2.458958503891729284e+06 9.977373744820194901e-01 6.820250519192424545e-05
2.458958508198496420e+06 9.976411379769006826e-01 6.820750782233700330e-05
2.458958512505263090e+06 9.974139221447761994e-01 6.819705367903315359e-05
2.458958516812030226e+06 9.970557269365115660e-01 6.818043806211390105e-05
2.458958521118796896e+06 9.965782585652733783e-01 6.816382244699118506e-05
2.458958525425564032e+06 9.961704539694675731e-01 6.814720683007193251e-05
2.458958529732330702e+06 9.958983391745444003e-01 6.813059121494921652e-05
2.458958534039097838e+06 9.957619141216599301e-01 6.813361039705486115e-05
2.458958538345864508e+06 9.957611788403156750e-01 6.813936761342673893e-05
2.458958542652631644e+06 9.958640148703363781e-01 6.814512483042111139e-05
2.458958546959398314e+06 9.958421939041780524e-01 6.815088204679297561e-05
2.458958551266165450e+06 9.956510724706035820e-01 6.815568569056768054e-05
2.458958555572932586e+06 9.952906505628198452e-01 6.813775065090409459e-05
2.458958559879699256e+06 9.947609282472544834e-01 6.811981561317971264e-05
2.458958564186466392e+06 9.941070895435061283e-01 6.810188057351612668e-05
2.458958568493233062e+06 9.935011089474393708e-01 6.808394553579175828e-05
2.458958572800000198e+06 9.929597358073635194e-01 6.806634651708310248e-05
2.458958577106766868e+06 9.924829702403479281e-01 6.805006774508832123e-05
2.458958581413534004e+06 9.920708121432940674e-01 6.803378897133343262e-05
2.458958585720300674e+06 9.916981012674764839e-01 6.801751019933865137e-05
2.458958590027067810e+06 9.913100757428505716e-01 6.800123142558376277e-05
2.458958594333834480e+06 9.909048302040269762e-01 6.798633975930502317e-05
2.458958598640601616e+06 9.904823645633721307e-01 6.797385598351378725e-05
2.458958602947368287e+06 9.900426789122430682e-01 6.796137220907234237e-05
2.458958607254135422e+06 9.895738162998097831e-01 6.794888843328110645e-05
2.458958611560902093e+06 9.890610961556385305e-01 6.793640465883964803e-05
2.458958615867669228e+06 9.885044806543117346e-01 6.791546170575499773e-05
2.458958620174436364e+06 9.879039698488933929e-01 6.788696098232727659e-05
2.458958624481203035e+06 9.872589292417118800e-01 6.785846026198115617e-05
2.458958628787970170e+06 9.865060646305539027e-01 6.782995953855343503e-05
2.458958633094736841e+06 9.856033687307789171e-01 6.780145881820732817e-05
2.458958637401503976e+06 9.845508413471828479e-01 6.775647332941082891e-05
2.458958641708270647e+06 9.833484827073704082e-01 6.770410825693343431e-05
2.458958646015037782e+06 9.820120996308967509e-01 6.765174317879415979e-05
2.458958650321804453e+06 9.808397933525723200e-01 6.759937810631676518e-05
2.458958654628571589e+06 9.799447009828011756e-01 6.754701302817749066e-05
2.458958658935338259e+06 9.793268227151437078e-01 6.753780106623419376e-05
2.458958663242105395e+06 9.789861584159862407e-01 6.753600211991023000e-05
2.458958667548872065e+06 9.788766052971644704e-01 6.753420317378077211e-05
2.458958671855639201e+06 9.786343020747438892e-01 6.753240422745682191e-05
2.458958676162405871e+06 9.781812917794628914e-01 6.753010678720631447e-05
2.458958680469173007e+06 9.775175743133592832e-01 6.749720945798633653e-05
2.458958684775939677e+06 9.766431498199599215e-01 6.746431213232332777e-05
2.458958689082706813e+06 9.756061037459826668e-01 6.743141480310336339e-05
2.458958693389473949e+06 9.746060242813462393e-01 6.739851747388338546e-05
2.458958697696240619e+06 9.736647605767702052e-01 6.736731097485103412e-05
2.458958702003007755e+06 9.727823124287096057e-01 6.734387760290748209e-05
2.458958706309774425e+06 9.719586800279907957e-01 6.732044423349762923e-05
2.458958710616541561e+06 9.711940827928885467e-01 6.729701086155407720e-05
2.458958714923308231e+06 9.704890398133175777e-01 6.727357749214421079e-05
2.458958719230075367e+06 9.698435728417019730e-01 6.725404425889954093e-05
2.458958723536842037e+06 9.692576820176217467e-01 6.724203853718885239e-05
2.458958727843609173e+06 9.687313672143800236e-01 6.723003281418004858e-05
2.458958732150375843e+06 9.682042142875278978e-01 6.721802709246934649e-05
2.458958736457142979e+06 9.675951116130731000e-01 6.720602136946054268e-05
2.458958740763909649e+06 9.669036341772082599e-01 6.718571535660850479e-05
2.458958745070676785e+06 9.661297818304038776e-01 6.715723816995690875e-05
2.458958749377443455e+06 9.652739559619202270e-01 6.712876098638435201e-05
2.458958753684210591e+06 9.643999959898703622e-01 6.710028379973275597e-05
2.458958757990977727e+06 9.635541161540313038e-01 6.707180661308115993e-05
2.458958762297744397e+06 9.627363165413080903e-01 6.703964098909718822e-05
2.458958766604511533e+06 9.619465969748545175e-01 6.700563016807235979e-05
2.458958770911278203e+06 9.611821249747874996e-01 6.697161935072487408e-05
2.458958775218045339e+06 9.603796023797314119e-01 6.693760852970004566e-05
2.458958779524812009e+06 9.595129463594707087e-01 6.690359771235255995e-05
2.458958783831579145e+06 9.585821567265946364e-01 6.686152613421235142e-05
2.458958788138345815e+06 9.575872336823827435e-01 6.681779394795865428e-05
2.458958792445112951e+06 9.565440322020374309e-01 6.677406175697649397e-05
2.458958796751879621e+06 9.555921845181446495e-01 6.673032957072281039e-05
2.458958801058646757e+06 9.547643894050924507e-01 6.668659737974066363e-05
2.458958805365413427e+06 9.540606470418888652e-01 6.667093551056580704e-05
2.458958809672180563e+06 9.534809572763518482e-01 6.665550546504421482e-05
2.458958813978947233e+06 9.530023731437651247e-01 6.664007542119095224e-05
2.458958818285714369e+06 9.525208510854850097e-01 6.662464537566933291e-05
2.458958822592481039e+06 9.520236610190940807e-01 6.660889570628107399e-05
2.458958826899248175e+06 9.515108028370765636e-01 6.659139606439696375e-05
2.458958831206015311e+06 9.509822765923434673e-01 6.657389642251286706e-05
2.458958835512781981e+06 9.504641815288022988e-01 6.655639678252086580e-05
2.458958839819549117e+06 9.500234774371164592e-01 6.653889714063675556e-05
2.458958844126315787e+06 9.496635309309124917e-01 6.652784526948507038e-05
2.458958848433082923e+06 9.493843419323528821e-01 6.653068122059096546e-05
2.458958852739849593e+06 9.491859105018115583e-01 6.653351717139020750e-05
2.458958857046616729e+06 9.490484014352831288e-01 6.653635312249608902e-05
2.458958861353383400e+06 9.489427515274296843e-01 6.653918907329534462e-05
2.458958865660150535e+06 9.488687069820205267e-01 6.654313775780999090e-05
2.458958869966917206e+06 9.488262678150677365e-01 6.654829336327120306e-05
2.458958874273684341e+06 9.488152836093454168e-01 6.655344896928983066e-05
2.458958878580451012e+06 9.487907200931570140e-01 6.655860457475104282e-05
2.458958882887218148e+06 9.487169525391638825e-01 6.656376018076967042e-05
2.458958887193984818e+06 9.485939809633179287e-01 6.656170777134531793e-05
2.458958891500751954e+06 9.484218053390269798e-01 6.655564166043358360e-05
2.458958895807519089e+06 9.482031762201155178e-01 6.654957554952183572e-05
2.458958900114285760e+06 9.480121837827175657e-01 6.654350943926598950e-05
2.458958904421052895e+06 9.478819743194213387e-01 6.653744332835424163e-05
2.458958908727819566e+06 9.478125478583842023e-01 6.653800307314867480e-05
2.458958913034586702e+06 9.478039043845929434e-01 6.654016828048681825e-05
2.458958917341353372e+06 9.478530106879603512e-01 6.654233348759085534e-05
2.458958921648120508e+06 9.479298990464126717e-01 6.654449869492899878e-05
2.458958925954887178e+06 9.480269122396985937e-01 6.654666390203302232e-05
2.458958930261654314e+06 9.481440502887970023e-01 6.655246551408806118e-05
2.458958934568420984e+06 9.482813131683771601e-01 6.655838894425302073e-05
2.458958938875188120e+06 9.484373059905407688e-01 6.656431237505845916e-05
2.458958943181954790e+06 9.486051061893052694e-01 6.657023580522341871e-05
2.458958947488721926e+06 9.487837716842340008e-01 6.657603109721142926e-05
2.458958951795488596e+06 9.489733024366912018e-01 6.658097047580710016e-05
2.458958956102255732e+06 9.491736984876624206e-01 6.658590985493682195e-05
2.458958960409022402e+06 9.493815819568915959e-01 6.659084923353249285e-05
2.458958964715789538e+06 9.495875420520005772e-01 6.659578861266222819e-05
2.458958969022556674e+06 9.497910235460511608e-01 6.659889211894700896e-05
2.458958973329323344e+06 9.499920264174440687e-01 6.659756239939654320e-05
2.458958977636090480e+06 9.501905507096457537e-01 6.659623267970229867e-05
2.458958981942857150e+06 9.504069982136795769e-01 6.659490296015181936e-05
2.458958986249624286e+06 9.506739414953857548e-01 6.659357324045757484e-05
2.458958990556390956e+06 9.509918032922576314e-01 6.659899748564330688e-05
2.458958994863158092e+06 9.513605836730316678e-01 6.661249619984032267e-05
2.458958999169924762e+06 9.517803432410411046e-01 6.662599491257781260e-05
2.458959003476691898e+06 9.522990972517558772e-01 6.663949362677481483e-05
2.458959007783458568e+06 9.529584447634009692e-01 6.665299233951229121e-05
2.458959012090225704e+06 9.537583859185575497e-01 6.668293458684310582e-05
2.458959016396992374e+06 9.546989205442412141e-01 6.672303651526592693e-05
2.458959020703759510e+06 9.557752653691069522e-01 6.676313844802470292e-05
2.458959025010526180e+06 9.568287264590784602e-01 6.680324037644753759e-05
2.458959029317293316e+06 9.577822087295002618e-01 6.684334230920632714e-05
2.458959033624060452e+06 9.586357120610637939e-01 6.687155713636254765e-05
2.458959037930827122e+06 9.593892363777005716e-01 6.689643348153101617e-05
2.458959042237594258e+06 9.600543729818054040e-01 6.692130982938920055e-05
2.458959046544360928e+06 9.607603999688232310e-01 6.694618617455765552e-05
2.458959050851128064e+06 9.615433068557106555e-01 6.697106252241583990e-05
2.458959055157894734e+06 9.624030934731668818e-01 6.700517207209638517e-05
2.458959059464661870e+06 9.633397600071176292e-01 6.703983598018682861e-05
2.458959063771428540e+06 9.643376270692199936e-01 6.707449988452932066e-05
2.458959068078195676e+06 9.653113298052504732e-01 6.710916379261977764e-05
2.458959072384962346e+06 9.662479996918559300e-01 6.714292017940599487e-05
2.458959076691729482e+06 9.671476369315878951e-01 6.716902181095419982e-05
2.458959080998496152e+06 9.680102413299030983e-01 6.719512343968022652e-05
2.458959085305263288e+06 9.688357955275636035e-01 6.722122507122843147e-05
2.458959089612029959e+06 9.696242462381293725e-01 6.724732669995445817e-05
2.458959093918797094e+06 9.703755900003472323e-01 6.727132036737704980e-05
2.458959098225563765e+06 9.710898266517420385e-01 6.728957459139788455e-05
2.458959102532330900e+06 9.717669563467649096e-01 6.730782881739242804e-05
2.458959106839098036e+06 9.724253888270480983e-01 6.732608304338697153e-05
2.458959111145864706e+06 9.730971096785563379e-01 6.734433726740780629e-05
2.458959115452631842e+06 9.737826929592281466e-01 6.736054639620373268e-05
2.458959119759398513e+06 9.744821385208086717e-01 6.737405834609151722e-05
2.458959124066165648e+06 9.751954424396034327e-01 6.738757029744025064e-05
2.458959128372932319e+06 9.758961436368422948e-01 6.740108224732803519e-05
2.458959132679699454e+06 9.765590665928155500e-01 6.741459419867678216e-05
2.458959136986466125e+06 9.771842111641682038e-01 6.742914480014604317e-05
2.458959141293233261e+06 9.777715774860858966e-01 6.744440568575927805e-05
2.458959145599999931e+06 9.783239490979404041e-01 6.745966656972245210e-05
2.458959149906767067e+06 9.789582343244338514e-01 6.747492745533568699e-05
2.458959154213533737e+06 9.797361349995662438e-01 6.749018833929886104e-05
2.458959158520300873e+06 9.806576512915560206e-01 6.753092266144392313e-05
2.458959162827067543e+06 9.817227830011283629e-01 6.757985604124685164e-05
2.458959167133834679e+06 9.829184114845602727e-01 6.762878942634063253e-05
2.458959171440601815e+06 9.840781520925541148e-01 6.767772281143441342e-05
2.458959175747368485e+06 9.851515992146001599e-01 6.772665619123736903e-05
2.458959180054135621e+06 9.861387530828272796e-01 6.776249293529408384e-05
2.458959184360902291e+06 9.870396134837671198e-01 6.779717743031177756e-05
2.458959188667669427e+06 9.878633421858344921e-01 6.783186192907965882e-05
2.458959192974436097e+06 9.886648098989749833e-01 6.786654642409733899e-05
2.458959197281203233e+06 9.894531455418578147e-01 6.790047167325448754e-05
2.458959201587969903e+06 9.902283489440085740e-01 6.792587019581953405e-05
2.458959205894737039e+06 9.909904202730617229e-01 6.795126872113076979e-05
2.458959210201503709e+06 9.917234488055215458e-01 6.797666724369582985e-05
2.458959214508270845e+06 9.923750783671377862e-01 6.800206576900705204e-05
2.458959218815037515e+06 9.929412009366244130e-01 6.802419407895476868e-05
2.458959223121804651e+06 9.934218166364032765e-01 6.803621156590414286e-05
2.458959227428571321e+06 9.938169253625430688e-01 6.804822905155412784e-05
2.458959231735338457e+06 9.941536196863136610e-01 6.806024653850348846e-05
2.458959236042105127e+06 9.944830744528666555e-01 6.807226402415347344e-05
2.458959240348872263e+06 9.948064968915292239e-01 6.808052827702990766e-05
2.458959244655639399e+06 9.951238869663540099e-01 6.808332451236536256e-05
2.458959248962406069e+06 9.954352446440014601e-01 6.808612074739850124e-05
2.458959253269173205e+06 9.957588787612925429e-01 6.808891698273396970e-05
2.458959257575939875e+06 9.961139649894051873e-01 6.809171321776708128e-05
2.458959261882707011e+06 9.965005059559205458e-01 6.809974808082539411e-05
2.458959266189473681e+06 9.969185015772500380e-01 6.811174056069128750e-05
2.458959270496240817e+06 9.973664469880523242e-01 6.812373304185384603e-05
2.458959274803007487e+06 9.977613773999600699e-01 6.813572552171975297e-05
2.458959279109774623e+06 9.980556895375113369e-01 6.814771800288231150e-05
2.458959283416541293e+06 9.982493833370620351e-01 6.814768974508931469e-05
2.458959287723308429e+06 9.983424588404976596e-01 6.814326666278220257e-05
2.458959292030075099e+06 9.983431752535768533e-01 6.813884358095334559e-05
2.458959296336842235e+06 9.983716762757248731e-01 6.813442049864624702e-05
2.458959300643608905e+06 9.984675329802673582e-01 6.812999741681737649e-05
2.458959304950376041e+06 9.986307453879326168e-01 6.813960916992300705e-05
2.458959309257143177e+06 9.988613134919981373e-01 6.815086912812190565e-05
2.458959313563909847e+06 9.991464115695641857e-01 6.816212908510332652e-05
2.458959317870676983e+06 9.994012720328497856e-01 6.817338904330222512e-05
2.458959322177443653e+06 9.996103793494561796e-01 6.818403680346471821e-05
2.458959326484210789e+06 9.997737335646019741e-01 6.818465606439243828e-05
2.458959330790977459e+06 9.998913346429627591e-01 6.818527532525320886e-05
2.458959335097744595e+06 9.999648119644459765e-01 6.818589458618094248e-05
2.458959339404511265e+06 1.000000000000000000e+00 6.818651384704169950e-05
2.458959343711278401e+06 9.999974194743287415e-01 6.818682707702945029e-05
2.458959348018045072e+06 9.999570703879905320e-01 6.818605631055963659e-05
2.458959352324812207e+06 9.998789527322597959e-01 6.818528554400650195e-05
2.458959356631578878e+06 9.997748683503200340e-01 6.818451477753668824e-05
2.458959360938346013e+06 9.996690363152104242e-01 6.818374401098354005e-05
2.458959365245112684e+06 9.995621807444486917e-01 6.818210838972778136e-05
2.458959369551879819e+06 9.994543016149282089e-01 6.817907827694251683e-05
2.458959373858646490e+06 9.993453989499770929e-01 6.817604816448485754e-05
2.458959378165413626e+06 9.992207025579122881e-01 6.817301805169957945e-05
2.458959382472180761e+06 9.990632220843977951e-01 6.816998793891431492e-05
2.458959386778947432e+06 9.988729370764748428e-01 6.816263438870861341e-05
2.458959391085714567e+06 9.986498474929949021e-01 6.815167744228482348e-05
2.458959395392481238e+06 9.983936058169807781e-01 6.814072049704575482e-05
2.458959399699248374e+06 9.980777817676573793e-01 6.812976355062196488e-05
2.458959404006015044e+06 9.976858725796674543e-01 6.811880660538288266e-05
2.458959408312782180e+06 9.972178781682617954e-01 6.809697238839736155e-05
2.458959412619548850e+06 9.966737986346423384e-01 6.807065306752707601e-05
2.458959416926315986e+06 9.960561028814038931e-01 6.804433374381104436e-05
2.458959421233082656e+06 9.954064065206214007e-01 6.801801442294074527e-05
2.458959425539849792e+06 9.947396011928002491e-01 6.799169509922471362e-05
2.458959429846616462e+06 9.940556870421344282e-01 6.796161308472297184e-05
2.458959434153383598e+06 9.933546639207302409e-01 6.793097217374806092e-05
2.458959438460150268e+06 9.926334770917435435e-01 6.790033126608613302e-05
2.458959442766917404e+06 9.918697651591713571e-01 6.786969035511122210e-05
2.458959447073684540e+06 9.910590374213740228e-01 6.783883415540221907e-05
2.458959451380451210e+06 9.902012939736350994e-01 6.780172851781018873e-05
2.458959455687218346e+06 9.892965346304706253e-01 6.776462287620619023e-05
2.458959459993985016e+06 9.883839463732905228e-01 6.772751723861414634e-05
2.458959464300752152e+06 9.876164084056567871e-01 6.769041159701013428e-05
2.458959468607518822e+06 9.870093279466815028e-01 6.766077319119304990e-05
2.458959472914285958e+06 9.865627048650855713e-01 6.766177930624457822e-05
2.458959477221052628e+06 9.862765392574498469e-01 6.766278542118733396e-05
2.458959481527819764e+06 9.860699650206149469e-01 6.766379153623886227e-05
2.458959485834586434e+06 9.857627699484141637e-01 6.766479765118160446e-05
2.458959490141353570e+06 9.853483117845752703e-01 6.765789837694624576e-05
2.458959494448120240e+06 9.848265906187231300e-01 6.763685674838740465e-05
2.458959498754887376e+06 9.841976063380371009e-01 6.761581511755346014e-05
2.458959503061654046e+06 9.835046349601002103e-01 6.759477348899459192e-05
2.458959507368421182e+06 9.828022036848221843e-01 6.757373185816066097e-05
2.458959511675187852e+06 9.820904897848761195e-01 6.755191363715619597e-05
2.458959515981954988e+06 9.813694931063567939e-01 6.752938195584794179e-05
2.458959520288722124e+06 9.806390711962976736e-01 6.750685027453970117e-05
2.458959524595488794e+06 9.798831617916053949e-01 6.748431859566766282e-05
2.458959528902255930e+06 9.790908369524621291e-01 6.746178691435943575e-05
2.458959533209022600e+06 9.782620968502048209e-01 6.743310754161333995e-05
2.458959537515789736e+06 9.773969413056216027e-01 6.740158554659813413e-05
2.458959541822556406e+06 9.764968843869585857e-01 6.737006355499118560e-05
2.458959546129323542e+06 9.755918551438492736e-01 6.733854155997597978e-05
2.458959550436090212e+06 9.746934845544926729e-01 6.730701956836903125e-05
2.458959554742857348e+06 9.738017724246195161e-01 6.727678620382953516e-05
2.458959559049624018e+06 9.729167189470592225e-01 6.724678662292315708e-05
2.458959563356391154e+06 9.720368351893731163e-01 6.721678703877311716e-05
2.458959567663157824e+06 9.711500017416704322e-01 6.718678745786673908e-05
2.458959571969924960e+06 9.702535540403690595e-01 6.715670491969857349e-05
2.458959576276691630e+06 9.693474922793224868e-01 6.711755763710985641e-05
2.458959580583458766e+06 9.684318162625982218e-01 6.707841035028841404e-05
2.458959584890225902e+06 9.674978302744609016e-01 6.703926306346698523e-05
2.458959589196992572e+06 9.665085193309613798e-01 6.700011578087828169e-05
2.458959593503759708e+06 9.654596971943343320e-01 6.696057830088152942e-05
2.458959597810526378e+06 9.643513640913835561e-01 6.691915843425436420e-05
2.458959602117293514e+06 9.631835197824361039e-01 6.687773856314875283e-05
2.458959606424060185e+06 9.620287261522360023e-01 6.683631869652158762e-05
2.458959610730827320e+06 9.610625534822800908e-01 6.679489882541597625e-05
2.458959615037593991e+06 9.602928086682852582e-01 6.676543131859589931e-05
2.458959619344361126e+06 9.597194915437970986e-01 6.675976236090304611e-05
2.458959623651127797e+06 9.593426022327932179e-01 6.675409340382314660e-05
2.458959627957894932e+06 9.590460946422582067e-01 6.674842444613029340e-05
2.458959632264661603e+06 9.586701696885675528e-01 6.674275548905038034e-05
2.458959636571428739e+06 9.582138421714481158e-01 6.673112539999397281e-05
2.458959640878195409e+06 9.576771121895789607e-01 6.671346102387236746e-05
2.458959645184962545e+06 9.570602575206770268e-01 6.669579664584087222e-05
2.458959649491729215e+06 9.564151921013556157e-01 6.667813226971928042e-05
2.458959653798496351e+06 9.557804604503347123e-01 6.666046789168777163e-05
2.458959658105263487e+06 9.551560626379191898e-01 6.664257066785238617e-05
2.458959662412030157e+06 9.545419987299452735e-01 6.662455326937813806e-05
2.458959666718797293e+06 9.539398442101101327e-01 6.660653586895580903e-05
2.458959671025563963e+06 9.533866818454295178e-01 6.658851847048158801e-05
2.458959675332331099e+06 9.528981579301830651e-01 6.657050107005924543e-05
2.458959679639097769e+06 9.524742725700126034e-01 6.656068222727514719e-05
2.458959683945864905e+06 9.521150256732542339e-01 6.655263624979884109e-05
2.458959688252631575e+06 9.518160646084931065e-01 6.654459027319249882e-05
2.458959692559398711e+06 9.515377889260655531e-01 6.653654429571619273e-05
2.458959696866165381e+06 9.512706877005321360e-01 6.652849831910983690e-05
2.458959701172932517e+06 9.510147608741332803e-01 6.652355528085820014e-05
2.458959705479699187e+06 9.507700085022122716e-01 6.651866003220264210e-05
2.458959709786466323e+06 9.505268365732062463e-01 6.651376478301777655e-05
2.458959714093232993e+06 9.502406085285105553e-01 6.650886953436221851e-05
2.458959718400000129e+06 9.499056901578123435e-01 6.650049321806506680e-05
