2.458998000000000000e+06 9.973387819696145629e-01 6.963842755983170956e-05
2.458998004306767136e+06 9.974257629916235546e-01 6.963791309004411026e-05
2.458998008613533806e+06 9.973975545888932315e-01 6.963739862031215764e-05
2.458998012920300942e+06 9.972541567553234731e-01 6.962353684785277375e-05
2.458998017227067612e+06 9.969955695219240299e-01 6.960387267187069732e-05
2.458998021533834748e+06 9.966275769062612477e-01 6.958420849376247333e-05
2.458998025840601418e+06 9.962548699991147227e-01 6.956454431778041046e-05
2.458998030147368554e+06 9.959163526132991384e-01 6.954488013967218647e-05
2.458998034454135224e+06 9.956120248220178270e-01 6.953217182750269054e-05
2.458998038760902360e+06 9.953418865594610976e-01 6.952059992185538281e-05
2.458998043067669030e+06 9.951059574018137344e-01 6.950902801745925794e-05
2.458998047374436166e+06 9.949043872324062621e-01 6.949745611181192310e-05
2.458998051681202836e+06 9.947372074919876850e-01 6.948623811558846347e-05
2.458998055987969972e+06 9.946044181444059218e-01 6.949065141614629891e-05
2.458998060294736642e+06 9.945060192183765579e-01 6.949506471622693632e-05
2.458998064601503778e+06 9.944378080935512010e-01 6.949947801678477176e-05
2.458998068908270914e+06 9.943827191068869142e-01 6.950389131734260721e-05
2.458998073215037584e+06 9.943389370776261060e-01 6.950721923922285612e-05
2.458998077521804720e+06 9.943064619963011275e-01 6.950575644484947358e-05
2.458998081828571390e+06 9.942852938699341392e-01 6.950429365063424904e-05
2.458998086135338526e+06 9.942288218249849541e-01 6.950283085626086650e-05
2.458998090442105196e+06 9.940291286244596902e-01 6.950136806204564195e-05
2.458998094748872332e+06 9.936818643239584414e-01 6.948928304150102885e-05
2.458998099055639002e+06 9.931870289985754718e-01 6.945723348407606315e-05
2.458998103362406138e+06 9.925446225413047108e-01 6.942518392318579757e-05
2.458998107669172809e+06 9.918348340351093029e-01 6.939313436576083187e-05
2.458998111975939944e+06 9.911630019240748046e-01 6.936108480487055273e-05
2.458998116282706615e+06 9.905296009042793282e-01 6.933249526592480828e-05
2.458998120589473750e+06 9.899346308387518834e-01 6.930723201616914098e-05
2.458998124896240421e+06 9.893781777623799067e-01 6.928196876914499908e-05
2.458998129203007556e+06 9.888722974118173692e-01 6.925670551938931823e-05
2.458998133509774227e+06 9.884255330938895856e-01 6.923144227236518989e-05
2.458998137816541363e+06 9.880378847119852814e-01 6.922294092487639352e-05
2.458998142123308498e+06 9.877093523176061485e-01 6.922260527366247147e-05
2.458998146430075169e+06 9.874372154013639769e-01 6.922226962248482953e-05
2.458998150736842304e+06 9.871632036759973028e-01 6.922193397127089393e-05
2.458998155043608975e+06 9.868637775974936632e-01 6.922159832009325200e-05
2.458998159350376111e+06 9.865389371011030750e-01 6.920797752886308869e-05
2.458998163657142781e+06 9.861886822570707922e-01 6.919173142593808160e-05
2.458998167963909917e+06 9.858044501581062491e-01 6.917548532125649080e-05
2.458998172270676587e+06 9.853128131491799557e-01 6.915923921833147016e-05
2.458998176577443723e+06 9.846969344553567760e-01 6.914299311364987936e-05
2.458998180884210393e+06 9.839568142098186199e-01 6.910527962240905900e-05
2.458998185190977529e+06 9.830924522525167353e-01 6.906751373248939117e-05
2.458998189497744199e+06 9.821362356740747090e-01 6.902974784665308621e-05
2.458998193804511335e+06 9.812319489154360808e-01 6.899198195673341837e-05
2.458998198111278005e+06 9.803967360393142094e-01 6.895543917243738229e-05
2.458998202418045141e+06 9.796305968650972362e-01 6.892531117877715807e-05
2.458998206724812277e+06 9.789335314868253812e-01 6.889518318511690675e-05
2.458998211031578947e+06 9.782798882268592955e-01 6.886505519471420862e-05
2.458998215338346083e+06 9.776051098128221151e-01 6.883492720105395730e-05
2.458998219645112753e+06 9.769060762697395761e-01 6.880440520240345089e-05
2.458998223951879889e+06 9.761827874464479304e-01 6.877305626055962016e-05
2.458998228258646559e+06 9.754352434993557308e-01 6.874170732210534423e-05
2.458998232565413695e+06 9.746887239993078378e-01 6.871035838026151349e-05
2.458998236872180365e+06 9.739795332374068249e-01 6.867900944180723756e-05
2.458998241178947501e+06 9.733079561993396300e-01 6.865221627107834972e-05
2.458998245485714171e+06 9.726739930303323067e-01 6.863025530439800944e-05
2.458998249792481307e+06 9.720775004703511302e-01 6.860829433534319864e-05
2.458998254099247977e+06 9.714821612543750318e-01 6.858633336866285836e-05
2.458998258406015113e+06 9.708598292622521164e-01 6.856437239960804756e-05
2.458998262712781783e+06 9.702105046285596224e-01 6.853712803940589858e-05
2.458998267019548919e+06 9.695341872128834249e-01 6.850701177289828924e-05
2.458998271326315589e+06 9.688313388338550824e-01 6.847689550964691850e-05
2.458998275633082725e+06 9.681138591341819088e-01 6.844677924313930916e-05
2.458998279939849861e+06 9.673869735457514274e-01 6.841666297663167272e-05
2.458998284246616531e+06 9.666506821486825496e-01 6.838207445243253788e-05
2.458998288553383667e+06 9.659049847837548608e-01 6.834643972856368707e-05
2.458998292860150337e+06 9.651465143650386214e-01 6.831080500854776552e-05
2.458998297166917473e+06 9.643428662349404767e-01 6.827517028467891471e-05
2.458998301473684143e+06 9.634859199591934154e-01 6.823953556466299316e-05
2.458998305780451279e+06 9.625756753524857823e-01 6.820219375662671846e-05
2.458998310087217949e+06 9.616121326116549017e-01 6.816480456310557135e-05
2.458998314393985085e+06 9.606395846810151795e-01 6.812741536554180026e-05
2.458998318700751755e+06 9.598734431954393242e-01 6.809002617202065315e-05
2.458998323007518891e+06 9.593423511843159890e-01 6.805783062950522978e-05
2.458998327314285561e+06 9.590463087624918614e-01 6.805875403659259631e-05
2.458998331621052697e+06 9.589853158659487065e-01 6.805967744377983142e-05
2.458998335927819367e+06 9.590403078961993177e-01 6.806060085086719795e-05
2.458998340234586503e+06 9.588855202876788164e-01 6.806152425805440595e-05
2.458998344541353639e+06 9.585023758382077430e-01 6.805050725470029416e-05
2.458998348848120309e+06 9.578908746262491114e-01 6.801137971152973916e-05
2.458998353154887445e+06 9.570510165195676988e-01 6.797225216412858663e-05
2.458998357461654115e+06 9.561371641132215826e-01 6.793312462095801808e-05
2.458998361768421251e+06 9.553912457556795745e-01 6.789399707355686555e-05
2.458998366075187922e+06 9.548161638551787567e-01 6.786711471630988942e-05
2.458998370381955057e+06 9.544119182873597174e-01 6.785456663892407343e-05
2.458998374688721728e+06 9.541782518993442430e-01 6.784201856289500093e-05
2.458998378995488863e+06 9.539575008527432232e-01 6.782947048550919849e-05
2.458998383302255534e+06 9.536157369250308768e-01 6.781692240948012599e-05
2.458998387609022669e+06 9.531529600423018778e-01 6.779568103998979435e-05
2.458998391915789340e+06 9.525691703046300640e-01 6.776918512007651602e-05
2.458998396222556476e+06 9.518729837561220597e-01 6.774268919729842318e-05
2.458998400529323146e+06 9.513373252526697854e-01 6.771619327738514485e-05
2.458998404836090282e+06 9.510924831219936815e-01 6.768969735460703845e-05
2.458998409142856952e+06 9.511384574170399508e-01 6.770331730921000683e-05
2.458998413449624088e+06 9.514752481477504187e-01 6.772786967976130877e-05
2.458998417756391224e+06 9.520687767040484362e-01 6.775242205031261071e-05
2.458998422063157894e+06 9.525487077122165580e-01 6.777697441820924363e-05
2.458998426369925030e+06 9.528137707990969041e-01 6.780152678876055913e-05
2.458998430676691700e+06 9.528639659073707691e-01 6.778923980166457993e-05
2.458998434983458836e+06 9.526992930478925814e-01 6.777494897678698203e-05
2.458998439290225506e+06 9.523555684995878012e-01 6.776065815345456197e-05
2.458998443596992642e+06 9.520240437123074217e-01 6.774636732857696408e-05
2.458998447903759312e+06 9.517329532218867794e-01 6.773192993983796349e-05
2.458998452210526448e+06 9.514822969653781159e-01 6.771631849616910857e-05
2.458998456517293118e+06 9.512720749969854062e-01 6.770070705418822091e-05
2.458998460824060254e+06 9.511189385651109829e-01 6.768509561051936599e-05
2.458998465130826924e+06 9.510724372544954175e-01 6.766948416853847833e-05
2.458998469437594060e+06 9.511358614400469147e-01 6.766174624248649371e-05
2.458998473744360730e+06 9.513092111080501123e-01 6.767491725155983862e-05
2.458998478051127866e+06 9.515924862959915798e-01 6.768808826205728309e-05
2.458998482357895002e+06 9.519472298992744941e-01 6.770125927255472755e-05
2.458998486664661672e+06 9.523077538460622549e-01 6.771443028162808602e-05
2.458998490971428808e+06 9.526729492545309430e-01 6.772801296039345929e-05
2.458998495278195478e+06 9.530428160457082853e-01 6.774212789635399219e-05
2.458998499584962614e+06 9.534173661285417767e-01 6.775624283384068872e-05
2.458998503891729284e+06 9.538369691069760181e-01 6.777035776980123516e-05
2.458998508198496420e+06 9.543393122066758938e-01 6.778447270728793169e-05
2.458998512505263090e+06 9.549243953190117429e-01 6.780947503130045607e-05
2.458998516812030226e+06 9.555922185705058025e-01 6.784177522625313536e-05
2.458998521118796896e+06 9.563399091141090436e-01 6.787407541771340973e-05
2.458998525425564032e+06 9.570526046493535999e-01 6.790637561266608902e-05
2.458998529732330702e+06 9.576706700181760734e-01 6.793867580412634984e-05
2.458998534039097838e+06 9.581941053542309961e-01 6.795349471189484031e-05
2.458998538345864508e+06 9.586229105443275778e-01 6.796283138292999958e-05
2.458998542652631644e+06 9.589676851008640535e-01 6.797216805497467305e-05
2.458998546959398314e+06 9.593594470879259761e-01 6.798150472600983233e-05
2.458998551266165450e+06 9.598372416401109719e-01 6.799084139805451935e-05
2.458998555572932586e+06 9.604010687197115370e-01 6.801896601843490718e-05
2.458998559879699256e+06 9.610509282518118201e-01 6.804863962924840746e-05
2.458998564186466392e+06 9.617856050759973074e-01 6.807831324327031947e-05
2.458998568493233062e+06 9.625979545108995783e-01 6.810798685408383331e-05
2.458998572800000198e+06 9.634868101924203287e-01 6.813897984491565818e-05
2.458998577106766868e+06 9.644521719283478678e-01 6.818392338299293252e-05
2.458998581413534004e+06 9.654940399274380969e-01 6.822886692592966876e-05
2.458998585720300674e+06 9.665703182398099891e-01 6.827381046400694310e-05
2.458998590027067810e+06 9.675446789749070353e-01 6.831875400694367934e-05
2.458998594333834480e+06 9.684066944146824119e-01 6.835805358467772258e-05
2.458998598640601616e+06 9.691563647455438968e-01 6.838032821555998814e-05
2.458998602947368287e+06 9.697936898053780563e-01 6.840260284403386121e-05
2.458998607254135422e+06 9.703849194496482200e-01 6.842487747491614032e-05
2.458998611560902093e+06 9.710532497709165600e-01 6.844715210339001338e-05
2.458998615867669228e+06 9.718014499795134542e-01 6.847333975705292917e-05
2.458998620174436364e+06 9.726295200074946967e-01 6.850512254944953340e-05
2.458998624481203035e+06 9.735374597523732687e-01 6.853690533840969107e-05
2.458998628787970170e+06 9.744643641572265924e-01 6.856868813080630885e-05
2.458998633094736841e+06 9.753475648864071701e-01 6.860047091976645298e-05
2.458998637401503976e+06 9.761870589532158915e-01 6.862952643330589284e-05
2.458998641708270647e+06 9.769828461761149718e-01 6.865655880573213001e-05
2.458998646015037782e+06 9.777358907086624029e-01 6.868359118108118650e-05
2.458998650321804453e+06 9.784965895633062072e-01 6.871062355350742367e-05
2.458998654628571589e+06 9.792934188871037504e-01 6.873765592885648017e-05
2.458998658935338259e+06 9.801263785077429791e-01 6.877009905711749639e-05
2.458998663242105395e+06 9.809954686053488082e-01 6.880447618370253641e-05
2.458998667548872065e+06 9.818984040922216217e-01 6.883885330657060612e-05
2.458998671855639201e+06 9.828027835525594558e-01 6.887323043315565969e-05
2.458998676162405871e+06 9.836980942283994889e-01 6.890760755602374295e-05
2.458998680469173007e+06 9.845843363133491843e-01 6.894197413744963603e-05
2.458998684775939677e+06 9.854615096157620657e-01 6.897633953374662980e-05
2.458998689082706813e+06 9.863264866477109427e-01 6.901070493375930639e-05
2.458998693389473949e+06 9.871589606812039008e-01 6.904507033377199653e-05
2.458998697696240619e+06 9.879552767517818523e-01 6.907873517893903953e-05
2.458998702003007755e+06 9.887154350316452733e-01 6.910176905461628280e-05
2.458998706309774425e+06 9.894394353564124334e-01 6.912480292780303238e-05
2.458998710616541561e+06 9.901063852117744091e-01 6.914783680348026210e-05
2.458998714923308231e+06 9.906425800790765734e-01 6.917087067666699812e-05
2.458998719230075367e+06 9.910415857990642063e-01 6.918781236547588687e-05
2.458998723536842037e+06 9.913034022854534388e-01 6.918369660881611377e-05
2.458998727843609173e+06 9.914280295948614263e-01 6.917958085171132989e-05
2.458998732150375843e+06 9.914921527730911066e-01 6.917546509505154324e-05
2.458998736457142979e+06 9.916509008777741885e-01 6.917134933794677292e-05
2.458998740763909649e+06 9.919087348759455525e-01 6.917745474996907739e-05
2.458998745070676785e+06 9.922656548233610430e-01 6.919975283146306182e-05
2.458998749377443455e+06 9.927216606428378443e-01 6.922205091054609233e-05
2.458998753684210591e+06 9.932579555825451489e-01 6.924434899204006321e-05
2.458998757990977727e+06 9.938532568514923948e-01 6.926664707353404765e-05
2.458998762297744397e+06 9.945075441609687594e-01 6.929609847483967375e-05
2.458998766604511533e+06 9.952208176524610650e-01 6.933141366339600831e-05
2.458998770911278203e+06 9.959917947032720376e-01 6.936672884813394546e-05
2.458998775218045339e+06 9.967284928710735681e-01 6.940204403669029357e-05
2.458998779524812009e+06 9.973742960454309303e-01 6.943735922142823072e-05
2.458998783831579145e+06 9.979292043659968581e-01 6.945346008765329257e-05
2.458998788138345815e+06 9.983932177127742280e-01 6.946179273583272490e-05
2.458998792445112951e+06 9.987651595985325148e-01 6.947012538491310213e-05
2.458998796751879621e+06 9.990256932077470342e-01 6.947845803309253446e-05
2.458998801058646757e+06 9.991679935416329927e-01 6.948679068217291168e-05
2.458998805365413427e+06 9.991920605694187829e-01 6.947751338775831609e-05
2.458998809672180563e+06 9.990978942963085752e-01 6.946571283256978600e-05
2.458998813978947233e+06 9.989107258855891569e-01 6.945391227865718568e-05
2.458998818285714369e+06 9.988121306453900949e-01 6.944211172346868269e-05
2.458998822592481039e+06 9.988380303641142266e-01 6.943122929518074954e-05
2.458998826899248175e+06 9.989884250473626270e-01 6.944408224149313752e-05
2.458998831206015311e+06 9.992633146990652637e-01 6.945693518780551195e-05
2.458998835512781981e+06 9.996157216767265208e-01 6.946978813272819669e-05
2.458998839819549117e+06 9.998649061607611799e-01 6.948264107904058467e-05
2.458998844126315787e+06 9.999929989259526142e-01 6.949203203322586240e-05
2.458998848433082923e+06 1.000000000000000000e+00 6.948755863940764884e-05
2.458998852739849593e+06 9.998859093813898813e-01 6.948308524607312497e-05
2.458998857046616729e+06 9.996987418103180367e-01 6.947861185225491141e-05
2.458998861353383400e+06 9.995441083769737167e-01 6.947413845892038754e-05
2.458998865660150535e+06 9.994257802129866697e-01 6.947145291598359339e-05
2.458998869966917206e+06 9.993437573439445387e-01 6.947191315370915493e-05
2.458998874273684341e+06 9.992980397521102898e-01 6.947237339148448136e-05
2.458998878580451012e+06 9.992680494068844066e-01 6.947283362921005646e-05
2.458998882887218148e+06 9.992282210513884211e-01 6.947329386698538288e-05
2.458998887193984818e+06 9.991784813572729407e-01 6.946948375623765914e-05
2.458998891500751954e+06 9.991188303137824578e-01 6.946180921821929323e-05
2.458998895807519089e+06 9.990477970863936852e-01 6.945413468020090022e-05
2.458998900114285760e+06 9.988103062665306675e-01 6.944646014301230133e-05
2.458998904421052895e+06 9.983022506512982952e-01 6.943878560499392187e-05
2.458998908727819566e+06 9.975236303505616853e-01 6.940001602786495473e-05
2.458998913034586702e+06 9.964744451959467453e-01 6.934711360339849680e-05
2.458998917341353372e+06 9.951794894371134292e-01 6.929421118465203203e-05
2.458998921648120508e+06 9.941167949217946109e-01 6.924130876018557410e-05
2.458998925954887178e+06 9.934698227292636519e-01 6.918840634143910934e-05
2.458998930261654314e+06 9.932385727196152425e-01 6.919993936942762079e-05
2.458998934568420984e+06 9.934230449428564924e-01 6.922283546238854328e-05
2.458998938875188120e+06 9.939577123406322379e-01 6.924573155782507881e-05
2.458998943181954790e+06 9.943176825704950206e-01 6.926862765078598775e-05
2.458998947488721926e+06 9.943890961627879221e-01 6.929091116453463316e-05
2.458998951795488596e+06 9.941719531020674072e-01 6.926541194366266172e-05
2.458998956102255732e+06 9.936662533413772591e-01 6.923991272003361837e-05
2.458998960409022402e+06 9.929212580984692060e-01 6.921441349916163338e-05
2.458998964715789538e+06 9.921439651495392864e-01 6.918891427553259003e-05
2.458998969022556674e+06 9.913573990801687330e-01 6.916185246813648336e-05
2.458998973329323344e+06 9.905615599769068691e-01 6.912743577606818876e-05
2.458998977636090480e+06 9.897564476676568024e-01 6.909301908027864125e-05
2.458998981942857150e+06 9.889533379267066993e-01 6.905860238821036020e-05
2.458998986249624286e+06 9.881791907412842413e-01 6.902418569242082624e-05
2.458998990556390956e+06 9.874351743359578437e-01 6.899252432440983716e-05
2.458998994863158092e+06 9.867212885498366504e-01 6.896626438991960181e-05
2.458998999169924762e+06 9.860375335372957295e-01 6.894000445826866156e-05
2.458999003476691898e+06 9.853460110793715865e-01 6.891374452377841265e-05
2.458999007783458568e+06 9.845951827857534200e-01 6.888748459212748595e-05
2.458999012090225704e+06 9.837847547215750055e-01 6.885633142306246213e-05
2.458999016396992374e+06 9.829147270620884891e-01 6.882029217326154533e-05
2.458999020703759510e+06 9.819854292422224296e-01 6.878425291956393817e-05
2.458999025010526180e+06 9.810537190651416051e-01 6.874821366976303493e-05
2.458999029317293316e+06 9.801612947489793948e-01 6.871217441606544132e-05
2.458999033624060452e+06 9.793081563965989611e-01 6.868145025403963417e-05
2.458999037930827122e+06 9.784943040938725023e-01 6.865342852139388755e-05
2.458999042237594258e+06 9.777191576445511956e-01 6.862540678571832440e-05
2.458999046544360928e+06 9.769694024186533765e-01 6.859738505307257778e-05
2.458999050851128064e+06 9.762394833793379689e-01 6.856936331739701463e-05
2.458999055157894734e+06 9.755294006844471566e-01 6.854229261472153810e-05
2.458999059464661870e+06 9.748391541804282134e-01 6.851542293910671425e-05
2.458999063771428540e+06 9.741551764659689416e-01 6.848855326639711853e-05
2.458999068078195676e+06 9.733559061103258525e-01 6.846168359078229468e-05
2.458999072384962346e+06 9.724124907673895590e-01 6.843481391807269896e-05
2.458999076691729482e+06 9.713249302331498081e-01 6.838467531580567796e-05
2.458999080998496152e+06 9.700932247427875854e-01 6.833425583888673752e-05
2.458999085305263288e+06 9.687724365185286235e-01 6.828383635651626594e-05
2.458999089612029959e+06 9.676157185111337045e-01 6.823341687959733905e-05
2.458999093918797094e+06 9.666545711358750514e-01 6.818840654842261745e-05
2.458999098225563765e+06 9.658889946005970728e-01 6.817389440443662098e-05
2.458999102532330900e+06 9.653189887397465307e-01 6.815938225888152648e-05
2.458999106839098036e+06 9.648454375249071457e-01 6.814487011332641842e-05
2.458999111145864706e+06 9.642107209390158307e-01 6.813035796934040840e-05
2.458999115452631842e+06 9.634015429576764378e-01 6.810651958892864665e-05
2.458999119759398513e+06 9.624179037558704408e-01 6.806223124000620127e-05
2.458999124066165648e+06 9.612598031208897664e-01 6.801794288629518727e-05
2.458999128372932319e+06 9.600922508076517037e-01 6.797365453737272834e-05
2.458999132679699454e+06 9.591604023095525733e-01 6.792936618366170079e-05
2.458999136986466125e+06 9.584665534215452976e-01 6.790521627085533123e-05
2.458999141293233261e+06 9.580107039935875646e-01 6.790325513053428351e-05
2.458999145599999931e+06 9.577920531813562954e-01 6.790129399042526507e-05
2.458999149906767067e+06 9.575381663809675592e-01 6.789933285010421734e-05
2.458999154213533737e+06 9.570303495271610394e-01 6.789737170999521245e-05
2.458999158520300873e+06 9.562686025101230225e-01 6.786231216701478042e-05
2.458999162827067543e+06 9.552529254945785198e-01 6.780850100347073691e-05
2.458999167133834679e+06 9.539936363378739292e-01 6.775468983410845797e-05
2.458999171440601815e+06 9.527779521925024975e-01 6.770087866474616548e-05
2.458999175747368485e+06 9.517361298171694850e-01 6.764706750120212198e-05
2.458999180054135621e+06 9.508681689865848830e-01 6.762425500187673963e-05
2.458999184360902291e+06 9.501740698884419967e-01 6.760914777418487959e-05
2.458999188667669427e+06 9.496494783598832257e-01 6.759404054485954700e-05
2.458999192974436097e+06 9.492505127294329492e-01 6.757893331716768696e-05
2.458999197281203233e+06 9.489657967303135599e-01 6.756382608784236793e-05
2.458999201587969903e+06 9.487953304240940300e-01 6.756581361657533838e-05
2.458999205894737039e+06 9.487391137739118463e-01 6.756844899043067826e-05
2.458999210201503709e+06 9.487564365902219077e-01 6.757108436400106270e-05
2.458999214508270845e+06 9.486420859758184498e-01 6.757371973785640258e-05
2.458999218815037515e+06 9.483676346485675479e-01 6.757274374865934914e-05
2.458999223121804651e+06 9.479330825491202317e-01 6.754673005834540851e-05
2.458999227428571321e+06 9.473384297714466662e-01 6.752071637084415935e-05
2.458999231735338457e+06 9.466591134108692795e-01 6.749470268053023227e-05
2.458999236042105127e+06 9.461083327515346086e-01 6.746868899302898312e-05
2.458999240348872263e+06 9.456990015853256049e-01 6.744827555157059706e-05
2.458999244655639399e+06 9.454311199794414033e-01 6.744166513120246874e-05
2.458999248962406069e+06 9.453046879399055191e-01 6.743505471154908715e-05
2.458999253269173205e+06 9.452572516207817799e-01 6.742844429118095883e-05
2.458999257575939875e+06 9.451876015451678992e-01 6.742183387152756368e-05
2.458999261882707011e+06 9.450943409737542211e-01 6.741266412574557895e-05
2.458999266189473681e+06 9.449774699267080580e-01 6.740038135069963360e-05
2.458999270496240817e+06 9.448370050195402658e-01 6.738809857432563545e-05
2.458999274803007487e+06 9.446897147273605189e-01 6.737581579927969010e-05
2.458999279109774623e+06 9.445503678391261593e-01 6.736353302290567840e-05
2.458999283416541293e+06 9.444189643849704163e-01 6.735392567334123242e-05
2.458999287723308429e+06 9.442955043364779089e-01 6.734600196325029730e-05
2.458999292030075099e+06 9.441824252561619168e-01 6.733807825401611229e-05
2.458999296336842235e+06 9.441639202399146891e-01 6.733015454392517717e-05
2.458999300643608905e+06 9.442815059201504768e-01 6.732223083469097860e-05
2.458999304950376041e+06 9.445351823222966070e-01 6.733771230431346959e-05
2.458999309257143177e+06 9.449249494409970307e-01 6.735993709406990686e-05
2.458999313563909847e+06 9.454428580324861775e-01 6.738216188142334554e-05
2.458999317870676983e+06 9.459981924046785284e-01 6.740438667117978281e-05
2.458999322177443653e+06 9.465653025881679561e-01 6.742661145853320794e-05
2.458999326484210789e+06 9.471441887055899178e-01 6.744540271130661908e-05
2.458999330790977459e+06 9.477348506317623267e-01 6.746397051450521475e-05
2.458999335097744595e+06 9.483213165760682184e-01 6.748253831971142759e-05
2.458999339404511265e+06 9.488150950876065304e-01 6.750110612291002326e-05
2.458999343711278401e+06 9.492025969619015680e-01 6.751764788071177757e-05
2.458999348018045072e+06 9.494838221151573610e-01 6.751624811341981950e-05
2.458999352324812207e+06 9.496587706081880409e-01 6.751484834597650680e-05
2.458999356631578878e+06 9.497876784601860800e-01 6.751344857868453518e-05
2.458999360938346013e+06 9.500557451813322896e-01 6.751204881124122249e-05
2.458999365245112684e+06 9.504759763557710794e-01 6.751720990730106524e-05
2.458999369551879819e+06 9.510483720743758695e-01 6.754065857699548985e-05
2.458999373858646490e+06 9.517729322133682279e-01 6.756410724415454834e-05
2.458999378165413626e+06 9.525769035418439890e-01 6.758755591384897296e-05
2.458999382472180761e+06 9.533318455282719928e-01 6.761100458354339757e-05
2.458999386778947432e+06 9.540353220672371792e-01 6.763348218479517870e-05
2.458999391085714567e+06 9.546873333108641946e-01 6.765465458298028075e-05
2.458999395392481238e+06 9.552878823498989203e-01 6.767582697887614411e-05
2.458999399699248374e+06 9.558897235601476750e-01 6.769699937706124616e-05
2.458999404006015044e+06 9.565439819086830608e-01 6.771817177295710952e-05
2.458999408312782180e+06 9.572506575369861270e-01 6.774363004070261152e-05
2.458999412619548850e+06 9.580097502922408914e-01 6.777207682917938552e-05
2.458999416926315986e+06 9.588201828772301427e-01 6.780052362073191912e-05
2.458999421233082656e+06 9.596343848902968432e-01 6.782897040920869312e-05
2.458999425539849792e+06 9.604268380580113229e-01 6.785741720076122671e-05
2.458999429846616462e+06 9.611975422090083265e-01 6.788445252623584642e-05
2.458999434153383598e+06 9.619464975099500936e-01 6.791102172401370881e-05
2.458999438460150268e+06 9.626774707182690349e-01 6.793759091891882847e-05
2.458999442766917404e+06 9.634395158022281969e-01 6.796416011669667730e-05
2.458999447073684540e+06 9.642477423036249773e-01 6.799072931447453969e-05
2.458999451380451210e+06 9.651021501275810488e-01 6.802458744952377017e-05
2.458999455687218346e+06 9.660027394588591720e-01 6.805912872501547635e-05
2.458999459993985016e+06 9.669295028281250648e-01 6.809366999677247197e-05
2.458999464300752152e+06 9.677602554151158998e-01 6.812821127226419170e-05
2.458999468607518822e+06 9.684742717627530251e-01 6.816082131285535666e-05
2.458999472914285958e+06 9.690715520254397086e-01 6.817024152746901098e-05
2.458999477221052628e+06 9.695520960740163785e-01 6.817966174106412512e-05
2.458999481527819764e+06 9.699569570501018756e-01 6.818908195567776589e-05
2.458999485834586434e+06 9.704235516460437694e-01 6.819850216927286649e-05
2.458999490141353570e+06 9.709629544497615505e-01 6.821116596408359609e-05
2.458999494448120240e+06 9.715751653446109692e-01 6.823413240620627659e-05
2.458999498754887376e+06 9.722601844629805701e-01 6.825709885081217309e-05
2.458999503061654046e+06 9.730100128429686190e-01 6.828006529293485360e-05
2.458999507368421182e+06 9.738092815210555031e-01 6.830303173754075010e-05
2.458999511675187852e+06 9.746576086927344340e-01 6.833213630208376460e-05
2.458999515981954988e+06 9.755549945414532242e-01 6.837037120373602760e-05
2.458999520288722124e+06 9.765014389781403459e-01 6.840860610538829060e-05
2.458999524595488794e+06 9.774196966413049026e-01 6.844684100290647716e-05
2.458999528902255930e+06 9.782272517420622648e-01 6.848507590455874016e-05
2.458999533209022600e+06 9.789240818179818504e-01 6.851174453952213895e-05
2.458999537515789736e+06 9.795101870197507887e-01 6.852949300282655835e-05
2.458999541822556406e+06 9.799874296802429940e-01 6.854724146421193990e-05
2.458999546129323542e+06 9.804651566454033462e-01 6.856498992751634575e-05
2.458999550436090212e+06 9.810072285764261935e-01 6.858273838890174086e-05
2.458999554742857348e+06 9.816136455905323244e-01 6.860912517019501636e-05
2.458999559049624018e+06 9.822844075565865252e-01 6.863875333093862085e-05
2.458999563356391154e+06 9.830119918987136884e-01 6.866838149488571749e-05
2.458999567663157824e+06 9.836835863908586219e-01 6.869800965562932198e-05
2.458999571969924960e+06 9.842613713082727367e-01 6.872763781957640507e-05
2.458999576276691630e+06 9.847453465260124217e-01 6.873922923622862574e-05
2.458999580583458766e+06 9.851355121487354038e-01 6.874858495852378493e-05
2.458999584890225902e+06 9.854468597521310880e-01 6.875794068081894411e-05
2.458999589196992572e+06 9.857806423818392672e-01 6.876729640210252912e-05
2.458999593503759708e+06 9.861557710429186274e-01 6.877711554369342372e-05
2.458999597810526378e+06 9.865722456542495022e-01 6.879533450232661604e-05
2.458999602117293514e+06 9.870300663058927393e-01 6.881355346292970885e-05
2.458999606424060185e+06 9.875144832516624671e-01 6.883177242156290117e-05
2.458999610730827320e+06 9.879716908408828768e-01 6.884999138216600753e-05
2.458999615037593991e+06 9.883967552328513095e-01 6.886846920170616639e-05
2.458999619344361126e+06 9.887896765194870152e-01 6.888789298818340495e-05
2.458999623651127797e+06 9.891504546158216282e-01 6.890731677256048968e-05
2.458999627957894932e+06 9.895085779522868608e-01 6.892674055903772823e-05
2.458999632264661603e+06 9.899256720200448889e-01 6.894616434341482652e-05
2.458999636571428739e+06 9.904036704346712572e-01 6.896665579781494093e-05
2.458999640878195409e+06 9.909425730928006493e-01 6.898890843095805922e-05
2.458999645184962545e+06 9.915423801109682911e-01 6.901116106650723896e-05
2.458999649491729215e+06 9.920873533894556395e-01 6.903341369965037080e-05
2.458999653798496351e+06 9.924415993898975108e-01 6.905566633519953700e-05
2.458999658105263487e+06 9.926049033119785925e-01 6.905872568555509279e-05
2.458999662412030157e+06 9.925772651690100146e-01 6.904543449382595554e-05
2.458999666718797293e+06 9.923611110224029863e-01 6.903214330065973541e-05
2.458999671025563963e+06 9.921565565876702131e-01 6.901885210893059816e-05
2.458999675332331099e+06 9.920909758363504194e-01 6.900556091576437803e-05
2.458999679639097769e+06 9.921643687826251501e-01 6.901049330186714696e-05
2.458999683945864905e+06 9.923767354423651543e-01 6.902314104153056619e-05
2.458999688252631575e+06 9.927182135654007977e-01 6.903578877982648123e-05
2.458999692559398711e+06 9.930166244619185179e-01 6.904843651948988691e-05
2.458999696866165381e+06 9.932091848914064158e-01 6.906108425778580194e-05
2.458999701172932517e+06 9.932958948955049605e-01 6.906294355793924375e-05
2.458999705479699187e+06 9.932767544554635952e-01 6.906312091062993689e-05
2.458999709786466323e+06 9.931703668534418439e-01 6.906329826333980685e-05
2.458999714093232993e+06 9.931162242050874944e-01 6.906347561603049998e-05
2.458999718400000129e+06 9.931429355497520817e-01 6.906395759362821173e-05
