2.458907000000000000e+06 9.768926934242325721e-01 6.812371098723436281e-05
2.458907004306767136e+06 9.764680964434391264e-01 6.811278039800888425e-05
2.458907008613533806e+06 9.760257452820246815e-01 6.810184980996528093e-05
2.458907012920300942e+06 9.755656398443319777e-01 6.808273385234727413e-05
2.458907017227067612e+06 9.750877802298576480e-01 6.806102072413606867e-05
2.458907021533834748e+06 9.745927380445436050e-01 6.803930759357715893e-05
2.458907025840601418e+06 9.740876594304749281e-01 6.801759446536595347e-05
2.458907030147368554e+06 9.735746891604597497e-01 6.799588133480705728e-05
2.458907034454135224e+06 9.730538273454262255e-01 6.797728287105024927e-05
2.458907038760902360e+06 9.725250738727397870e-01 6.795894844649342354e-05
2.458907043067669030e+06 9.719895516852751216e-01 6.794061402391898016e-05
2.458907047374436166e+06 9.714539118395811856e-01 6.792227959936215443e-05
2.458907051681202836e+06 9.709192488019383616e-01 6.790388393788938644e-05
2.458907055987969972e+06 9.703855624567278015e-01 6.788482540030641495e-05
2.458907060294736642e+06 9.698528529193569669e-01 6.786576686478411878e-05
2.458907064601503778e+06 9.693124338308753973e-01 6.784670832720114729e-05
2.458907068908270914e+06 9.687360029318230481e-01 6.782764978961818936e-05
2.458907073215037584e+06 9.681213743057017762e-01 6.780690607359096038e-05
2.458907077521804720e+06 9.674685478196003441e-01 6.778103295873496442e-05
2.458907081828571390e+06 9.667775236146899376e-01 6.775515984667645401e-05
2.458907086135338526e+06 9.660978222892405709e-01 6.772928673182045806e-05
2.458907090442105196e+06 9.655220420934936820e-01 6.770341361976193410e-05
2.458907094748872332e+06 9.650523003437958547e-01 6.768669793023555242e-05
2.458907099055639002e+06 9.646885971417269445e-01 6.768315945125366921e-05
2.458907103362406138e+06 9.644309324086376423e-01 6.767962097188919815e-05
2.458907107669172809e+06 9.641691579157805059e-01 6.767608249290731493e-05
2.458907111975939944e+06 9.637892814531845431e-01 6.767254401354283033e-05
2.458907116282706615e+06 9.632912947557042971e-01 6.765711966841788153e-05
2.458907120589473750e+06 9.626751977156522422e-01 6.763282816936345575e-05
2.458907124896240421e+06 9.619423853610526987e-01 6.760853667293549617e-05
2.458907129203007556e+06 9.611669213704254755e-01 6.758424517388107039e-05
2.458907133509774227e+06 9.603908443462688682e-01 6.755995367745311082e-05
2.458907137816541363e+06 9.596141541207590109e-01 6.753032699562876119e-05
2.458907142123308498e+06 9.588368507777748073e-01 6.749878117499968314e-05
2.458907146430075169e+06 9.580576920319084921e-01 6.746723535778143736e-05
2.458907150736842304e+06 9.572589412369706396e-01 6.743568953715235932e-05
2.458907155043608975e+06 9.564348210419878482e-01 6.740414371993409999e-05
2.458907159350376111e+06 9.555853312687474510e-01 6.736937103749293741e-05
2.458907163657142781e+06 9.547104721009482819e-01 6.733423250627431397e-05
2.458907167963909917e+06 9.538117643730680273e-01 6.729909397125640217e-05
2.458907172270676587e+06 9.528991247407281318e-01 6.726395544003777873e-05
2.458907176577443723e+06 9.519743448633125604e-01 6.722874889667304231e-05
2.458907180884210393e+06 9.510374249408016789e-01 6.719249341478856314e-05
2.458907185190977529e+06 9.500883647705899993e-01 6.715623792898402905e-05
2.458907189497744199e+06 9.491546469847811363e-01 6.711998244709954989e-05
2.458907193804511335e+06 9.483335157523239412e-01 6.708372696129500225e-05
2.458907198111278005e+06 9.476334986665396753e-01 6.705415495717909915e-05
2.458907202418045141e+06 9.470545955760518719e-01 6.704778891968699419e-05
2.458907206724812277e+06 9.465968065630964157e-01 6.704142288219488923e-05
2.458907211031578947e+06 9.461992714299342078e-01 6.703505684539111712e-05
2.458907215338346083e+06 9.457385742821849961e-01 6.702869080789901216e-05
2.458907219645112753e+06 9.452111425083934426e-01 6.701630972107492843e-05
2.458907223951879889e+06 9.446169759945043376e-01 6.699437378944488779e-05
2.458907228258646559e+06 9.439560748690039027e-01 6.697243786018662072e-05
2.458907232565413695e+06 9.432515844144405692e-01 6.695050192855658009e-05
2.458907236872180365e+06 9.425297676765310717e-01 6.692856599929831302e-05
2.458907241178947501e+06 9.417906503098435467e-01 6.690544862355895335e-05
2.458907245485714171e+06 9.410342324742091424e-01 6.688136087711718275e-05
2.458907249792481307e+06 9.402620640937802143e-01 6.685727312807098236e-05
2.458907254099247977e+06 9.395859719859732673e-01 6.683318538162922532e-05
2.458907258406015113e+06 9.390748858121396037e-01 6.680909763258301138e-05
2.458907262712781783e+06 9.387288056827995941e-01 6.680341186678407663e-05
2.458907267019548919e+06 9.385477315231146589e-01 6.680517817459781906e-05
2.458907271326315589e+06 9.385153125687025755e-01 6.680694448222056572e-05
2.458907275633082725e+06 9.383623877744599051e-01 6.680871079003432170e-05
2.458907279939849861e+06 9.379938690452012118e-01 6.681047709784805058e-05
2.458907284246616531e+06 9.374097564557382078e-01 6.678026558514202110e-05
2.458907288553383667e+06 9.366100498797585994e-01 6.674546419085678546e-05
2.458907292860150337e+06 9.356395222119852084e-01 6.671066280033439543e-05
2.458907297166917473e+06 9.348205363605054385e-01 6.667586140604915979e-05
2.458907301473684143e+06 9.342168945254502033e-01 6.664224081996884168e-05
2.458907305780451279e+06 9.338285965762844754e-01 6.663918019696876628e-05
2.458907310087217949e+06 9.336556425969757544e-01 6.663611957429961649e-05
2.458907314393985085e+06 9.336435093730142132e-01 6.663305895129955465e-05
2.458907318700751755e+06 9.335824524739974040e-01 6.662999832863041841e-05
2.458907323007518891e+06 9.334517386793113047e-01 6.662627600686144502e-05
2.458907327314285561e+06 9.332513680172219717e-01 6.661990557303828966e-05
2.458907331621052697e+06 9.329813404444000646e-01 6.661353513852631355e-05
2.458907335927819367e+06 9.326888926596065277e-01 6.660716470470314464e-05
2.458907340234586503e+06 9.324778591362458124e-01 6.660079427019119564e-05
2.458907344541353639e+06 9.323519419725564417e-01 6.659580217624315067e-05
2.458907348848120309e+06 9.323111411683491223e-01 6.659323260186615775e-05
2.458907353154887445e+06 9.323554567148001349e-01 6.659066302721133803e-05
2.458907357461654115e+06 9.324415672901767982e-01 6.658809345283434511e-05
2.458907361768421251e+06 9.325157191972345272e-01 6.658552387817952539e-05
2.458907366075187922e+06 9.325777599589027966e-01 6.658511206088605641e-05
2.458907370381955057e+06 9.326276895885975415e-01 6.658664970139541465e-05
2.458907374688721728e+06 9.326662189428824856e-01 6.658818734173851050e-05
2.458907378995488863e+06 9.327676683976541261e-01 6.658972498224786875e-05
2.458907383302255534e+06 9.329818459412184684e-01 6.659126262259097814e-05
2.458907387609022669e+06 9.333087516198904643e-01 6.660700932111897137e-05
2.458907391915789340e+06 9.337483853629777730e-01 6.662919736816695063e-05
2.458907396222556476e+06 9.342935008048796064e-01 6.665138541761397113e-05
2.458907400529323146e+06 9.348049812856010776e-01 6.667357346466195038e-05
2.458907404836090282e+06 9.352295507887750103e-01 6.669576151410895734e-05
2.458907409142856952e+06 9.355672092225897352e-01 6.670453441806687821e-05
2.458907413449624088e+06 9.358179566600629551e-01 6.671095468987805880e-05
2.458907417756391224e+06 9.360040280039455540e-01 6.671737496168922584e-05
2.458907422063157894e+06 9.363029142078894695e-01 6.672379523280621888e-05
2.458907426369925030e+06 9.367530054751366242e-01 6.673054600217521450e-05
2.458907430676691700e+06 9.373543017083565410e-01 6.676142340196503870e-05
2.458907434983458836e+06 9.381068030375772082e-01 6.679230080509341954e-05
2.458907439290225506e+06 9.389724363553908493e-01 6.682317820488324373e-05
2.458907443596992642e+06 9.397917548047409753e-01 6.685405560801161102e-05
2.458907447903759312e+06 9.405470997793501375e-01 6.688302761649436744e-05
2.458907452210526448e+06 9.412384714425591214e-01 6.690309316462748120e-05
2.458907456517293118e+06 9.418658696448612977e-01 6.692315871059107931e-05
2.458907460824060254e+06 9.424773406763146122e-01 6.694322425872419307e-05
2.458907465130826924e+06 9.431873436617055351e-01 6.696328980468779118e-05
2.458907469437594060e+06 9.440007978698047308e-01 6.698870977892572743e-05
2.458907473744360730e+06 9.449177031247061320e-01 6.702457241502760975e-05
2.458907478051127866e+06 9.459380596246869111e-01 6.706043505500705983e-05
2.458907482357895002e+06 9.469660580255887528e-01 6.709629769498652347e-05
2.458907486664661672e+06 9.478719856125351617e-01 6.713216033108840579e-05
2.458907490971428808e+06 9.486551241985746730e-01 6.715719710144392495e-05
2.458907495278195478e+06 9.493154736143564199e-01 6.717148000531774482e-05
2.458907499584962614e+06 9.498540886490497437e-01 6.718576291073587517e-05
2.458907503891729284e+06 9.504472547573092900e-01 6.720004581460968149e-05
2.458907508198496420e+06 9.512236120877610723e-01 6.721432872002781184e-05
2.458907512505263090e+06 9.521831604725207177e-01 6.725194160359106133e-05
2.458907516812030226e+06 9.533259001190869109e-01 6.730133958312626533e-05
2.458907521118796896e+06 9.546433845691785214e-01 6.735073755732037771e-05
2.458907525425564032e+06 9.559439080139243705e-01 6.740013553685556815e-05
2.458907529732330702e+06 9.571479044230204458e-01 6.744953351104969409e-05
2.458907534039097838e+06 9.582553740568263700e-01 6.748853651982578790e-05
2.458907538345864508e+06 9.592663166758561566e-01 6.752536659317472263e-05
2.458907542652631644e+06 9.601867069739590255e-01 6.756219667050583709e-05
2.458907546959398314e+06 9.610696582442062041e-01 6.759902674385475827e-05
2.458907551266165450e+06 9.619277008105249216e-01 6.763585682118587272e-05
2.458907555572932586e+06 9.627608345761013986e-01 6.765523260133469302e-05
2.458907559879699256e+06 9.635690594548941279e-01 6.767442891709512197e-05
2.458907564186466392e+06 9.643801929587242361e-01 6.769362523493110690e-05
2.458907568493233062e+06 9.653212671780536658e-01 6.771282155069154941e-05
2.458907572800000198e+06 9.664079611314613238e-01 6.773710089116988155e-05
2.458907577106766868e+06 9.676402745839534081e-01 6.778961958252654432e-05
2.458907581413534004e+06 9.690182078020135314e-01 6.784213827956170242e-05
2.458907585720300674e+06 9.704459444216951836e-01 6.789465697091837874e-05
2.458907590027067810e+06 9.716761064564909400e-01 6.794717566795353684e-05
2.458907594333834480e+06 9.726960969703464244e-01 6.798791931183535437e-05
2.458907598640601616e+06 9.735059161838310882e-01 6.800308756874791328e-05
2.458907602947368287e+06 9.741055639218244577e-01 6.801825582402041312e-05
2.458907607254135422e+06 9.746315620698637883e-01 6.803342408093297202e-05
2.458907611560902093e+06 9.752852125328982380e-01 6.804859233620548541e-05
2.458907615867669228e+06 9.760683304685461303e-01 6.807461958428340058e-05
2.458907620174436364e+06 9.769809158131319560e-01 6.811250651281244731e-05
2.458907624481203035e+06 9.780227128618232957e-01 6.815039343724506652e-05
2.458907628787970170e+06 9.791130228755131615e-01 6.818828036577412679e-05
2.458907633094736841e+06 9.801876097743621452e-01 6.822616729020673245e-05
2.458907637401503976e+06 9.812464737907455881e-01 6.826481679902703765e-05
2.458907641708270647e+06 9.822896146956879848e-01 6.830389396362240688e-05
2.458907646015037782e+06 9.833159025715191293e-01 6.834297113244292552e-05
2.458907650321804453e+06 9.842944982008641208e-01 6.838204829703829475e-05
2.458907654628571589e+06 9.852115304280617547e-01 6.842112546585881340e-05
2.458907658935338259e+06 9.860669990548067698e-01 6.844965674308209856e-05
2.458907663242105395e+06 9.868609042660914099e-01 6.847560753631509018e-05
2.458907667548872065e+06 9.875959424067956016e-01 6.850155832674220723e-05
2.458907671855639201e+06 9.882989505442500988e-01 6.852750911997521240e-05
2.458907676162405871e+06 9.889768225431811999e-01 6.855345991040231589e-05
2.458907680469173007e+06 9.896295585501763137e-01 6.857435781765691728e-05
2.458907684775939677e+06 9.902571584240833502e-01 6.859507857982805881e-05
2.458907689082706813e+06 9.908563031076628169e-01 6.861579934423958215e-05
2.458907693389473949e+06 9.914104323155465970e-01 6.863652010865110549e-05
2.458907697696240619e+06 9.919172785235909062e-01 6.865600946182422908e-05
2.458907702003007755e+06 9.923768418413991821e-01 6.866717311053892271e-05
2.458907706309774425e+06 9.927891221695929191e-01 6.867833675804656051e-05
2.458907710616541561e+06 9.931773238107761692e-01 6.868950040676124059e-05
2.458907714923308231e+06 9.936063875081766472e-01 6.870066405426889194e-05
2.458907719230075367e+06 9.940801768142942807e-01 6.871435950375961315e-05
2.458907723536842037e+06 9.945986916266742472e-01 6.873420663924737601e-05
2.458907727843609173e+06 9.951619320574435212e-01 6.875405377688107312e-05
2.458907732150375843e+06 9.957143859575227074e-01 6.877390091236882243e-05
2.458907736457142979e+06 9.961670401800710728e-01 6.879374805000251954e-05
2.458907740763909649e+06 9.965187182014868528e-01 6.880512901082345707e-05
2.458907745070676785e+06 9.967694200978192143e-01 6.880633977414094308e-05
2.458907749377443455e+06 9.969192181568747868e-01 6.880755053732755234e-05
2.458907753684210591e+06 9.970289769584769202e-01 6.880876130064503835e-05
2.458907757990977727e+06 9.971516590796521973e-01 6.880997206396255146e-05
2.458907762297744397e+06 9.972872645050395723e-01 6.881492616948781842e-05
2.458907766604511533e+06 9.974357932639636992e-01 6.882220394172922637e-05
2.458907770911278203e+06 9.975984155541549603e-01 6.882948171318374749e-05
2.458907775218045339e+06 9.978143321114104625e-01 6.883675948542515544e-05
2.458907779524812009e+06 9.981026559733564563e-01 6.884403725687967656e-05
2.458907783831579145e+06 9.984633872023420675e-01 6.886247793851593148e-05
2.458907788138345815e+06 9.988965257203606951e-01 6.888407232503514796e-05
2.458907792445112951e+06 9.993864550053888074e-01 6.890566671388920737e-05
2.458907796751879621e+06 9.997581260116995550e-01 6.892726110040842385e-05
2.458907801058646757e+06 9.999626410246451602e-01 6.894885548926249681e-05
2.458907805365413427e+06 1.000000000000000000e+00 6.894377714042919175e-05
2.458907809672180563e+06 9.998702029458428342e-01 6.893706957058268723e-05
2.458907813978947233e+06 9.996050501747135719e-01 6.893036200146141911e-05
2.458907818285714369e+06 9.993782717917305547e-01 6.892365443161491459e-05
2.458907822592481039e+06 9.992161525796480204e-01 6.891758235081733971e-05
2.458907826899248175e+06 9.991186925034084565e-01 6.891691833658210092e-05
2.458907831206015311e+06 9.990858915840359344e-01 6.891625432234686213e-05
2.458907835512781981e+06 9.990780588641654525e-01 6.891559030818342462e-05
2.458907839819549117e+06 9.989747285359694695e-01 6.891492629394817227e-05
2.458907844126315787e+06 9.987676241551846079e-01 6.891012104505024713e-05
2.458907848433082923e+06 9.984567456770258032e-01 6.889399707907306657e-05
2.458907852739849593e+06 9.980420931687188357e-01 6.887787311483925599e-05
2.458907857046616729e+06 9.975830997177329573e-01 6.886174914886207543e-05
2.458907861353383400e+06 9.971832793425576824e-01 6.884562518462826485e-05
2.458907865660150535e+06 9.968445053447561044e-01 6.883490962015121348e-05
2.458907869966917206e+06 9.965667777975866226e-01 6.883134622421485779e-05
2.458907874273684341e+06 9.963500856500611125e-01 6.882778282789319020e-05
2.458907878580451012e+06 9.961155691886637298e-01 6.882421943195680741e-05
2.458907882887218148e+06 9.957880163873444879e-01 6.882065603563515337e-05
2.458907887193984818e+06 9.953674273169352826e-01 6.880614782074057057e-05
2.458907891500751954e+06 9.948538018864857557e-01 6.878413714185861705e-05
2.458907895807519089e+06 9.942490197483953018e-01 6.876212646297666354e-05
2.458907900114285760e+06 9.936324581243648479e-01 6.874011578647457445e-05
2.458907904421052895e+06 9.930460869741524199e-01 6.871810510759260738e-05
2.458907908727819566e+06 9.924899064245590319e-01 6.870229029291797986e-05
2.458907913034586702e+06 9.919639163553125583e-01 6.868847498663211554e-05
2.458907917341353372e+06 9.914628091895156814e-01 6.867465968183999721e-05
2.458907921648120508e+06 9.909191051316665888e-01 6.866084437555413289e-05
2.458907925954887178e+06 9.903123302556583463e-01 6.864702907076202811e-05
2.458907930261654314e+06 9.896424844302780244e-01 6.861954613125199887e-05
2.458907934568420984e+06 9.889095678003776424e-01 6.859085427172937060e-05
2.458907938875188120e+06 9.881263576264913695e-01 6.856216240910448755e-05
2.458907943181954790e+06 9.873694895402675975e-01 6.853347054958185928e-05
2.458907947488721926e+06 9.866517311189315631e-01 6.850563845248586181e-05
2.458907951795488596e+06 9.859730825176957758e-01 6.848750192597425008e-05
2.458907956102255732e+06 9.853335435898048500e-01 6.846936539750164187e-05
2.458907960409022402e+06 9.847015549578848059e-01 6.845122887099004368e-05
2.458907964715789538e+06 9.839731689205172271e-01 6.843309234251743547e-05
2.458907969022556674e+06 9.831402179148124310e-01 6.840995011445865465e-05
2.458907973329323344e+06 9.822027020477909209e-01 6.837131270216417040e-05
2.458907977636090480e+06 9.811606211167184233e-01 6.833267528569207899e-05
2.458907981942857150e+06 9.800747815705065369e-01 6.829403787339758118e-05
2.458907986249624286e+06 9.790601099649922645e-01 6.825540045692548977e-05
2.458907990556390956e+06 9.781193225493384213e-01 6.822118132653323880e-05
2.458907994863158092e+06 9.772524191201037436e-01 6.819340266788928258e-05
2.458907999169924762e+06 9.764593998647523865e-01 6.816562401224883743e-05
2.458908003476691898e+06 9.756943361971092132e-01 6.813784535360488121e-05
2.458908007783458568e+06 9.749091080894682904e-01 6.811006669796443606e-05
2.458908012090225704e+06 9.741037088734721960e-01 6.808327242533040069e-05
2.458908016396992374e+06 9.732781387232856130e-01 6.805722196588198354e-05
2.458908020703759510e+06 9.724324804056367899e-01 6.803117150361690402e-05
2.458908025010526180e+06 9.715713067594270447e-01 6.800512104416847332e-05
2.458908029317293316e+06 9.706972413031887958e-01 6.797907058190338025e-05
2.458908033624060452e+06 9.698102841293383403e-01 6.794607171038569301e-05
2.458908037930827122e+06 9.689104353358667376e-01 6.791053303216561200e-05
2.458908042237594258e+06 9.679965610249123831e-01 6.787499435010299652e-05
2.458908046544360928e+06 9.670521782451854120e-01 6.783945567188292907e-05
2.458908050851128064e+06 9.660718594432398110e-01 6.780391698982030004e-05
2.458908055157894734e+06 9.650556048310657831e-01 6.776209010222862214e-05
2.458908059464661870e+06 9.640034141889020081e-01 6.771952577033883973e-05
2.458908063771428540e+06 9.629343472349685129e-01 6.767696144305125161e-05
2.458908068078195676e+06 9.619742809051419208e-01 6.763439711116145565e-05
2.458908072384962346e+06 9.611462397561677529e-01 6.759346635745978546e-05
2.458908076691729482e+06 9.604502236089849099e-01 6.757918785523268305e-05
2.458908080998496152e+06 9.598862326141045509e-01 6.756490935454940322e-05
2.458908085305263288e+06 9.593984094689719244e-01 6.755063085232230081e-05
2.458908089612029959e+06 9.587869221233202843e-01 6.753635235163902098e-05
2.458908093918797094e+06 9.580339599667877515e-01 6.751747325527125926e-05
2.458908098225563765e+06 9.571395231621994126e-01 6.748232741697099250e-05
2.458908102532330900e+06 9.561036115161367643e-01 6.744718157487065134e-05
2.458908106839098036e+06 9.550547757764027423e-01 6.741203573277032373e-05
2.458908111145864706e+06 9.542565053747483761e-01 6.737688989447005697e-05
2.458908115452631842e+06 9.537166525509842563e-01 6.735769009477173127e-05
2.458908119759398513e+06 9.534352174218516662e-01 6.736415873475805891e-05
2.458908124066165648e+06 9.534121999264911773e-01 6.737062737544380537e-05
2.458908128372932319e+06 9.534628238671960521e-01 6.737709601543013301e-05
2.458908132679699454e+06 9.533748934759957994e-01 6.738356465611587947e-05
2.458908136986466125e+06 9.531481590779248281e-01 6.737940357573728861e-05
2.458908141293233261e+06 9.527826206239525808e-01 6.736640033299073470e-05
2.458908145599999931e+06 9.522798616525053328e-01 6.735339709165013352e-05
2.458908149906767067e+06 9.517593761935844165e-01 6.734039384890356606e-05
2.458908154213533737e+06 9.512956376308349116e-01 6.732739060756295132e-05
2.458908158520300873e+06 9.508886458639750350e-01 6.731613342175169173e-05
2.458908162827067543e+06 9.505384009810153856e-01 6.730559421475822938e-05
2.458908167133834679e+06 9.502430927340012046e-01 6.729505500662524343e-05
2.458908171440601815e+06 9.499723287440795527e-01 6.728451579849225748e-05
2.458908175747368485e+06 9.497152561402179005e-01 6.727397659149879513e-05
2.458908180054135621e+06 9.494718748668249386e-01 6.726857561109801837e-05
2.458908184360902291e+06 9.492421849765314557e-01 6.726393337635500232e-05
2.458908188667669427e+06 9.490248422448661625e-01 6.725929114111006842e-05
2.458908192974436097e+06 9.488100372567711549e-01 6.725464890636705237e-05
2.458908197281203233e+06 9.485958051714994399e-01 6.724992202440389488e-05
2.458908201587969903e+06 9.483821460353778487e-01 6.724279376815026662e-05
2.458908205894737039e+06 9.481690598022033400e-01 6.723566551112589260e-05
2.458908210201503709e+06 9.479746023620700957e-01 6.722853725487226435e-05
2.458908214508270845e+06 9.478690165871078710e-01 6.722140899784791743e-05
2.458908218815037515e+06 9.478593542269585503e-01 6.721666655928149959e-05
2.458908223121804651e+06 9.479456152795328050e-01 6.722166352146732903e-05
2.458908227428571321e+06 9.481277997261768897e-01 6.722666048311288698e-05
2.458908231735338457e+06 9.483518579582183028e-01 6.723165744529871642e-05
2.458908236042105127e+06 9.484976979160527621e-01 6.723665440694427437e-05
2.458908240348872263e+06 9.485609250067769116e-01 6.723647584287617443e-05
2.458908244655639399e+06 9.485415392101559373e-01 6.722707557323286446e-05
2.458908248962406069e+06 9.484395405416844449e-01 6.721767530460593981e-05
2.458908253269173205e+06 9.483479250377848668e-01 6.720827503496262984e-05
2.458908257575939875e+06 9.483834474286982896e-01 6.719887476633569165e-05
2.458908261882707011e+06 9.485464754373165164e-01 6.720619483956663369e-05
2.458908266189473681e+06 9.488370090283855252e-01 6.722881382267868126e-05
2.458908270496240817e+06 9.492546146021825226e-01 6.725143280823635012e-05
2.458908274803007487e+06 9.497513434353848094e-01 6.727405179134839769e-05
2.458908279109774623e+06 9.502946971204083715e-01 6.729667077690608011e-05
2.458908283416541293e+06 9.508846755397553085e-01 6.732096937515443284e-05
2.458908287723308429e+06 9.515212788210061223e-01 6.734604066858833132e-05
2.458908292030075099e+06 9.522007804151533250e-01 6.737111195931145332e-05
2.458908296336842235e+06 9.528500845833931532e-01 6.739618325274535180e-05
2.458908300643608905e+06 9.534408955477567948e-01 6.742125454346846024e-05
2.458908304950376041e+06 9.539732134360054960e-01 6.743658739591693691e-05
2.458908309257143177e+06 9.544470381810962190e-01 6.745016963397620414e-05
2.458908313563909847e+06 9.548718105011725354e-01 6.746375187056693307e-05
2.458908317870676983e+06 9.553239638483143059e-01 6.747733410862621385e-05
2.458908322177443653e+06 9.558202250442089376e-01 6.749100055034726515e-05
2.458908326484210789e+06 9.563605941961708101e-01 6.751272392219481342e-05
2.458908330790977459e+06 9.569450711873475068e-01 6.753444729169354611e-05
2.458908335097744595e+06 9.575527804200210102e-01 6.755617066354109438e-05
2.458908339404511265e+06 9.580952852802223640e-01 6.757789403303984062e-05
2.458908343711278401e+06 9.585626457105616005e-01 6.759651373050546384e-05
2.458908348018045072e+06 9.589548616099738965e-01 6.760030286074528855e-05
2.458908352324812207e+06 9.592719330632744068e-01 6.760409199139480615e-05
2.458908356631578878e+06 9.595740692099204994e-01 6.760788112163463085e-05
2.458908360938346013e+06 9.600062588047699741e-01 6.761167025228414845e-05
2.458908365245112684e+06 9.605748820386950104e-01 6.762570464813804716e-05
2.458908369551879819e+06 9.612799390346580264e-01 6.766000617399780864e-05
2.458908373858646490e+06 9.621214296401934263e-01 6.769430769614878554e-05
2.458908378165413626e+06 9.630061307685428007e-01 6.772860922200854702e-05
2.458908382472180761e+06 9.638063648206401934e-01 6.776291074786830850e-05
2.458908386778947432e+06 9.645213706286215327e-01 6.779213687848303948e-05
2.458908391085714567e+06 9.651511483471042485e-01 6.781625685660459184e-05
2.458908395392481238e+06 9.656960517676899114e-01 6.784037683211820429e-05
2.458908399699248374e+06 9.662197519640113308e-01 6.786449681023977020e-05
2.458908404006015044e+06 9.667692512065931831e-01 6.788861678575338265e-05
2.458908408312782180e+06 9.673445496142626387e-01 6.791118797689437955e-05
2.458908412619548850e+06 9.679456470626135456e-01 6.793296558055260685e-05
2.458908416926315986e+06 9.685716965901385311e-01 6.795474318656549088e-05
2.458908421233082656e+06 9.692030103030889743e-01 6.797652079022370464e-05
2.458908425539849792e+06 9.698313283674284691e-01 6.799829839623658867e-05
2.458908429846616462e+06 9.704566506472855902e-01 6.801931272471706702e-05
2.458908434153383598e+06 9.710789772778839479e-01 6.804016393550046146e-05
2.458908438460150268e+06 9.716964187666677910e-01 6.806101514402935235e-05
2.458908442766917404e+06 9.722919272048472505e-01 6.808186635481276033e-05
2.458908447073684540e+06 9.728614339766327168e-01 6.810271756559614122e-05
2.458908451380451210e+06 9.734049390246644062e-01 6.812611412676803150e-05
2.458908455687218346e+06 9.739224424664731927e-01 6.814954517048842509e-05
2.458908459993985016e+06 9.744237768425946244e-01 6.817297621167536347e-05
2.458908464300752152e+06 9.749543774140594365e-01 6.819640725539574352e-05
2.458908468607518822e+06 9.755199321895257070e-01 6.822065004782103953e-05
2.458908472914285958e+06 9.761204412912924955e-01 6.824951633146105639e-05
2.458908477221052628e+06 9.767559045895021219e-01 6.827838261197993980e-05
2.458908481527819764e+06 9.773981483624581967e-01 6.830724889561995666e-05
2.458908485834586434e+06 9.779736395862479448e-01 6.833611517613885362e-05
2.458908490141353570e+06 9.784785518188338083e-01 6.835740735273977914e-05
2.458908494448120240e+06 9.789128849510303487e-01 6.836200268038940557e-05
2.458908498754887376e+06 9.792766390767607687e-01 6.836659800853589475e-05
2.458908503061654046e+06 9.795972557356578125e-01 6.837119333618550763e-05
2.458908507368421182e+06 9.799156613812228800e-01 6.837578866433199681e-05
2.458908511675187852e+06 9.802322464539614533e-01 6.838237437597593626e-05
2.458908515981954988e+06 9.805470110223338809e-01 6.839116193311225382e-05
2.458908520288722124e+06 9.808599832720075185e-01 6.839994949024858493e-05
2.458908524595488794e+06 9.811810670139814450e-01 6.840873704643477546e-05
2.458908528902255930e+06 9.815182400258719575e-01 6.841752460357110658e-05
2.458908533209022600e+06 9.818715022347670462e-01 6.843160861168494358e-05
2.458908537515789736e+06 9.822408537170581599e-01 6.844870440465925529e-05
2.458908541822556406e+06 9.826241684261798337e-01 6.846580019578511072e-05
2.458908546129323542e+06 9.829618828465351843e-01 6.848289598875942244e-05
2.458908550436090212e+06 9.832269121938628231e-01 6.849999177988526432e-05
2.458908554742857348e+06 9.834192565254740170e-01 6.850457445947569571e-05
2.458908559049624018e+06 9.835389157997752596e-01 6.850603294458159004e-05
2.458908563356391154e+06 9.835962915075122659e-01 6.850749142984518159e-05
2.458908567663157824e+06 9.836965427079363833e-01 6.850894991495107592e-05
2.458908571969924960e+06 9.838669932231914883e-01 6.851040840021466747e-05
2.458908576276691630e+06 9.841076430164181765e-01 6.852189959285298561e-05
2.458908580583458766e+06 9.844184921396560428e-01 6.853377708614613888e-05
2.458908584890225902e+06 9.847681647340144062e-01 6.854565457943930570e-05
2.458908589196992572e+06 9.849982066634161981e-01 6.855753207144822149e-05
2.458908593503759708e+06 9.850866219781991839e-01 6.856667622956462069e-05
2.458908597810526378e+06 9.850334106592442129e-01 6.855679810804812769e-05
2.458908602117293514e+06 9.848385726950442676e-01 6.854691998546357358e-05
2.458908606424060185e+06 9.845823731770960707e-01 6.853704186394709414e-05
2.458908610730827320e+06 9.844919222958704585e-01 6.852716374136254003e-05
2.458908615037593991e+06 9.845810061967639193e-01 6.852652521522130424e-05
2.458908619344361126e+06 9.848496248990407098e-01 6.854868979279397825e-05
2.458908623651127797e+06 9.852977783446126292e-01 6.857085436797015889e-05
2.458908627957894932e+06 9.857686664951328392e-01 6.859301894554283290e-05
2.458908632264661603e+06 9.860080099292440892e-01 6.861518352071901354e-05
2.458908636571428739e+06 9.860122896798693137e-01 6.861920464471927639e-05
2.458908640878195409e+06 9.857815057460830310e-01 6.860114581486871351e-05
2.458908645184962545e+06 9.853158741494160155e-01 6.858308698306555672e-05
2.458908649491729215e+06 9.848338115376245039e-01 6.856502815321499384e-05
2.458908653798496351e+06 9.845277271181060996e-01 6.854696932141185061e-05
2.458908658105263487e+06 9.843976209524963883e-01 6.854781836651843783e-05
2.458908662412030157e+06 9.844434930263219474e-01 6.856056508546002693e-05
2.458908666718797293e+06 9.846606195947875673e-01 6.857331180577982673e-05
2.458908671025563963e+06 9.848859826442472043e-01 6.858605852472138872e-05
2.458908675332331099e+06 9.850392216558231384e-01 6.859880524504118852e-05
2.458908679639097769e+06 9.851203365963783209e-01 6.860357091783651892e-05
2.458908683945864905e+06 9.851293274834530544e-01 6.860603934895639856e-05
2.458908688252631575e+06 9.850681276717437873e-01 6.860850777980938829e-05
2.458908692559398711e+06 9.849587732045006483e-01 6.861097621092926793e-05
2.458908696866165381e+06 9.848074895845126964e-01 6.861344464178225765e-05
2.458908701172932517e+06 9.846142767790653227e-01 6.860507012817907281e-05
2.458908705479699187e+06 9.843791348299398836e-01 6.859599380781085561e-05
2.458908709786466323e+06 9.840998282393824681e-01 6.858691748646127281e-05
2.458908714093232993e+06 9.837639902634087719e-01 6.857784116609304205e-05
2.458908718400000129e+06 9.833697247024333343e-01 6.856753721237802599e-05
