2.458985000000000000e+06 9.941452467475673238e-01 6.949584900425825179e-05
2.458985004306767136e+06 9.947333619468473609e-01 6.951832896075469434e-05
2.458985008613533806e+06 9.953338455687169573e-01 6.954080891482051824e-05
2.458985012920300942e+06 9.959466977430284640e-01 6.956518491274650757e-05
2.458985017227067612e+06 9.965719183372545587e-01 6.959020351660468113e-05
2.458985021533834748e+06 9.972053219823031611e-01 6.961522212316796621e-05
2.458985025840601418e+06 9.977909051511102412e-01 6.964024072702615332e-05
2.458985030147368554e+06 9.983111253564516119e-01 6.966525933358942485e-05
2.458985034454135224e+06 9.987659824858312607e-01 6.967692505738366869e-05
2.458985038760902360e+06 9.991554766376105068e-01 6.968726141039444186e-05
2.458985043067669030e+06 9.994781447860553447e-01 6.969759776228760589e-05
2.458985047374436166e+06 9.997248764049510017e-01 6.970793411529837907e-05
2.458985051681202836e+06 9.998940961319155996e-01 6.971643391108830188e-05
2.458985055987969972e+06 9.999858040035425333e-01 6.970127822581883746e-05
2.458985060294736642e+06 1.000000000000000000e+00 6.968612254218804975e-05
2.458985064601503778e+06 9.999283391580461311e-01 6.967096685691861243e-05
2.458985068908270914e+06 9.997424156822812824e-01 6.965581117164914801e-05
2.458985073215037584e+06 9.994398801886604788e-01 6.963718924563500230e-05
2.458985077521804720e+06 9.990207326117614972e-01 6.960726043289970546e-05
2.458985081828571390e+06 9.984849730422235004e-01 6.957733162340039973e-05
2.458985086135338526e+06 9.979536733139904303e-01 6.954740281066508934e-05
2.458985090442105196e+06 9.976633241614261127e-01 6.951747400116578361e-05
2.458985094748872332e+06 9.976200876628034120e-01 6.950946855873982365e-05
2.458985099055639002e+06 9.978239638274721823e-01 6.953473193951557722e-05
2.458985103362406138e+06 9.982749526995197131e-01 6.955999532302289685e-05
2.458985107669172809e+06 9.987999674146152973e-01 6.958525870379865042e-05
2.458985111975939944e+06 9.992106341386429724e-01 6.961052208730595650e-05
2.458985116282706615e+06 9.995068693160940043e-01 6.962528601672141363e-05
2.458985120589473750e+06 9.996886730110282615e-01 6.963179387354812835e-05
2.458985124896240421e+06 9.997565586398751147e-01 6.963830172967119586e-05
2.458985129203007556e+06 9.997425673921490619e-01 6.964480958649792413e-05
2.458985133509774227e+06 9.996657249301093007e-01 6.965131744262099164e-05
2.458985137816541363e+06 9.995260312371387901e-01 6.964553645640031302e-05
2.458985142123308498e+06 9.993234863181483796e-01 6.963503300999933593e-05
2.458985146430075169e+06 9.990604818185518932e-01 6.962452956473404707e-05
2.458985150736842304e+06 9.987739172562708490e-01 6.961402611833308353e-05
2.458985155043608975e+06 9.984763660118747275e-01 6.960352267306779467e-05
2.458985159350376111e+06 9.981678280210192211e-01 6.958944818768194142e-05
2.458985163657142781e+06 9.978483033504245148e-01 6.957490957879864117e-05
2.458985167963909917e+06 9.975141571314636302e-01 6.956037096834335619e-05
2.458985172270676587e+06 9.971403496125365029e-01 6.954583235946005593e-05
2.458985176577443723e+06 9.967221181904772909e-01 6.953113527474100283e-05
2.458985180884210393e+06 9.962594629557269821e-01 6.951326505400249234e-05
2.458985185190977529e+06 9.957523838082380507e-01 6.949539483133178449e-05
2.458985189497744199e+06 9.952085052826818989e-01 6.947752461059327400e-05
2.458985193804511335e+06 9.946561064408171449e-01 6.945965438792257971e-05
2.458985198111278005e+06 9.940978430692106738e-01 6.943962241763274414e-05
2.458985202418045141e+06 9.935337150471396095e-01 6.941146567798124633e-05
2.458985206724812277e+06 9.929637224346488100e-01 6.938330893832973497e-05
2.458985211031578947e+06 9.923745281731605195e-01 6.935515220172263620e-05
2.458985215338346083e+06 9.917378111696801835e-01 6.932699546207112483e-05
2.458985219645112753e+06 9.910526454788671780e-01 6.929310108069865008e-05
2.458985223951879889e+06 9.903190309525573554e-01 6.924955120831315168e-05
2.458985228258646559e+06 9.895369677493918159e-01 6.920600134063639752e-05
2.458985232565413695e+06 9.886857565087783239e-01 6.916245146825088556e-05
2.458985236872180365e+06 9.877406609668351045e-01 6.911890160057413139e-05
2.458985241178947501e+06 9.867016328683901882e-01 6.907488093981630297e-05
2.458985245485714171e+06 9.855686724381295116e-01 6.903045163216223212e-05
2.458985249792481307e+06 9.843436970938246322e-01 6.898602231970431893e-05
2.458985254099247977e+06 9.831967590080885611e-01 6.894159301205024808e-05
2.458985258406015113e+06 9.822378886152864919e-01 6.889716369959234844e-05
2.458985262712781783e+06 9.814670861227705601e-01 6.887212861731086694e-05
2.458985267019548919e+06 9.808843513638570988e-01 6.885548814577944446e-05
2.458985271326315589e+06 9.804788322187454330e-01 6.883884767604725550e-05
2.458985275633082725e+06 9.800552886584742440e-01 6.882220720451583302e-05
2.458985279939849861e+06 9.795413961648321566e-01 6.880556673298441055e-05
2.458985284246616531e+06 9.789371548080360030e-01 6.877745253677715765e-05
2.458985288553383667e+06 9.782425644574210821e-01 6.874747828898262211e-05
2.458985292860150337e+06 9.774653165872588811e-01 6.871750404442899726e-05
2.458985297166917473e+06 9.766642528294360304e-01 6.868752979663446173e-05
2.458985301473684143e+06 9.758516519713333892e-01 6.865755081444047602e-05
2.458985305780451279e+06 9.750275138372294093e-01 6.862737136329699855e-05
2.458985310087217949e+06 9.741918386053406431e-01 6.859719191541661725e-05
2.458985314393985085e+06 9.733467394852953758e-01 6.856701246427313978e-05
2.458985318700751755e+06 9.725007691793713382e-01 6.853683301639275848e-05
2.458985323007518891e+06 9.716548330552059465e-01 6.850581970083591699e-05
2.458985327314285561e+06 9.708089312957297601e-01 6.847114924701335045e-05
2.458985331621052697e+06 9.699630637180197690e-01 6.843647878944211424e-05
2.458985335927819367e+06 9.691233162598484885e-01 6.840180833561953415e-05
2.458985340234586503e+06 9.683037326019097168e-01 6.836713787804828439e-05
2.458985344541353639e+06 9.675048746512595610e-01 6.833475069783717204e-05
2.458985348848120309e+06 9.667267424909116169e-01 6.830663646938081341e-05
2.458985353154887445e+06 9.659693359525977074e-01 6.827852223788465004e-05
2.458985357461654115e+06 9.651892613315665725e-01 6.825040800942830496e-05
2.458985361768421251e+06 9.643297210214758497e-01 6.822229377793214160e-05
2.458985366075187922e+06 9.633904659844827467e-01 6.818211168788561652e-05
2.458985370381955057e+06 9.623714960174766242e-01 6.813037423189522844e-05
2.458985374688721728e+06 9.612730364863389942e-01 6.807863678149888990e-05
2.458985378995488863e+06 9.601260431048531663e-01 6.802689932550850182e-05
2.458985383302255534e+06 9.589523735062671639e-01 6.797516187511214972e-05
2.458985387609022669e+06 9.577520274367790076e-01 6.792415386717702455e-05
2.458985391915789340e+06 9.565250051559595068e-01 6.787349959361343272e-05
2.458985396222556476e+06 9.552778683011369232e-01 6.782284531457293941e-05
2.458985400529323146e+06 9.541501441845977594e-01 6.777219104100934758e-05
2.458985404836090282e+06 9.531980032753996079e-01 6.772153676196885426e-05
2.458985409142856952e+06 9.524214457794396571e-01 6.769822077996378391e-05
2.458985413449624088e+06 9.518204715287901241e-01 6.768026701249080137e-05
2.458985417756391224e+06 9.513806284899409826e-01 6.766231324501781883e-05
2.458985422063157894e+06 9.509785719166397033e-01 6.764435947948605962e-05
2.458985426369925030e+06 9.505861259015030429e-01 6.762640571201309063e-05
2.458985430676691700e+06 9.502032905293961162e-01 6.761852506899794003e-05
2.458985434983458836e+06 9.498300657175321460e-01 6.761065847825358389e-05
2.458985439290225506e+06 9.494620039655787824e-01 6.760279188835979791e-05
2.458985443596992642e+06 9.490794355561662510e-01 6.759492529761545532e-05
2.458985447903759312e+06 9.486800264539229088e-01 6.758605315896105167e-05
2.458985452210526448e+06 9.482637765724780676e-01 6.757194840750942177e-05
2.458985456517293118e+06 9.478306860018440583e-01 6.755784365758285776e-05
2.458985460824060254e+06 9.473924325671868596e-01 6.754373890613124141e-05
2.458985465130826924e+06 9.469782998271401020e-01 6.752963415620467740e-05
2.458985469437594060e+06 9.465896924103742727e-01 6.751825441063636984e-05
2.458985473744360730e+06 9.462266104009243728e-01 6.751256590047929537e-05
2.458985478051127866e+06 9.458890537202752080e-01 6.750687738970718012e-05
2.458985482357895002e+06 9.455914216679826012e-01 6.750118887893505131e-05
2.458985486664661672e+06 9.453543129168888726e-01 6.749550036877797685e-05
2.458985490971428808e+06 9.451778858161213881e-01 6.749243098770666110e-05
2.458985495278195478e+06 9.450621404038319628e-01 6.749212758094839330e-05
2.458985499584962614e+06 9.450069047228040198e-01 6.749182417415731483e-05
2.458985503891729284e+06 9.449698818272774803e-01 6.749152076739904703e-05
2.458985508198496420e+06 9.449184236031086259e-01 6.749121736060796856e-05
2.458985512505263090e+06 9.448525300614251110e-01 6.748927315050612386e-05
2.458985516812030226e+06 9.447722011879778892e-01 6.748644135385274050e-05
2.458985521118796896e+06 9.446772404239984766e-01 6.748360955750554939e-05
2.458985525425564032e+06 9.445626252684503621e-01 6.748077776085217958e-05
2.458985529732330702e+06 9.444261586165517697e-01 6.747794596450498847e-05
2.458985534039097838e+06 9.442678404387920832e-01 6.746414699329774539e-05
2.458985538345864508e+06 9.440876707694070280e-01 6.744780113814348866e-05
2.458985542652631644e+06 9.438851968309027729e-01 6.743145528122186042e-05
2.458985546959398314e+06 9.436560853067340604e-01 6.741510942606760370e-05
2.458985551266165450e+06 9.433992545773007832e-01 6.739876356914597545e-05
2.458985555572932586e+06 9.431147046658767685e-01 6.738431098321463406e-05
2.458985559879699256e+06 9.428024356077239210e-01 6.736990869010615033e-05
2.458985564186466392e+06 9.425191651586286579e-01 6.735550639544045414e-05
2.458985568493233062e+06 9.425395499911651820e-01 6.734110410233197042e-05
2.458985572800000198e+06 9.428999302093915569e-01 6.733609285416486173e-05
2.458985577106766868e+06 9.436003057353765655e-01 6.739038360693690936e-05
2.458985581413534004e+06 9.446406767205741684e-01 6.744467436557904439e-05
2.458985585720300674e+06 9.458654337653134014e-01 6.749896511835110557e-05
2.458985590027067810e+06 9.468505018134485418e-01 6.755325587699324060e-05
2.458985594333834480e+06 9.475718773836545594e-01 6.759330899489607769e-05
2.458985598640601616e+06 9.480295606319260049e-01 6.760002938158102021e-05
2.458985602947368287e+06 9.482235514592907144e-01 6.760674976753933043e-05
2.458985607254135422e+06 9.483266761987168003e-01 6.761347015422428650e-05
2.458985611560902093e+06 9.486086822897117354e-01 6.762019054018259673e-05
2.458985615867669228e+06 9.490727477664390177e-01 6.764121653270628728e-05
2.458985620174436364e+06 9.497188726082499421e-01 6.767890932746964394e-05
2.458985624481203035e+06 9.505467539493686058e-01 6.771660211815757951e-05
2.458985628787970170e+06 9.513805535554185067e-01 6.775429491292093618e-05
2.458985633094736841e+06 9.520715745236900673e-01 6.779198770360885819e-05
2.458985637401503976e+06 9.526198170036139778e-01 6.780773608873096666e-05
2.458985641708270647e+06 9.530252808766347394e-01 6.781028792988515110e-05
2.458985646015037782e+06 9.532937711816965587e-01 6.781283977131523789e-05
2.458985650321804453e+06 9.536072128785111346e-01 6.781539161246942233e-05
2.458985654628571589e+06 9.540520976195288050e-01 6.781794345389950912e-05
2.458985658935338259e+06 9.546284253085446370e-01 6.784533369740457307e-05
2.458985663242105395e+06 9.553361960701877154e-01 6.787944423948446410e-05
2.458985667548872065e+06 9.561692573041504772e-01 6.791355477787623814e-05
2.458985671855639201e+06 9.570611629203843451e-01 6.794766531995615627e-05
2.458985676162405871e+06 9.579938205530408313e-01 6.798177585834791676e-05
2.458985680469173007e+06 9.589672304038036055e-01 6.802313690405205544e-05
2.458985684775939677e+06 9.599813922621762696e-01 6.806488244471128803e-05
2.458985689082706813e+06 9.610120968511949302e-01 6.810662798988416269e-05
2.458985693389473949e+06 9.619306841068000491e-01 6.814837353505706445e-05
2.458985697696240619e+06 9.627182576582973272e-01 6.818649546166918364e-05
2.458985702003007755e+06 9.633748176759969750e-01 6.819595237180069169e-05
2.458985706309774425e+06 9.639003640179201193e-01 6.820540928090967512e-05
2.458985710616541561e+06 9.643532735471413986e-01 6.821486619104118318e-05
2.458985714923308231e+06 9.649065156166820589e-01 6.822432310015018016e-05
2.458985719230075367e+06 9.655714910662008821e-01 6.824142072827807588e-05
2.458985723536842037e+06 9.663481997518992284e-01 6.827868112605547241e-05
2.458985727843609173e+06 9.672366418417377432e-01 6.831594152786158803e-05
2.458985732150375843e+06 9.681866787477989567e-01 6.835320192563899811e-05
2.458985736457142979e+06 9.691130463575866605e-01 6.839046232744510018e-05
2.458985740763909649e+06 9.700143279852448952e-01 6.842517560471151369e-05
2.458985745070676785e+06 9.708905238256720915e-01 6.845661264740112275e-05
2.458985749377443455e+06 9.717416309642676886e-01 6.848804968669166312e-05
2.458985753684210591e+06 9.725595620627742743e-01 6.851948672938128573e-05
2.458985757990977727e+06 9.733368045582442285e-01 6.855092377207089478e-05
2.458985762297744397e+06 9.740733583732384959e-01 6.857513818075954557e-05
2.458985766604511533e+06 9.747692236670342236e-01 6.859453715825379117e-05
2.458985770911278203e+06 9.754257004419146782e-01 6.861393613365056635e-05
2.458985775218045339e+06 9.760940984776603768e-01 6.863333511114483906e-05
2.458985779524812009e+06 9.768009387307474700e-01 6.865273408654161424e-05
2.458985783831579145e+06 9.775462213540276890e-01 6.868055733166016530e-05
2.458985788138345815e+06 9.783299461863360635e-01 6.871100353550867775e-05
2.458985792445112951e+06 9.791446929958728118e-01 6.874144974264915326e-05
2.458985796751879621e+06 9.798993862430541713e-01 6.877189594649767927e-05
2.458985801058646757e+06 9.805670081042904274e-01 6.880234215363814122e-05
2.458985805365413427e+06 9.811475584352111756e-01 6.881934875899515982e-05
2.458985809672180563e+06 9.816410373613583262e-01 6.883526808576929642e-05
2.458985813978947233e+06 9.820673948264047048e-01 6.885118741082219430e-05
2.458985818285714369e+06 9.825432967880824986e-01 6.886710673759634444e-05
2.458985822592481039e+06 9.830876903281391410e-01 6.888435349727676550e-05
2.458985826899248175e+06 9.837005755642977967e-01 6.891540212001126650e-05
2.458985831206015311e+06 9.843819524413995881e-01 6.894645074274576750e-05
2.458985835512781981e+06 9.851122063342491186e-01 6.897749936212319911e-05
2.458985839819549117e+06 9.858281097114939273e-01 6.900854798485770011e-05
2.458985844126315787e+06 9.865248622575869542e-01 6.903669691979996714e-05
2.458985848433082923e+06 9.872024641231981201e-01 6.905616185441329231e-05
2.458985852739849593e+06 9.878609151617987472e-01 6.907562678692201843e-05
2.458985857046616729e+06 9.884765257749157374e-01 6.909509172153535715e-05
2.458985861353383400e+06 9.890054484986506855e-01 6.911455665404406972e-05
2.458985865660150535e+06 9.894467122515478996e-01 6.912797124232566385e-05
2.458985869966917206e+06 9.898003169381857091e-01 6.913278324322910564e-05
2.458985874273684341e+06 9.900662626350297257e-01 6.913759524465284251e-05
2.458985878580451012e+06 9.902708198060475864e-01 6.914240724555628431e-05
2.458985882887218148e+06 9.904408726311946243e-01 6.914721924698003473e-05
2.458985887193984818e+06 9.905764219668562465e-01 6.914718605337207046e-05
2.458985891500751954e+06 9.906774678423447833e-01 6.914357888447050890e-05
2.458985895807519089e+06 9.907460552898227357e-01 6.913997171556894735e-05
2.458985900114285760e+06 9.908873720518228678e-01 6.913636454705740042e-05
2.458985904421052895e+06 9.911605675376400360e-01 6.913275737815585242e-05
2.458985908727819566e+06 9.915656416881969415e-01 6.914943342906683247e-05
2.458985913034586702e+06 9.921025945910889599e-01 6.917330728756149519e-05
2.458985917341353372e+06 9.927566384500560170e-01 6.919718114347483517e-05
2.458985921648120508e+06 9.933197663366954977e-01 6.922105500196951144e-05
2.458985925954887178e+06 9.937248166753769318e-01 6.924492885788285142e-05
2.458985930261654314e+06 9.939717895536911429e-01 6.924634720415913489e-05
2.458985934568420984e+06 9.940606849182315186e-01 6.924528894507456440e-05
2.458985938875188120e+06 9.940188405276724204e-01 6.924423068587558347e-05
2.458985943181954790e+06 9.940227161392310995e-01 6.924317242679101298e-05
2.458985947488721926e+06 9.941038960933302748e-01 6.924298878905594905e-05
2.458985951795488596e+06 9.942623803724152109e-01 6.925575825295994580e-05
2.458985956102255732e+06 9.944981690107574934e-01 6.926852771824460625e-05
2.458985960409022402e+06 9.947813619714787059e-01 6.928129718214858944e-05
2.458985964715789538e+06 9.950070080782920101e-01 6.929406664743327699e-05
2.458985969022556674e+06 9.951660136417591618e-01 6.930228332035489680e-05
2.458985973329323344e+06 9.952583786554957124e-01 6.929489309572175722e-05
2.458985977636090480e+06 9.952841031394754623e-01 6.928750287028954708e-05
2.458985981942857150e+06 9.952327427304934471e-01 6.928011264565640749e-05
2.458985986249624286e+06 9.950832735612211710e-01 6.927272242022422446e-05
2.458985990556390956e+06 9.948350992749982469e-01 6.926077078700599633e-05
2.458985994863158092e+06 9.944882198181583810e-01 6.924163710934001282e-05
2.458985999169924762e+06 9.940426352657124598e-01 6.922250343374282259e-05
2.458986003476691898e+06 9.936184574288575710e-01 6.920336975607683909e-05
2.458986007783458568e+06 9.933509207548797404e-01 6.918423608047964885e-05
2.458986012090225704e+06 9.932401423472289048e-01 6.917994176808118611e-05
2.458986016396992374e+06 9.932861222298601245e-01 6.918773946625046657e-05
2.458986020703759510e+06 9.934857997674424457e-01 6.919553716526286328e-05
2.458986025010526180e+06 9.936241640671769071e-01 6.920333486343217084e-05
2.458986029317293316e+06 9.935695594978213308e-01 6.921113256244456756e-05
2.458986033624060452e+06 9.933219860339831397e-01 6.919495011768040217e-05
2.458986037930827122e+06 9.928814437337275534e-01 6.916914296135208125e-05
2.458986042237594258e+06 9.922605743080337160e-01 6.914333580223341695e-05
2.458986046544360928e+06 9.916652156901842874e-01 6.911752864590510958e-05
2.458986050851128064e+06 9.911676493060572746e-01 6.909172148678644528e-05
2.458986055157894734e+06 9.907678752632498309e-01 6.907961075774749816e-05
2.458986059464661870e+06 9.904658934753123312e-01 6.906943564020348895e-05
2.458986063771428540e+06 9.902476284136475515e-01 6.905926052375963324e-05
2.458986068078195676e+06 9.900124364402871358e-01 6.904908540621562403e-05
2.458986072384962346e+06 9.897405209096995504e-01 6.903896903530414627e-05
2.458986076691729482e+06 9.894318817630843865e-01 6.903030948573538723e-05
2.458986080998496152e+06 9.890865190671832563e-01 6.902164993710290452e-05
2.458986085305263288e+06 9.887168293285149012e-01 6.901299038753414548e-05
2.458986089612029959e+06 9.883702485328866860e-01 6.900433083890166277e-05
2.458986093918797094e+06 9.880514312593304815e-01 6.899525576070016119e-05
2.458986098225563765e+06 9.877603775767895833e-01 6.898453246022433791e-05
2.458986102532330900e+06 9.874970874223237827e-01 6.897380915858908237e-05
2.458986106839098036e+06 9.872072953230218717e-01 6.896308585695381328e-05
2.458986111145864706e+06 9.867722657809736564e-01 6.895236255647797644e-05
2.458986115452631842e+06 9.861878130259092989e-01 6.893204505928731199e-05
2.458986119759398513e+06 9.854539371842145901e-01 6.889495909202232149e-05
2.458986124066165648e+06 9.845706380971913640e-01 6.885787312074750411e-05
2.458986128372932319e+06 9.836547904834573863e-01 6.882078715348252716e-05
2.458986132679699454e+06 9.828507531113085394e-01 6.878370118220770979e-05
2.458986136986466125e+06 9.821589186543544514e-01 6.875633825761208245e-05
2.458986141293233261e+06 9.815792869629883510e-01 6.873771905345297248e-05
2.458986145599999931e+06 9.811104950745769271e-01 6.871909985130702267e-05
2.458986149906767067e+06 9.806127025153401622e-01 6.870048064714791270e-05
2.458986154213533737e+06 9.799925543858384325e-01 6.868186144500196288e-05
2.458986158520300873e+06 9.792500505519671217e-01 6.865026124368365634e-05
2.458986162827067543e+06 9.783851911742896812e-01 6.861280444689790237e-05
2.458986167133834679e+06 9.774087382798477552e-01 6.857534764606220605e-05
2.458986171440601815e+06 9.765259730521386183e-01 6.853789084522649618e-05
2.458986175747368485e+06 9.758152546996178289e-01 6.850043404844074221e-05
2.458986180054135621e+06 9.752765830685951043e-01 6.849347176365938388e-05
2.458986184360902291e+06 9.749099582755564875e-01 6.849181988297376041e-05
2.458986188667669427e+06 9.746835036908706451e-01 6.849016800210954174e-05
2.458986192974436097e+06 9.743436930007315366e-01 6.848851612142391827e-05
2.458986197281203233e+06 9.738358570594792818e-01 6.848639464192488708e-05
2.458986201587969903e+06 9.731599959769314800e-01 6.845183413277162890e-05
2.458986205894737039e+06 9.723161096069359299e-01 6.841727361988160017e-05
2.458986210201503709e+06 9.713472546711362510e-01 6.838271311072834199e-05
2.458986214508270845e+06 9.704332998207542138e-01 6.834815259783829971e-05
2.458986218815037515e+06 9.695941011269402221e-01 6.831414759955196220e-05
2.458986223121804651e+06 9.688296584082206619e-01 6.828272815268178085e-05
2.458986227428571321e+06 9.681399718299030788e-01 6.825130870920875727e-05
2.458986231735338457e+06 9.674850419634754006e-01 6.821988926233856236e-05
2.458986236042105127e+06 9.667697590534374275e-01 6.818846981886555233e-05
2.458986240348872263e+06 9.659900524149644951e-01 6.815773795354747679e-05
2.458986244655639399e+06 9.651459221219123030e-01 6.812834414931465956e-05
2.458986248962406069e+06 9.642373682759995956e-01 6.809895034825999127e-05
2.458986253269173205e+06 9.633597744008811636e-01 6.806955654402717403e-05
2.458986257575939875e+06 9.626420790584171439e-01 6.804016274297250574e-05
2.458986261882707011e+06 9.620849890866943754e-01 6.802036639340308742e-05
2.458986266189473681e+06 9.616885046061816045e-01 6.801009014232130886e-05
2.458986270496240817e+06 9.614513290172981286e-01 6.799981389012839926e-05
2.458986274803007487e+06 9.611581539651488093e-01 6.798953763904662070e-05
2.458986279109774623e+06 9.606520274662226910e-01 6.797926138685371109e-05
2.458986283416541293e+06 9.599329496299675579e-01 6.794491713190215973e-05
2.458986287723308429e+06 9.590009203008854621e-01 6.789842702210768951e-05
2.458986292030075099e+06 9.578675411432673314e-01 6.785193691733989226e-05
2.458986296336842235e+06 9.567958336271273900e-01 6.780544680754543559e-05
2.458986300643608905e+06 9.558949054841037185e-01 6.775895670277762479e-05
2.458986304950376041e+06 9.551647565193737144e-01 6.773728286172353791e-05
2.458986309257143177e+06 9.546053868395815156e-01 6.772079336921148175e-05
2.458986313563909847e+06 9.541961319277846298e-01 6.770430387848232830e-05
2.458986317870676983e+06 9.537532997726005934e-01 6.768781438597025859e-05
2.458986322177443653e+06 9.532335584801476802e-01 6.767132489524109158e-05
2.458986326484210789e+06 9.526369079380337945e-01 6.764068481349463089e-05
2.458986330790977459e+06 9.519633482752822840e-01 6.760989856787014509e-05
2.458986335097744595e+06 9.512470905241424690e-01 6.757911231891696889e-05
2.458986339404511265e+06 9.506444310400650188e-01 6.754832607329248309e-05
2.458986343711278401e+06 9.501746701641435866e-01 6.752114085452050416e-05
2.458986348018045072e+06 9.498378079979619137e-01 6.751398954560782395e-05
2.458986352324812207e+06 9.496338444686749369e-01 6.750683823592193141e-05
2.458986356631578878e+06 9.495019148130002806e-01 6.749968692700925119e-05
2.458986360938346013e+06 9.492847459673632304e-01 6.749253561732335865e-05
2.458986365245112684e+06 9.489743159784528315e-01 6.748119091064854998e-05
2.458986369551879819e+06 9.485706247791398926e-01 6.746072488586634676e-05
2.458986373858646490e+06 9.480736724567210283e-01 6.744025886329702729e-05
2.458986378165413626e+06 9.476033363858152869e-01 6.741979283851482407e-05
2.458986382472180761e+06 9.473366170341164239e-01 6.739932681373263441e-05
2.458986386778947432e+06 9.472751212638333973e-01 6.739742082150155232e-05
2.458986391085714567e+06 9.474188490616680669e-01 6.741582162900104571e-05
2.458986395392481238e+06 9.477673161042250438e-01 6.743422243451100101e-05
2.458986399699248374e+06 9.481650510774944918e-01 6.745262324201052150e-05
2.458986404006015044e+06 9.484880630411777203e-01 6.747102404752047681e-05
2.458986408312782180e+06 9.487363520651248550e-01 6.747567972125259085e-05
2.458986412619548850e+06 9.489099180956441781e-01 6.747260754605051718e-05
2.458986416926315986e+06 9.490054087145606276e-01 6.746953537051627106e-05
2.458986421233082656e+06 9.489308559664612064e-01 6.746646319531419739e-05
2.458986425539849792e+06 9.486448014856153632e-01 6.746339101977995127e-05
2.458986429846616462e+06 9.481472453338815054e-01 6.742936175187042383e-05
2.458986434153383598e+06 9.474381874036645890e-01 6.738772322010666961e-05
2.458986438460150268e+06 9.465702882604865032e-01 6.734608469284498360e-05
2.458986442766917404e+06 9.460696546426522469e-01 6.730444616108124294e-05
2.458986447073684540e+06 9.460718130340576293e-01 6.726280762931747517e-05
2.458986451380451210e+06 9.465767633529239555e-01 6.732182815421688959e-05
2.458986455687218346e+06 9.475845057084447687e-01 6.738446916703768924e-05
2.458986459993985016e+06 9.489843470509300438e-01 6.744711017308554568e-05
2.458986464300752152e+06 9.502221001024014901e-01 6.750975118590634534e-05
2.458986468607518822e+06 9.512215850850658239e-01 6.756683737956953068e-05
2.458986472914285958e+06 9.519828022150579327e-01 6.758603554476426162e-05
2.458986477221052628e+06 9.525057513277676025e-01 6.760523370788321974e-05
2.458986481527819764e+06 9.528626309873416966e-01 6.762443187307793713e-05
2.458986485834586434e+06 9.532562251819549637e-01 6.764363003619689525e-05
2.458986490141353570e+06 9.536986779802208991e-01 6.766222580717188759e-05
2.458986494448120240e+06 9.541899892864604826e-01 6.767934995854655764e-05
2.458986498754887376e+06 9.547301592069180609e-01 6.769647411177274685e-05
2.458986503061654046e+06 9.553163575888035108e-01 6.771359826314743045e-05
2.458986507368421182e+06 9.559440277258475227e-01 6.773072241637361965e-05
2.458986511675187852e+06 9.566131082197962821e-01 6.775310099327296217e-05
2.458986515981954988e+06 9.573235992153360518e-01 6.778182348806203593e-05
2.458986520288722124e+06 9.580755079543104014e-01 6.781054598285108260e-05
2.458986524595488794e+06 9.588754519725846137e-01 6.783926847453456766e-05
2.458986528902255930e+06 9.597292189064836609e-01 6.786799096932361432e-05
2.458986533209022600e+06 9.606368085713835603e-01 6.790423798139586669e-05
2.458986537515789736e+06 9.615982211635470955e-01 6.794518321980841228e-05
2.458986541822556406e+06 9.626102072842767088e-01 6.798612845379383514e-05
2.458986546129323542e+06 9.635624628390793145e-01 6.802707369220636717e-05
2.458986550436090212e+06 9.644009398967866575e-01 6.806801892619179003e-05
2.458986554742857348e+06 9.651256386387163655e-01 6.808874073647588974e-05
2.458986559049624018e+06 9.657365589081549073e-01 6.810369853506123723e-05
2.458986563356391154e+06 9.662483168015529866e-01 6.811865633526386200e-05
2.458986567663157824e+06 9.668260912536270624e-01 6.813361413384922305e-05
2.458986571969924960e+06 9.675162802675614238e-01 6.814857193405184782e-05
2.458986576276691630e+06 9.683188836941054589e-01 6.818236739474214372e-05
2.458986580583458766e+06 9.692339017068190010e-01 6.821734856589911340e-05
2.458986584890225902e+06 9.702286809729475658e-01 6.825232973705608309e-05
2.458986589196992572e+06 9.711236370827192044e-01 6.828731090443079994e-05
2.458986593503759708e+06 9.718914063527198666e-01 6.832016549437179727e-05
2.458986597810526378e+06 9.725319886169219163e-01 6.833457364300554704e-05
2.458986602117293514e+06 9.730453840138492128e-01 6.834898179319715981e-05
2.458986606424060185e+06 9.735023798791733185e-01 6.836338994183093669e-05
2.458986610730827320e+06 9.741191935895190390e-01 6.837779809202253591e-05
2.458986615037593991e+06 9.749108414766842756e-01 6.840068311380493855e-05
2.458986619344361126e+06 9.758773237118595345e-01 6.844696508231465641e-05
2.458986623651127797e+06 9.770186400860471077e-01 6.849324704582021204e-05
2.458986627957894932e+06 9.782137830591113303e-01 6.853952901432991635e-05
2.458986632264661603e+06 9.792505405281235475e-01 6.858581097783548553e-05
2.458986636571428739e+06 9.801249790224013658e-01 6.862196769907587918e-05
2.458986640878195409e+06 9.808370983528509335e-01 6.864462205719448035e-05
2.458986645184962545e+06 9.813869127436072315e-01 6.866727641776253818e-05
2.458986649491729215e+06 9.819229762003526263e-01 6.868993077588115290e-05
2.458986653798496351e+06 9.825881576855783894e-01 6.871258513644922428e-05
2.458986658105263487e+06 9.833824571483040788e-01 6.874629156283174817e-05
2.458986662412030157e+06 9.843058744817064776e-01 6.878764280191315564e-05
2.458986666718797293e+06 9.853545539533620223e-01 6.882899404546558248e-05
2.458986671025563963e+06 9.863617578985907075e-01 6.887034528454698994e-05
2.458986675332331099e+06 9.872386409425186748e-01 6.891169652809941678e-05
2.458986679639097769e+06 9.879852028955228294e-01 6.893982642092490989e-05
2.458986683945864905e+06 9.886014439190446979e-01 6.896363577759010365e-05
2.458986688252631575e+06 9.890998569539366514e-01 6.898744513168095422e-05
2.458986692559398711e+06 9.896413692352327152e-01 6.901125448834614798e-05
2.458986696866165381e+06 9.902752128896523676e-01 6.903506384243698500e-05
2.458986701172932517e+06 9.910013880542619669e-01 6.906597647620755414e-05
2.458986705479699187e+06 9.918198945720286819e-01 6.909753808868586509e-05
2.458986709786466323e+06 9.926978662568249900e-01 6.912909970457670238e-05
2.458986714093232993e+06 9.934361807290996715e-01 6.916066131705498623e-05
2.458986718400000129e+06 9.940013283573377878e-01 6.919016757144218904e-05
