2.458759000000000000e+06 9.796263678287319143e-01 6.812025149983566509e-05
2.458759004306767136e+06 9.801128366807058123e-01 6.813739847919586296e-05
2.458759008613533806e+06 9.805524409814947440e-01 6.815454545670207511e-05
2.458759012920300942e+06 9.809387738168769966e-01 6.817034716929014826e-05
2.458759017227067612e+06 9.812718351033095088e-01 6.817975255551004068e-05
2.458759021533834748e+06 9.815516249128151127e-01 6.818915794274687408e-05
2.458759025840601418e+06 9.817985787192680114e-01 6.819856332896678005e-05
2.458759030147368554e+06 9.820617936214602883e-01 6.820796871620362701e-05
2.458759034454135224e+06 9.823434192396938158e-01 6.821838103876910319e-05
2.458759038760902360e+06 9.826434556348693228e-01 6.823077951197059957e-05
2.458759043067669030e+06 9.829619027421044875e-01 6.824317798383153417e-05
2.458759047374436166e+06 9.832768924176998881e-01 6.825557645703303055e-05
2.458759051681202836e+06 9.835585408318695544e-01 6.826797492889396515e-05
2.458759055987969972e+06 9.838066723799594460e-01 6.827915836077123434e-05
2.458759060294736642e+06 9.840212870083122620e-01 6.828912222361220878e-05
2.458759064601503778e+06 9.842025351328140825e-01 6.829908608753050071e-05
2.458759068908270914e+06 9.843771216247904077e-01 6.830904995144880618e-05
2.458759073215037584e+06 9.845647209423104007e-01 6.831901381428976707e-05
2.458759077521804720e+06 9.847653331259416110e-01 6.833173201891380786e-05
2.458759081828571390e+06 9.849789581323028509e-01 6.834585827782116625e-05
2.458759086135338526e+06 9.852029394341980106e-01 6.835998453825589444e-05
2.458759090442105196e+06 9.853757566328039674e-01 6.837411079716326637e-05
2.458759094748872332e+06 9.854716412329355135e-01 6.838823705759800812e-05
2.458759099055639002e+06 9.854905932138579017e-01 6.838142631291740307e-05
2.458759103362406138e+06 9.854326125796697422e-01 6.837015497364331792e-05
2.458759107669172809e+06 9.853073179080927835e-01 6.835888363558793022e-05
2.458759111975939944e+06 9.852013302197297762e-01 6.834761229631383151e-05
2.458759116282706615e+06 9.851352906353151306e-01 6.833634095825844381e-05
2.458759120589473750e+06 9.851091991405687143e-01 6.834204281909821957e-05
2.458759124896240421e+06 9.851230557411321254e-01 6.834796790699985763e-05
2.458759129203007556e+06 9.851662137386310025e-01 6.835389299554213720e-05
2.458759133509774227e+06 9.851895403988800703e-01 6.835981808344377525e-05
2.458759137816541363e+06 9.851868943064437945e-01 6.836406948539004182e-05
2.458759142123308498e+06 9.851582754573963152e-01 6.835881195088854825e-05
2.458759146430075169e+06 9.851036838590440103e-01 6.835355441695551543e-05
2.458759150736842304e+06 9.850260313301665294e-01 6.834829688245402186e-05
2.458759155043608975e+06 9.849329102837066641e-01 6.834303934852098905e-05
2.458759159350376111e+06 9.848247150344747736e-01 6.833673527949533444e-05
2.458759163657142781e+06 9.847014456058682530e-01 6.832812688595340481e-05
2.458759167963909917e+06 9.845631019712300924e-01 6.831951849148072827e-05
2.458759172270676587e+06 9.844096929894278203e-01 6.831091009793879864e-05
2.458759176577443723e+06 9.842412317844165814e-01 6.830230170346610855e-05
2.458759180884210393e+06 9.840577185176841990e-01 6.829351785257365315e-05
2.458759185190977529e+06 9.838591531495468612e-01 6.828454004904604957e-05
2.458759189497744199e+06 9.836454969496521983e-01 6.827556224648915931e-05
2.458759193804511335e+06 9.834032140691622015e-01 6.826658444296155573e-05
2.458759198111278005e+06 9.831214075712561007e-01 6.825760664040465191e-05
2.458759202418045141e+06 9.828000773949941982e-01 6.824216906286334689e-05
2.458759206724812277e+06 9.824392235687094965e-01 6.822306014328629361e-05
2.458759211031578947e+06 9.820401371989332384e-01 6.820395122577533665e-05
2.458759215338346083e+06 9.816389629710996489e-01 6.818484230619828337e-05
2.458759219645112753e+06 9.812521316452929021e-01 6.816573338868733996e-05
2.458759223951879889e+06 9.808796431378618008e-01 6.815148949205273123e-05
2.458759228258646559e+06 9.805214975293559121e-01 6.813845982526068983e-05
2.458759232565413695e+06 9.801752917794636089e-01 6.812543015705984967e-05
2.458759236872180365e+06 9.798167349846003127e-01 6.811240049026780826e-05
2.458759241178947501e+06 9.794395160388706945e-01 6.809937082206696810e-05
2.458759245485714171e+06 9.790436350238466146e-01 6.808351088020716234e-05
2.458759249792481307e+06 9.786290918539204409e-01 6.806754193759690080e-05
2.458759254099247977e+06 9.781991077169989168e-01 6.805157299671325832e-05
2.458759258406015113e+06 9.777699521583003150e-01 6.803560405410301033e-05
2.458759262712781783e+06 9.773438841438865099e-01 6.801972697037646177e-05
2.458759267019548919e+06 9.769209035816220910e-01 6.800448957370367452e-05
2.458759271326315589e+06 9.765010105629748915e-01 6.798925217867840022e-05
2.458759275633082725e+06 9.760704294819693150e-01 6.797401478200559941e-05
2.458759279939849861e+06 9.755901685799595047e-01 6.795877738533281215e-05
2.458759284246616531e+06 9.750578594754082395e-01 6.794128610846074054e-05
2.458759288553383667e+06 9.744735020532063752e-01 6.791822858422184557e-05
2.458759292860150337e+06 9.738370964397182750e-01 6.789517106247600574e-05
2.458759297166917473e+06 9.731692012860391205e-01 6.787211353823712433e-05
2.458759301473684143e+06 9.725031762755689257e-01 6.784905601649128450e-05
2.458759305780451279e+06 9.718394840401298751e-01 6.782602209827898751e-05
2.458759310087217949e+06 9.711781247232430525e-01 6.780301693371636608e-05
2.458759314393985085e+06 9.705190987022942473e-01 6.778001176666636801e-05
2.458759318700751755e+06 9.698629396430270555e-01 6.775700660210376013e-05
2.458759323007518891e+06 9.692101178213113899e-01 6.773400143505376207e-05
2.458759327314285561e+06 9.685606333783174371e-01 6.771333849200324628e-05
2.458759331621052697e+06 9.679144861735967664e-01 6.769415103664286120e-05
2.458759335927819367e+06 9.672711584671888074e-01 6.767496358335706988e-05
2.458759340234586503e+06 9.666127279916834070e-01 6.765577612799668480e-05
2.458759344541353639e+06 9.659303509816469235e-01 6.763658867263628617e-05
2.458759348848120309e+06 9.652240275147435655e-01 6.761368624995743170e-05
2.458759353154887445e+06 9.644937574382336232e-01 6.758971247491303070e-05
2.458759357461654115e+06 9.637417203827149947e-01 6.756573870246075381e-05
2.458759361768421251e+06 9.629928044866569170e-01 6.754176492741635282e-05
2.458759366075187922e+06 9.622540501572803828e-01 6.751779115496407593e-05
2.458759370381955057e+06 9.615254572348325146e-01 6.749274965303207090e-05
2.458759374688721728e+06 9.608070258768688365e-01 6.746763856564957278e-05
2.458759378995488863e+06 9.600964342389742834e-01 6.744252747555197491e-05
2.458759383302255534e+06 9.593808171024302833e-01 6.741741638816947679e-05
2.458759387609022669e+06 9.586581982624513554e-01 6.739246452058602634e-05
2.458759391915789340e+06 9.579285778753009462e-01 6.736892269489535201e-05
2.458759396222556476e+06 9.571919557832014869e-01 6.734538086665926913e-05
2.458759400529323146e+06 9.564473159427961946e-01 6.732183904096859480e-05
2.458759404836090282e+06 9.556915342125100743e-01 6.729829721273251192e-05
2.458759409142856952e+06 9.549243914211027473e-01 6.727458637567800058e-05
2.458759413449624088e+06 9.541458874026824688e-01 6.725040462624442444e-05
2.458759417756391224e+06 9.533560222395809358e-01 6.722622287681083474e-05
2.458759422063157894e+06 9.525727314930131362e-01 6.720204112999186635e-05
2.458759426369925030e+06 9.518276657410557062e-01 6.717785938055827666e-05
2.458759430676691700e+06 9.511214246010426532e-01 6.715527585588396944e-05
2.458759434983458836e+06 9.504540079202518088e-01 6.713483909982210748e-05
2.458759439290225506e+06 9.498254130481322832e-01 6.711440234596991730e-05
2.458759443596992642e+06 9.491922207424638991e-01 6.709396558990805533e-05
2.458759447903759312e+06 9.485123860327533407e-01 6.707352883605587871e-05
2.458759452210526448e+06 9.477859087719890940e-01 6.704552796275677139e-05
2.458759456517293118e+06 9.470127891172689383e-01 6.701225788080601210e-05
2.458759460824060254e+06 9.461943722789795119e-01 6.697898779525796487e-05
2.458759465130826924e+06 9.453898793026864755e-01 6.694571771330720558e-05
2.458759469437594060e+06 9.446310476829731240e-01 6.691244762775915835e-05
2.458759473744360730e+06 9.439178775839340840e-01 6.688744318824963386e-05
2.458759478051127866e+06 9.432503688513489415e-01 6.686516375001223854e-05
2.458759482357895002e+06 9.426277838815159127e-01 6.684288431177485678e-05
2.458759486664661672e+06 9.420405356668722918e-01 6.682060487594638251e-05
2.458759490971428808e+06 9.414856747538919990e-01 6.679832543770900075e-05
2.458759495278195478e+06 9.409632012625618325e-01 6.678544607810577385e-05
2.458759499584962614e+06 9.404731150798987249e-01 6.677344319255365296e-05
2.458759503891729284e+06 9.400178981772107090e-01 6.676144030829929497e-05
2.458759508198496420e+06 9.396126802903695951e-01 6.674943742274717408e-05
2.458759512505263090e+06 9.392600233415393518e-01 6.673796862663522120e-05
2.458759516812030226e+06 9.389599272544592035e-01 6.673286961818424988e-05
2.458759521118796896e+06 9.387123920940237953e-01 6.672777061028460893e-05
2.458759525425564032e+06 9.384986073709976617e-01 6.672267160183363761e-05
2.458759529732330702e+06 9.382557235596219458e-01 6.671757259393401021e-05
2.458759534039097838e+06 9.379786898937119144e-01 6.671146653951754108e-05
2.458759538345864508e+06 9.376675064331749798e-01 6.670217168512889501e-05
2.458759542652631644e+06 9.373221731107189703e-01 6.669287682973526130e-05
2.458759546959398314e+06 9.369715048933916490e-01 6.668358197534660168e-05
2.458759551266165450e+06 9.366707525236473986e-01 6.667428711995296796e-05
2.458759555572932586e+06 9.364212795429439629e-01 6.666744189120242579e-05
2.458759559879699256e+06 9.362230859699381957e-01 6.666423065063129569e-05
2.458759564186466392e+06 9.360761717617717137e-01 6.666101940971294983e-05
2.458759568493233062e+06 9.359826690704875496e-01 6.665780816914180617e-05
2.458759572800000198e+06 9.359448493727267060e-01 6.665459692822346032e-05
2.458759577106766868e+06 9.359627132414976014e-01 6.665933357299804027e-05
2.458759581413534004e+06 9.360362606806631458e-01 6.667018169166197034e-05
2.458759585720300674e+06 9.361651529077019696e-01 6.668102980915295629e-05
2.458759590027067810e+06 9.363296914539358529e-01 6.669187792781688636e-05
2.458759594333834480e+06 9.365184026355422020e-01 6.670272604530787231e-05
2.458759598640601616e+06 9.367312864933291516e-01 6.671242333669791203e-05
2.458759602947368287e+06 9.369683429812613040e-01 6.672169055812874651e-05
2.458759607254135422e+06 9.372282657417818630e-01 6.673095778056158708e-05
2.458759611560902093e+06 9.374915622463432241e-01 6.674022500199242155e-05
2.458759615867669228e+06 9.377517167890199179e-01 6.674949222442524857e-05
2.458759620174436364e+06 9.380087293411736304e-01 6.675765846667700151e-05
2.458759624481203035e+06 9.382625998755248498e-01 6.676568947683723834e-05
2.458759628787970170e+06 9.385238295426707733e-01 6.677372048786582625e-05
2.458759633094736841e+06 9.388630676724489810e-01 6.678175149802607663e-05
2.458759637401503976e+06 9.392934620863915285e-01 6.679078324705254568e-05
2.458759641708270647e+06 9.398150126914269764e-01 6.681760466852578806e-05
2.458759646015037782e+06 9.404277196003387740e-01 6.684442609289904086e-05
2.458759650321804453e+06 9.411061239491708141e-01 6.687124751437228324e-05
2.458759654628571589e+06 9.417576847390487504e-01 6.689806893874554960e-05
2.458759658935338259e+06 9.423739599540857936e-01 6.692358596931611539e-05
2.458759663242105395e+06 9.429549497275491188e-01 6.694436595583846950e-05
2.458759667548872065e+06 9.435006539338017806e-01 6.696514594011401789e-05
2.458759671855639201e+06 9.440383179740270414e-01 6.698592592663635845e-05
2.458759676162405871e+06 9.446246676949805465e-01 6.700670591091190684e-05
2.458759680469173007e+06 9.452614656850049091e-01 6.703039616002702452e-05
2.458759684775939677e+06 9.459487118063947264e-01 6.705886392403945153e-05
2.458759689082706813e+06 9.466864062077644526e-01 6.708733169112990140e-05
2.458759693389473949e+06 9.474704312748564172e-01 6.711579945822036483e-05
2.458759697696240619e+06 9.482959738085282586e-01 6.714426722223277829e-05
2.458759702003007755e+06 9.491630267946541410e-01 6.717808578022249719e-05
2.458759706309774425e+06 9.500715900457371577e-01 6.721644032566724634e-05
2.458759710616541561e+06 9.510211865061823922e-01 6.725479487525902814e-05
2.458759714923308231e+06 9.519731933138489977e-01 6.729314942070379084e-05
2.458759719230075367e+06 9.529031360101496428e-01 6.733150397029555908e-05
2.458759723536842037e+06 9.538110143939874108e-01 6.736752046620715412e-05
2.458759727843609173e+06 9.546968286616879240e-01 6.740255324303739038e-05
2.458759732150375843e+06 9.555629642088496745e-01 6.743758601607976306e-05
2.458759736457142979e+06 9.564507133090627278e-01 6.747261879290998576e-05
2.458759740763909649e+06 9.573750639023443920e-01 6.750765156595234489e-05
2.458759745070676785e+06 9.583360161885823292e-01 6.755207043510419386e-05
2.458759749377443455e+06 9.593335699599736532e-01 6.759793532760934650e-05
2.458759753684210591e+06 9.603619728146037815e-01 6.764380022507357211e-05
2.458759757990977727e+06 9.613783549083967372e-01 6.768966512253777061e-05
2.458759762297744397e+06 9.623739706578570141e-01 6.773533763636487199e-05
2.458759766604511533e+06 9.633488202782830578e-01 6.777460407366307153e-05
2.458759770911278203e+06 9.643029035588671638e-01 6.781387050671567089e-05
2.458759775218045339e+06 9.652489508872886814e-01 6.785313694401388397e-05
2.458759779524812009e+06 9.662373651454104762e-01 6.789240337706648333e-05
2.458759783831579145e+06 9.672733291972644976e-01 6.793294798267071491e-05
2.458759788138345815e+06 9.683568428188275012e-01 6.797887832165490070e-05
2.458759792445112951e+06 9.694879062444052842e-01 6.802480866560522033e-05
2.458759796751879621e+06 9.706232595786807860e-01 6.807073900458940612e-05
2.458759801058646757e+06 9.716651411116744574e-01 6.811666934853972575e-05
2.458759805365413427e+06 9.726098255454769248e-01 6.815685901095706824e-05
2.458759809672180563e+06 9.734573130843729993e-01 6.818659353048067803e-05
2.458759813978947233e+06 9.742076035450965010e-01 6.821632804678928958e-05
2.458759818285714369e+06 9.749209325601254639e-01 6.824606256631289938e-05
2.458759822592481039e+06 9.756743546269108780e-01 6.827579708262151092e-05
2.458759826899248175e+06 9.764681536102057802e-01 6.831014171825479516e-05
2.458759831206015311e+06 9.773023294307311426e-01 6.834879150421723339e-05
2.458759835512781981e+06 9.781767776451569807e-01 6.838744128600073632e-05
2.458759839819549117e+06 9.790788163201006311e-01 6.842609107196317454e-05
2.458759844126315787e+06 9.799996906119341489e-01 6.846474085374667747e-05
2.458759848433082923e+06 9.809394007197934640e-01 6.850170011589737189e-05
2.458759852739849593e+06 9.818979464404693491e-01 6.853786293066938288e-05
2.458759857046616729e+06 9.828717525176988712e-01 6.857402574935141993e-05
2.458759861353383400e+06 9.837881240185725185e-01 6.861018856412343092e-05
2.458759865660150535e+06 9.846184200478333981e-01 6.864635138280548153e-05
2.458759869966917206e+06 9.853626404259334670e-01 6.866951890663784903e-05
2.458759874273684341e+06 9.860207853138074352e-01 6.869025526216945572e-05
2.458759878580451012e+06 9.866064609587619216e-01 6.871099161545898653e-05
2.458759882887218148e+06 9.872324597697778037e-01 6.873172797099059322e-05
2.458759887193984818e+06 9.879239482870308953e-01 6.875247726329288672e-05
2.458759891500751954e+06 9.886809266600535828e-01 6.877577475746010952e-05
2.458759895807519089e+06 9.895033948176201744e-01 6.879907225162731877e-05
2.458759900114285760e+06 9.903687087903222386e-01 6.882236974327551979e-05
2.458759904421052895e+06 9.911790670688112037e-01 6.884566723744275614e-05
2.458759908727819566e+06 9.919232025191558888e-01 6.886887912047507136e-05
2.458759913034586702e+06 9.926011153022729072e-01 6.889166613257138654e-05
2.458759917341353372e+06 9.932128052715658573e-01 6.891445314220389295e-05
2.458759921648120508e+06 9.937632493913906018e-01 6.893724015430020813e-05
2.458759925954887178e+06 9.942646534029152550e-01 6.896002716393271454e-05
2.458759930261654314e+06 9.947175761620045131e-01 6.897758782458878271e-05
2.458759934568420984e+06 9.951220175707153892e-01 6.898455423853440958e-05
2.458759938875188120e+06 9.954779777165071453e-01 6.899152065323327235e-05
2.458759943181954790e+06 9.958259114144474289e-01 6.899848706717888567e-05
2.458759947488721926e+06 9.962223306169458725e-01 6.900545348187774844e-05
2.458759951795488596e+06 9.966676149461647372e-01 6.901620495600913248e-05
2.458759956102255732e+06 9.971617644983951090e-01 6.903084897086728827e-05
2.458759960409022402e+06 9.977044065282143492e-01 6.904549298414210232e-05
2.458759964715789538e+06 9.982188040865965784e-01 6.906013699900027166e-05
2.458759969022556674e+06 9.986471566106790432e-01 6.907478101385844101e-05
2.458759973329323344e+06 9.989894640681025173e-01 6.908241067429596164e-05
2.458759977636090480e+06 9.992457265328894556e-01 6.908635637013687343e-05
2.458759981942857150e+06 9.994172473965309278e-01 6.909030206555117877e-05
2.458759986249624286e+06 9.995356312829098977e-01 6.909424776139209056e-05
2.458759990556390956e+06 9.996143916402909779e-01 6.909819345680638235e-05
2.458759994863158092e+06 9.996535284857063219e-01 6.909456293038272756e-05
2.458759999169924762e+06 9.996530418106922555e-01 6.908925013077031922e-05
2.458760003476691898e+06 9.996182162066146182e-01 6.908393733058350056e-05
2.458760007783458568e+06 9.995980211427971662e-01 6.907862453097110577e-05
2.458760012090225704e+06 9.996043842478998798e-01 6.907331173078428712e-05
2.458760016396992374e+06 9.996373055205469704e-01 6.908019971818267512e-05
2.458760020703759510e+06 9.996967849678574103e-01 6.908732465881099543e-05
2.458760025010526180e+06 9.997767111723163680e-01 6.909444959866896298e-05
2.458760029317293316e+06 9.998482381525555240e-01 6.910157453929728329e-05
2.458760033624060452e+06 9.999076620680110716e-01 6.910837597958014128e-05
2.458760037930827122e+06 9.999549829142208024e-01 6.911324810624357184e-05
2.458760042237594258e+06 9.999902007014174199e-01 6.911812023343380268e-05
2.458760046544360928e+06 1.000000000000000000e+00 6.912299236009723325e-05
2.458760050851128064e+06 9.999489376255029649e-01 6.912786448728745054e-05
2.458760055157894734e+06 9.998350963360100874e-01 6.912898014090693296e-05
2.458760059464661870e+06 9.996584761069037262e-01 6.912158614250839489e-05
2.458760063771428540e+06 9.994190769763768856e-01 6.911419214490933396e-05
2.458760068078195676e+06 9.991248861028275696e-01 6.910679814651079589e-05
2.458760072384962346e+06 9.987880658262972000e-01 6.909940414891172140e-05
2.458760076691729482e+06 9.984087442281808222e-01 6.908801052389470317e-05
2.458760080998496152e+06 9.979869213905053771e-01 6.907208666871920391e-05
2.458760085305263288e+06 9.975227168539367861e-01 6.905616281182196451e-05
2.458760089612029959e+06 9.970680863758811796e-01 6.904023895664646525e-05
2.458760093918797094e+06 9.966658161594837972e-01 6.902431509974923940e-05
2.458760098225563765e+06 9.963159062917339437e-01 6.901606714916405498e-05
2.458760102532330900e+06 9.960183566969650348e-01 6.901229743164850666e-05
2.458760106839098036e+06 9.957709388583561028e-01 6.900852771413297190e-05
2.458760111145864706e+06 9.955079917640251574e-01 6.900475799702502939e-05
2.458760115452631842e+06 9.951990447753787938e-01 6.900098827950949462e-05
2.458760119759398513e+06 9.948440979592260147e-01 6.899199195252546781e-05
2.458760124066165648e+06 9.944431512388104411e-01 6.898164122738731862e-05
2.458760128372932319e+06 9.939981530209823779e-01 6.897129050336831002e-05
2.458760132679699454e+06 9.935293995246906595e-01 6.896093977823016083e-05
2.458760136986466125e+06 9.930422788616761753e-01 6.895058905421116578e-05
2.458760141293233261e+06 9.925367909266009647e-01 6.892549846215487478e-05
2.458760145599999931e+06 9.920129358287752552e-01 6.889974309225810150e-05
2.458760149906767067e+06 9.914591570181723323e-01 6.887398771957658203e-05
2.458760154213533737e+06 9.908157192690980608e-01 6.884823234967979520e-05
2.458760158520300873e+06 9.900741120687169827e-01 6.882051524427454132e-05
2.458760162827067543e+06 9.892343355773988156e-01 6.877834298849558098e-05
2.458760167133834679e+06 9.882963896135450454e-01 6.873617072815680512e-05
2.458760171440601815e+06 9.873128373177112449e-01 6.869399846781804281e-05
2.458760175747368485e+06 9.864355780101400351e-01 6.865182621203908247e-05
2.458760180054135621e+06 9.856741908212368619e-01 6.861623336117948270e-05
2.458760184360902291e+06 9.850286759156485772e-01 6.859738041296265334e-05
2.458760188667669427e+06 9.844990331537849526e-01 6.857852746270737482e-05
2.458760192974436097e+06 9.840140323872804684e-01 6.855967451449054546e-05
2.458760197281203233e+06 9.834556108147557429e-01 6.854082156423526695e-05
2.458760201587969903e+06 9.828219876773001129e-01 6.851672425678371624e-05
2.458760205894737039e+06 9.821131628378948486e-01 6.848608075830670688e-05
2.458760210201503709e+06 9.813291556145633532e-01 6.845543726314297871e-05
2.458760214508270845e+06 9.804994891685033798e-01 6.842479376466596935e-05
2.458760218815037515e+06 9.796508094229984254e-01 6.839415026950224118e-05
2.458760223121804651e+06 9.787831161945246272e-01 6.835683146429356871e-05
2.458760227428571321e+06 9.778964096707173370e-01 6.831519877929356148e-05
2.458760231735338457e+06 9.769907574138346762e-01 6.827356608979209590e-05
2.458760236042105127e+06 9.760686433941625495e-01 6.823193340479208867e-05
2.458760240348872263e+06 9.751313187373199520e-01 6.819030071529062309e-05
2.458760244655639399e+06 9.741787835421865660e-01 6.814798706803881919e-05
2.458760248962406069e+06 9.732110379142202561e-01 6.810547012842831961e-05
2.458760253269173205e+06 9.722335879121176694e-01 6.806295318422076216e-05
2.458760257575939875e+06 9.713113461040377983e-01 6.802043624461026259e-05
2.458760261882707011e+06 9.704630684185977518e-01 6.797791930040269158e-05
2.458760266189473681e+06 9.696887550392346844e-01 6.795869564436451580e-05
2.458760270496240817e+06 9.689884057985059806e-01 6.794115162377288250e-05
2.458760274803007487e+06 9.683496664759401185e-01 6.792360760507815576e-05
2.458760279109774623e+06 9.677024303042518483e-01 6.790606358448653601e-05
2.458760283416541293e+06 9.670356582563253145e-01 6.788778525035200190e-05
2.458760287723308429e+06 9.663493501879737435e-01 6.786254326897187732e-05
2.458760292030075099e+06 9.656435062476084186e-01 6.783730129032100131e-05
2.458760296336842235e+06 9.649279493600283475e-01 6.781205930894086318e-05
2.458760300643608905e+06 9.642335155442862682e-01 6.778681733029000072e-05
2.458760304950376041e+06 9.635624464921256349e-01 6.776304346402012464e-05
2.458760309257143177e+06 9.629147422798940426e-01 6.774349096357795751e-05
2.458760313563909847e+06 9.622904029738340581e-01 6.772393846524987619e-05
2.458760317870676983e+06 9.616682666964079251e-01 6.770438596480768195e-05
2.458760322177443653e+06 9.610101973267617392e-01 6.768483346647960063e-05
2.458760326484210789e+06 9.603154196717842428e-01 6.766239187275466791e-05
2.458760330790977459e+06 9.595839338817184760e-01 6.763597185753390090e-05
2.458760335097744595e+06 9.588157400583963152e-01 6.760955183945649156e-05
2.458760339404511265e+06 9.580751842635690796e-01 6.758313182423571100e-05
2.458760343711278401e+06 9.574260966736435341e-01 6.755671180615831521e-05
2.458760348018045072e+06 9.568684774289825112e-01 6.754086695181163035e-05
2.458760352324812207e+06 9.564023264090030230e-01 6.753257560957561846e-05
2.458760356631578878e+06 9.560262493619158253e-01 6.752428426823611979e-05
2.458760360938346013e+06 9.556746737565077199e-01 6.751599292600010791e-05
2.458760365245112684e+06 9.553117157188582009e-01 6.750770158466058214e-05
2.458760369551879819e+06 9.549373751704788305e-01 6.749902400389933075e-05
2.458760373858646490e+06 9.545516521923192998e-01 6.749021490841240170e-05
2.458760378165413626e+06 9.541570434002442092e-01 6.748140581197301460e-05
2.458760382472180761e+06 9.537871156969091047e-01 6.747259671553362749e-05
2.458760386778947432e+06 9.534524146003839906e-01 6.746378762004671199e-05
2.458760391085714567e+06 9.531529400382908745e-01 6.745805231304356265e-05
2.458760395392481238e+06 9.528886920753900647e-01 6.745262607299134616e-05
2.458760399699248374e+06 9.526579576753659850e-01 6.744719983235242721e-05
2.458760404006015044e+06 9.524500350098501489e-01 6.744177359230018362e-05
2.458760408312782180e+06 9.522630678023781270e-01 6.743648627898892801e-05
2.458760412619548850e+06 9.520970560933806892e-01 6.743300888963623611e-05
2.458760416926315986e+06 9.519519998469587740e-01 6.742953149990757000e-05
2.458760421233082656e+06 9.518334762409588201e-01 6.742605411055487810e-05
2.458760425539849792e+06 9.517605176624218677e-01 6.742257672082619844e-05
2.458760429846616462e+06 9.517347044068238393e-01 6.742155510090869718e-05
2.458760434153383598e+06 9.517560364685826446e-01 6.742857532684775950e-05
2.458760438460150268e+06 9.518245138430854180e-01 6.743559555202778544e-05
2.458760442766917404e+06 9.519231654289610489e-01 6.744261577796684776e-05
2.458760447073684540e+06 9.520187659290222371e-01 6.744963600390592364e-05
2.458760451380451210e+06 9.521104438948256865e-01 6.745531982962351628e-05
2.458760455687218346e+06 9.521981993461966498e-01 6.745897028893718575e-05
2.458760459993985016e+06 9.522820322641581958e-01 6.746262074785615141e-05
2.458760464300752152e+06 9.523853989012550647e-01 6.746627120716980732e-05
2.458760468607518822e+06 9.525338868645636392e-01 6.746992166608877298e-05
2.458760472914285958e+06 9.527275081552644131e-01 6.748031871150386837e-05
2.458760477221052628e+06 9.529662627314878787e-01 6.749603313724864733e-05
2.458760481527819764e+06 9.532499810544755592e-01 6.751174756469253372e-05
2.458760485834586434e+06 9.535680052798737316e-01 6.752746199043732623e-05
2.458760490141353570e+06 9.539139950885808794e-01 6.754317641788119906e-05
2.458760494448120240e+06 9.542879504057778517e-01 6.755987563394655771e-05
2.458760498754887376e+06 9.546898713123311841e-01 6.757695425694272941e-05
2.458760503061654046e+06 9.551179802321410062e-01 6.759403287809228797e-05
2.458760507368421182e+06 9.555447735352537997e-01 6.761111150108845968e-05
2.458760511675187852e+06 9.559608640357062370e-01 6.762819012223801824e-05
2.458760515981954988e+06 9.563662518234766763e-01 6.764560450467559875e-05
2.458760520288722124e+06 9.567609368529972347e-01 6.766306271726571292e-05
2.458760524595488794e+06 9.571489670218944479e-01 6.768052092796821755e-05
2.458760528902255930e+06 9.575582770877212324e-01 6.769797914055834527e-05
2.458760533209022600e+06 9.579941885609408736e-01 6.771570092046993756e-05
2.458760537515789736e+06 9.584567015358177455e-01 6.773874535335127180e-05
2.458760541822556406e+06 9.589458159123349645e-01 6.776178978374098748e-05
2.458760546129323542e+06 9.594643392961333950e-01 6.778483421662232172e-05
2.458760550436090212e+06 9.600226976760377617e-01 6.780787864701202385e-05
2.458760554742857348e+06 9.606218720225263574e-01 6.783242391263093359e-05
2.458760559049624018e+06 9.612618622060300488e-01 6.786262091535616751e-05
2.458760563356391154e+06 9.619426683649444643e-01 6.789281792134640851e-05
2.458760567663157824e+06 9.626392061721965598e-01 6.792301492407164243e-05
2.458760571969924960e+06 9.632981574256102020e-01 6.795321193006186988e-05
2.458760576276691630e+06 9.639177740652735693e-01 6.797927504756218046e-05
2.458760580583458766e+06 9.644980562251763700e-01 6.799837378486717535e-05
2.458760584890225902e+06 9.650390038361972289e-01 6.801747252217217024e-05
2.458760589196992572e+06 9.655562633329629607e-01 6.803657125741215301e-05
2.458760593503759708e+06 9.660685492167784272e-01 6.805566999471716145e-05
2.458760597810526378e+06 9.665758980790060129e-01 6.807384725372965506e-05
2.458760602117293514e+06 9.670783100293582901e-01 6.809122402180919616e-05
2.458760606424060185e+06 9.675760940353901329e-01 6.810860078800992331e-05
2.458760610730827320e+06 9.680967308529875304e-01 6.812597755608946440e-05
2.458760615037593991e+06 9.686580119869306893e-01 6.814335432229017800e-05
2.458760619344361126e+06 9.692599375585948529e-01 6.816979449689324652e-05
2.458760623651127797e+06 9.699025074378158084e-01 6.820016020540394669e-05
2.458760627957894932e+06 9.705821916961963058e-01 6.823052591719788208e-05
2.458760632264661603e+06 9.712354383106318600e-01 6.826089162570859580e-05
2.458760636571428739e+06 9.718386969254418917e-01 6.829125733750253120e-05
2.458760640878195409e+06 9.723919674101744182e-01 6.831049330245097281e-05
2.458760645184962545e+06 9.728952498844717356e-01 6.832792388169254248e-05
2.458760649491729215e+06 9.733551191057230323e-01 6.834535445904948417e-05
2.458760653798496351e+06 9.738218848830803021e-01 6.836278503829106739e-05
2.458760658105263487e+06 9.743060470331261769e-01 6.838024938091680183e-05
2.458760662412030157e+06 9.748076055006901219e-01 6.839914305054083446e-05
2.458760666718797293e+06 9.753265603942321560e-01 6.841803672220769371e-05
2.458760671025563963e+06 9.758550110743616779e-01 6.843693039183171279e-05
2.458760675332331099e+06 9.763609879270763736e-01 6.845582406349857204e-05
2.458760679639097769e+06 9.768411061804064266e-01 6.847394737003605037e-05
2.458760683945864905e+06 9.772953659381753422e-01 6.848869318889128262e-05
2.458760688252631575e+06 9.777237671021516974e-01 6.850343900615218202e-05
2.458760692559398711e+06 9.781338069854530470e-01 6.851818482500742782e-05
2.458760696866165381e+06 9.785427816818408342e-01 6.853293064226831366e-05
2.458760701172932517e+06 9.789513827556899361e-01 6.855059231533294317e-05
2.458760705479699187e+06 9.793596101186420322e-01 6.857370800914341469e-05
2.458760709786466323e+06 9.797674638589743967e-01 6.859682370545324326e-05
2.458760714093232993e+06 9.801834609461052006e-01 6.861993939926374188e-05
2.458760718400000129e+06 9.806187433536895925e-01 6.864305509557357046e-05
