2.459002000000000000e+06 9.608103366273288426e-01 6.787917403776311514e-05
2.459002004306767136e+06 9.615075000664075056e-01 6.789750656992583541e-05
2.459002008613533806e+06 9.622688380366158922e-01 6.791583910010636307e-05
2.459002012920300942e+06 9.630943507025906403e-01 6.794560304025418066e-05
2.459002017227067612e+06 9.639840378858175463e-01 6.798072618078208841e-05
2.459002021533834748e+06 9.649315344614318724e-01 6.801584932510761755e-05
2.459002025840601418e+06 9.658083431193053014e-01 6.805097246563552530e-05
2.459002030147368554e+06 9.665640132412957053e-01 6.808609560996106800e-05
2.459002034454135224e+06 9.671985446639922435e-01 6.810016391931443037e-05
2.459002038760902360e+06 9.677119375246098221e-01 6.811032236461403043e-05
2.459002043067669030e+06 9.681339490172202744e-01 6.812048080881525237e-05
2.459002047374436166e+06 9.687102152465452143e-01 6.813063925411483887e-05
2.459002051681202836e+06 9.694953546513199738e-01 6.814104036975939861e-05
2.459002055987969972e+06 9.704893674013279625e-01 6.819200457284942368e-05
2.459002060294736642e+06 9.716922532816175684e-01 6.824296877042901831e-05
2.459002064601503778e+06 9.730362759349173718e-01 6.829393297351902983e-05
2.459002068908270914e+06 9.742297783276872014e-01 6.834489717660904135e-05
2.459002073215037584e+06 9.752392924072820213e-01 6.839010601133252573e-05
2.459002077521804720e+06 9.760648183920055398e-01 6.840691573138070675e-05
2.459002081828571390e+06 9.767063561033408892e-01 6.842372544961137192e-05
2.459002086135338526e+06 9.772371601121608853e-01 6.844053516965953939e-05
2.459002090442105196e+06 9.778364237244451251e-01 6.845734488789020455e-05
2.459002094748872332e+06 9.785123046118828771e-01 6.847920838142246161e-05
2.459002099055639002e+06 9.792648026283170548e-01 6.851128295832968151e-05
2.459002103362406138e+06 9.800939179364728249e-01 6.854335753870493891e-05
2.459002107669172809e+06 9.809631014764579326e-01 6.857543211561217236e-05
2.459002111975939944e+06 9.818214228127410959e-01 6.860750669598741620e-05
2.459002116282706615e+06 9.826685444611996667e-01 6.864026768245686861e-05
2.459002120589473750e+06 9.835044666050203332e-01 6.867373278357062356e-05
2.459002124896240421e+06 9.843292233661210533e-01 6.870719788106601639e-05
2.459002129203007556e+06 9.851497739908862128e-01 6.874066298217975778e-05
2.459002133509774227e+06 9.859713487529480069e-01 6.877412807967516416e-05
2.459002137816541363e+06 9.867939478299688760e-01 6.880694404434553634e-05
2.459002142123308498e+06 9.876175711331729445e-01 6.883941990607555053e-05
2.459002146430075169e+06 9.884397512916021089e-01 6.887189576429417269e-05
2.459002150736842304e+06 9.892008950379145293e-01 6.890437162602417332e-05
2.459002155043608975e+06 9.898755648337920210e-01 6.893684748424279548e-05
2.459002159350376111e+06 9.904637608251296577e-01 6.895193891050234935e-05
2.459002163657142781e+06 9.909654828847320740e-01 6.896318213644433764e-05
2.459002167963909917e+06 9.913889161642688297e-01 6.897442536360196051e-05
2.459002172270676587e+06 9.918097573730013661e-01 6.898566858954393525e-05
2.459002176577443723e+06 9.922464165916110579e-01 6.899691181670157168e-05
2.459002180884210393e+06 9.926988937256721046e-01 6.901449312891015653e-05
2.459002185190977529e+06 9.931671888730307929e-01 6.903219507447596736e-05
2.459002189497744199e+06 9.936591662410515502e-01 6.904989701812779543e-05
2.459002193804511335e+06 9.942119000654540129e-01 6.906759896369359271e-05
2.459002198111278005e+06 9.948301436319287872e-01 6.908679174162578817e-05
2.459002202418045141e+06 9.955138970741685966e-01 6.911485497709389959e-05
2.459002206724812277e+06 9.962631603288684135e-01 6.914291821256201100e-05
2.459002211031578947e+06 9.970034981565684129e-01 6.917098144499584712e-05
2.459002215338346083e+06 9.975369419842533558e-01 6.919904468046395854e-05
2.459002219645112753e+06 9.978528000880013682e-01 6.921491029802568393e-05
2.459002223951879889e+06 9.979510725361159240e-01 6.920317024660707606e-05
2.459002228258646559e+06 9.978317593073456893e-01 6.919143019645786566e-05
2.459002232565413695e+06 9.976439701845725150e-01 6.917969014503925779e-05
2.459002236872180365e+06 9.976146317894603044e-01 6.916795009489004739e-05
2.459002241178947501e+06 9.977461290875850874e-01 6.916918652976003653e-05
2.459002245485714171e+06 9.980384620505112769e-01 6.918511430997458119e-05
2.459002249792481307e+06 9.984912455851607804e-01 6.920104209191128614e-05
2.459002254099247977e+06 9.989376480869683883e-01 6.921696987212583080e-05
2.459002258406015113e+06 9.992403168531840407e-01 6.923289765406253574e-05
2.459002262712781783e+06 9.993992518183564266e-01 6.923607647812850317e-05
2.459002267019548919e+06 9.994144530168548313e-01 6.923181819238924894e-05
2.459002271326315589e+06 9.992904443331684927e-01 6.922755990711040115e-05
2.459002275633082725e+06 9.991605358512417601e-01 6.922330162137113336e-05
2.459002279939849861e+06 9.990865951236790332e-01 6.921904333563187912e-05
2.459002284246616531e+06 9.990686221493975117e-01 6.922050245688777387e-05
2.459002288553383667e+06 9.991066169245110817e-01 6.922344371673045673e-05
2.459002292860150337e+06 9.991982011532195562e-01 6.922638497625511599e-05
2.459002297166917473e+06 9.993185864193689927e-01 6.922932623609779886e-05
2.459002301473684143e+06 9.994611897226282071e-01 6.923226749562247167e-05
2.459002305780451279e+06 9.996260110938338661e-01 6.924537308414110092e-05
2.459002310087217949e+06 9.998130504973445909e-01 6.925893874308484629e-05
2.459002314393985085e+06 9.999912557996195606e-01 6.927250440349534103e-05
2.459002318700751755e+06 1.000000000000000000e+00 6.928607006243908640e-05
2.459002323007518891e+06 9.998163802841177894e-01 6.929442043157005597e-05
2.459002327314285561e+06 9.994403966916808324e-01 6.926425525152660016e-05
2.459002331621052697e+06 9.988720491413832780e-01 6.923409006822159317e-05
2.459002335927819367e+06 9.981968448929069426e-01 6.920392488817812382e-05
2.459002340234586503e+06 9.976621228864316349e-01 6.917375970487311683e-05
2.459002344541353639e+06 9.972835080090892701e-01 6.915043664271287231e-05
2.459002348848120309e+06 9.970610002764987989e-01 6.914454971411065790e-05
2.459002353154887445e+06 9.969945996405434885e-01 6.913866278487196260e-05
2.459002357461654115e+06 9.969549819077434538e-01 6.913277585626974818e-05
2.459002361768421251e+06 9.967275200459209117e-01 6.912688892703103933e-05
2.459002366075187922e+06 9.963089606121591224e-01 6.910886822236505861e-05
2.459002370381955057e+06 9.956993035159464878e-01 6.907567652618604973e-05
2.459002374688721728e+06 9.948986623621555170e-01 6.904248483359583135e-05
2.459002378995488863e+06 9.940879365407542245e-01 6.900929313741682248e-05
2.459002383302255534e+06 9.934306802300343353e-01 6.897610144482660410e-05
2.459002387609022669e+06 9.929268932878663190e-01 6.895898620909317637e-05
2.459002391915789340e+06 9.925765758231923641e-01 6.895228201914199381e-05
2.459002396222556476e+06 9.923738423427094224e-01 6.894557782846592723e-05
2.459002400529323146e+06 9.921018098095337745e-01 6.893887363851473112e-05
2.459002404836090282e+06 9.916510100211646250e-01 6.893216944783869165e-05
2.459002409142856952e+06 9.910214430750856618e-01 6.890504787198830684e-05
2.459002413449624088e+06 9.902131088351554533e-01 6.887181060906816244e-05
2.459002417756391224e+06 9.892445576930917195e-01 6.883857334614801803e-05
2.459002422063157894e+06 9.883352043459050495e-01 6.880533608682158370e-05
2.459002426369925030e+06 9.875485867504850690e-01 6.877209882390143930e-05
2.459002430676691700e+06 9.868847050769347096e-01 6.875718589649686455e-05
2.459002434983458836e+06 9.863435591816922532e-01 6.874360847783725099e-05
2.459002439290225506e+06 9.858947325921780802e-01 6.873003106064567427e-05
2.459002443596992642e+06 9.853651354135479767e-01 6.871645364198606071e-05
2.459002447903759312e+06 9.847274329060796694e-01 6.870073008967853565e-05
2.459002452210526448e+06 9.839816249318723562e-01 6.866447366268453307e-05
2.459002456517293118e+06 9.831277116522042503e-01 6.862821723961069385e-05
2.459002460824060254e+06 9.822093695669104063e-01 6.859196081261670483e-05
2.459002465130826924e+06 9.813640858594810945e-01 6.855570438954286560e-05
2.459002469437594060e+06 9.806019017839980867e-01 6.852483058902061322e-05
2.459002473744360730e+06 9.799228175052806522e-01 6.850950252760357260e-05
2.459002478051127866e+06 9.793268328764794806e-01 6.849417446452920699e-05
2.459002482357895002e+06 9.787349699920320223e-01 6.847884640145485494e-05
2.459002486664661672e+06 9.780044616798055923e-01 6.846351834003781432e-05
2.459002490971428808e+06 9.771323767975969021e-01 6.843374703580776589e-05
2.459002495278195478e+06 9.761187155339914323e-01 6.838401020940183372e-05
2.459002499584962614e+06 9.749634777486092529e-01 6.833427337761820456e-05
2.459002503891729284e+06 9.737403102203170402e-01 6.828453655121227239e-05
2.459002508198496420e+06 9.725225550214208203e-01 6.823479971942864324e-05
2.459002512505263090e+06 9.713102124152558359e-01 6.818750233380021033e-05
2.459002516812030226e+06 9.701032821396572414e-01 6.814195470333558988e-05
2.459002521118796896e+06 9.689038893382535544e-01 6.809640707779571385e-05
2.459002525425564032e+06 9.678131539769944114e-01 6.805085944733107984e-05
2.459002529732330702e+06 9.668866171966268297e-01 6.800531182179120381e-05
2.459002534039097838e+06 9.661242787967907475e-01 6.798720439002320132e-05
2.459002538345864508e+06 9.655261389423389629e-01 6.797849526441272479e-05
2.459002542652631644e+06 9.650780309769482201e-01 6.796978613786057802e-05
2.459002546959398314e+06 9.645882498205458067e-01 6.796107701225011504e-05
2.459002551266165450e+06 9.639963282342584039e-01 6.795236788569796826e-05
2.459002555572932586e+06 9.633022662655205126e-01 6.792710312313045252e-05
2.459002559879699256e+06 9.625060640059419637e-01 6.790014966552381350e-05
2.459002564186466392e+06 9.616255215797031575e-01 6.787319620500289325e-05
2.459002568493233062e+06 9.607724086674597208e-01 6.784624274739625423e-05
2.459002572800000198e+06 9.599662065754287488e-01 6.781974459674062453e-05
2.459002577106766868e+06 9.592069154779484519e-01 6.779929542281777936e-05
2.459002581413534004e+06 9.584945352108248384e-01 6.777884624668388004e-05
2.459002585720300674e+06 9.578213256307325230e-01 6.775839707276103488e-05
2.459002590027067810e+06 9.571607496155856154e-01 6.773794789662713556e-05
2.459002594333834480e+06 9.565105882587610076e-01 6.771695724309140653e-05
2.459002598640601616e+06 9.558708414196640524e-01 6.769417975414027610e-05
2.459002602947368287e+06 9.552415092366371985e-01 6.767140226765192446e-05
2.459002607254135422e+06 9.546125391861001175e-01 6.764862477870079403e-05
2.459002611560902093e+06 9.539641556687442625e-01 6.762584729221244239e-05
2.459002615867669228e+06 9.532958325980120939e-01 6.759969133834032239e-05
2.459002620174436364e+06 9.526075700429311732e-01 6.756836347166406305e-05
2.459002624481203035e+06 9.518993680811524971e-01 6.753703560837506813e-05
2.459002628787970170e+06 9.511488073472093019e-01 6.750570774169880879e-05
2.459002633094736841e+06 9.503312886820742822e-01 6.747437987840982743e-05
2.459002637401503976e+06 9.494467988175457895e-01 6.743902299008394674e-05
2.459002641708270647e+06 9.484953379448916033e-01 6.740047059577163231e-05
2.459002646015037782e+06 9.474809814527433982e-01 6.736191819729091289e-05
2.459002650321804453e+06 9.466652755429323385e-01 6.732336580297859847e-05
2.459002654628571589e+06 9.462046816439612096e-01 6.728481340449786550e-05
2.459002658935338259e+06 9.460991998554323379e-01 6.729953207493988732e-05
2.459002663242105395e+06 9.463488301545353032e-01 6.733494183852843510e-05
2.459002667548872065e+06 9.469294281942400859e-01 6.737035159828838040e-05
2.459002671855639201e+06 9.474635791191063916e-01 6.740576136187692818e-05
2.459002676162405871e+06 9.478217272669894333e-01 6.744117112163685993e-05
2.459002680469173007e+06 9.480038727153373701e-01 6.744314079907766282e-05
2.459002684775939677e+06 9.480100154247619315e-01 6.744067137623014133e-05
2.459002689082706813e+06 9.478517480437761433e-01 6.743820195311562150e-05
2.459002693389473949e+06 9.476096682615599009e-01 6.743573253000110168e-05
2.459002697696240619e+06 9.472992344590568381e-01 6.743224248726517221e-05
2.459002702003007755e+06 9.469204465691365424e-01 6.740727779605115016e-05
2.459002706309774425e+06 9.464733046737106026e-01 6.738231310753638496e-05
2.459002710616541561e+06 9.460073907511279412e-01 6.735734841632234936e-05
2.459002714923308231e+06 9.457080474756089927e-01 6.733238372780759771e-05
2.459002719230075367e+06 9.455928743929811198e-01 6.731510429890320184e-05
2.459002723536842037e+06 9.456618715281505105e-01 6.732710010807470356e-05
2.459002727843609173e+06 9.459150388960372302e-01 6.733909591854324989e-05
2.459002732150375843e+06 9.462663259790222714e-01 6.735109172771476516e-05
2.459002736457142979e+06 9.465316124876933523e-01 6.736308753818329794e-05
2.459002740763909649e+06 9.467047599645770362e-01 6.737030460801804942e-05
2.459002745070676785e+06 9.467857684471161495e-01 6.736940209270582272e-05
2.459002749377443455e+06 9.467746379177925942e-01 6.736849957749118777e-05
2.459002753684210591e+06 9.468040325317834682e-01 6.736759706217897463e-05
2.459002757990977727e+06 9.470338454354336744e-01 6.736669454686673437e-05
2.459002762297744397e+06 9.474644171800927772e-01 6.738732275006740515e-05
2.459002766604511533e+06 9.480957478588704079e-01 6.742681146971378579e-05
2.459002770911278203e+06 9.489258525446911952e-01 6.746630018509053761e-05
2.459002775218045339e+06 9.497721521153135171e-01 6.750578890473693180e-05
2.459002779524812009e+06 9.505155505648997805e-01 6.754527762011368363e-05
2.459002783831579145e+06 9.511560480542070595e-01 6.756597926574285759e-05
2.459002788138345815e+06 9.516936444447301469e-01 6.757846013954779793e-05
2.459002792445112951e+06 9.521312615283281655e-01 6.759094101470219051e-05
2.459002796751879621e+06 9.525222653409316509e-01 6.760342188850714440e-05
2.459002801058646757e+06 9.528865810371539569e-01 6.761590276366153697e-05
2.459002805365413427e+06 9.532242085382131025e-01 6.761817363140581831e-05
2.459002809672180563e+06 9.535351479171196853e-01 6.761875717956695921e-05
2.459002813978947233e+06 9.538219292236799207e-01 6.761934072766501310e-05
2.459002818285714369e+06 9.541041081320056350e-01 6.761992427582616755e-05
2.459002822592481039e+06 9.543858010574409745e-01 6.762072522206324942e-05
2.459002826899248175e+06 9.546670080609012121e-01 6.763179205860047347e-05
2.459002831206015311e+06 9.549477291119025102e-01 6.764285889513768396e-05
2.459002835512781981e+06 9.552861318659188195e-01 6.765392573047834183e-05
2.459002839819549117e+06 9.559196186737164425e-01 6.766499256701555233e-05
2.459002844126315787e+06 9.568736101689369056e-01 6.768802855101987189e-05
2.459002848433082923e+06 9.581481065578776324e-01 6.776439398411419673e-05
2.459002852739849593e+06 9.597431075649333065e-01 6.784075940895163085e-05
2.459002857046616729e+06 9.614872080878529292e-01 6.791712484204595569e-05
2.459002861353383400e+06 9.629816427018864644e-01 6.799349026688340336e-05
2.459002865660150535e+06 9.642101611365520020e-01 6.805141075344241111e-05
2.459002869966917206e+06 9.651727631261867169e-01 6.807444546890885719e-05
2.459002874273684341e+06 9.658694488789500987e-01 6.809748018686587830e-05
2.459002878580451012e+06 9.664028700200519850e-01 6.812051490233229727e-05
2.459002882887218148e+06 9.669085801758234844e-01 6.814354962028933193e-05
2.459002887193984818e+06 9.673872131814491571e-01 6.816059789086931231e-05
2.459002891500751954e+06 9.678387691404316540e-01 6.817185801804472446e-05
2.459002895807519089e+06 9.682632479995557651e-01 6.818311814522012306e-05
2.459002900114285760e+06 9.686606497173172459e-01 6.819437827117803038e-05
2.459002904421052895e+06 9.690309743796523545e-01 6.820563839835342898e-05
2.459002908727819566e+06 9.694107093141242082e-01 6.821689852431136341e-05
2.459002913034586702e+06 9.699166822720444170e-01 6.822815865148676201e-05
2.459002917341353372e+06 9.705576664265931353e-01 6.823941877744466933e-05
2.459002921648120508e+06 9.713336619163808194e-01 6.825067890462006793e-05
2.459002925954887178e+06 9.722446685736013672e-01 6.826193903057800236e-05
2.459002930261654314e+06 9.732906865952564157e-01 6.831460606310319687e-05
2.459002934568420984e+06 9.744717157551486819e-01 6.837554200484479577e-05
2.459002938875188120e+06 9.757620708105242402e-01 6.843647795317498285e-05
2.459002943181954790e+06 9.769400176216573861e-01 6.849741389491658175e-05
2.459002947488721926e+06 9.779544427796761363e-01 6.855834984324676883e-05
2.459002951795488596e+06 9.788053460652147431e-01 6.856914978784992975e-05
2.459002956102255732e+06 9.794927276622777956e-01 6.857975360687318920e-05
2.459002960409022402e+06 9.800365480093391479e-01 6.859035742474994552e-05
2.459002964715789538e+06 9.805259023907664240e-01 6.860096124377320498e-05
2.459002969022556674e+06 9.809714846621246931e-01 6.861099554060808958e-05
2.459002973329323344e+06 9.813732947823353703e-01 6.861800987631322683e-05
2.459002977636090480e+06 9.817313328382885063e-01 6.862502421277677706e-05
2.459002981942857150e+06 9.820725955673152985e-01 6.863203854848190077e-05
2.459002986249624286e+06 9.824653669012141100e-01 6.863905288494545100e-05
2.459002990556390956e+06 9.829129813742034649e-01 6.865143575341896124e-05
2.459002994863158092e+06 9.834154390830780468e-01 6.867516279066231382e-05
2.459002999169924762e+06 9.839727399191834367e-01 6.869888982534022722e-05
2.459003003476691898e+06 9.845930828491705755e-01 6.872261686258357980e-05
2.459003007783458568e+06 9.852883050469689596e-01 6.874634389726149320e-05
2.459003012090225704e+06 9.860585023419856654e-01 6.877636997917891944e-05
2.459003016396992374e+06 9.869036745676688094e-01 6.881311733723180230e-05
2.459003020703759510e+06 9.878234315613547700e-01 6.884986469925792022e-05
2.459003025010526180e+06 9.887143527232260531e-01 6.888661205731080308e-05
2.459003029317293316e+06 9.894958437462232359e-01 6.892335941933690744e-05
2.459003033624060452e+06 9.901679045281016611e-01 6.894576751447786074e-05
2.459003037930827122e+06 9.907305350139437028e-01 6.896032975720156979e-05
2.459003042237594258e+06 9.911834449177171491e-01 6.897489200149979789e-05
2.459003046544360928e+06 9.915190585122714007e-01 6.898945424422349339e-05
2.459003050851128064e+06 9.917340322481162929e-01 6.900401648852173505e-05
2.459003055157894734e+06 9.918283660787644562e-01 6.899764268804755977e-05
2.459003059464661870e+06 9.918020600246151286e-01 6.898632303090205576e-05
2.459003063771428540e+06 9.916732837224099262e-01 6.897500337498045338e-05
2.459003068078195676e+06 9.916181748148089614e-01 6.896368371783493582e-05
2.459003072384962346e+06 9.916811139776380291e-01 6.895236406191333344e-05
2.459003076691729482e+06 9.918621012245070201e-01 6.896593364872803320e-05
2.459003080998496152e+06 9.921611365162781304e-01 6.898023424994861495e-05
2.459003085305263288e+06 9.925593686989867548e-01 6.899453485271541807e-05
2.459003089612029959e+06 9.929645908755065919e-01 6.900883545393599982e-05
2.459003093918797094e+06 9.933644609620007060e-01 6.902394634504005770e-05
2.459003098225563765e+06 9.937589788719987105e-01 6.904429262179201648e-05
2.459003102532330900e+06 9.941481446908134734e-01 6.906463890074387567e-05
2.459003106839098036e+06 9.945278278489193546e-01 6.908498517969572132e-05
2.459003111145864706e+06 9.948866677093514133e-01 6.910533145644768009e-05
2.459003115452631842e+06 9.952240100606796203e-01 6.912308424768242047e-05
2.459003119759398513e+06 9.955398548299547734e-01 6.913468612278893418e-05
2.459003124066165648e+06 9.958342020854770160e-01 6.914628799914985624e-05
2.459003128372932319e+06 9.960865316441661621e-01 6.915788987425635639e-05
2.459003132679699454e+06 9.962645070005651249e-01 6.916949175061729200e-05
2.459003136986466125e+06 9.963677309462390941e-01 6.917433045357948367e-05
2.459003141293233261e+06 9.963962035035097697e-01 6.917120251826363924e-05
2.459003145599999931e+06 9.963500173629058487e-01 6.916807458328601168e-05
2.459003149906767067e+06 9.962902855697770566e-01 6.916494664797018081e-05
2.459003154213533737e+06 9.962692279354565805e-01 6.916181871299253970e-05
2.459003158520300873e+06 9.962868444553907299e-01 6.916275830910244087e-05
2.459003162827067543e+06 9.963431351257699964e-01 6.916617287330744713e-05
2.459003167133834679e+06 9.964348017944933966e-01 6.916958743788162423e-05
2.459003171440601815e+06 9.964559012996215825e-01 6.917300200245581488e-05
2.459003175747368485e+06 9.963555879119740943e-01 6.917641656666080759e-05
2.459003180054135621e+06 9.961338616098588394e-01 6.915922149703041324e-05
2.459003184360902291e+06 9.957907224412230196e-01 6.913635729238304080e-05
2.459003188667669427e+06 9.953396587626529568e-01 6.911349308526353833e-05
2.459003192974436097e+06 9.949284332292298583e-01 6.909062888061616589e-05
2.459003197281203233e+06 9.945976774102301965e-01 6.906776467349664986e-05
2.459003201587969903e+06 9.943473913771788686e-01 6.907449302483053871e-05
2.459003205894737039e+06 9.941775750759528352e-01 6.908288318168445642e-05
2.459003210201503709e+06 9.940882285432738330e-01 6.909127333763120861e-05
2.459003214508270845e+06 9.940793517598212059e-01 6.909966349448512632e-05
2.459003218815037515e+06 9.941503207140192089e-01 6.910805365043185141e-05
2.459003223121804651e+06 9.942388261671429861e-01 6.911644380728576911e-05
2.459003227428571321e+06 9.943035047872670340e-01 6.912483396323252131e-05
2.459003231735338457e+06 9.943443565883778312e-01 6.913322412008643901e-05
2.459003236042105127e+06 9.943613815616412221e-01 6.914161427603317765e-05
2.459003240348872263e+06 9.943545797107388173e-01 6.914851301141651941e-05
2.459003244655639399e+06 9.943239510325421193e-01 6.915141899248078211e-05
2.459003248962406069e+06 9.942694955342266105e-01 6.915432497323084301e-05
2.459003253269173205e+06 9.941804153420920054e-01 6.915723095429510570e-05
2.459003257575939875e+06 9.940381634535055966e-01 6.916013693504516661e-05
2.459003261882707011e+06 9.938424203311461147e-01 6.915467807225685395e-05
2.459003266189473681e+06 9.935931860173424779e-01 6.913833284922161527e-05
2.459003270496240817e+06 9.932904481106288319e-01 6.912198762441908639e-05
2.459003274803007487e+06 9.928831445028383218e-01 6.910564240138386126e-05
2.459003279109774623e+06 9.923233037860360595e-01 6.908929717658133238e-05
2.459003283416541293e+06 9.916109260812855375e-01 6.905767241506985898e-05
2.459003287723308429e+06 9.907460112345376491e-01 6.901573633114960670e-05
2.459003292030075099e+06 9.897340205290584558e-01 6.897380025176362344e-05
2.459003296336842235e+06 9.887969569639031286e-01 6.893186416784338473e-05
2.459003300643608905e+06 9.880507268778562224e-01 6.888992808845740147e-05
2.459003304950376041e+06 9.874953301095482638e-01 6.887950959803866915e-05
2.459003309257143177e+06 9.871307667499807925e-01 6.887906422007064285e-05
2.459003313563909847e+06 9.869440534994421421e-01 6.887861884215078223e-05
2.459003317870676983e+06 9.867732750866955449e-01 6.887817346418274238e-05
2.459003322177443653e+06 9.865699033575520138e-01 6.887772808626286820e-05
2.459003326484210789e+06 9.863339382680331724e-01 6.886921464032613662e-05
2.459003330790977459e+06 9.860653798691656480e-01 6.886002045257432792e-05
2.459003335097744595e+06 9.857533641528328783e-01 6.885082626382840070e-05
2.459003339404511265e+06 9.853336040021841713e-01 6.884163207607657846e-05
2.459003343711278401e+06 9.847955328348608761e-01 6.883078628578358357e-05
2.459003348018045072e+06 9.841391507672185845e-01 6.880210424236371991e-05
2.459003352324812207e+06 9.833644576573173923e-01 6.877342219584267212e-05
2.459003356631578878e+06 9.824995584424737194e-01 6.874474015242280846e-05
2.459003360938346013e+06 9.816359949358747228e-01 6.871605810590174712e-05
2.459003365245112684e+06 9.807808338592347575e-01 6.868478562123227541e-05
2.459003369551879819e+06 9.799340750276281931e-01 6.864562910915333936e-05
2.459003373858646490e+06 9.790957186241635579e-01 6.860647260130810438e-05
2.459003378165413626e+06 9.782998033636285395e-01 6.856731608922915478e-05
2.459003382472180761e+06 9.776099913717826162e-01 6.852815957715020518e-05
2.459003386778947432e+06 9.770277394006137150e-01 6.850140964031387113e-05
2.459003391085714567e+06 9.765530473242118870e-01 6.849252265987057747e-05
2.459003395392481238e+06 9.761859152452275756e-01 6.848363568038814443e-05
2.459003399699248374e+06 9.758314394316444096e-01 6.847474869994485077e-05
2.459003404006015044e+06 9.753913191372710623e-01 6.846586172046241774e-05
2.459003408312782180e+06 9.748655467003408681e-01 6.844726822046122612e-05
2.459003412619548850e+06 9.742541222345503238e-01 6.842142454311092657e-05
2.459003416926315986e+06 9.735585136883248003e-01 6.839558086296631276e-05
2.459003421233082656e+06 9.728570236842276620e-01 6.836973718561602676e-05
2.459003425539849792e+06 9.721941547979872089e-01 6.834389350547141295e-05
2.459003429846616462e+06 9.715699071729467784e-01 6.832264350548583707e-05
2.459003434153383598e+06 9.709842806741150190e-01 6.830304981599501105e-05
2.459003438460150268e+06 9.704322706977450697e-01 6.828345612862271607e-05
2.459003442766917404e+06 9.698422039039386044e-01 6.826386243913189005e-05
2.459003447073684540e+06 9.691906900088385068e-01 6.824426874964107759e-05
2.459003451380451210e+06 9.684777290928546778e-01 6.821498874448004299e-05
2.459003455687218346e+06 9.677033210018117781e-01 6.818460309188031931e-05
2.459003459993985016e+06 9.668818709492711383e-01 6.815421744256599927e-05
2.459003464300752152e+06 9.661075645280672308e-01 6.812383178996627559e-05
2.459003468607518822e+06 9.653974672039369320e-01 6.809414519545013418e-05
2.459003472914285958e+06 9.647515788233244072e-01 6.807538934606417941e-05
2.459003477221052628e+06 9.641698995259005978e-01 6.805663349870617060e-05
2.459003481527819764e+06 9.636368886124061506e-01 6.803787764932022939e-05
2.459003485834586434e+06 9.630973914679875625e-01 6.801912180196222058e-05
2.459003490141353570e+06 9.625465498080528759e-01 6.800082024380123833e-05
2.459003494448120240e+06 9.619843637517198065e-01 6.798410460930631618e-05
2.459003498754887376e+06 9.614108331774176008e-01 6.796738897300402902e-05
2.459003503061654046e+06 9.608502138893929567e-01 6.795067333850910688e-05
2.459003507368421182e+06 9.603518639543519031e-01 6.793395770220683326e-05
2.459003511675187852e+06 9.599172259213141212e-01 6.792004780877426012e-05
2.459003515981954988e+06 9.595462996962906832e-01 6.791061549799764022e-05
2.459003520288722124e+06 9.592390853297204645e-01 6.790118318722102031e-05
2.459003524595488794e+06 9.589559239825955483e-01 6.789175087746425518e-05
2.459003528902255930e+06 9.586516119497827670e-01 6.788231856668764882e-05
2.459003533209022600e+06 9.583261016742907756e-01 6.787086362023897414e-05
2.459003537515789736e+06 9.579793930857291029e-01 6.785773893564463134e-05
2.459003541822556406e+06 9.576117476739087753e-01 6.784461425246936012e-05
2.459003546129323542e+06 9.572423860422181185e-01 6.783148956787499022e-05
2.459003550436090212e+06 9.568832115401607608e-01 6.781836488469973254e-05
2.459003554742857348e+06 9.565342240900664983e-01 6.780554508754444278e-05
2.459003559049624018e+06 9.561954237674027413e-01 6.779284961340568841e-05
2.459003563356391154e+06 9.558683672171351953e-01 6.778015413789427988e-05
2.459003567663157824e+06 9.555789215399761449e-01 6.776745866375553907e-05
2.459003571969924960e+06 9.553362716713231784e-01 6.775476318824411699e-05
2.459003576276691630e+06 9.551404176636483223e-01 6.774908744575008153e-05
2.459003580583458766e+06 9.549913594745990109e-01 6.774443376107128515e-05
2.459003584890225902e+06 9.548874199705209564e-01 6.773978007639248878e-05
2.459003589196992572e+06 9.548164378580631384e-01 6.773512639221687063e-05
2.459003593503759708e+06 9.547759910070713341e-01 6.773083976396279855e-05
2.459003597810526378e+06 9.547660794262922135e-01 6.773653560280596580e-05
2.459003602117293514e+06 9.547867031135822691e-01 6.774223144226498698e-05
2.459003606424060185e+06 9.548435721022138223e-01 6.774792728110818132e-05
2.459003610730827320e+06 9.549587945982902504e-01 6.775362312056720251e-05
2.459003615037593991e+06 9.551345755387663505e-01 6.775998494146908216e-05
2.459003619344361126e+06 9.553709149616539387e-01 6.776904389872601153e-05
2.459003623651127797e+06 9.556678128158458962e-01 6.777810285500344555e-05
2.459003627957894932e+06 9.559713503486915176e-01 6.778716181226037492e-05
2.459003632264661603e+06 9.561622063518051551e-01 6.779622076853780894e-05
2.459003636571428739e+06 9.562360566174711307e-01 6.779912194010694363e-05
2.459003640878195409e+06 9.561929011297194414e-01 6.779110366890965392e-05
2.459003645184962545e+06 9.560327398792181075e-01 6.778308539684539549e-05
2.459003649491729215e+06 9.559398213665637467e-01 6.777506712564811933e-05
2.459003653798496351e+06 9.561445863744006957e-01 6.776704885358386091e-05
2.459003658105263487e+06 9.566477368920159874e-01 6.778831742253872922e-05
2.459003662412030157e+06 9.574492728166138500e-01 6.783628152915481210e-05
2.459003666718797293e+06 9.585465481050631231e-01 6.788424564095691858e-05
2.459003671025563963e+06 9.596514955406332259e-01 6.793220974757300146e-05
2.459003675332331099e+06 9.605694744502628613e-01 6.798017385937510793e-05
2.459003679639097769e+06 9.613004846354425981e-01 6.800600525602300576e-05
2.459003683945864905e+06 9.618445262542503205e-01 6.802169196501605297e-05
2.459003688252631575e+06 9.622110143379708491e-01 6.803737867231300141e-05
2.459003692559398711e+06 9.625837362473584902e-01 6.805306538130604863e-05
2.459003696866165381e+06 9.630336644309985816e-01 6.806875208860299706e-05
2.459003701172932517e+06 9.635607989861867395e-01 6.808695245810424666e-05
2.459003705479699187e+06 9.641651397989318140e-01 6.810560247142730605e-05
2.459003709786466323e+06 9.648342284326911766e-01 6.812425248676685951e-05
2.459003714093232993e+06 9.654674493827833937e-01 6.814290250008991890e-05
2.459003718400000129e+06 9.660428289924580803e-01 6.816148998834948246e-05
