2.458785000000000000e+06 9.940538539024847964e-01 6.881639664553389527e-05
2.458785004306767136e+06 9.940539432025177202e-01 6.882141328286619229e-05
2.458785008613533806e+06 9.939157464687723431e-01 6.882642991965609006e-05
2.458785012920300942e+06 9.936163107869973032e-01 6.882536617298371840e-05
2.458785017227067612e+06 9.931556362219451373e-01 6.880039319578691592e-05
2.458785021533834748e+06 9.925337226739960883e-01 6.877542021588996214e-05
2.458785025840601418e+06 9.918257404959787138e-01 6.875044723869315965e-05
2.458785030147368554e+06 9.911953511446193188e-01 6.872547425879620587e-05
2.458785034454135224e+06 9.906482539417060806e-01 6.870552492948375138e-05
2.458785038760902360e+06 9.901844487689314134e-01 6.869429847687134167e-05
2.458785043067669030e+06 9.898039357265911997e-01 6.868307202547275050e-05
2.458785047374436166e+06 9.894437126878599109e-01 6.867184557286032723e-05
2.458785051681202836e+06 9.890264180244674463e-01 6.866061912146173606e-05
2.458785055987969972e+06 9.885518527173092762e-01 6.864763408037220132e-05
2.458785060294736642e+06 9.880200168690086437e-01 6.863307789875513272e-05
2.458785064601503778e+06 9.874312154988554857e-01 6.861852171556420915e-05
2.458785068908270914e+06 9.868158617720439452e-01 6.860396553237328558e-05
2.458785073215037584e+06 9.861941374926557202e-01 6.858940935075623054e-05
2.458785077521804720e+06 9.855660425262450230e-01 6.856663856668476645e-05
2.458785081828571390e+06 9.849315770086350952e-01 6.854019175094239929e-05
2.458785086135338526e+06 9.842897482329586722e-01 6.851374493234051665e-05
2.458785090442105196e+06 9.836218516931235500e-01 6.848729811659814949e-05
2.458785094748872332e+06 9.829207910092822020e-01 6.846085129799626685e-05
2.458785099055639002e+06 9.821865663330362484e-01 6.843197253849721327e-05
2.458785103362406138e+06 9.814191775056125833e-01 6.840267649258926868e-05
2.458785107669172809e+06 9.806199190185519443e-01 6.837338044984888849e-05
2.458785111975939944e+06 9.797989978729707561e-01 6.834408440394094389e-05
2.458785116282706615e+06 9.789585996648334509e-01 6.831468395634919511e-05
2.458785120589473750e+06 9.780987242124068448e-01 6.827896062003235790e-05
2.458785124896240421e+06 9.772193717016360859e-01 6.824323728757804514e-05
2.458785129203007556e+06 9.763240773964320107e-01 6.820751395126120793e-05
2.458785133509774227e+06 9.754275028455690055e-01 6.817179061880688162e-05
2.458785137816541363e+06 9.745312509658621281e-01 6.813586218602645536e-05
2.458785142123308498e+06 9.736353218542692645e-01 6.809899269355285860e-05
2.458785146430075169e+06 9.727397156076089679e-01 6.806212320506569704e-05
2.458785150736842304e+06 9.718612236649798453e-01 6.802525371259210028e-05
2.458785155043608975e+06 9.710394835068716368e-01 6.798838422410493872e-05
2.458785159350376111e+06 9.702761641079444832e-01 6.795735220775959377e-05
2.458785163657142781e+06 9.695712656332634571e-01 6.793756926030443269e-05
2.458785167963909917e+06 9.689247879303967137e-01 6.791778631071027626e-05
2.458785172270676587e+06 9.682842329110206148e-01 6.789800336325511518e-05
2.458785176577443723e+06 9.675792162082879067e-01 6.787822041366095875e-05
2.458785180884210393e+06 9.668093725228958935e-01 6.785145562264680041e-05
2.458785185190977529e+06 9.659747016883688531e-01 6.781782916432445860e-05
2.458785189497744199e+06 9.650758220121886666e-01 6.778420270963792101e-05
2.458785193804511335e+06 9.642101055434801893e-01 6.775057625131557920e-05
2.458785198111278005e+06 9.634479250076183332e-01 6.771694979662904162e-05
2.458785202418045141e+06 9.627892802397842731e-01 6.769806017115408494e-05
2.458785206724812277e+06 9.622341713279848330e-01 6.768652660746888304e-05
2.458785211031578947e+06 9.617755211163517837e-01 6.767499304503073047e-05
2.458785215338346083e+06 9.612557901482812195e-01 6.766345948134552856e-05
2.458785219645112753e+06 9.606101772699807695e-01 6.765192591890737599e-05
2.458785223951879889e+06 9.598386823418386671e-01 6.761858984790526238e-05
2.458785228258646559e+06 9.589413055306881262e-01 6.758077992369883888e-05
2.458785232565413695e+06 9.579441164451220070e-01 6.754296999540430912e-05
2.458785236872180365e+06 9.570760742881391225e-01 6.750516007119789917e-05
2.458785241178947501e+06 9.563906808134106097e-01 6.746735014290336941e-05
2.458785245485714171e+06 9.558879361691506871e-01 6.746461713731934594e-05
2.458785249792481307e+06 9.555678402466423194e-01 6.746215143215133613e-05
2.458785254099247977e+06 9.553741650685230180e-01 6.745968572724991808e-05
2.458785258406015113e+06 9.550525912219198776e-01 6.745722002208189472e-05
2.458785262712781783e+06 9.545720941499632461e-01 6.745049804578873284e-05
2.458785267019548919e+06 9.539326737487473507e-01 6.742059659430751331e-05
2.458785271326315589e+06 9.531343301565444737e-01 6.739069514605934401e-05
2.458785275633082725e+06 9.522686106869016065e-01 6.736079369457813803e-05
2.458785279939849861e+06 9.515698056693067119e-01 6.733089224309691851e-05
2.458785284246616531e+06 9.510496351390466119e-01 6.730906492263122451e-05
2.458785288553383667e+06 9.507080989836359519e-01 6.730456699443139099e-05
2.458785292860150337e+06 9.505451972769308755e-01 6.730006906671790346e-05
2.458785297166917473e+06 9.504277140832082527e-01 6.729557113851808350e-05
2.458785301473684143e+06 9.501610148876121764e-01 6.729107321080459597e-05
2.458785305780451279e+06 9.497434250229723762e-01 6.727452690562856440e-05
2.458785310087217949e+06 9.491749445795910622e-01 6.724495607998129312e-05
2.458785314393985085e+06 9.484562450659573818e-01 6.721538525113672318e-05
2.458785318700751755e+06 9.477830718738373683e-01 6.718581442548946544e-05
2.458785323007518891e+06 9.473097721927850046e-01 6.715624359664490906e-05
2.458785327314285561e+06 9.470363461251499748e-01 6.715056896074293226e-05
2.458785331621052697e+06 9.469627936118045763e-01 6.715814828568728728e-05
2.458785335927819367e+06 9.470815672849544065e-01 6.716572760981214809e-05
2.458785340234586503e+06 9.471909097520212484e-01 6.717330693475648956e-05
2.458785344541353639e+06 9.472008468326936770e-01 6.718088625970085814e-05
2.458785348848120309e+06 9.471113785420193221e-01 6.717177461418643105e-05
2.458785353154887445e+06 9.469225048606508821e-01 6.715864377903661372e-05
2.458785357461654115e+06 9.466541190844540710e-01 6.714551294530653202e-05
2.458785361768421251e+06 9.465018012861375896e-01 6.713238211015671469e-05
2.458785366075187922e+06 9.465153454484245277e-01 6.711925127642664655e-05
2.458785370381955057e+06 9.466947515742436536e-01 6.714157572640167871e-05
2.458785374688721728e+06 9.470400196247990010e-01 6.716504841418190913e-05
2.458785378995488863e+06 9.475128496063145445e-01 6.718852110450008065e-05
2.458785383302255534e+06 9.479239424161983729e-01 6.721199379228032461e-05
2.458785387609022669e+06 9.482476550741563148e-01 6.723255114579333356e-05
2.458785391915789340e+06 9.484839875101870321e-01 6.723382514230676131e-05
2.458785396222556476e+06 9.486329397753962001e-01 6.723509913895793695e-05
2.458785400529323146e+06 9.487341969033420419e-01 6.723637313547135114e-05
2.458785404836090282e+06 9.488978915104837597e-01 6.723764713212252678e-05
2.458785409142856952e+06 9.491304738003607522e-01 6.724373075157014199e-05
2.458785413449624088e+06 9.494319438232680097e-01 6.726136245378171521e-05
2.458785417756391224e+06 9.498023015577824468e-01 6.727899415599330199e-05
2.458785422063157894e+06 9.502446416508680826e-01 6.729662585629848188e-05
2.458785426369925030e+06 9.507638839165896139e-01 6.731425755851005511e-05
2.458785430676691700e+06 9.513600909646837689e-01 6.733659789681111538e-05
2.458785434983458836e+06 9.520332629240775280e-01 6.736453912670972049e-05
2.458785439290225506e+06 9.527832822716933991e-01 6.739248035358720980e-05
2.458785443596992642e+06 9.535232572771550341e-01 6.742042158348581491e-05
2.458785447903759312e+06 9.541782745659977971e-01 6.744836281036329067e-05
2.458785452210526448e+06 9.547483342798668282e-01 6.746636188920596047e-05
2.458785456517293118e+06 9.552334362954887359e-01 6.747825252306548043e-05
2.458785460824060254e+06 9.556362601207027963e-01 6.749014315821066088e-05
2.458785465130826924e+06 9.560446063172937103e-01 6.750203379207018084e-05
2.458785469437594060e+06 9.565009326657579747e-01 6.751392442721536129e-05
2.458785473744360730e+06 9.570052390674165244e-01 6.753267854809222944e-05
2.458785478051127866e+06 9.575575256313236805e-01 6.755334462525729514e-05
2.458785482357895002e+06 9.581568257162235147e-01 6.757401070242237439e-05
2.458785486664661672e+06 9.587924374483389744e-01 6.759467677735294007e-05
2.458785490971428808e+06 9.594613966270685301e-01 6.761534285451801932e-05
2.458785495278195478e+06 9.601637031077521200e-01 6.763940483972292333e-05
2.458785499584962614e+06 9.608993570422610375e-01 6.766366514504112929e-05
2.458785503891729284e+06 9.616660393455987998e-01 6.768792544773624361e-05
2.458785508198496420e+06 9.624511978408195612e-01 6.771218575305443601e-05
2.458785512505263090e+06 9.632529518704243676e-01 6.773695322391686305e-05
2.458785516812030226e+06 9.640713016077897546e-01 6.776593040264945430e-05
2.458785521118796896e+06 9.649062468759505018e-01 6.779490757824893166e-05
2.458785525425564032e+06 9.657508615613843439e-01 6.782388475698152290e-05
2.458785529732330702e+06 9.665842932917003694e-01 6.785286193258101381e-05
2.458785534039097838e+06 9.674051293722841782e-01 6.788212222298906562e-05
2.458785538345864508e+06 9.682133696256333133e-01 6.791214710275702789e-05
2.458785542652631644e+06 9.690090142265266326e-01 6.794217198577137608e-05
2.458785546959398314e+06 9.698085136328058464e-01 6.797219686553935191e-05
2.458785551266165450e+06 9.706402878896166486e-01 6.800222174855370010e-05
2.458785555572932586e+06 9.715048366969083471e-01 6.803332235385765446e-05
2.458785559879699256e+06 9.724021599558877460e-01 6.806583204040092604e-05
2.458785564186466392e+06 9.733322547901541721e-01 6.809834173045926236e-05
2.458785568493233062e+06 9.742796168301048887e-01 6.813085141700252038e-05
2.458785572800000198e+06 9.752295936148291933e-01 6.816336110706085671e-05
2.458785577106766868e+06 9.761821849388984118e-01 6.819773238756262213e-05
2.458785581413534004e+06 9.771373910083066550e-01 6.823336755802124603e-05
2.458785585720300674e+06 9.780935668244717940e-01 6.826900272462687290e-05
2.458785590027067810e+06 9.789828939808358221e-01 6.830463789508551035e-05
2.458785594333834480e+06 9.797697964686395977e-01 6.834027306169113722e-05
2.458785598640601616e+06 9.804542744580482250e-01 6.835756024990745708e-05
2.458785602947368287e+06 9.810363278010457710e-01 6.836899976851799334e-05
2.458785607254135422e+06 9.815258928564435381e-01 6.838043928836540100e-05
2.458785611560902093e+06 9.820477251136310315e-01 6.839187880697593727e-05
2.458785615867669228e+06 9.826393774576347440e-01 6.840331832682334493e-05
2.458785620174436364e+06 9.833008498358071225e-01 6.843020656130139592e-05
2.458785624481203035e+06 9.840321421653041023e-01 6.845841963287898312e-05
2.458785628787970170e+06 9.848269304305918848e-01 6.848663270750706799e-05
2.458785633094736841e+06 9.856476262118246678e-01 6.851484577908465519e-05
2.458785637401503976e+06 9.864880240679725354e-01 6.854368105555258171e-05
2.458785641708270647e+06 9.873481238173028585e-01 6.857932650737716060e-05
2.458785646015037782e+06 9.882279256458087469e-01 6.861497196305582072e-05
2.458785650321804453e+06 9.890973042742270405e-01 6.865061741488039961e-05
2.458785654628571589e+06 9.898578085958914530e-01 6.868626287055905973e-05
2.458785658935338259e+06 9.905017979118660998e-01 6.871554861121951781e-05
2.458785663242105395e+06 9.910292723614115840e-01 6.872538498191425752e-05
2.458785667548872065e+06 9.914402318304632589e-01 6.873522135154546265e-05
2.458785671855639201e+06 9.917982893591971161e-01 6.874505772224018881e-05
2.458785676162405871e+06 9.922227570481646497e-01 6.875489409187139395e-05
2.458785680469173007e+06 9.927163891300920806e-01 6.877168050195412623e-05
2.458785684775939677e+06 9.932791854982330193e-01 6.879850496141500893e-05
2.458785689082706813e+06 9.939111462742904468e-01 6.882532942377624086e-05
2.458785693389473949e+06 9.945711694215844112e-01 6.885215388613747278e-05
2.458785697696240619e+06 9.952165658422027494e-01 6.887897834559835548e-05
2.458785702003007755e+06 9.958473318640903571e-01 6.890453320919323230e-05
2.458785706309774425e+06 9.964634673508468987e-01 6.892913735814824242e-05
2.458785710616541561e+06 9.970640150214906683e-01 6.895374150976353231e-05
2.458785714923308231e+06 9.975975738570699303e-01 6.897834565871854243e-05
2.458785719230075367e+06 9.980348750093791521e-01 6.900294981033381876e-05
2.458785723536842037e+06 9.983759183838534224e-01 6.901384886000625071e-05
2.458785727843609173e+06 9.986207040542420810e-01 6.901979417757884093e-05
2.458785732150375843e+06 9.987756585788872821e-01 6.902573949450859414e-05
2.458785736457142979e+06 9.989330377630118996e-01 6.903168481208119792e-05
2.458785740763909649e+06 9.991229914313082272e-01 6.903763012901095112e-05
2.458785745070676785e+06 9.993455196248536287e-01 6.904198547277608765e-05
2.458785749377443455e+06 9.996006222955270415e-01 6.904615865618698642e-05
2.458785753684210591e+06 9.998664518219579911e-01 6.905033184004911659e-05
2.458785757990977727e+06 1.000000000000000000e+00 6.905450502391124676e-05
2.458785762297744397e+06 9.999753281662474569e-01 6.905593532768742118e-05
2.458785766604511533e+06 9.997924363153650740e-01 6.901432324768756905e-05
2.458785770911278203e+06 9.994513244869022150e-01 6.897271117218693910e-05
2.458785775218045339e+06 9.989519926070952183e-01 6.893109909218710053e-05
2.458785779524812009e+06 9.982944407839224876e-01 6.888948701668647057e-05
2.458785783831579145e+06 9.974850471308551736e-01 6.884787493668663200e-05
2.458785788138345815e+06 9.966970749874572988e-01 6.880626286118600205e-05
2.458785792445112951e+06 9.960083116015688853e-01 6.876465078118614992e-05
2.458785796751879621e+06 9.954187571221320141e-01 6.872303870568553352e-05
2.458785801058646757e+06 9.949284114216577768e-01 6.868142662568568139e-05
2.458785805365413427e+06 9.945372746061816871e-01 6.865334820828784129e-05
2.458785809672180563e+06 9.942453465911218480e-01 6.864686067069936191e-05
2.458785813978947233e+06 9.940526274396067619e-01 6.864037313381234778e-05
2.458785818285714369e+06 9.939733196322468878e-01 6.863388559622385485e-05
2.458785822592481039e+06 9.940236023276498578e-01 6.862739805933684072e-05
2.458785826899248175e+06 9.942034924373400750e-01 6.863945389998235623e-05
2.458785831206015311e+06 9.945129899628877279e-01 6.866680441801957763e-05
2.458785835512781981e+06 9.949490314833138171e-01 6.869415493309958339e-05
2.458785839819549117e+06 9.952872973792957767e-01 6.872150545113680478e-05
2.458785844126315787e+06 9.953890066591548624e-01 6.874885596621681054e-05
2.458785848433082923e+06 9.952541593448853696e-01 6.873860022894494814e-05
2.458785852739849593e+06 9.948827554656475280e-01 6.871303654226299429e-05
2.458785857046616729e+06 9.942821789893961926e-01 6.868747285281700252e-05
2.458785861353383400e+06 9.935748000906307054e-01 6.866190916613504867e-05
2.458785865660150535e+06 9.928040074235164880e-01 6.863634547668904335e-05
2.458785869966917206e+06 9.919698011547342098e-01 6.859595592497222524e-05
2.458785874273684341e+06 9.910721811038902818e-01 6.855341736876637113e-05
2.458785878580451012e+06 9.901413793569446842e-01 6.851087881715990592e-05
2.458785882887218148e+06 9.893960828441505928e-01 6.846834026095405181e-05
2.458785887193984818e+06 9.888797537426682327e-01 6.842766288337101121e-05
2.458785891500751954e+06 9.885923919408436955e-01 6.843668078083206421e-05
2.458785895807519089e+06 9.885339975068823115e-01 6.844569867829311722e-05
2.458785900114285760e+06 9.886124742161659373e-01 6.845471657477913367e-05
2.458785904421052895e+06 9.884721345384381852e-01 6.846373447224020023e-05
2.458785908727819566e+06 9.880776261834869345e-01 6.846318191708291765e-05
2.458785913034586702e+06 9.874289490660010937e-01 6.842405831837549985e-05
2.458785917341353372e+06 9.865261033262547885e-01 6.838493472389825946e-05
2.458785921648120508e+06 9.854853373651909498e-01 6.834581112519084165e-05
2.458785925954887178e+06 9.845631713026515852e-01 6.830668753071358771e-05
2.458785930261654314e+06 9.837688369381943909e-01 6.827365142793304152e-05
2.458785934568420984e+06 9.831023344435910749e-01 6.825136751067535569e-05
2.458785938875188120e+06 9.825636636747130392e-01 6.822908359100826093e-05
2.458785943181954790e+06 9.820428059854056091e-01 6.820679967375057511e-05
2.458785947488721926e+06 9.814026617306357281e-01 6.818451575408348035e-05
2.458785951795488596e+06 9.806428267801708953e-01 6.815604272258315077e-05
2.458785956102255732e+06 9.797633009696994355e-01 6.812195192559822310e-05
2.458785960409022402e+06 9.787658609519432895e-01 6.808786113229928466e-05
2.458785964715789538e+06 9.778400869879004809e-01 6.805377033531434343e-05
2.458785969022556674e+06 9.771135637100343274e-01 6.801967953832940221e-05
2.458785973329323344e+06 9.765862911645835087e-01 6.801229800022257370e-05
2.458785977636090480e+06 9.762582692375273430e-01 6.801709128383312249e-05
2.458785981942857150e+06 9.761154205810506079e-01 6.802188456692540909e-05
2.458785986249624286e+06 9.758852972945215587e-01 6.802667785053595787e-05
2.458785990556390956e+06 9.754631391480653724e-01 6.803147113362824447e-05
2.458785994863158092e+06 9.748489460503918513e-01 6.800929109329495481e-05
2.458785999169924762e+06 9.740427181343178642e-01 6.798233585569686478e-05
2.458786003476691898e+06 9.730698416306393650e-01 6.795538061518429024e-05
2.458786007783458568e+06 9.721340602917134532e-01 6.792842537758621378e-05
2.458786012090225704e+06 9.712796404624979285e-01 6.790147658511531124e-05
2.458786016396992374e+06 9.705065823277585491e-01 6.787504593429342047e-05
2.458786020703759510e+06 9.698148857203238160e-01 6.784861528061374896e-05
2.458786025010526180e+06 9.691841413942866579e-01 6.782218462979187174e-05
2.458786029317293316e+06 9.685284940863309044e-01 6.779575397611220023e-05
2.458786033624060452e+06 9.678383806857404625e-01 6.776915438396709831e-05
2.458786037930827122e+06 9.671138012727219513e-01 6.774175831714531132e-05
2.458786042237594258e+06 9.663547556905880409e-01 6.771436224736138913e-05
2.458786046544360928e+06 9.655442166040812957e-01 6.768696618053960214e-05
2.458786050851128064e+06 9.646414469797411906e-01 6.765957011075566640e-05
2.458786055157894734e+06 9.636446798063182939e-01 6.762678271744754352e-05
2.458786059464661870e+06 9.625539148682652479e-01 6.758342128088598295e-05
2.458786063771428540e+06 9.613691524014558176e-01 6.754005984901277008e-05
2.458786068078195676e+06 9.602274271164160657e-01 6.749669841245120952e-05
2.458786072384962346e+06 9.593151254928057314e-01 6.745333698057801020e-05
2.458786076691729482e+06 9.586333108005774539e-01 6.743006426216199443e-05
2.458786080998496152e+06 9.581819831871712934e-01 6.742684914776238736e-05
2.458786085305263288e+06 9.579599716504871854e-01 6.742363403301515797e-05
2.458786089612029959e+06 9.577657060440954995e-01 6.742041891861555089e-05
2.458786093918797094e+06 9.574514046023273606e-01 6.741720380386832150e-05
2.458786098225563765e+06 9.570170673931492900e-01 6.740582453544370200e-05
2.458786102532330900e+06 9.564626943226375300e-01 6.739029705907559733e-05
2.458786106839098036e+06 9.557959358178128584e-01 6.737476958270751976e-05
2.458786111145864706e+06 9.551921304419223047e-01 6.735924210801828859e-05
2.458786115452631842e+06 9.547243749195309936e-01 6.734371463165019747e-05
2.458786119759398513e+06 9.543926693517892357e-01 6.733907529509391759e-05
2.458786124066165648e+06 9.541970136669670755e-01 6.733673302228446666e-05
2.458786128372932319e+06 9.541180881887265652e-01 6.733439074972825825e-05
2.458786132679699454e+06 9.539830726020268603e-01 6.733204847691879377e-05
2.458786136986466125e+06 9.537509994403293723e-01 6.732970620436259891e-05
2.458786141293233261e+06 9.534218686534490228e-01 6.730887205651688292e-05
2.458786145599999931e+06 9.529956803125593234e-01 6.728782246155603543e-05
2.458786149906767067e+06 9.524918566869512437e-01 6.726677286431924428e-05
2.458786154213533737e+06 9.519995364944366933e-01 6.724572326935839678e-05
2.458786158520300873e+06 9.515297879828741312e-01 6.722580642035992649e-05
2.458786162827067543e+06 9.510826112538447452e-01 6.721224945260363996e-05
2.458786167133834679e+06 9.506580062106481099e-01 6.719869248338153920e-05
2.458786171440601815e+06 9.502918194039468025e-01 6.718513551415942488e-05
2.458786175747368485e+06 9.500770309322870144e-01 6.717157854640315191e-05
2.458786180054135621e+06 9.500184198015139136e-01 6.716722532851829774e-05
2.458786184360902291e+06 9.501159860243018063e-01 6.718299085063590996e-05
2.458786188667669427e+06 9.503697296217490376e-01 6.719875637445814549e-05
2.458786192974436097e+06 9.506925918667299413e-01 6.721452189657578481e-05
2.458786197281203233e+06 9.509555671341345384e-01 6.723028742039800678e-05
2.458786201587969903e+06 9.511574629691283977e-01 6.723958567726053925e-05
2.458786205894737039e+06 9.512982794153708177e-01 6.724178100698282971e-05
2.458786210201503709e+06 9.513780408664689325e-01 6.724397633646774766e-05
2.458786214508270845e+06 9.514048202395122278e-01 6.724617166619005167e-05
2.458786218815037515e+06 9.513850771866149136e-01 6.724836699567496962e-05
2.458786223121804651e+06 9.513188117035079605e-01 6.724235407816608347e-05
2.458786227428571321e+06 9.512060238045211280e-01 6.723170952232048847e-05
2.458786231735338457e+06 9.510512408001527973e-01 6.722106496532397220e-05
2.458786236042105127e+06 9.509794583457071848e-01 6.721042040947837720e-05
2.458786240348872263e+06 9.510471726029368078e-01 6.719977585248187448e-05
2.458786244655639399e+06 9.512543835871443143e-01 6.721332718567572361e-05
2.458786248962406069e+06 9.516010912533012789e-01 6.723285298098739284e-05
2.458786253269173205e+06 9.520797291870752854e-01 6.725237877841026119e-05
2.458786257575939875e+06 9.526144576467963088e-01 6.727190457372193041e-05
2.458786261882707011e+06 9.531856940274580081e-01 6.729143037114478521e-05
2.458786266189473681e+06 9.537934382055328619e-01 6.731324829892174468e-05
2.458786270496240817e+06 9.544376903124431877e-01 6.733515016557456011e-05
2.458786274803007487e+06 9.550973052046591860e-01 6.735705202985927472e-05
2.458786279109774623e+06 9.556661994209002531e-01 6.737895389651210370e-05
2.458786283416541293e+06 9.561297560463680734e-01 6.739907638173514798e-05
2.458786287723308429e+06 9.564879751813053499e-01 6.740700836940317962e-05
2.458786292030075099e+06 9.567408567482483805e-01 6.741494035621356669e-05
2.458786296336842235e+06 9.569808060735550681e-01 6.742287234388158479e-05
2.458786300643608905e+06 9.574677478035272804e-01 6.743080433069198541e-05
2.458786304950376041e+06 9.582172905553877351e-01 6.745252345316762898e-05
2.458786309257143177e+06 9.592294342906834137e-01 6.750798565074856285e-05
2.458786313563909847e+06 9.605041788573880357e-01 6.756344784233276094e-05
2.458786317870676983e+06 9.618080591981101879e-01 6.761891003991370836e-05
2.458786322177443653e+06 9.627647338216790418e-01 6.767437223149790646e-05
2.458786326484210789e+06 9.633691200275940059e-01 6.769746028128706926e-05
2.458786330790977459e+06 9.636212176851588485e-01 6.768141997598468493e-05
2.458786335097744595e+06 9.635214289286949674e-01 6.766537966894798370e-05
2.458786339404511265e+06 9.634379253026038592e-01 6.764933936364559937e-05
2.458786343711278401e+06 9.636929455380633947e-01 6.763329905660888459e-05
2.458786348018045072e+06 9.642864895799265756e-01 6.766002993904185914e-05
2.458786352324812207e+06 9.652185575565452869e-01 6.771348342347133177e-05
2.458786356631578878e+06 9.664798484223511288e-01 6.776693690212123432e-05
2.458786360938346013e+06 9.677543485390861511e-01 6.782039038655070695e-05
2.458786365245112684e+06 9.688871665222026364e-01 6.787384386520062306e-05
2.458786369551879819e+06 9.698783026166680754e-01 6.791264618166980042e-05
2.458786373858646490e+06 9.707277566081531361e-01 6.794727184621225343e-05
2.458786378165413626e+06 9.714489877981231647e-01 6.798189751449852430e-05
2.458786382472180761e+06 9.721940829233851611e-01 6.801652318278480873e-05
2.458786386778947432e+06 9.730057587348730497e-01 6.805114884732724819e-05
2.458786391085714567e+06 9.738840154081087608e-01 6.808227255293579003e-05
2.458786395392481238e+06 9.748288527531723258e-01 6.811317614887513899e-05
2.458786399699248374e+06 9.757926682126785156e-01 6.814407974815590418e-05
2.458786404006015044e+06 9.765137993721099141e-01 6.817498334409526669e-05
2.458786408312782180e+06 9.769523987061123904e-01 6.820076979093911309e-05
2.458786412619548850e+06 9.771084661198404797e-01 6.818226231193876366e-05
2.458786416926315986e+06 9.769820016470430746e-01 6.816375483093732937e-05
2.458786421233082656e+06 9.767418563501710782e-01 6.814524735193697993e-05
2.458786425539849792e+06 9.769033306634751224e-01 6.812673987093554565e-05
2.458786429846616462e+06 9.775021598961400882e-01 6.813251585260172776e-05
2.458786434153383598e+06 9.785383441776603908e-01 6.820521006400482103e-05
2.458786438460150268e+06 9.800118832839652683e-01 6.827790426754797709e-05
2.458786442766917404e+06 9.816641740676680383e-01 6.835059847895107036e-05
2.458786447073684540e+06 9.830422792187905046e-01 6.842329269035415007e-05
2.458786451380451210e+06 9.841378396496408554e-01 6.847317665064641496e-05
2.458786455687218346e+06 9.849508555971295820e-01 6.849269510004236548e-05
2.458786459993985016e+06 9.854813393066090832e-01 6.851221354732793002e-05
2.458786464300752152e+06 9.858485626985696859e-01 6.853173199672388054e-05
2.458786468607518822e+06 9.861670149955156228e-01 6.855125044400943153e-05
2.458786472914285958e+06 9.864366962663110305e-01 6.856228267899581010e-05
2.458786477221052628e+06 9.866576064526382250e-01 6.856745801373492603e-05
2.458786481527819764e+06 9.868326452345020927e-01 6.857263334903362581e-05
2.458786485834586434e+06 9.870864096788681818e-01 6.857780868377274174e-05
2.458786490141353570e+06 9.874851550204432060e-01 6.858298401907142797e-05
2.458786494448120240e+06 9.880288811729998066e-01 6.860725614135626928e-05
2.458786498754887376e+06 9.887175882541167082e-01 6.863774682989901672e-05
2.458786503061654046e+06 9.895343218038030741e-01 6.866823751514503061e-05
2.458786507368421182e+06 9.902615431549974812e-01 6.869872820368776449e-05
2.458786511675187852e+06 9.908328647177493398e-01 6.872921888893377838e-05
2.458786515981954988e+06 9.912482866156051564e-01 6.873904089204676811e-05
2.458786520288722124e+06 9.915078087783635308e-01 6.874699345156878025e-05
2.458786524595488794e+06 9.916512271189394934e-01 6.875494601023092521e-05
2.458786528902255930e+06 9.919188486409429295e-01 6.876289856975295091e-05
2.458786533209022600e+06 9.923509807696002660e-01 6.877316166207616860e-05
2.458786537515789736e+06 9.929476235983583088e-01 6.881008551854374408e-05
2.458786541822556406e+06 9.937087769981953755e-01 6.884700937101898900e-05
2.458786546129323542e+06 9.945434898969648385e-01 6.888393322748656447e-05
2.458786550436090212e+06 9.951504139978906149e-01 6.892085707996180939e-05
2.458786554742857348e+06 9.955056486917733816e-01 6.894579227753791213e-05
2.458786559049624018e+06 9.956091939017954751e-01 6.893326832069245937e-05
2.458786563356391154e+06 9.954610496503476513e-01 6.892074436249289230e-05
2.458786567663157824e+06 9.952209333047016271e-01 6.890822040564743953e-05
2.458786571969924960e+06 9.951925148898506102e-01 6.889569644744785891e-05
2.458786576276691630e+06 9.953831011184186561e-01 6.890076949180605665e-05
2.458786580583458766e+06 9.957926920316193531e-01 6.893167896811916245e-05
2.458786584890225902e+06 9.964212876206856029e-01 6.896258844443224113e-05
2.458786589196992572e+06 9.970556899470259804e-01 6.899349791740332083e-05
2.458786593503759708e+06 9.974709893520384840e-01 6.902440739371639951e-05
2.458786597810526378e+06 9.976671458079541255e-01 6.903034625920393482e-05
2.458786602117293514e+06 9.976441593571909738e-01 6.901728155019990916e-05
2.458786606424060185e+06 9.974054149944392433e-01 6.900421684260847697e-05
2.458786610730827320e+06 9.971415888670576155e-01 6.899115213360445132e-05
2.458786615037593991e+06 9.969627593561285472e-01 6.897808742601301913e-05
2.458786619344361126e+06 9.968689264229815272e-01 6.897741932834206946e-05
2.458786623651127797e+06 9.968600900879069915e-01 6.898132360539689645e-05
2.458786627957894932e+06 9.969300871234841877e-01 6.898522788287387111e-05
2.458786632264661603e+06 9.969883659127761755e-01 6.898913215992871165e-05
2.458786636571428739e+06 9.970049276784719305e-01 6.899303643740568631e-05
2.458786640878195409e+06 9.969797724169900954e-01 6.899117201765412612e-05
2.458786645184962545e+06 9.969129001228904663e-01 6.898861814702747215e-05
2.458786649491729215e+06 9.967978506234633773e-01 6.898606427667697803e-05
2.458786653798496351e+06 9.965916384817556928e-01 6.898351040605033761e-05
2.458786658105263487e+06 9.962863460484943090e-01 6.897969958419666219e-05
2.458786662412030157e+06 9.958819733727577450e-01 6.895467665082565261e-05
2.458786666718797293e+06 9.953785203671016157e-01 6.892965371474908426e-05
2.458786671025563963e+06 9.948368077825509026e-01 6.890463078137808823e-05
2.458786675332331099e+06 9.944758200961757444e-01 6.887960784530150634e-05
2.458786679639097769e+06 9.943152586568382301e-01 6.886371106314595329e-05
2.458786683945864905e+06 9.943551234298172448e-01 6.888042877630466817e-05
2.458786688252631575e+06 9.945954144064926838e-01 6.889714648765581475e-05
2.458786692559398711e+06 9.948777086208988596e-01 6.891386420081452963e-05
2.458786696866165381e+06 9.948752456400620225e-01 6.893058191216567621e-05
2.458786701172932517e+06 9.945781225848328022e-01 6.892723297017769443e-05
2.458786705479699187e+06 9.939863395194628026e-01 6.889132890415379192e-05
2.458786709786466323e+06 9.930998963159809456e-01 6.885542483424783578e-05
2.458786714093232993e+06 9.921546425801175406e-01 6.881952076822393327e-05
2.458786718400000129e+06 9.914233477935264771e-01 6.878361669831797713e-05
