2.458766000000000000e+06 9.883452691609653229e-01 6.819833566182113263e-05
2.458766004306767136e+06 9.882779367944007909e-01 6.819471686564062456e-05
2.458766008613533806e+06 9.881466313400161239e-01 6.819109806985139150e-05
2.458766012920300942e+06 9.879558922901697793e-01 6.818600922685288436e-05
2.458766017227067612e+06 9.877057196861082078e-01 6.817401931111484253e-05
2.458766021533834748e+06 9.873961134737326839e-01 6.816202939408040661e-05
2.458766025840601418e+06 9.870858734415417501e-01 6.815003947834236478e-05
2.458766030147368554e+06 9.869153847193402607e-01 6.813804956130792886e-05
2.458766034454135224e+06 9.868907099748259748e-01 6.813562553526862750e-05
2.458766038760902360e+06 9.870118492026634938e-01 6.815191377971188268e-05
2.458766043067669030e+06 9.872788023766565502e-01 6.816820202239401406e-05
2.458766047374436166e+06 9.875344559050633908e-01 6.818449026683726924e-05
2.458766051681202836e+06 9.875655598281751768e-01 6.820077850951937351e-05
2.458766055987969972e+06 9.873709136134859454e-01 6.819980784953263259e-05
2.458766060294736642e+06 9.869505173030872491e-01 6.818164357345801101e-05
2.458766064601503778e+06 9.863061707608161699e-01 6.816347929541941139e-05
2.458766068908270914e+06 9.857438839540619835e-01 6.814531501738081178e-05
2.458766073215037584e+06 9.854875649975647356e-01 6.812715074130619019e-05
2.458766077521804720e+06 9.855372138358964307e-01 6.814530237522165522e-05
2.458766081828571390e+06 9.858928304583209901e-01 6.818186231942279353e-05
2.458766086135338526e+06 9.865368645401269010e-01 6.821842226757691941e-05
2.458766090442105196e+06 9.870686189251818288e-01 6.825498221177807127e-05
2.458766094748872332e+06 9.873213394458940639e-01 6.829154215993221070e-05
2.458766099055639002e+06 9.872950260476136553e-01 6.828297500679068508e-05
2.458766103362406138e+06 9.869896787246507097e-01 6.826492056635973611e-05
2.458766107669172809e+06 9.864321510117209924e-01 6.824686612788087960e-05
2.458766111975939944e+06 9.858621104917782985e-01 6.822881168744993063e-05
2.458766116282706615e+06 9.853362710020527881e-01 6.821075724897108768e-05
2.458766120589473750e+06 9.848546324288333098e-01 6.819869455674608773e-05
2.458766124896240421e+06 9.844171948762723279e-01 6.818669878244529260e-05
2.458766129203007556e+06 9.840101029183014880e-01 6.817470300684747996e-05
2.458766133509774227e+06 9.835698752654804533e-01 6.816270723254668482e-05
2.458766137816541363e+06 9.830886454104246219e-01 6.814944463182494392e-05
2.458766142123308498e+06 9.825664133985158033e-01 6.812909384420032558e-05
2.458766146430075169e+06 9.820031792928698433e-01 6.810874305877609555e-05
2.458766150736842304e+06 9.814185751411982350e-01 6.808839227115147722e-05
2.458766155043608975e+06 9.808634496834046645e-01 6.806804148572726074e-05
2.458766159350376111e+06 9.803404087324045779e-01 6.804942919747480022e-05
2.458766163657142781e+06 9.798494524013032780e-01 6.803460985394373193e-05
2.458766167963909917e+06 9.793905805839336898e-01 6.801979050881034835e-05
2.458766172270676587e+06 9.789014351393935387e-01 6.800497116527929361e-05
2.458766176577443723e+06 9.782897434157626915e-01 6.799015182014591003e-05
2.458766180884210393e+06 9.775546587078949301e-01 6.796477370591125753e-05
2.458766185190977529e+06 9.766961808568308534e-01 6.792781687393184813e-05
2.458766189497744199e+06 9.757147863421314904e-01 6.789086004594832005e-05
2.458766193804511335e+06 9.747660032753679982e-01 6.785390321396891065e-05
2.458766198111278005e+06 9.739741091859448474e-01 6.781694638598538257e-05
2.458766202418045141e+06 9.733391039026180191e-01 6.779795729605076740e-05
2.458766206724812277e+06 9.728609875194912382e-01 6.778909117119231097e-05
2.458766211031578947e+06 9.725324396751026113e-01 6.778022504729246545e-05
2.458766215338346083e+06 9.721519177666148037e-01 6.777135892243400903e-05
2.458766219645112753e+06 9.716284332531168744e-01 6.776249279853419061e-05
2.458766223951879889e+06 9.709619860214070419e-01 6.773616180667957635e-05
2.458766228258646559e+06 9.701525762156022470e-01 6.770552725436099694e-05
2.458766232565413695e+06 9.692086917564538551e-01 6.767489269873011213e-05
2.458766236872180365e+06 9.682152797439671499e-01 6.764425814641154627e-05
2.458766241178947501e+06 9.671942499078629574e-01 6.761362359078066145e-05
2.458766245485714171e+06 9.661456024689349942e-01 6.756604608494085941e-05
2.458766249792481307e+06 9.650693372004170989e-01 6.751785355483865003e-05
2.458766254099247977e+06 9.639920134164571275e-01 6.746966102994714340e-05
2.458766258406015113e+06 9.630467338266643917e-01 6.742146849984493402e-05
2.458766262712781783e+06 9.622518160539555998e-01 6.737824350871971673e-05
2.458766267019548919e+06 9.616072599264324783e-01 6.736896878622487621e-05
2.458766271326315589e+06 9.611130655834781988e-01 6.735969406473286849e-05
2.458766275633082725e+06 9.606915786758229991e-01 6.735041934223804153e-05
2.458766279939849861e+06 9.601245572590257904e-01 6.734114461974320101e-05
2.458766284246616531e+06 9.593989169125922700e-01 6.732447376285489603e-05
2.458766288553383667e+06 9.585146574796050700e-01 6.728972247673472770e-05
2.458766292860150337e+06 9.574717791512822318e-01 6.725497119437198398e-05
2.458766297166917473e+06 9.564059606160164595e-01 6.722021990825181566e-05
2.458766301473684143e+06 9.555357402997770588e-01 6.718546862588907194e-05
2.458766305780451279e+06 9.548640600576832060e-01 6.716556343464336770e-05
2.458766310087217949e+06 9.543909200349833810e-01 6.716358635043460327e-05
2.458766314393985085e+06 9.541161202502038696e-01 6.716160926601208838e-05
2.458766318700751755e+06 9.538586753614239910e-01 6.715963218180332395e-05
2.458766323007518891e+06 9.534602988763322129e-01 6.715765509738079550e-05
2.458766327314285561e+06 9.529209908810759577e-01 6.713667446464272113e-05
2.458766331621052697e+06 9.522407512590316259e-01 6.710382996587591726e-05
2.458766335927819367e+06 9.514226212416518891e-01 6.707098547066037695e-05
2.458766340234586503e+06 9.505697662382779356e-01 6.703814097189358663e-05
2.458766344541353639e+06 9.497327228155203471e-01 6.700529647312679631e-05
2.458766348848120309e+06 9.489114910613184461e-01 6.697981202889980682e-05
2.458766353154887445e+06 9.481060707980838442e-01 6.695642385191199705e-05
2.458766357461654115e+06 9.473276220718841456e-01 6.693303567745299398e-05
2.458766361768421251e+06 9.467021587471999844e-01 6.690964750046517065e-05
2.458766366075187922e+06 9.462650572803450455e-01 6.688625932600616758e-05
2.458766370381955057e+06 9.460163175767978272e-01 6.689283903596002245e-05
2.458766374688721728e+06 9.459559396903474138e-01 6.690129802754894413e-05
2.458766378995488863e+06 9.460387131427078211e-01 6.690975702005249877e-05
2.458766383302255534e+06 9.460162337795223753e-01 6.691821601164142045e-05
2.458766387609022669e+06 9.458506904096724011e-01 6.692424753803828316e-05
2.458766391915789340e+06 9.455420830689559297e-01 6.690928906469678628e-05
2.458766396222556476e+06 9.450904116906378993e-01 6.689433058973793080e-05
2.458766400529323146e+06 9.445407261120646325e-01 6.687937211639640681e-05
2.458766404836090282e+06 9.440304698160298935e-01 6.686441364143755133e-05
2.458766409142856952e+06 9.435691697896008145e-01 6.684901519990701685e-05
2.458766413449624088e+06 9.431568259330228576e-01 6.683240476100125917e-05
2.458766417756391224e+06 9.427934382988200079e-01 6.681579432209550150e-05
2.458766422063157894e+06 9.424448131680689400e-01 6.679918388498569761e-05
2.458766426369925030e+06 9.420510724585016149e-01 6.678257344607993994e-05
2.458766430676691700e+06 9.416111119365452309e-01 6.675939565965560805e-05
2.458766434983458836e+06 9.411249315070597810e-01 6.672747672789376054e-05
2.458766439290225506e+06 9.405925312744835010e-01 6.669555779958307763e-05
2.458766443596992642e+06 9.400139044681118383e-01 6.666363886782121658e-05
2.458766447903759312e+06 9.393890448250459269e-01 6.663171993951054722e-05
2.458766452210526448e+06 9.387179522101620766e-01 6.659852637842263558e-05
2.458766456517293118e+06 9.380006267685817578e-01 6.656445316119496503e-05
2.458766460824060254e+06 9.372445083739515681e-01 6.653037994028317549e-05
2.458766465130826924e+06 9.367692997269991828e-01 6.649630672305550493e-05
2.458766469437594060e+06 9.367450050874992495e-01 6.646223350214371540e-05
2.458766473744360730e+06 9.371716244607055657e-01 6.650070945824822926e-05
2.458766478051127866e+06 9.380491579388730017e-01 6.656281188227278656e-05
2.458766482357895002e+06 9.393371434370878514e-01 6.662491430629734386e-05
2.458766486664661672e+06 9.405163323440182133e-01 6.668701672360719316e-05
2.458766490971428808e+06 9.414282469580810275e-01 6.674911914763175045e-05
2.458766495278195478e+06 9.420728870820779255e-01 6.675765457816728872e-05
2.458766499584962614e+06 9.424502528554099534e-01 6.676134220698932834e-05
2.458766503891729284e+06 9.425975210535778581e-01 6.676502983541265262e-05
2.458766508198496420e+06 9.427392355050360218e-01 6.676871746423469224e-05
2.458766512505263090e+06 9.429130683332679341e-01 6.677288843497146886e-05
2.458766516812030226e+06 9.431190195758646366e-01 6.678264205232799613e-05
2.458766521118796896e+06 9.433570891882896436e-01 6.679239566862993349e-05
2.458766525425564032e+06 9.436499022077512455e-01 6.680214928598644721e-05
2.458766529732330702e+06 9.440724440915370108e-01 6.681190290228839813e-05
2.458766534039097838e+06 9.446306650198000865e-01 6.682869857997174692e-05
2.458766538345864508e+06 9.453245648718271443e-01 6.686750947871311916e-05
2.458766542652631644e+06 9.461541437976714874e-01 6.690632038165085526e-05
2.458766546959398314e+06 9.470808430489798813e-01 6.694513128039224106e-05
2.458766551266165450e+06 9.480313229176051681e-01 6.698394218332997716e-05
2.458766555572932586e+06 9.490038165710865670e-01 6.702274063033525537e-05
2.458766559879699256e+06 9.499983239007045999e-01 6.706152077529743856e-05
2.458766564186466392e+06 9.510148451215179044e-01 6.710030092445266523e-05
2.458766568493233062e+06 9.520035661800544391e-01 6.713908106941486196e-05
2.458766572800000198e+06 9.529119077214378564e-01 6.717786121857007508e-05
2.458766577106766868e+06 9.537398600180081454e-01 6.720588237053414654e-05
2.458766581413534004e+06 9.544874232488067545e-01 6.722571033274761304e-05
2.458766585720300674e+06 9.551558868545816372e-01 6.724553829281721881e-05
2.458766590027067810e+06 9.558180456419953508e-01 6.726536625503068531e-05
2.458766594333834480e+06 9.565159489047756480e-01 6.728519421510029109e-05
2.458766598640601616e+06 9.572495967938419170e-01 6.731137892852106803e-05
2.458766602947368287e+06 9.580189891505453970e-01 6.733991045360238883e-05
2.458766607254135422e+06 9.588243046181585960e-01 6.736844198176863074e-05
2.458766611560902093e+06 9.596681682982040051e-01 6.739697350684995154e-05
2.458766615867669228e+06 9.605514506889502035e-01 6.742550503501619345e-05
2.458766620174436364e+06 9.614741517012871386e-01 6.745789603443768886e-05
2.458766624481203035e+06 9.624362712290563948e-01 6.749074932036601578e-05
2.458766628787970170e+06 9.634211963954327773e-01 6.752360260984654138e-05
2.458766633094736841e+06 9.643182820740301420e-01 6.755645589577484119e-05
2.458766637401503976e+06 9.651071305451337512e-01 6.758828947712069068e-05
2.458766641708270647e+06 9.657877416381581703e-01 6.760283642532762091e-05
2.458766646015037782e+06 9.663601155002828902e-01 6.761738337510741679e-05
2.458766650321804453e+06 9.668739076838694935e-01 6.763193032331434702e-05
2.458766654628571589e+06 9.675080623490810439e-01 6.764647727309412934e-05
2.458766658935338259e+06 9.682786992424743389e-01 6.766822502973803802e-05
2.458766663242105395e+06 9.691858185306964080e-01 6.771574682309396522e-05
2.458766667548872065e+06 9.702294200175863859e-01 6.776326861131168214e-05
2.458766671855639201e+06 9.713745325899398875e-01 6.781079040466760934e-05
2.458766676162405871e+06 9.725489557940154572e-01 6.785831219288532626e-05
2.458766680469173007e+06 9.737504961871337184e-01 6.790542159468520959e-05
2.458766684775939677e+06 9.749791535094664008e-01 6.795186111325482621e-05
2.458766689082706813e+06 9.762349280267057505e-01 6.799830063684565414e-05
2.458766693389473949e+06 9.774222083834882557e-01 6.804474016043648207e-05
2.458766697696240619e+06 9.784302865016991646e-01 6.809117967900611224e-05
2.458766702003007755e+06 9.792590164856860291e-01 6.811757144420633808e-05
2.458766706309774425e+06 9.799083981562389800e-01 6.812713906876689872e-05
2.458766710616541561e+06 9.803799001824553550e-01 6.813670669436195087e-05
2.458766714923308231e+06 9.807879846789759881e-01 6.814627431892251151e-05
2.458766719230075367e+06 9.812045450887701969e-01 6.815584194451755010e-05
2.458766723536842037e+06 9.816295813217587041e-01 6.816776410188633687e-05
2.458766727843609173e+06 9.820630934698536540e-01 6.818066494588858109e-05
2.458766732150375843e+06 9.825132345888063501e-01 6.819356578849595856e-05
2.458766736457142979e+06 9.831188616351000942e-01 6.820646663249821634e-05
2.458766740763909649e+06 9.839299421539977608e-01 6.821936747510559380e-05
2.458766745070676785e+06 9.849464763208924944e-01 6.827110970477331205e-05
2.458766749377443455e+06 9.861684639159624677e-01 6.832870437354619808e-05
2.458766753684210591e+06 9.875569426308284937e-01 6.838629904854640258e-05
2.458766757990977727e+06 9.888247458365977405e-01 6.844389372354659352e-05
2.458766762297744397e+06 9.899138532320992390e-01 6.850038352824019754e-05
2.458766766604511533e+06 9.908242650528484852e-01 6.852315222232421745e-05
2.458766770911278203e+06 9.915559811019720726e-01 6.854592091394642081e-05
2.458766775218045339e+06 9.921297914487871017e-01 6.856868960803044072e-05
2.458766779524812009e+06 9.926272548473683566e-01 6.859145829965264407e-05
2.458766783831579145e+06 9.930566533380350558e-01 6.861093051899423690e-05
2.458766788138345815e+06 9.934179868279310321e-01 6.861674168310029332e-05
2.458766792445112951e+06 9.937112553951937821e-01 6.862255284783467201e-05
2.458766796751879621e+06 9.939683541152346535e-01 6.862836401194072843e-05
2.458766801058646757e+06 9.942607284081629304e-01 6.863417517667510712e-05
2.458766805365413427e+06 9.945910440841801980e-01 6.864229662988930965e-05
2.458766809672180563e+06 9.949593012147160964e-01 6.865457798789126906e-05
2.458766813978947233e+06 9.953654997201364374e-01 6.866685934456532474e-05
2.458766818285714369e+06 9.958042536775989495e-01 6.867914070256727059e-05
2.458766822592481039e+06 9.962687395928183642e-01 6.869142205924135339e-05
2.458766826899248175e+06 9.967589343589737805e-01 6.871029809819146055e-05
2.458766831206015311e+06 9.972748379272334818e-01 6.873526794665950096e-05
2.458766835512781981e+06 9.978158519822801775e-01 6.876023779242772889e-05
2.458766839819549117e+06 9.983127724535124647e-01 6.878520764089575575e-05
2.458766844126315787e+06 9.987182765634233794e-01 6.881017748666398367e-05
2.458766848433082923e+06 9.990323643997018888e-01 6.881842651946505510e-05
2.458766852739849593e+06 9.992550358944276567e-01 6.881889369723502169e-05
2.458766857046616729e+06 9.993893319881461679e-01 6.881936087505552565e-05
2.458766861353383400e+06 9.994959461533473588e-01 6.881982805282549224e-05
2.458766865660150535e+06 9.995985756166264613e-01 6.882029523064599620e-05
2.458766869966917206e+06 9.996972203557894510e-01 6.881904458674104389e-05
2.458766874273684341e+06 9.997918803921683750e-01 6.881747902842986694e-05
2.458766878580451012e+06 9.998790899981203628e-01 6.881591347028796107e-05
2.458766882887218148e+06 9.999304652093854440e-01 6.881434791197678412e-05
2.458766887193984818e+06 9.999397351710448412e-01 6.881279871917622486e-05
2.458766891500751954e+06 9.999068998851030621e-01 6.881334498038953087e-05
2.458766895807519089e+06 9.998319593482815071e-01 6.881389124160282333e-05
2.458766900114285760e+06 9.997319066579954949e-01 6.881443750275706742e-05
2.458766904421052895e+06 9.996794172461475059e-01 6.881498376397035988e-05
2.458766908727819566e+06 9.996827595070517658e-01 6.881644648866248892e-05
2.458766913034586702e+06 9.997419334414310299e-01 6.882237042071928440e-05
2.458766917341353372e+06 9.998569390364893117e-01 6.882829435213556034e-05
2.458766921648120508e+06 9.999809164872542899e-01 6.883421828419235581e-05
2.458766925954887178e+06 1.000000000000000000e+00 6.884014221560864530e-05
2.458766930261654314e+06 9.999090797505982842e-01 6.884022066955157242e-05
2.458766934568420984e+06 9.997081557587098599e-01 6.882859541180557901e-05
2.458766938875188120e+06 9.993972279808859271e-01 6.881697015280265647e-05
2.458766943181954790e+06 9.990557775581541122e-01 6.880534489505667661e-05
2.458766947488721926e+06 9.987937334539245260e-01 6.879371963605374052e-05
2.458766951795488596e+06 9.986117917825350077e-01 6.878831151672564284e-05
2.458766956102255732e+06 9.985099525046410296e-01 6.878922683379252100e-05
2.458766960409022402e+06 9.984873903463463707e-01 6.879014215076042506e-05
2.458766964715789538e+06 9.983855010306326161e-01 6.879105746782728968e-05
2.458766969022556674e+06 9.980860228559480518e-01 6.879197278489415429e-05
2.458766973329323344e+06 9.975889558867184759e-01 6.876947250383668071e-05
2.458766977636090480e+06 9.968943000154555367e-01 6.873482518919333975e-05
2.458766981942857150e+06 9.960128335840775504e-01 6.870017787829616124e-05
2.458766986249624286e+06 9.952003884839265568e-01 6.866553056365280673e-05
2.458766990556390956e+06 9.945653213219051159e-01 6.863088325275564178e-05
2.458766994863158092e+06 9.941076319606820810e-01 6.862343075362852321e-05
2.458766999169924762e+06 9.938273204992310594e-01 6.862190327263834630e-05
2.458767003476691898e+06 9.936963397849983837e-01 6.862037579148300473e-05
2.458767007783458568e+06 9.934582225929285970e-01 6.861884831049282782e-05
2.458767012090225704e+06 9.930511313641035009e-01 6.861732082933748626e-05
2.458767016396992374e+06 9.924750661865544554e-01 6.858669462214423817e-05
2.458767020703759510e+06 9.917300269357099962e-01 6.855558848624834886e-05
2.458767025010526180e+06 9.908508015775154831e-01 6.852448235371577667e-05
2.458767029317293316e+06 9.899998663782569874e-01 6.849337621781990092e-05
2.458767033624060452e+06 9.891978239191745459e-01 6.846301429491755640e-05
2.458767037930827122e+06 9.884446742790582441e-01 6.843699000172267003e-05
2.458767042237594258e+06 9.877404172950421390e-01 6.841096570571398086e-05
2.458767046544360928e+06 9.870698351339758370e-01 6.838494141251910804e-05
2.458767050851128064e+06 9.863928120636400454e-01 6.835891711651040533e-05
2.458767055157894734e+06 9.857072191493686519e-01 6.833488290792728360e-05
2.458767059464661870e+06 9.850130562429043612e-01 6.831529658676572516e-05
2.458767063771428540e+06 9.843103234943575419e-01 6.829571026772189818e-05
2.458767068078195676e+06 9.835737596404009464e-01 6.827612394656033974e-05
2.458767072384962346e+06 9.827652903942635243e-01 6.825653762751651276e-05
2.458767076691729482e+06 9.818845332493126854e-01 6.822712342796859294e-05
2.458767080998496152e+06 9.809314883960088549e-01 6.818670595787336387e-05
2.458767085305263288e+06 9.799064058926016951e-01 6.814628848340806820e-05
2.458767089612029959e+06 9.789068888825243064e-01 6.810587101331285267e-05
2.458767093918797094e+06 9.780124467681017286e-01 6.806545353884755701e-05
2.458767098225563765e+06 9.772230797427532423e-01 6.803758449796389019e-05
2.458767102532330900e+06 9.765387876357817243e-01 6.801694519510242390e-05
2.458767106839098036e+06 9.759557431524762405e-01 6.799630589224094405e-05
2.458767111145864706e+06 9.753639378327266796e-01 6.797566659161105042e-05
2.458767115452631842e+06 9.747128259871226108e-01 6.795502728874958413e-05
2.458767119759398513e+06 9.740024077564648497e-01 6.792715826592594724e-05
2.458767124066165648e+06 9.732326829871280616e-01 6.789744926936811767e-05
2.458767128372932319e+06 9.724053637288586627e-01 6.786774027602252165e-05
2.458767132679699454e+06 9.715380239780305738e-01 6.783803127946469208e-05
2.458767136986466125e+06 9.706352808475671168e-01 6.780832228611910961e-05
2.458767141293233261e+06 9.696971341422528923e-01 6.777831810550018004e-05
2.458767145599999931e+06 9.687235840649590646e-01 6.774830156496869143e-05
2.458767149906767067e+06 9.677457736577095293e-01 6.771828502119172494e-05
2.458767154213533737e+06 9.669228729090835195e-01 6.768826848066024989e-05
2.458767158520300873e+06 9.662772749144157292e-01 6.766123417406561110e-05
2.458767162827067543e+06 9.658089798133144832e-01 6.765556799552753964e-05
2.458767167133834679e+06 9.655179875045124538e-01 6.764990181637682619e-05
2.458767171440601815e+06 9.653048070706545802e-01 6.764423563722609918e-05
2.458767175747368485e+06 9.648848465211095071e-01 6.763856945868804127e-05
2.458767180054135621e+06 9.642404850319307164e-01 6.762231642948238598e-05
2.458767184360902291e+06 9.633717227424591911e-01 6.757952206322213179e-05
2.458767188667669427e+06 9.622785594648283203e-01 6.753672769233478733e-05
2.458767192974436097e+06 9.611208969632447641e-01 6.749393332607451959e-05
2.458767197281203233e+06 9.601609944897049331e-01 6.745113895518718868e-05
2.458767201587969903e+06 9.594026492220084634e-01 6.742110239687878104e-05
2.458767205894737039e+06 9.588458609961657553e-01 6.740679708822506621e-05
2.458767210201503709e+06 9.584905228899304186e-01 6.739249178111804709e-05
2.458767214508270845e+06 9.582035300731831517e-01 6.737818647246430516e-05
2.458767218815037515e+06 9.578661453335077791e-01 6.736388116535731315e-05
2.458767223121804651e+06 9.574783685979464387e-01 6.734949360332323552e-05
2.458767227428571321e+06 9.570401999503542756e-01 6.733505356186927319e-05
2.458767231735338457e+06 9.565529405228606619e-01 6.732061351885400551e-05
2.458767236042105127e+06 9.560629189612022127e-01 6.730617347740004317e-05
2.458767240348872263e+06 9.555932332113803440e-01 6.729173343438477550e-05
2.458767244655639399e+06 9.551438833274766838e-01 6.727645662600665721e-05
2.458767248962406069e+06 9.547148693547784504e-01 6.726093431335030944e-05
2.458767253269173205e+06 9.543094061600388978e-01 6.724541199901565736e-05
2.458767257575939875e+06 9.539647858906330491e-01 6.722988968635930959e-05
2.458767261882707011e+06 9.536916686491145878e-01 6.721436737202464396e-05
2.458767266189473681e+06 9.534900544945441592e-01 6.721438135304505979e-05
2.458767270496240817e+06 9.533599433833235270e-01 6.721546069505094127e-05
2.458767274803007487e+06 9.532889524388339364e-01 6.721654003694012194e-05
2.458767279109774623e+06 9.532076612168586260e-01 6.721761937894600342e-05
2.458767283416541293e+06 9.531052761300639053e-01 6.721767870778741721e-05
2.458767287723308429e+06 9.529817971563092627e-01 6.720840251767554673e-05
2.458767292030075099e+06 9.528372243222967830e-01 6.719912632856664457e-05
2.458767296336842235e+06 9.526920782624613837e-01 6.718985013845476053e-05
2.458767300643608905e+06 9.526100873624208099e-01 6.718057394934585837e-05
2.458767304950376041e+06 9.525958028698959801e-01 6.717532457545472230e-05
2.458767309257143177e+06 9.526492247974122085e-01 6.718146671978669846e-05
2.458767313563909847e+06 9.527703531282124549e-01 6.718760886345458724e-05
2.458767317870676983e+06 9.529203445342171452e-01 6.719375100778656341e-05
2.458767322177443653e+06 9.530299536092501356e-01 6.719989315145443863e-05
2.458767326484210789e+06 9.530978230135167539e-01 6.720027004991188289e-05
2.458767330790977459e+06 9.531239527323405181e-01 6.719280984966291960e-05
2.458767335097744595e+06 9.531083445908917762e-01 6.718534964860733700e-05
2.458767339404511265e+06 9.531195687408541284e-01 6.717788944835836017e-05
2.458767343711278401e+06 9.532247951457980539e-01 6.717042924730277757e-05
2.458767348018045072e+06 9.534240237829691988e-01 6.717361147687334240e-05
2.458767352324812207e+06 9.537172546954497676e-01 6.718429652337934964e-05
2.458767356631578878e+06 9.541029865374257568e-01 6.719498156873003104e-05
2.458767360938346013e+06 9.545130461022299784e-01 6.720566661523603828e-05
2.458767365245112684e+06 9.549105331273365360e-01 6.721635166058673324e-05
2.458767369551879819e+06 9.552954476987005616e-01 6.722892057659698149e-05
2.458767373858646490e+06 9.556677897330859706e-01 6.724212018100291692e-05
2.458767378165413626e+06 9.560304499168752468e-01 6.725531978683605544e-05
2.458767382472180761e+06 9.564215983897695894e-01 6.726851939266919396e-05
2.458767386778947432e+06 9.568530946207475241e-01 6.728171899707514295e-05
2.458767391085714567e+06 9.573249387031183000e-01 6.729897026802429618e-05
2.458767395392481238e+06 9.578371305348474252e-01 6.731661318801017814e-05
2.458767399699248374e+06 9.583915115673716789e-01 6.733425610990367318e-05
2.458767404006015044e+06 9.589994361434971415e-01 6.735189902988955514e-05
2.458767408312782180e+06 9.596628488112520783e-01 6.737042505481120012e-05
2.458767412619548850e+06 9.603817494271760236e-01 6.739991730372593486e-05
2.458767416926315986e+06 9.611561381467284004e-01 6.742940955582945727e-05
2.458767421233082656e+06 9.619591280705691583e-01 6.745890180474419201e-05
2.458767425539849792e+06 9.626999995107007324e-01 6.748839405684771441e-05
2.458767429846616462e+06 9.633713498997561464e-01 6.751426799739057355e-05
2.458767434153383598e+06 9.639731793829126039e-01 6.752850593933865000e-05
2.458767438460150268e+06 9.645054878300265422e-01 6.754274387974728135e-05
2.458767442766917404e+06 9.650084707484831714e-01 6.755698182169535780e-05
2.458767447073684540e+06 9.655599435064757818e-01 6.757121976364344781e-05
2.458767451380451210e+06 9.661618815880890221e-01 6.758913652800536520e-05
2.458767455687218346e+06 9.668142851234897694e-01 6.761257450608982537e-05
2.458767459993985016e+06 9.675171539715978763e-01 6.763601248164008493e-05
2.458767464300752152e+06 9.682601074069567826e-01 6.765945045972454510e-05
2.458767468607518822e+06 9.690319652603791578e-01 6.768288843527481822e-05
2.458767472914285958e+06 9.698327238904398406e-01 6.771452616449026931e-05
2.458767477221052628e+06 9.706623831239774569e-01 6.775254038249557090e-05
2.458767481527819764e+06 9.715206685019666111e-01 6.779055460461108293e-05
2.458767485834586434e+06 9.723910444407115605e-01 6.782856882261638451e-05
2.458767490141353570e+06 9.732637871328678747e-01 6.786658304473189654e-05
2.458767494448120240e+06 9.741388963897077424e-01 6.789744733415966802e-05
2.458767498754887376e+06 9.750163724004702326e-01 6.792560249091258583e-05
2.458767503061654046e+06 9.758909227630098160e-01 6.795375764462128077e-05
2.458767507368421182e+06 9.766822878680018194e-01 6.798191280137419858e-05
2.458767511675187852e+06 9.773633863822385193e-01 6.801006795508289353e-05
2.458767515981954988e+06 9.779342184530044335e-01 6.802053883537356683e-05
2.458767520288722124e+06 9.783947840006960162e-01 6.802877669026432920e-05
2.458767524595488794e+06 9.787658693976484248e-01 6.803701454426440594e-05
2.458767528902255930e+06 9.791889129483613008e-01 6.804525239915518186e-05
2.458767533209022600e+06 9.796905127299320171e-01 6.805416994744665495e-05
2.458767537515789736e+06 9.802706688508295851e-01 6.807585198200378747e-05
2.458767541822556406e+06 9.809293811855974710e-01 6.809753401421661740e-05
2.458767546129323542e+06 9.816433460526199362e-01 6.811921604877374992e-05
2.458767550436090212e+06 9.823270487494760728e-01 6.814089808098656629e-05
2.458767554742857348e+06 9.829725810059808389e-01 6.816272907049481487e-05
2.458767559049624018e+06 9.835799426825401204e-01 6.818510967224222005e-05
2.458767563356391154e+06 9.841491339104934122e-01 6.820749027640945605e-05
2.458767567663157824e+06 9.847062206262822137e-01 6.822987087815683411e-05
2.458767571969924960e+06 9.853059691804357811e-01 6.825225148232408367e-05
2.458767576276691630e+06 9.859501219298867358e-01 6.827709450842373473e-05
2.458767580583458766e+06 9.866386790139307639e-01 6.830602585544680468e-05
2.458767584890225902e+06 9.873716403653202134e-01 6.833495720246984752e-05
2.458767589196992572e+06 9.880628872382932748e-01 6.836388854636476380e-05
2.458767593503759708e+06 9.886107400026147296e-01 6.839281989338782020e-05
2.458767597810526378e+06 9.890150266634571974e-01 6.840366458529246704e-05
2.458767602117293514e+06 9.892757473082467445e-01 6.839901330935769196e-05
2.458767606424060185e+06 9.893938151088260691e-01 6.839436203392585116e-05
2.458767610730827320e+06 9.894461522193656045e-01 6.838971075799107609e-05
2.458767615037593991e+06 9.894819560354868315e-01 6.838505948255920819e-05
2.458767619344361126e+06 9.895012265649325567e-01 6.838013708482745009e-05
2.458767623651127797e+06 9.895039638035353358e-01 6.837509917933525818e-05
2.458767627957894932e+06 9.894983764773925827e-01 6.837006127329833599e-05
2.458767632264661603e+06 9.896289461854174130e-01 6.836502336780613052e-05
2.458767636571428739e+06 9.899485836075663236e-01 6.835998546176920833e-05
2.458767640878195409e+06 9.904572886747189386e-01 6.838828963742559853e-05
2.458767645184962545e+06 9.911550614968807071e-01 6.842184590010120041e-05
2.458767649491729215e+06 9.919946368888559185e-01 6.845540215914860103e-05
2.458767653798496351e+06 9.926198245662795072e-01 6.848895842182418936e-05
2.458767658105263487e+06 9.929572536310792286e-01 6.852113585513375964e-05
2.458767662412030157e+06 9.930069240934409347e-01 6.850283097700960366e-05
2.458767666718797293e+06 9.927688359641059224e-01 6.848452609690627727e-05
2.458767671025563963e+06 9.923366022535069497e-01 6.846622121878214839e-05
2.458767675332331099e+06 9.920842758155994368e-01 6.844791633867882200e-05
2.458767679639097769e+06 9.920507954901558456e-01 6.843785201997984653e-05
2.458767683945864905e+06 9.922361612699360789e-01 6.846308841497072333e-05
2.458767688252631575e+06 9.926403731148556453e-01 6.848832480723296141e-05
2.458767692559398711e+06 9.931513614212466035e-01 6.851356120222383821e-05
2.458767696866165381e+06 9.935136719049207921e-01 6.853879759448607630e-05
2.458767701172932517e+06 9.937173724698662447e-01 6.855193331652846068e-05
2.458767705479699187e+06 9.937624630720337526e-01 6.854278600303786550e-05
2.458767709786466323e+06 9.936489437211739606e-01 6.853363868855823400e-05
2.458767714093232993e+06 9.934403296452720689e-01 6.852449137506765237e-05
2.458767718400000129e+06 9.932186275049356139e-01 6.851534406058802087e-05
