2.458838000000000000e+06 9.923705455653267782e-01 1.107376684938010799e-04
2.458838001280100085e+06 9.919489993069271483e-01 1.107134733818875444e-04
2.458838002560200635e+06 9.915223465136353553e-01 1.106892782611725777e-04
2.458838003840300720e+06 9.910905874958575446e-01 1.106650831492590422e-04
2.458838005120400805e+06 9.906537220993192339e-01 1.106408880373455203e-04
2.458838006400501356e+06 9.902117501623158846e-01 1.106166929166305400e-04
2.458838007680601440e+06 9.897646720063991710e-01 1.105924978047170181e-04
2.458838008960701525e+06 9.893124874717221795e-01 1.105683026928034826e-04
2.458838010240802076e+06 9.888551963910074960e-01 1.105427083374577939e-04
2.458838011520902161e+06 9.883927990969519906e-01 1.105124297831819183e-04
2.458838012801002711e+06 9.879252952531437648e-01 1.104821512178916329e-04
2.458838014081102796e+06 9.874526851997100785e-01 1.104518726636157574e-04
2.458838015361202881e+06 9.869749687675158922e-01 1.104215941093398818e-04
2.458838016641303431e+06 9.864921457799963322e-01 1.103913155440495964e-04
2.458838017921403516e+06 9.860042165884237431e-01 1.103610369897737209e-04
2.458838019201503601e+06 9.855111810180908760e-01 1.103307584354978454e-04
2.458838020481604151e+06 9.850130568168624645e-01 1.103004798702075600e-04
2.458838021761704236e+06 9.845122910042771736e-01 1.102702013159316844e-04
2.458838023041804321e+06 9.840106086147903941e-01 1.102399227616558089e-04
2.458838024321904872e+06 9.835080094654053973e-01 1.102096441963655235e-04
2.458838025602004956e+06 9.830044939217823519e-01 1.101793656420896344e-04
2.458838026882105041e+06 9.825000618012578180e-01 1.101490870878137589e-04
2.458838028162205592e+06 9.819947129198348668e-01 1.101188085225234735e-04
2.458838029442305677e+06 9.814884476451739559e-01 1.100885299682475979e-04
2.458838030722406227e+06 9.809812656089477167e-01 1.100582514029572990e-04
2.458838032002506312e+06 9.804731671801505399e-01 1.100335892862850469e-04
2.458838033282606397e+06 9.799641521744519856e-01 1.100091916869430213e-04
2.458838034562706947e+06 9.794542204061877921e-01 1.099847940787259201e-04
2.458838035842807032e+06 9.789433722463528609e-01 1.099603964793838945e-04
2.458838037122907117e+06 9.784316075096164411e-01 1.099359988800418961e-04
2.458838038403007668e+06 9.779189260093140712e-01 1.099116012718247677e-04
2.458838039683107752e+06 9.774053281184414965e-01 1.098872036724827693e-04
2.458838040963207837e+06 9.768908136506673223e-01 1.098628060731407437e-04
2.458838042243308388e+06 9.763792503064729900e-01 1.098384084649236289e-04
2.458838043523408473e+06 9.758781522722509427e-01 1.098140108655816169e-04
2.458838044803508557e+06 9.753877120501759368e-01 1.097896132662395913e-04
2.458838046083609108e+06 9.749079294676562535e-01 1.097652156580224901e-04
2.458838047363709193e+06 9.744388048737522290e-01 1.097408180586804645e-04
2.458838048643809743e+06 9.739803379271575468e-01 1.097164204504633633e-04
2.458838049923909828e+06 9.735325289614245037e-01 1.096920228511213377e-04
2.458838051204009913e+06 9.730953778078383909e-01 1.096676252517793393e-04
2.458838052484110463e+06 9.726688843131926498e-01 1.096431129945145497e-04
2.458838053764210548e+06 9.722530487877776295e-01 1.096185468024776251e-04
2.458838055044310633e+06 9.718478710745095395e-01 1.095939806104407141e-04
2.458838056324411184e+06 9.714533510318127396e-01 1.095694144094673886e-04
2.458838057604511268e+06 9.710694889467156310e-01 1.095448482174304775e-04
2.458838058884611353e+06 9.706962846737655637e-01 1.095202820253935664e-04
2.458838060164711904e+06 9.703337380830177050e-01 1.094957158244202138e-04
2.458838061444811989e+06 9.699818494382385081e-01 1.094711496323833028e-04
2.458838062724912073e+06 9.696406594701209025e-01 1.094465834403463917e-04
2.458838064005012624e+06 9.693103758011322180e-01 1.094220172393730662e-04
2.458838065285112709e+06 9.689910277239448533e-01 1.093974510473361416e-04
2.458838066565213259e+06 9.686826150062206597e-01 1.093728848463628025e-04
2.458838067845313344e+06 9.683851378723419279e-01 1.093483186543258914e-04
2.458838069125413429e+06 9.680985962081284368e-01 1.093237524622889804e-04
2.458838070405513979e+06 9.678229899153121263e-01 1.092991862613156278e-04
2.458838071685614064e+06 9.675583191944071570e-01 1.092746200692787167e-04
2.458838072965714149e+06 9.673045839431675397e-01 1.092572860467507130e-04
2.458838074245814700e+06 9.670617840752590011e-01 1.092505748890015014e-04
2.458838075525914785e+06 9.668299197673279055e-01 1.092438637336936013e-04
2.458838076806014869e+06 9.666089909290621618e-01 1.092371525783857012e-04
2.458838078086115420e+06 9.663989974860615062e-01 1.092304414206364896e-04
2.458838079366215505e+06 9.661999395911042843e-01 1.092237302653285895e-04
2.458838080646315590e+06 9.660118171658123032e-01 1.092170191100206894e-04
2.458838081926416140e+06 9.658346301477195306e-01 1.092103079522714642e-04
2.458838083206516225e+06 9.656684807502333712e-01 1.092035967969635642e-04
2.458838084486616310e+06 9.655153538616715325e-01 1.091968856416556641e-04
2.458838085766716860e+06 9.653760144647882679e-01 1.091901744839064524e-04
2.458838087046816945e+06 9.652504626609581528e-01 1.091834633285985524e-04
2.458838088326917496e+06 9.651386983588374768e-01 1.091767521708493407e-04
2.458838089607017580e+06 9.650407216397390853e-01 1.091700410155414406e-04
2.458838090887117665e+06 9.649565324604988392e-01 1.091633298602335270e-04
2.458838092167218216e+06 9.648861307980144408e-01 1.091566187024843289e-04
2.458838093447318301e+06 9.648295167035058073e-01 1.091509429590957589e-04
2.458838094727418385e+06 9.647866901488554303e-01 1.091521926619633427e-04
2.458838096007518936e+06 9.647576511260071985e-01 1.091534423652855190e-04
2.458838097287619021e+06 9.647423996560883230e-01 1.091546920681531028e-04
2.458838098567719106e+06 9.647409357260277041e-01 1.091559417710206731e-04
2.458838099847819656e+06 9.647532593428158609e-01 1.091571914743428629e-04
2.458838101127919741e+06 9.647793704974867435e-01 1.091584411772104468e-04
2.458838102408019826e+06 9.648192691920159936e-01 1.091596908800780171e-04
2.458838103688120376e+06 9.648729554484403170e-01 1.091609405834002069e-04
2.458838104968220461e+06 9.649406123134246505e-01 1.091621902862677907e-04
2.458838106248321012e+06 9.650224284146149412e-01 1.091634399895899670e-04
2.458838107528421097e+06 9.651184037027468188e-01 1.091646896924575508e-04
2.458838108808521181e+06 9.652285382050069806e-01 1.091659393953251346e-04
2.458838110088621732e+06 9.653528319691851989e-01 1.091671890986473109e-04
2.458838111368721817e+06 9.654912849048528090e-01 1.091684388015149083e-04
2.458838112648821902e+06 9.656438970546489253e-01 1.091696885043824786e-04
2.458838113928922452e+06 9.658106684818150711e-01 1.091709382077046684e-04
2.458838115209022537e+06 9.659915990650187467e-01 1.091865602585832004e-04
2.458838116489122622e+06 9.661866888623505956e-01 1.092046182225109513e-04
2.458838117769223172e+06 9.663959379525047799e-01 1.092226761930076257e-04
2.458838119049323257e+06 9.666193461832441880e-01 1.092407341569353766e-04
2.458838120329423342e+06 9.668569136281119913e-01 1.092587921208631140e-04
2.458838121609523892e+06 9.671086403812539922e-01 1.092768500913597884e-04
2.458838122889623977e+06 9.673745262595293548e-01 1.092949080552875393e-04
2.458838124169724528e+06 9.676545714563802303e-01 1.093129660257842136e-04
2.458838125449824613e+06 9.679464502472695520e-01 1.093310239897119646e-04
2.458838126729924697e+06 9.682438160032064145e-01 1.093490819536397019e-04
2.458838128010025248e+06 9.685463086231592689e-01 1.093671399241363899e-04
2.458838129290125333e+06 9.688539278870531568e-01 1.093851978880641408e-04
2.458838130570225418e+06 9.691666739039929146e-01 1.094032558519918781e-04
2.458838131850325968e+06 9.694845467905435221e-01 1.094213138224885661e-04
2.458838133130426053e+06 9.698075463154403053e-01 1.094393717864163034e-04
2.458838134410526138e+06 9.701356725933829583e-01 1.094574297503440543e-04
2.458838135690626688e+06 9.704689257465313190e-01 1.094779492981091647e-04
2.458838136970726773e+06 9.708073055324308864e-01 1.095002507047840187e-04
2.458838138250826858e+06 9.711508120713764347e-01 1.095225521114588727e-04
2.458838139530927408e+06 9.714994454911226596e-01 1.095448535262462966e-04
2.458838140811027493e+06 9.718532055380251222e-01 1.095671549329211506e-04
2.458838142091128044e+06 9.722120924694581667e-01 1.095894563477085881e-04
2.458838143371228129e+06 9.725761060243176548e-01 1.096117577543834421e-04
2.458838144651328214e+06 9.729452463322230127e-01 1.096340591610582961e-04
2.458838145931428764e+06 9.733193864781554128e-01 1.096563605758457335e-04
2.458838147211528849e+06 9.736975575872287569e-01 1.096786619825205876e-04
2.458838148491628934e+06 9.740795582799665064e-01 1.097009633891954416e-04
2.458838149771729484e+06 9.744653886974187218e-01 1.097232648039828655e-04
2.458838151051829569e+06 9.748550485588787229e-01 1.097455662106577195e-04
2.458838152331929654e+06 9.752485380040031293e-01 1.097678676173325735e-04
2.458838153612030204e+06 9.756458571780211031e-01 1.097901690321200109e-04
2.458838154892130289e+06 9.760470057918677611e-01 1.098124704387948649e-04
2.458838156172230374e+06 9.764519839893788244e-01 1.098345198925085119e-04
2.458838157452330925e+06 9.768607919199627787e-01 1.098559955083076899e-04
2.458838158732431009e+06 9.772734292861959826e-01 1.098774711162947169e-04
2.458838160012531094e+06 9.776898962360937029e-01 1.098989467242817439e-04
2.458838161292631645e+06 9.781101929232434156e-01 1.099204223400809219e-04
2.458838162572731730e+06 9.785343190418631654e-01 1.099418979480679354e-04
2.458838163852832280e+06 9.789622749005213453e-01 1.099633735638671269e-04
2.458838165132932365e+06 9.793940601878632357e-01 1.099848491718541539e-04
2.458838166413032450e+06 9.798295412628849066e-01 1.100063247798411674e-04
2.458838167693133000e+06 9.802626266744033368e-01 1.100278003956403454e-04
2.458838168973233085e+06 9.806900161696865403e-01 1.100492760036273589e-04
2.458838170253333170e+06 9.811117099073137782e-01 1.100707516116143859e-04
2.458838171533433720e+06 9.815277080375762742e-01 1.100922272274135774e-04
2.458838172813533805e+06 9.819380102578192382e-01 1.101137028354005909e-04
2.458838174093633890e+06 9.823426167204062365e-01 1.101351784433876043e-04
2.458838175373734441e+06 9.827415275694127983e-01 1.101566540591867959e-04
2.458838176653834525e+06 9.831347425146156338e-01 1.101780849004149195e-04
2.458838177933934610e+06 9.835222617021623925e-01 1.101980739822787901e-04
2.458838179214035161e+06 9.839040852699127981e-01 1.102180630714140930e-04
2.458838180494135246e+06 9.842802129400756161e-01 1.102380521532779636e-04
2.458838181774235796e+06 9.846506449862979515e-01 1.102580412424132664e-04
2.458838183054335881e+06 9.850153811390766068e-01 1.102780303242771506e-04
2.458838184334435966e+06 9.853744215341989632e-01 1.102980194061410347e-04
2.458838185614536516e+06 9.857277662991655864e-01 1.103180084952763240e-04
2.458838186894636601e+06 9.860754151769038911e-01 1.103379975771402082e-04
2.458838188174736686e+06 9.864168455013125891e-01 1.103579866590040923e-04
2.458838189454837237e+06 9.867512754703152700e-01 1.103779757481393816e-04
2.458838190734937321e+06 9.870786972751344202e-01 1.103979648300032793e-04
2.458838192015037406e+06 9.873991110386998171e-01 1.104179539118671499e-04
2.458838193295137957e+06 9.877125168737445060e-01 1.104379430010024528e-04
2.458838194575238042e+06 9.880189145522533245e-01 1.104579320828663234e-04
2.458838195855338126e+06 9.883183041895087229e-01 1.104779211647302075e-04
2.458838197135438677e+06 9.886106858905949757e-01 1.104979102538655239e-04
2.458838198415538762e+06 9.888960594427935735e-01 1.105150420212297658e-04
2.458838199695639312e+06 9.891744250537248817e-01 1.105312472255333829e-04
2.458838200975739397e+06 9.894457825208669011e-01 1.105474524239420301e-04
2.458838202255839482e+06 9.897101319467552782e-01 1.105636576223506908e-04
2.458838203535940032e+06 9.899674734237281504e-01 1.105798628266542943e-04
2.458838204816040117e+06 9.902178067645599491e-01 1.105960680250629415e-04
2.458838206096140202e+06 9.904611320641378835e-01 1.106122732234715887e-04
2.458838207376240753e+06 9.906974494071528747e-01 1.106284784277752057e-04
2.458838208656340837e+06 9.909260030996627222e-01 1.106446836261838529e-04
2.458838209936440922e+06 9.911438772232961103e-01 1.106608888245925136e-04
2.458838211216541473e+06 9.913507822880477383e-01 1.106770940288961171e-04
2.458838212496641558e+06 9.915467181433865740e-01 1.106932992273047643e-04
2.458838213776741643e+06 9.917316848665732598e-01 1.107095044257134250e-04
2.458838215056842193e+06 9.919056825189075388e-01 1.107257096300170285e-04
2.458838216336942278e+06 9.920687109737996723e-01 1.107419148284256893e-04
2.458838217617042828e+06 9.922207703498588938e-01 1.107581200327292927e-04
2.458838218897142913e+06 9.923618605364562528e-01 1.107674044639994344e-04
2.458838220177242998e+06 9.924919815909016840e-01 1.107691956018648472e-04
2.458838221457343549e+06 9.926111335545433345e-01 1.107709867403818249e-04
2.458838222737443633e+06 9.927193163406939913e-01 1.107727778782472241e-04
2.458838224017543718e+06 9.928165299946923872e-01 1.107745690161126369e-04
2.458838225297644269e+06 9.929027745459169108e-01 1.107763601546296145e-04
2.458838226577744354e+06 9.929780499316205322e-01 1.107781512924950273e-04
2.458838227857844438e+06 9.930423561851723369e-01 1.107799424303604129e-04
2.458838229137944989e+06 9.930957136147756659e-01 1.107817335688773906e-04
2.458838230418045074e+06 9.931383728613258910e-01 1.107835247067428034e-04
2.458838231698145159e+06 9.931704086265283893e-01 1.107853158446082161e-04
2.458838232978245709e+06 9.931918209162401423e-01 1.107871069831251802e-04
2.458838234258345794e+06 9.932026097148825006e-01 1.107888981209905930e-04
2.458838235538445879e+06 9.932027750321773540e-01 1.107906892588560058e-04
2.458838236818546429e+06 9.931923168623876252e-01 1.107924803973729699e-04
2.458838238098646514e+06 9.931712352131223387e-01 1.107942715352383826e-04
2.458838239378747065e+06 9.931395300690437633e-01 1.107940997825431189e-04
2.458838240658847149e+06 9.930972014532185588e-01 1.107863229251658348e-04
2.458838241938947234e+06 9.930442493560456274e-01 1.107785460677885507e-04
2.458838243219047785e+06 9.929806737524655702e-01 1.107707692075822850e-04
2.458838244499147870e+06 9.929064746887327209e-01 1.107629923502049873e-04
2.458838245779247954e+06 9.928216521436519226e-01 1.107552154928277167e-04
2.458838247059348505e+06 9.927262060805708277e-01 1.107474386326214375e-04
2.458838248339448590e+06 9.926201365689301115e-01 1.107396617752441534e-04
2.458838249619548675e+06 9.925034423288786600e-01 1.107318849178668828e-04
2.458838250899649225e+06 9.923758165077968263e-01 1.107241080576606035e-04
2.458838252179749310e+06 9.922370223816013857e-01 1.107163312002833194e-04
2.458838253459849395e+06 9.920870599058971839e-01 1.107085543429060489e-04
2.458838254739949945e+06 9.919259290200382884e-01 1.107007774826997696e-04
2.458838256020050030e+06 9.917536298412538143e-01 1.106930006253224855e-04
2.458838257300150581e+06 9.915701622441893681e-01 1.106852237651162062e-04
2.458838258580250666e+06 9.913755263623246217e-01 1.106774469077389356e-04
2.458838259860350750e+06 9.911697221309510031e-01 1.106696700503616515e-04
2.458838261140451301e+06 9.909527494691092731e-01 1.106522617030446080e-04
2.458838262420551386e+06 9.907246085346556042e-01 1.106341302288061848e-04
2.458838263700651471e+06 9.904852992506929521e-01 1.106159987545677481e-04
2.458838264980752021e+06 9.902348215240740492e-01 1.105978672737336352e-04
2.458838266260852106e+06 9.899731755370311248e-01 1.105797357994952121e-04
2.458838267540952191e+06 9.897003612004795503e-01 1.105616043252567889e-04
2.458838268821052741e+06 9.894163784090835856e-01 1.105434728444226760e-04
2.458838270101152826e+06 9.891212273694517387e-01 1.105253413701842393e-04
2.458838271381252911e+06 9.888185374429958596e-01 1.105072098959458026e-04
2.458838272661353461e+06 9.885159835800445549e-01 1.104890784151117033e-04
2.458838273941453546e+06 9.882138143058946111e-01 1.104709469408732665e-04
2.458838275221554097e+06 9.879120294007061043e-01 1.104528154600391537e-04
2.458838276501654182e+06 9.876106290840394042e-01 1.104346839858007305e-04
2.458838277781754266e+06 9.873096132460446039e-01 1.104165525115622938e-04
2.458838279061854817e+06 9.870089817774306828e-01 1.103984210307281945e-04
2.458838280341954902e+06 9.867087348969189042e-01 1.103802895564897577e-04
2.458838281622054987e+06 9.864088724950789144e-01 1.103640151044078935e-04
2.458838282902155537e+06 9.861093944630395791e-01 1.103487180158819884e-04
2.458838284182255622e+06 9.858103010186828330e-01 1.103334209329206561e-04
2.458838285462355707e+06 9.855115920529976536e-01 1.103181238499593509e-04
2.458838286742456257e+06 9.852132674575327931e-01 1.103028267614334458e-04
2.458838288022556342e+06 9.849153274493307464e-01 1.102875296784721270e-04
2.458838289302656427e+06 9.846177719198007106e-01 1.102722325955108083e-04
2.458838290582756978e+06 9.843206007609103247e-01 1.102569355069849032e-04
2.458838291862857062e+06 9.840242005644243006e-01 1.102416384240235845e-04
2.458838293142957147e+06 9.837307329249916910e-01 1.102263413410622657e-04
2.458838294423057698e+06 9.834405331315383414e-01 1.102110442525363606e-04
2.458838295703157783e+06 9.831536013951961417e-01 1.101957471695750419e-04
2.458838296983258333e+06 9.828699375072110778e-01 1.101804500810491232e-04
2.458838298263358418e+06 9.825895416739593990e-01 1.101651529980878180e-04
2.458838299543458503e+06 9.823124137916586784e-01 1.101498559151264993e-04
2.458838300823559053e+06 9.820385537612814630e-01 1.101345588266005806e-04
2.458838302103659138e+06 9.817679617820712634e-01 1.101206335499749971e-04
2.458838303383759223e+06 9.815006377538119109e-01 1.101089447142040788e-04
2.458838304663859773e+06 9.812365815810423220e-01 1.100972558741810959e-04
2.458838305943959858e+06 9.809757934558736014e-01 1.100855670384101777e-04
2.458838307224059943e+06 9.807182732816558390e-01 1.100738782026392459e-04
2.458838308504160494e+06 9.804640209664939876e-01 1.100621893626162765e-04
2.458838309784260578e+06 9.802130366953667462e-01 1.100505005268453447e-04
2.458838311064360663e+06 9.799653203751903519e-01 1.100388116910744265e-04
2.458838312344461214e+06 9.797209840721501362e-01 1.100271228510514571e-04
2.458838313624561299e+06 9.794826320784282281e-01 1.100154340152805253e-04
2.458838314904661849e+06 9.792513562921498771e-01 1.100037451752575559e-04
2.458838316184761934e+06 9.790271568815772651e-01 1.099920563394866241e-04
2.458838317464862019e+06 9.788100337612921642e-01 1.099803675037157059e-04
2.458838318744962569e+06 9.785999868561732207e-01 1.099686786636927364e-04
2.458838320025062654e+06 9.783970163190374159e-01 1.099569898279218182e-04
2.458838321305162739e+06 9.782011220721892331e-01 1.099453009921508729e-04
2.458838322585263290e+06 9.780123040482296970e-01 1.099338433628062464e-04
2.458838323865363374e+06 9.778305623845308103e-01 1.099243524016544883e-04
2.458838325145463459e+06 9.776558970111195457e-01 1.099148614405027303e-04
2.458838326425564010e+06 9.774883078683191950e-01 1.099053704758984389e-04
2.458838327705664095e+06 9.773277950780571155e-01 1.098958795147466809e-04
2.458838328985764179e+06 9.771743585780828800e-01 1.098863885535949228e-04
2.458838330265864730e+06 9.770279983164418258e-01 1.098768975889906314e-04
2.458838331545964815e+06 9.768887143996167755e-01 1.098674066278388734e-04
2.458838332826065365e+06 9.767565067262732326e-01 1.098579156632345819e-04
2.458838334106165450e+06 9.766349536916987262e-01 1.098484247020828239e-04
2.458838335386265535e+06 9.765281152372478068e-01 1.098389337409310659e-04
2.458838336666366085e+06 9.764359953179682083e-01 1.098294427763267745e-04
2.458838337946466170e+06 9.763585940008806530e-01 1.098199518151750164e-04
2.458838339226566255e+06 9.762959112497976433e-01 1.098104608540232448e-04
2.458838340506666806e+06 9.762479470499483281e-01 1.098009698894189805e-04
2.458838341786766890e+06 9.762147014362286823e-01 1.097914789282672089e-04
2.458838343066866975e+06 9.761961743885134712e-01 1.097819879671154374e-04
2.458838344346967526e+06 9.761923659080946614e-01 1.097859748071992284e-04
2.458838345627067611e+06 9.762032759977428142e-01 1.097927180952602518e-04
2.458838346907167695e+06 9.762289046533955128e-01 1.097994613833212752e-04
2.458838348187268246e+06 9.762692518924070972e-01 1.098062046738353196e-04
2.458838349467368331e+06 9.763243176854230487e-01 1.098129479618963430e-04
2.458838350747468881e+06 9.763941020725062092e-01 1.098196912524103738e-04
2.458838352027568966e+06 9.764786050028855247e-01 1.098264345404713973e-04
2.458838353307669051e+06 9.765778264992693858e-01 1.098331778285324342e-04
2.458838354587769601e+06 9.766900955232845627e-01 1.098399211190464650e-04
2.458838355867869686e+06 9.768104469162022241e-01 1.098466644071075020e-04
2.458838357147969771e+06 9.769385518818749503e-01 1.098534076951685254e-04
2.458838358428070322e+06 9.770744104711341915e-01 1.098601509856825562e-04
2.458838359708170407e+06 9.772180225851374580e-01 1.098668942737435797e-04
2.458838360988270491e+06 9.773693882718956782e-01 1.098736375618046031e-04
2.458838362268371042e+06 9.775285075907018673e-01 1.098803808523186339e-04
2.458838363548471127e+06 9.776953804257906278e-01 1.098871241403796573e-04
2.458838364828571212e+06 9.778700068336345641e-01 1.098983876471657206e-04
2.458838366108671762e+06 9.780523868819878119e-01 1.099132722754276708e-04
2.458838367388771847e+06 9.782425204381622885e-01 1.099281568982750476e-04
2.458838368668871932e+06 9.784404075670916079e-01 1.099430415211224380e-04
2.458838369948972482e+06 9.786460483449920256e-01 1.099579261493843882e-04
2.458838371229072567e+06 9.788594426222518852e-01 1.099728107722317786e-04
2.458838372509173118e+06 9.790805905541238863e-01 1.099876954004937424e-04
2.458838373789273202e+06 9.793094919797143971e-01 1.100025800233411327e-04
2.458838375069373287e+06 9.795463228364775787e-01 1.100174646461885095e-04
2.458838376349473838e+06 9.797925813077320578e-01 1.100323492744504733e-04
2.458838377629573923e+06 9.800486089128250811e-01 1.100472338972978501e-04
2.458838378909674007e+06 9.803144057395613009e-01 1.100621185201452405e-04
2.458838380189774558e+06 9.805899718899598883e-01 1.100770031484072043e-04
2.458838381469874643e+06 9.808753071635359921e-01 1.100918877712545946e-04
2.458838382749974728e+06 9.811704116587549596e-01 1.101067723941019714e-04
2.458838384030075278e+06 9.814752854882977662e-01 1.101216570223639352e-04
2.458838385310175363e+06 9.817899284303569507e-01 1.101380933175111568e-04
2.458838386590275448e+06 9.821143405940589988e-01 1.101585151045744845e-04
2.458838387870375998e+06 9.824485221027460247e-01 1.101789368990666030e-04
2.458838389150476083e+06 9.827924727132879568e-01 1.101993586861299307e-04
2.458838390430576634e+06 9.831461926759222925e-01 1.102197804806220492e-04
2.458838391710676719e+06 9.835096817333042196e-01 1.102402022676853769e-04
2.458838392990776803e+06 9.838829400123292324e-01 1.102606240547486776e-04
2.458838394270877354e+06 9.842659676541077873e-01 1.102810458492407960e-04
2.458838395550977439e+06 9.846586574952450599e-01 1.103014676363041238e-04
2.458838396831077524e+06 9.850544793452362669e-01 1.103218894233674245e-04
2.458838398111178074e+06 9.854495777267432421e-01 1.103423112178595700e-04
2.458838399391278159e+06 9.858439523523163661e-01 1.103627330049228707e-04
2.458838400671378244e+06 9.862376033658121210e-01 1.103831547919861849e-04
2.458838401951478794e+06 9.866305309100337206e-01 1.104035765864783169e-04
2.458838403231578879e+06 9.870227346991113926e-01 1.104239983735416311e-04
2.458838404511678964e+06 9.874142148761113624e-01 1.104444201606049318e-04
2.458838405791779514e+06 9.878049715830479194e-01 1.104648583772924138e-04
2.458838407071879599e+06 9.881950045356299173e-01 1.104884147648612264e-04
2.458838408351980150e+06 9.885843140176215904e-01 1.105119711609990987e-04
2.458838409632080235e+06 9.889728997457855053e-01 1.105355275485679113e-04
2.458838410912180319e+06 9.893607618618720512e-01 1.105590839361366969e-04
2.458838412192280870e+06 9.897479005065784596e-01 1.105826403322745962e-04
2.458838413472380955e+06 9.901343153982469225e-01 1.106061967198433953e-04
2.458838414752481040e+06 9.905200066778376833e-01 1.106297531074121944e-04
2.458838416032581590e+06 9.909049744852589381e-01 1.106533095035500803e-04
2.458838417312681675e+06 9.912873167381525130e-01 1.106768658911188793e-04
2.458838418592781760e+06 9.916639281532763084e-01 1.107004222786876784e-04
2.458838419872882310e+06 9.920347646857691215e-01 1.107239786748255778e-04
2.458838421152982395e+06 9.923998260658328796e-01 1.107475350623943634e-04
2.458838422433082480e+06 9.927591124294173897e-01 1.107710914499631625e-04
2.458838423713183030e+06 9.931126239040685144e-01 1.107946478461010618e-04
2.458838424993283115e+06 9.934603602325930982e-01 1.108182042336698609e-04
2.458838426273383666e+06 9.938023216679826577e-01 1.108417606298077468e-04
2.458838427553483751e+06 9.941385079614475373e-01 1.108597723414920074e-04
2.458838428833583836e+06 9.944689192384327248e-01 1.108757358720837793e-04
2.458838430113684386e+06 9.947935556159808179e-01 1.108916994084826059e-04
2.458838431393784471e+06 9.951124168579059681e-01 1.109076629390743778e-04
2.458838432673884556e+06 9.954255030833518703e-01 1.109236264696661633e-04
2.458838433953985106e+06 9.957328144030582751e-01 1.109395900060649762e-04
2.458838435234085191e+06 9.960343505934442510e-01 1.109555535366567482e-04
2.458838436514185276e+06 9.963301117673504237e-01 1.109715170672485201e-04
2.458838437794285826e+06 9.966191011241509745e-01 1.109874806036473466e-04
2.458838439074385911e+06 9.968971113208702217e-01 1.110034441342391186e-04
2.458838440354485996e+06 9.971636718986079950e-01 1.110194076648308905e-04
2.458838441634586547e+06 9.974187829480830603e-01 1.110353712012297170e-04
2.458838442914686631e+06 9.976624442836925510e-01 1.110513347318214890e-04
2.458838444194786716e+06 9.978946560003201238e-01 1.110672982624132609e-04
2.458838445474887267e+06 9.981154181761900945e-01 1.110832617988120874e-04
2.458838446754987352e+06 9.983247306506894958e-01 1.110992253294038458e-04
2.458838448035087902e+06 9.985225935761012916e-01 1.111112960809114165e-04
2.458838449315187987e+06 9.987090068084722994e-01 1.111187088990323870e-04
2.458838450595288072e+06 9.988839704218617221e-01 1.111261217171533575e-04
2.458838451875388622e+06 9.990474844736683124e-01 1.111335345379708744e-04
2.458838453155488707e+06 9.991995488449292306e-01 1.111409473560918449e-04
2.458838454435588792e+06 9.993401635972085639e-01 1.111483601742128019e-04
2.458838455715689342e+06 9.994693287754101707e-01 1.111557729950303323e-04
2.458838456995789427e+06 9.995870442855611104e-01 1.111631858131513029e-04
2.458838458275889512e+06 9.996930813256488246e-01 1.111705986312722734e-04
2.458838459555990063e+06 9.997841907847233589e-01 1.111780114520897903e-04
2.458838460836090147e+06 9.998593176809362770e-01 1.111854242702107473e-04
2.458838462116190232e+06 9.999184620503370757e-01 1.111928370883317178e-04
2.458838463396290783e+06 9.999616239057199651e-01 1.112002499091492347e-04
2.458838464676390868e+06 9.999888032156827311e-01 1.112076627272702052e-04
2.458838465956491418e+06 1.000000000000000000e+00 1.112150755480877356e-04
2.458838467236591503e+06 9.999952142505248442e-01 1.112224883662087061e-04
2.458838468516691588e+06 9.999744459742380132e-01 1.112272341600836951e-04
2.458838469796792138e+06 9.999376951548634151e-01 1.112198521526543826e-04
2.458838471076892223e+06 9.998849618191385513e-01 1.112124701479103814e-04
2.458838472356992308e+06 9.998162459566017901e-01 1.112050881431664073e-04
2.458838473637092859e+06 9.997315475335352142e-01 1.111977061357370949e-04
2.458838474917192943e+06 9.996308666115605313e-01 1.111903241309931072e-04
2.458838476197293028e+06 9.995142031627738399e-01 1.111829421262491195e-04
2.458838477477393579e+06 9.993815571360157302e-01 1.111755601188198071e-04
2.458838478757493664e+06 9.992329339500806151e-01 1.111681781140758330e-04
2.458838480037593748e+06 9.990714810204469609e-01 1.111607961093318453e-04
2.458838481317694299e+06 9.988998639747772579e-01 1.111534141019025193e-04
2.458838482597794384e+06 9.987180829379299629e-01 1.111460320971585452e-04
2.458838483877894934e+06 9.985261377776524228e-01 1.111386500897292056e-04
2.458838485157995019e+06 9.983240286335921532e-01 1.111312680849852315e-04
2.458838486438095104e+06 9.981117554377736401e-01 1.111238860802412574e-04
2.458838487718195654e+06 9.978893181074327545e-01 1.111165040728119178e-04
2.458838488998295739e+06 9.976567168044011558e-01 1.111091220680679437e-04
2.458838490278395824e+06 9.974139514496115355e-01 1.110883741526528612e-04
2.458838491558496375e+06 9.971610219492075267e-01 1.110662276906686165e-04
2.458838492838596459e+06 9.968979284872045987e-01 1.110440812367405767e-04
2.458838494118696544e+06 9.966246709734437603e-01 1.110219347828125640e-04
2.458838495398797095e+06 9.963412493029764061e-01 1.109997883208283193e-04
2.458838496678897180e+06 9.960476636820021490e-01 1.109776418669002795e-04
2.458838497958997265e+06 9.957439140092702035e-01 1.109554954129722667e-04
2.458838499239097815e+06 9.954300001687395039e-01 1.109333489509880220e-04
2.458838500519197900e+06 9.951059994552619026e-01 1.109112024970599822e-04
2.458838501799298450e+06 9.947720889861997318e-01 1.108890560350757646e-04
2.458838503079398535e+06 9.944282760544490563e-01 1.108669095811477248e-04
2.458838504359498620e+06 9.940745605403447094e-01 1.108447631272196850e-04
2.458838505639599171e+06 9.937109423098127170e-01 1.108226166652354674e-04
2.458838506919699255e+06 9.933374216273987978e-01 1.108004702113074276e-04
2.458838508199799340e+06 9.929539983626315403e-01 1.107783237573793878e-04
2.458838509479899891e+06 9.925606723706296153e-01 1.107561772953951702e-04
2.458838510759999976e+06 9.921574439375526744e-01 1.107311634365198050e-04
