2.458952000000000000e+06 9.634093519875391864e-01 1.136619463208740199e-04
2.458952001280100085e+06 9.633923248587107357e-01 1.136608614087209032e-04
2.458952002560200635e+06 9.633888959532820317e-01 1.136597764961731234e-04
2.458952003840300720e+06 9.633997619829356429e-01 1.136586915840199932e-04
2.458952005120400805e+06 9.634249242411220271e-01 1.136576066718668766e-04
2.458952006400501356e+06 9.634643827447955111e-01 1.136565217593190968e-04
2.458952007680601440e+06 9.635181374652482811e-01 1.136554368471659801e-04
2.458952008960701525e+06 9.635861884142339351e-01 1.136543519350128635e-04
2.458952010240802076e+06 9.636685356243080980e-01 1.136532670224650837e-04
2.458952011520902161e+06 9.637651790355600268e-01 1.136521821103119671e-04
2.458952012801002711e+06 9.638761187183015888e-01 1.136705971119574004e-04
2.458952014081102796e+06 9.640013545918199034e-01 1.136933631364721835e-04
2.458952015361202881e+06 9.641408866938711020e-01 1.137161291609869665e-04
2.458952016641303431e+06 9.642947150830133429e-01 1.137388951937833329e-04
2.458952017921403516e+06 9.644628396473309273e-01 1.137616612182981295e-04
2.458952019201503601e+06 9.646452604401811737e-01 1.137844272428129125e-04
2.458952020481604151e+06 9.648419775357243156e-01 1.138071932756092790e-04
2.458952021761704236e+06 9.650529907908409477e-01 1.138299593001240620e-04
2.458952023041804321e+06 9.652769301540631286e-01 1.138527253246388314e-04
2.458952024321904872e+06 9.655095447956268950e-01 1.138754913574352114e-04
2.458952025602004956e+06 9.657505314471104274e-01 1.138982573819499945e-04
2.458952026882105041e+06 9.659998901916091452e-01 1.139210234064647775e-04
2.458952028162205592e+06 9.662576211244003899e-01 1.139437894392611439e-04
2.458952029442305677e+06 9.665237240579749312e-01 1.139665554637759269e-04
2.458952030722406227e+06 9.667981991859329050e-01 1.139893214965722934e-04
2.458952032002506312e+06 9.670810463085832698e-01 1.140120875210870764e-04
2.458952033282606397e+06 9.673722655242484869e-01 1.140321379893587854e-04
2.458952034562706947e+06 9.676718569434340500e-01 1.140498998086329096e-04
2.458952035842807032e+06 9.679798203481750907e-01 1.140676616214457987e-04
2.458952037122907117e+06 9.682961558459314277e-01 1.140854234342587149e-04
2.458952038403007668e+06 9.686208635563442471e-01 1.141031852535328255e-04
2.458952039683107752e+06 9.689539432431764077e-01 1.141209470663457417e-04
2.458952040963207837e+06 9.692953950230235316e-01 1.141387088791586578e-04
2.458952042243308388e+06 9.696452190246639402e-01 1.141564706984327684e-04
2.458952043523408473e+06 9.700030327070620073e-01 1.141742325112456711e-04
2.458952044803508557e+06 9.703653854158972303e-01 1.141919943240585873e-04
2.458952046083609108e+06 9.707314535032249836e-01 1.142097561433326979e-04
2.458952047363709193e+06 9.711012367027167524e-01 1.142275179561456141e-04
2.458952048643809743e+06 9.714747352834041116e-01 1.142452797754197247e-04
2.458952049923909828e+06 9.718519489735523154e-01 1.142630415882326409e-04
2.458952051204009913e+06 9.722328779083531103e-01 1.142808034010455435e-04
2.458952052484110463e+06 9.726175222284038080e-01 1.142985652203196676e-04
2.458952053764210548e+06 9.730058816538610378e-01 1.143174286968940610e-04
2.458952055044310633e+06 9.733979563239707478e-01 1.143393052691574365e-04
2.458952056324411184e+06 9.737937463833848950e-01 1.143611818493788423e-04
2.458952057604511268e+06 9.741932515441511509e-01 1.143830584216422178e-04
2.458952058884611353e+06 9.745964719495698869e-01 1.144049349939056068e-04
2.458952060164711904e+06 9.750034077483474837e-01 1.144268115741270127e-04
2.458952061444811989e+06 9.754140586444226546e-01 1.144486881463904017e-04
2.458952062724912073e+06 9.758284247851503057e-01 1.144705647186537771e-04
2.458952064005012624e+06 9.762464819314200515e-01 1.144924412988751965e-04
2.458952065285112709e+06 9.766664668655299364e-01 1.145143178711385720e-04
2.458952066565213259e+06 9.770872927403125852e-01 1.145361944513599778e-04
2.458952067845313344e+06 9.775089592496007951e-01 1.145580710236233669e-04
2.458952069125413429e+06 9.779314665463250122e-01 1.145799475958867559e-04
2.458952070405513979e+06 9.783548147846397036e-01 1.146018241761081617e-04
2.458952071685614064e+06 9.787790036565421348e-01 1.146237007483715372e-04
2.458952072965714149e+06 9.792040333158809062e-01 1.146455773206349126e-04
2.458952074245814700e+06 9.796299039177275292e-01 1.146674539008563320e-04
2.458952075525914785e+06 9.800566151522444036e-01 1.146992259935576019e-04
2.458952076806014869e+06 9.804841671741976183e-01 1.147310697018648411e-04
2.458952078086115420e+06 9.809125601395761729e-01 1.147629134217558589e-04
2.458952079366215505e+06 9.813417937367076016e-01 1.147947571300630981e-04
2.458952080646315590e+06 9.817718681212751486e-01 1.148266008383703508e-04
2.458952081926416140e+06 9.822027834501856347e-01 1.148584445582613686e-04
2.458952083206516225e+06 9.826345394099315067e-01 1.148902882665686214e-04
2.458952084486616310e+06 9.830671361571133859e-01 1.149221319748758470e-04
2.458952085766716860e+06 9.834964743445641089e-01 1.149539756947668784e-04
2.458952087046816945e+06 9.839155639313730273e-01 1.149858194030741176e-04
2.458952088326917496e+06 9.843242879902075471e-01 1.150176631229651218e-04
2.458952089607017580e+06 9.847226462237047562e-01 1.150495068312723746e-04
2.458952090887117665e+06 9.851106387824309918e-01 1.150813505395796273e-04
2.458952092167218216e+06 9.854882658018703223e-01 1.151131942594706316e-04
2.458952093447318301e+06 9.858555270072847376e-01 1.151450379677778843e-04
2.458952094727418385e+06 9.862124225379284015e-01 1.151768816760851235e-04
2.458952096007518936e+06 9.865589525179727648e-01 1.151977624885487694e-04
2.458952097287619021e+06 9.868951166953042753e-01 1.152143352899796981e-04
2.458952098567719106e+06 9.872209151978650343e-01 1.152309080914106539e-04
2.458952099847819656e+06 9.875363481385146525e-01 1.152474808988702753e-04
2.458952101127919741e+06 9.878414152877632581e-01 1.152640537003012312e-04
2.458952102408019826e+06 9.881361167622415564e-01 1.152806265017321735e-04
2.458952103688120376e+06 9.884204526634959853e-01 1.152971993091917948e-04
2.458952104968220461e+06 9.886944227846619082e-01 1.153137721106227371e-04
2.458952106248321012e+06 9.889583986364157697e-01 1.153303449180823585e-04
2.458952107528421097e+06 9.892140189548815910e-01 1.153469177195133144e-04
2.458952108808521181e+06 9.894614778504556840e-01 1.153634905209442567e-04
2.458952110088621732e+06 9.897007754087023823e-01 1.153800633284038780e-04
2.458952111368721817e+06 9.899319114555236165e-01 1.153966361298348203e-04
2.458952112648821902e+06 9.901548860794530116e-01 1.154132089312657626e-04
2.458952113928922452e+06 9.903696993571484697e-01 1.154297817387253976e-04
2.458952115209022537e+06 9.905763511323247839e-01 1.154463545401563398e-04
2.458952116489122622e+06 9.907748414846093699e-01 1.154614886885923304e-04
2.458952117769223172e+06 9.909651704817535878e-01 1.154748137862548129e-04
2.458952119049323257e+06 9.911473379852855370e-01 1.154881388790700172e-04
2.458952120329423342e+06 9.913213440659253139e-01 1.155014639718852216e-04
2.458952121609523892e+06 9.914871887825181807e-01 1.155147890695476905e-04
2.458952122889623977e+06 9.916448720144053208e-01 1.155281141623628948e-04
2.458952124169724528e+06 9.917943938763076339e-01 1.155414392600253773e-04
2.458952125449824613e+06 9.919357542594419153e-01 1.155547643528405816e-04
2.458952126729924697e+06 9.920687827339366160e-01 1.155680894456557860e-04
2.458952128010025248e+06 9.921908777452731476e-01 1.155814145433182414e-04
2.458952129290125333e+06 9.923011582600240743e-01 1.155947396361334592e-04
2.458952130570225418e+06 9.923996243247525939e-01 1.156080647289486635e-04
2.458952131850325968e+06 9.924862759688308778e-01 1.156213898266111325e-04
2.458952133130426053e+06 9.925611131292164657e-01 1.156347149194263504e-04
2.458952134410526138e+06 9.926241358395798686e-01 1.156480400122415547e-04
2.458952135690626688e+06 9.926753441163997937e-01 1.156613651099040101e-04
2.458952136970726773e+06 9.927147379224201540e-01 1.156712068387826442e-04
2.458952138250826858e+06 9.927423172784183292e-01 1.156638043998725786e-04
2.458952139530927408e+06 9.927580821879796735e-01 1.156564019582697207e-04
2.458952140811027493e+06 9.927620326396350281e-01 1.156489995193596550e-04
2.458952142091128044e+06 9.927541686362583162e-01 1.156415970777568107e-04
2.458952143371228129e+06 9.927344901835709612e-01 1.156341946388467451e-04
2.458952144651328214e+06 9.927029972808611991e-01 1.156267921999366659e-04
2.458952145931428764e+06 9.926596899102260174e-01 1.156193897583338216e-04
2.458952147211528849e+06 9.926045696046125189e-01 1.156119873194237695e-04
2.458952148491628934e+06 9.925393355242980720e-01 1.156045848805136903e-04
2.458952149771729484e+06 9.924654950193436687e-01 1.155971824389108460e-04
2.458952151051829569e+06 9.923830481434713358e-01 1.155897800000007803e-04
2.458952152331929654e+06 9.922919948713851968e-01 1.155823775610907147e-04
2.458952153612030204e+06 9.921923351652670586e-01 1.155749751194878704e-04
2.458952154892130289e+06 9.920840690976231446e-01 1.155675726805777912e-04
2.458952156172230374e+06 9.919671966337655356e-01 1.155601702416677391e-04
2.458952157452330925e+06 9.918417177264835516e-01 1.155527678000648812e-04
2.458952158732431009e+06 9.917076324670680565e-01 1.155368960659252899e-04
2.458952160012531094e+06 9.915649408114388663e-01 1.155200109683034870e-04
2.458952161292631645e+06 9.914136427029931475e-01 1.155031258645393942e-04
2.458952162572731730e+06 9.912537382518058493e-01 1.154862407669175777e-04
2.458952163852832280e+06 9.910852273415408087e-01 1.154693556631534985e-04
2.458952165132932365e+06 9.909081100947956244e-01 1.154524705655316820e-04
2.458952166413032450e+06 9.907223864518370782e-01 1.154355854679098655e-04
2.458952167693133000e+06 9.905280563404078586e-01 1.154187003641457863e-04
2.458952168973233085e+06 9.903260531672435363e-01 1.154018152665239698e-04
2.458952170253333170e+06 9.901186146626710372e-01 1.153849301689021669e-04
2.458952171533433720e+06 9.899058383081221768e-01 1.153680450651380741e-04
2.458952172813533805e+06 9.896877242583997925e-01 1.153511599675162576e-04
2.458952174093633890e+06 9.894642724370732445e-01 1.153342748698944547e-04
2.458952175373734441e+06 9.892354827599449951e-01 1.153173897661303619e-04
2.458952176653834525e+06 9.890013553934686730e-01 1.153005046685085590e-04
2.458952177933934610e+06 9.887618902553878542e-01 1.152836195708867561e-04
2.458952179214035161e+06 9.885170872556805488e-01 1.152653400985463594e-04
2.458952180494135246e+06 9.882669465724499558e-01 1.152461995253318584e-04
2.458952181774235796e+06 9.880114680237089830e-01 1.152270589451546111e-04
2.458952183054335881e+06 9.877506517953285048e-01 1.152079183719401101e-04
2.458952184334435966e+06 9.874844977953437519e-01 1.151887777987256091e-04
2.458952185614536516e+06 9.872130059240237232e-01 1.151696372185483482e-04
2.458952186894636601e+06 9.869361763788889741e-01 1.151504966453338472e-04
2.458952188174736686e+06 9.866540090621501724e-01 1.151313560721193598e-04
2.458952189454837237e+06 9.863670997618610992e-01 1.151122154919420853e-04
2.458952190734937321e+06 9.860793141152627284e-01 1.150930749187275979e-04
2.458952192015037406e+06 9.857913471475088230e-01 1.150739343455130969e-04
2.458952193295137957e+06 9.855031987537469229e-01 1.150547937653358495e-04
2.458952194575238042e+06 9.852148691436158900e-01 1.150356531921213350e-04
2.458952195855338126e+06 9.849263582123295446e-01 1.150165126189068340e-04
2.458952197135438677e+06 9.846376658548371408e-01 1.149973720387295866e-04
2.458952198415538762e+06 9.843487922811736679e-01 1.149782314655150856e-04
2.458952199695639312e+06 9.840597372811724641e-01 1.149609813073402745e-04
2.458952200975739397e+06 9.837705010651320858e-01 1.149473474318422298e-04
2.458952202255839482e+06 9.834810835279360619e-01 1.149337135563441986e-04
2.458952203535940032e+06 9.831914845642043543e-01 1.149200796758865660e-04
2.458952204816040117e+06 9.829017043846313140e-01 1.149064458003885213e-04
2.458952206096140202e+06 9.826117428839028500e-01 1.148928119248904766e-04
2.458952207376240753e+06 9.823215999564406387e-01 1.148791780444328574e-04
2.458952208656340837e+06 9.820312758133351583e-01 1.148655441689348127e-04
2.458952209936440922e+06 9.817409555288080236e-01 1.148519102934367816e-04
2.458952211216541473e+06 9.814564387064709239e-01 1.148382764129791489e-04
2.458952212496641558e+06 9.811804821852062597e-01 1.148246425374811178e-04
2.458952213776741643e+06 9.809130858599582892e-01 1.148110086619830731e-04
2.458952215056842193e+06 9.806542496381275287e-01 1.147973747815254404e-04
2.458952216336942278e+06 9.804039737080271211e-01 1.147837409060273957e-04
2.458952217617042828e+06 9.801622578875718306e-01 1.147701070255697766e-04
2.458952218897142913e+06 9.799291023526189859e-01 1.147564731500717319e-04
2.458952220177242998e+06 9.797045070136830569e-01 1.147430298318518688e-04
2.458952221457343549e+06 9.794884717937338836e-01 1.147321829030382268e-04
2.458952222737443633e+06 9.792809968499455175e-01 1.147213359781703489e-04
2.458952224017543718e+06 9.790820821021740672e-01 1.147104890533024845e-04
2.458952225297644269e+06 9.788917274827310111e-01 1.146996421244888289e-04
2.458952226577744354e+06 9.787099331301070126e-01 1.146887951996209646e-04
2.458952227857844438e+06 9.785366989734998189e-01 1.146779482747531137e-04
2.458952229137944989e+06 9.783720249545631020e-01 1.146671013459394582e-04
2.458952230418045074e+06 9.782159111931033602e-01 1.146562544210715938e-04
2.458952231698145159e+06 9.780689643764147734e-01 1.146454074962037294e-04
2.458952232978245709e+06 9.779319746596242258e-01 1.146345605673900739e-04
2.458952234258345794e+06 9.778049454840397336e-01 1.146237136425222095e-04
2.458952235538445879e+06 9.776878767980173857e-01 1.146128667176543451e-04
2.458952236818546429e+06 9.775807685644060108e-01 1.146020197888406896e-04
2.458952238098646514e+06 9.774836208611308308e-01 1.145911728639728252e-04
2.458952239378747065e+06 9.773964336175133827e-01 1.145803259351591832e-04
2.458952240658847149e+06 9.773192068969853707e-01 1.145694790102913188e-04
2.458952241938947234e+06 9.772519406660195029e-01 1.145707906784514731e-04
2.458952243219047785e+06 9.771946349055812275e-01 1.145752673700274512e-04
2.458952244499147870e+06 9.771472896573625277e-01 1.145797440599749441e-04
2.458952245779247954e+06 9.771099048987057500e-01 1.145842207499224371e-04
2.458952247059348505e+06 9.770824806214465363e-01 1.145886974414984152e-04
2.458952248339448590e+06 9.770650168455371487e-01 1.145931741314459081e-04
2.458952249619548675e+06 9.770575135591896831e-01 1.145976508213934010e-04
2.458952250899649225e+06 9.770599707651096422e-01 1.146021275129693656e-04
2.458952252179749310e+06 9.770730390473114646e-01 1.146066042029168585e-04
2.458952253459849395e+06 9.770989125773158479e-01 1.146110808928643514e-04
2.458952254739949945e+06 9.771377702817283240e-01 1.146155575844403295e-04
2.458952256020050030e+06 9.771896121322783957e-01 1.146200342743878224e-04
2.458952257300150581e+06 9.772544381666832258e-01 1.146245109659637870e-04
2.458952258580250666e+06 9.773322483377790970e-01 1.146289876559112799e-04
2.458952259860350750e+06 9.774230426667862570e-01 1.146334643458587728e-04
2.458952261140451301e+06 9.775268211938178409e-01 1.146379410374347510e-04
2.458952262420551386e+06 9.776435838433708003e-01 1.146441498331462111e-04
2.458952263700651471e+06 9.777733306508349376e-01 1.146519669103631881e-04
2.458952264980752021e+06 9.779160616704932751e-01 1.146597839904237969e-04
2.458952266260852106e+06 9.780717767985032118e-01 1.146676010676407739e-04
2.458952267540952191e+06 9.782404760844244374e-01 1.146754181448577509e-04
2.458952268821052741e+06 9.784221595967095286e-01 1.146832352249183598e-04
2.458952270101152826e+06 9.786168272031765536e-01 1.146910523021353368e-04
2.458952271381252911e+06 9.788244789675548674e-01 1.146988693793523273e-04
2.458952272661353461e+06 9.790445595484058572e-01 1.147066864594129226e-04
2.458952273941453546e+06 9.792714398199059422e-01 1.147145035366299131e-04
2.458952275221554097e+06 9.795036547945064065e-01 1.147223206166905085e-04
2.458952276501654182e+06 9.797412043032619478e-01 1.147301376939074990e-04
2.458952277781754266e+06 9.799840884296749932e-01 1.147379547711244760e-04
2.458952279061854817e+06 9.802323072650100944e-01 1.147457718511850713e-04
2.458952280341954902e+06 9.804858606286784850e-01 1.147535889284020618e-04
2.458952281622054987e+06 9.807447486100043799e-01 1.147614060056190388e-04
2.458952282902155537e+06 9.810089713060740069e-01 1.147723164657745977e-04
2.458952284182255622e+06 9.812785285246551359e-01 1.147928314069723426e-04
2.458952285462355707e+06 9.815534203608938801e-01 1.148133463481701010e-04
2.458952286742456257e+06 9.818336469176981440e-01 1.148338612968305720e-04
2.458952288022556342e+06 9.821192079911922335e-01 1.148543762380283304e-04
2.458952289302656427e+06 9.824101036823437161e-01 1.148748911792260889e-04
2.458952290582756978e+06 9.827063340998825058e-01 1.148954061278865464e-04
2.458952291862857062e+06 9.830078990282894447e-01 1.149159210690843048e-04
2.458952293142957147e+06 9.833147983171961481e-01 1.149364360102820632e-04
2.458952294423057698e+06 9.836270049297580753e-01 1.149569509589425342e-04
2.458952295703157783e+06 9.839445004059886868e-01 1.149774659001402791e-04
2.458952296983258333e+06 9.842672849768779875e-01 1.149979808488007366e-04
2.458952298263358418e+06 9.845953584075881615e-01 1.150184957899985086e-04
2.458952299543458503e+06 9.849287208145760530e-01 1.150390107311962534e-04
2.458952300823559053e+06 9.852673723219945723e-01 1.150595256798567245e-04
2.458952302103659138e+06 9.856113126834622484e-01 1.150800406210544829e-04
2.458952303383759223e+06 9.859605420212074200e-01 1.151005555622522278e-04
2.458952304663859773e+06 9.863150604651552689e-01 1.151252317538116232e-04
2.458952305943959858e+06 9.866748677573802251e-01 1.151500424198608846e-04
2.458952307224059943e+06 9.870399640258828988e-01 1.151748530859101461e-04
2.458952308504160494e+06 9.874103494063599662e-01 1.151996637609847536e-04
2.458952309784260578e+06 9.877860236293422025e-01 1.152244744270340150e-04
2.458952311064360663e+06 9.881669868286022673e-01 1.152492850930832629e-04
2.458952312344461214e+06 9.885532391456087753e-01 1.152740957681578840e-04
2.458952313624561299e+06 9.889447802993482917e-01 1.152989064342071319e-04
2.458952314904661849e+06 9.893381860157504093e-01 1.153237171092817530e-04
2.458952316184761934e+06 9.897271091176139679e-01 1.153485277753310144e-04
2.458952317464862019e+06 9.901114085828263134e-01 1.153733384413802623e-04
2.458952318744962569e+06 9.904910845486607496e-01 1.153981491164548698e-04
2.458952320025062654e+06 9.908661367388882368e-01 1.154229597825041448e-04
2.458952321305162739e+06 9.912365652924643999e-01 1.154477704485533927e-04
2.458952322585263290e+06 9.916023703416171342e-01 1.154725811236280002e-04
2.458952323865363374e+06 9.919635516202086611e-01 1.154973917896772481e-04
2.458952325145463459e+06 9.923201092621490860e-01 1.155236959376419991e-04
2.458952326425564010e+06 9.926720433946196742e-01 1.155506593075178180e-04
2.458952327705664095e+06 9.930193537615754629e-01 1.155776226675851986e-04
2.458952328985764179e+06 9.933620404918797053e-01 1.156045860276525521e-04
2.458952330265864730e+06 9.937001037076685916e-01 1.156315493975283845e-04
2.458952331545964815e+06 9.940335431629881979e-01 1.156585127575957651e-04
2.458952332826065365e+06 9.943623591004286943e-01 1.156854761274715704e-04
2.458952334106165450e+06 9.946865512807636645e-01 1.157124394875389510e-04
2.458952335386265535e+06 9.950054740643634599e-01 1.157394028476063045e-04
2.458952336666366085e+06 9.953160109463768945e-01 1.157663662174821369e-04
2.458952337946466170e+06 9.956177509438191020e-01 1.157933295775495175e-04
2.458952339226566255e+06 9.959106941712534411e-01 1.158202929376168710e-04
2.458952340506666806e+06 9.961948407304440645e-01 1.158472563074927034e-04
2.458952341786766890e+06 9.964701904146633371e-01 1.158742196675600569e-04
2.458952343066866975e+06 9.967367433288748524e-01 1.159011830276274375e-04
2.458952344346967526e+06 9.969944995652425535e-01 1.159281463975032699e-04
2.458952345627067611e+06 9.972434589362390023e-01 1.159452838220289509e-04
2.458952346907167695e+06 9.974836215372278048e-01 1.159487880442033197e-04
2.458952348187268246e+06 9.977149874507725835e-01 1.159522922676524122e-04
2.458952349467368331e+06 9.979375565085462085e-01 1.159557964898267674e-04
2.458952350747468881e+06 9.981513288724757071e-01 1.159593007132758599e-04
2.458952352027568966e+06 9.983563043870339326e-01 1.159628049354502152e-04
2.458952353307669051e+06 9.985524831315844008e-01 1.159663091576245840e-04
2.458952354587769601e+06 9.987398651726911991e-01 1.159698133810736629e-04
2.458952355867869686e+06 9.989182530636803170e-01 1.159733176032480317e-04
2.458952357147969771e+06 9.990841472570445303e-01 1.159768218254224006e-04
2.458952358428070322e+06 9.992362610216232177e-01 1.159803260488714795e-04
2.458952359708170407e+06 9.993745942467476828e-01 1.159838302710458483e-04
2.458952360988270491e+06 9.994991469902587689e-01 1.159873344932201900e-04
2.458952362268371042e+06 9.996099192899456920e-01 1.159908387166692960e-04
2.458952363548471127e+06 9.997069110652171409e-01 1.159943429388436513e-04
2.458952364828571212e+06 9.997901223588752107e-01 1.159978471610180066e-04
2.458952366108671762e+06 9.998595531936702585e-01 1.160010524146511135e-04
2.458952367388771847e+06 9.999152035190886911e-01 1.160024794913425643e-04
2.458952368668871932e+06 9.999570733628937447e-01 1.160039065680340287e-04
2.458952369948972482e+06 9.999851627327969172e-01 1.160053336452446227e-04
2.458952371229072567e+06 9.999994716083622226e-01 1.160067607219360871e-04
2.458952372509173118e+06 1.000000000000000000e+00 1.160081877991466810e-04
2.458952373789273202e+06 9.999867479073257792e-01 1.160096148758381454e-04
2.458952375069373287e+06 9.999597153330378463e-01 1.160110419525296098e-04
2.458952376349473838e+06 9.999189022470894583e-01 1.160124690297402038e-04
2.458952377629573923e+06 9.998640018062823209e-01 1.160138961064316546e-04
2.458952378909674007e+06 9.997947149318517912e-01 1.160153231831231190e-04
2.458952380189774558e+06 9.997110415907436431e-01 1.160167502603337130e-04
2.458952381469874643e+06 9.996129818438331815e-01 1.160181773370251774e-04
2.458952382749974728e+06 9.995005356632996607e-01 1.160196044137166418e-04
2.458952384030075278e+06 9.993737030003881916e-01 1.160210314909272358e-04
2.458952385310175363e+06 9.992324839473745168e-01 1.160224585676187002e-04
2.458952386590275448e+06 9.990768784607376718e-01 1.160238856443101510e-04
2.458952387870375998e+06 9.989068864760231037e-01 1.160038091905713138e-04
2.458952389150476083e+06 9.987225081169062157e-01 1.159804914870851857e-04
2.458952390430576634e+06 9.985237432492450882e-01 1.159571737751168154e-04
2.458952391710676719e+06 9.983105920176482684e-01 1.159338560716306873e-04
2.458952392990776803e+06 9.980830543524285003e-01 1.159105383681445592e-04
2.458952394270877354e+06 9.978411301629639407e-01 1.158872206561761754e-04
2.458952395550977439e+06 9.975848196252640188e-01 1.158639029526900474e-04
2.458952396831077524e+06 9.973141226539410376e-01 1.158405852492039328e-04
2.458952398111178074e+06 9.970298639968915300e-01 1.158172675372355355e-04
2.458952399391278159e+06 9.967341905294399007e-01 1.157939498337494209e-04
2.458952400671378244e+06 9.964272132227628420e-01 1.157706321302632928e-04
2.458952401951478794e+06 9.961089319590232805e-01 1.157473144182949090e-04
2.458952403231578879e+06 9.957793469697834299e-01 1.157239967148087945e-04
2.458952404511678964e+06 9.954384581413180388e-01 1.157006790113226664e-04
2.458952405791779514e+06 9.950862653434543459e-01 1.156773612993542826e-04
2.458952407071879599e+06 9.947227688324259409e-01 1.156540435958681545e-04
2.458952408351980150e+06 9.943479683437753680e-01 1.156291735131910931e-04
2.458952409632080235e+06 9.939618641501841712e-01 1.156032427967632151e-04
2.458952410912180319e+06 9.935644561173675449e-01 1.155773120803353508e-04
2.458952412192280870e+06 9.931557440945926185e-01 1.155513813544746700e-04
2.458952413472380955e+06 9.927357283792132003e-01 1.155254506380467921e-04
2.458952414752481040e+06 9.923044088246083527e-01 1.154995199216189277e-04
2.458952416032581590e+06 9.918617852677090729e-01 1.154735891957582469e-04
2.458952417312681675e+06 9.914078580305413224e-01 1.154476584793303690e-04
2.458952418592781760e+06 9.909432611734536600e-01 1.154217277629024775e-04
2.458952419872882310e+06 9.904725455364822295e-01 1.153957970370418103e-04
2.458952421152982395e+06 9.899966095021068835e-01 1.153698663206139459e-04
2.458952422433082480e+06 9.895154529000450561e-01 1.153439356041860545e-04
2.458952423713183030e+06 9.890290755524180355e-01 1.153180048783253872e-04
2.458952424993283115e+06 9.885374778130840978e-01 1.152920741618974958e-04
2.458952426273383666e+06 9.880406593243870050e-01 1.152661434360368285e-04
2.458952427553483751e+06 9.875386204477812901e-01 1.152402127196089506e-04
2.458952428833583836e+06 9.870313610034892049e-01 1.152125162920413670e-04
2.458952430113684386e+06 9.865188808041365220e-01 1.151810533903264283e-04
2.458952431393784471e+06 9.860011802225724376e-01 1.151495905000567344e-04
2.458952432673884556e+06 9.854782590733218717e-01 1.151181276097870405e-04
2.458952433953985106e+06 9.849501171633135987e-01 1.150866647080721019e-04
2.458952435234085191e+06 9.844167548767910336e-01 1.150552018178023944e-04
2.458952436514185276e+06 9.838781720225820981e-01 1.150237389275327005e-04
2.458952437794285826e+06 9.833343684019182351e-01 1.149922760258177619e-04
2.458952439074385911e+06 9.827855031503248684e-01 1.149608131355480680e-04
2.458952440354485996e+06 9.822378132953585306e-01 1.149293502452783741e-04
2.458952441634586547e+06 9.816945177506939402e-01 1.148978873435634355e-04
2.458952442914686631e+06 9.811556169115994708e-01 1.148664244532937416e-04
2.458952444194786716e+06 9.806211105796416305e-01 1.148349615630240341e-04
2.458952445474887267e+06 9.800909985627812571e-01 1.148034986613091091e-04
2.458952446754987352e+06 9.795652812466953963e-01 1.147720357710394016e-04
2.458952448035087902e+06 9.790439582489041115e-01 1.147405728693244630e-04
2.458952449315187987e+06 9.785270299486901191e-01 1.147090285200447673e-04
2.458952450595288072e+06 9.780144961556127559e-01 1.146757247938269618e-04
2.458952451875388622e+06 9.775063566856259101e-01 1.146424210554942676e-04
2.458952453155488707e+06 9.770026119084204153e-01 1.146091173292764756e-04
2.458952454435588792e+06 9.765032616383517716e-01 1.145758136030586700e-04
2.458952455715689342e+06 9.760083056961691428e-01 1.145425098647259759e-04
2.458952456995789427e+06 9.755177444419723676e-01 1.145092061385081703e-04
2.458952458275889512e+06 9.750315776949121105e-01 1.144759024122903648e-04
2.458952459555990063e+06 9.745498052805338096e-01 1.144425986739576841e-04
2.458952460836090147e+06 9.740731133445688084e-01 1.144092949477398786e-04
2.458952462116190232e+06 9.736024767248648848e-01 1.143759912215220730e-04
2.458952463396290783e+06 9.731379024995475691e-01 1.143426874831893924e-04
2.458952464676390868e+06 9.726793910066127147e-01 1.143093837569715868e-04
2.458952465956491418e+06 9.722269419124750511e-01 1.142760800186389062e-04
2.458952467236591503e+06 9.717805555463088218e-01 1.142427762924210871e-04
2.458952468516691588e+06 9.713402317424245647e-01 1.142094725662032816e-04
2.458952469796792138e+06 9.709059703439536504e-01 1.141761688278706145e-04
2.458952471076892223e+06 9.704777716668382403e-01 1.141467528413559206e-04
2.458952472356992308e+06 9.700556355520044693e-01 1.141185025214072114e-04
2.458952473637092859e+06 9.696395618492004154e-01 1.140902521911819054e-04
2.458952474917192943e+06 9.692295508611354915e-01 1.140620018712331963e-04
2.458952476197293028e+06 9.688256024353524287e-01 1.140337515512844871e-04
2.458952477477393579e+06 9.684277164282151240e-01 1.140055012210591811e-04
2.458952478757493664e+06 9.680358931292009084e-01 1.139772509011104855e-04
2.458952480037593748e+06 9.676501323924683318e-01 1.139490005811617763e-04
2.458952481317694299e+06 9.672721180888287362e-01 1.139207502509364704e-04
2.458952482597794384e+06 9.669080305305282064e-01 1.138924999309877747e-04
2.458952483877894934e+06 9.665584410502000567e-01 1.138642496007624553e-04
2.458952485157995019e+06 9.662233499021839478e-01 1.138359992808137596e-04
2.458952486438095104e+06 9.659027569566731586e-01 1.138077489608650640e-04
2.458952487718195654e+06 9.655966621049565379e-01 1.137794986306397445e-04
2.458952488998295739e+06 9.653050655697300586e-01 1.137512483106910489e-04
2.458952490278395824e+06 9.650279672370088990e-01 1.137229979907423532e-04
2.458952491558496375e+06 9.647653670139039184e-01 1.137048348578503261e-04
2.458952492838596459e+06 9.645172650914670687e-01 1.136969870343118718e-04
2.458952494118696544e+06 9.642836613715353167e-01 1.136891392107734040e-04
2.458952495398797095e+06 9.640645557770420870e-01 1.136812913843801369e-04
2.458952496678897180e+06 9.638599484673948670e-01 1.136734435608416691e-04
2.458952497958997265e+06 9.636698393602528556e-01 1.136655957373032013e-04
2.458952499239097815e+06 9.634942283943712660e-01 1.136577479109099342e-04
2.458952500519197900e+06 9.633331156975135645e-01 1.136499000873714799e-04
2.458952501799298450e+06 9.631867099346070882e-01 1.136420522609781994e-04
2.458952503079398535e+06 9.630574020873455821e-01 1.136342044374397451e-04
2.458952504359498620e+06 9.629458696944601659e-01 1.136263566139012772e-04
2.458952505639599171e+06 9.628521127250779799e-01 1.136185087875080102e-04
2.458952506919699255e+06 9.627761312474107935e-01 1.136106609639695559e-04
2.458952508199799340e+06 9.627179252241194751e-01 1.136028131404310745e-04
2.458952509479899891e+06 9.626774946437299807e-01 1.135949653140378210e-04
2.458952510759999976e+06 9.626548395356568921e-01 1.135871174904993532e-04
