2.458951000000000000e+06 9.650355892578350581e-01 1.140106151638986494e-04
2.458951001280100085e+06 9.652621822797587958e-01 1.140238955298286265e-04
2.458951002560200635e+06 9.654992768067596209e-01 1.140371759005895781e-04
2.458951003840300720e+06 9.657452741065690738e-01 1.140504562665195282e-04
2.458951005120400805e+06 9.660001721483094661e-01 1.140637366324494917e-04
2.458951006400501356e+06 9.662639710295615192e-01 1.140770170032104434e-04
2.458951007680601440e+06 9.665366705584014229e-01 1.140902973691403934e-04
2.458951008960701525e+06 9.668182708291723770e-01 1.141035777350703705e-04
2.458951010240802076e+06 9.671087719491683332e-01 1.141168581058313222e-04
2.458951011520902161e+06 9.674081737070386877e-01 1.141301384717612858e-04
2.458951012801002711e+06 9.677164763206099751e-01 1.141515333023734928e-04
2.458951014081102796e+06 9.680336795655801740e-01 1.141746509606489049e-04
2.458951015361202881e+06 9.683597835524809794e-01 1.141977686189243034e-04
2.458951016641303431e+06 9.686947884047962809e-01 1.142208862856091941e-04
2.458951017921403516e+06 9.690386938787968196e-01 1.142440039438845926e-04
2.458951019201503601e+06 9.693915000947281868e-01 1.142671216021599911e-04
2.458951020481604151e+06 9.697532071857875025e-01 1.142902392688448953e-04
2.458951021761704236e+06 9.701238148888184920e-01 1.143133569271202938e-04
2.458951023041804321e+06 9.705020134171732371e-01 1.143364745853956923e-04
2.458951024321904872e+06 9.708838394290718599e-01 1.143595922520805966e-04
2.458951025602004956e+06 9.712690217704951223e-01 1.143827099103559951e-04
2.458951026882105041e+06 9.716575605797294068e-01 1.144058275686314071e-04
2.458951028162205592e+06 9.720494559999444117e-01 1.144289452353162978e-04
2.458951029442305677e+06 9.724447077460214306e-01 1.144520628935916963e-04
2.458951030722406227e+06 9.728433161055212164e-01 1.144751805602766006e-04
2.458951032002506312e+06 9.732452807884407475e-01 1.144982982185519991e-04
2.458951033282606397e+06 9.736506019391713007e-01 1.145231833017024988e-04
2.458951034562706947e+06 9.740592797069875797e-01 1.145495147684017639e-04
2.458951035842807032e+06 9.744713137945607562e-01 1.145758462255224553e-04
2.458951037122907117e+06 9.748867043499447327e-01 1.146021776826431466e-04
2.458951038403007668e+06 9.753054515260777269e-01 1.146285091493424118e-04
2.458951039683107752e+06 9.757275550183044377e-01 1.146548406064631031e-04
2.458951040963207837e+06 9.761530149783421706e-01 1.146811720635837944e-04
2.458951042243308388e+06 9.765818315627914359e-01 1.147075035302830596e-04
2.458951043523408473e+06 9.770136155747856099e-01 1.147338349874037509e-04
2.458951044803508557e+06 9.774449738198778270e-01 1.147601664445244423e-04
2.458951046083609108e+06 9.778751175479917235e-01 1.147864979112237074e-04
2.458951047363709193e+06 9.783040464461811858e-01 1.148128293683443987e-04
2.458951048643809743e+06 9.787317608265087010e-01 1.148391608350436639e-04
2.458951049923909828e+06 9.791582603777955196e-01 1.148654922921643552e-04
2.458951051204009913e+06 9.795835452558518952e-01 1.148918237492850466e-04
2.458951052484110463e+06 9.800076156147207174e-01 1.149181552159843117e-04
2.458951053764210548e+06 9.804304711458743382e-01 1.149452305588572620e-04
2.458951055044310633e+06 9.808521120037976271e-01 1.149742667557920710e-04
2.458951056324411184e+06 9.812725383412076452e-01 1.150033029632893807e-04
2.458951057604511268e+06 9.816917498522281793e-01 1.150323391602241897e-04
2.458951058884611353e+06 9.821097466900183814e-01 1.150613753571590121e-04
2.458951060164711904e+06 9.825265290059697065e-01 1.150904115646563219e-04
2.458951061444811989e+06 9.829420964968571539e-01 1.151194477615911308e-04
2.458951062724912073e+06 9.833564493145141583e-01 1.151484839585259398e-04
2.458951064005012624e+06 9.837695013906722075e-01 1.151775201660232360e-04
2.458951065285112709e+06 9.841756158525110099e-01 1.152065563629580585e-04
2.458951066565213259e+06 9.845714046330616975e-01 1.152355925704553547e-04
2.458951067845313344e+06 9.849568674443727190e-01 1.152646287673901772e-04
2.458951069125413429e+06 9.853320044322977367e-01 1.152936649643249861e-04
2.458951070405513979e+06 9.856968157276659870e-01 1.153227011718222959e-04
2.458951071685614064e+06 9.860513010650633348e-01 1.153517373687571048e-04
2.458951072965714149e+06 9.863954605790746788e-01 1.153807735656919137e-04
2.458951074245814700e+06 9.867292943892603807e-01 1.154098083330421496e-04
2.458951075525914785e+06 9.870528022527438328e-01 1.154260323757965177e-04
2.458951076806014869e+06 9.873659842928416142e-01 1.154422564185508858e-04
2.458951078086115420e+06 9.876688406178451007e-01 1.154584804672070542e-04
2.458951079366215505e+06 9.879613710074145461e-01 1.154747045099614088e-04
2.458951080646315590e+06 9.882435755735984317e-01 1.154909285527157904e-04
2.458951081926416140e+06 9.885154544134194810e-01 1.155071526013719588e-04
2.458951083206516225e+06 9.887770073290753636e-01 1.155233766441263134e-04
2.458951084486616310e+06 9.890282344213453536e-01 1.155396006868806679e-04
2.458951085766716860e+06 9.892704930738833724e-01 1.155558247355368499e-04
2.458951087046816945e+06 9.895060392225258905e-01 1.155720487782912180e-04
2.458951088326917496e+06 9.897349074453680728e-01 1.155882728269473864e-04
2.458951089607017580e+06 9.899570975758994473e-01 1.156044968697017409e-04
2.458951090887117665e+06 9.901726096985901115e-01 1.156207209124561090e-04
2.458951092167218216e+06 9.903814438881923810e-01 1.156369449611122774e-04
2.458951093447318301e+06 9.905835999927717905e-01 1.156531690038666455e-04
2.458951094727418385e+06 9.907790780895102678e-01 1.156693930466210136e-04
2.458951096007518936e+06 9.909678782458730684e-01 1.156793106711819104e-04
2.458951097287619021e+06 9.911500003245002910e-01 1.156868385251200567e-04
2.458951098567719106e+06 9.913254443952868034e-01 1.156943663790582029e-04
2.458951099847819656e+06 9.914942105184094689e-01 1.157018942357347456e-04
2.458951101127919741e+06 9.916562985710848377e-01 1.157094220896728783e-04
2.458951102408019826e+06 9.918117086159191631e-01 1.157169499436110245e-04
2.458951103688120376e+06 9.919604407058021378e-01 1.157244778002875673e-04
2.458951104968220461e+06 9.921024947325255416e-01 1.157320056542257135e-04
2.458951106248321012e+06 9.922368019535016126e-01 1.157395335109022563e-04
2.458951107528421097e+06 9.923587685667845104e-01 1.157470613648403754e-04
2.458951108808521181e+06 9.924678687207161287e-01 1.157545892187785216e-04
2.458951110088621732e+06 9.925641024479634478e-01 1.157621170754550644e-04
2.458951111368721817e+06 9.926474696785121399e-01 1.157696449293932106e-04
2.458951112648821902e+06 9.927179704497098855e-01 1.157771727833313433e-04
2.458951113928922452e+06 9.927756047801817862e-01 1.157847006400078860e-04
2.458951115209022537e+06 9.928203726279964947e-01 1.157922284939460323e-04
2.458951116489122622e+06 9.928522740164601457e-01 1.157933305527143449e-04
2.458951117769223172e+06 9.928713089501568501e-01 1.157865875888143889e-04
2.458951119049323257e+06 9.928774774152375748e-01 1.157798446273673048e-04
2.458951120329423342e+06 9.928707794209671311e-01 1.157731016659202343e-04
2.458951121609523892e+06 9.928512149578884172e-01 1.157663587020202648e-04
2.458951122889623977e+06 9.928187840402351583e-01 1.157596157405731943e-04
2.458951124169724528e+06 9.927734866444126727e-01 1.157528727766732383e-04
2.458951125449824613e+06 9.927153228033765986e-01 1.157461298152261543e-04
2.458951126729924697e+06 9.926443576980072958e-01 1.157393868537790838e-04
2.458951128010025248e+06 9.925615439801384055e-01 1.157326438898791278e-04
2.458951129290125333e+06 9.924671963265612185e-01 1.157259009284320437e-04
2.458951130570225418e+06 9.923613147092492648e-01 1.157191579669849732e-04
2.458951131850325968e+06 9.922438990833916117e-01 1.157124150030850173e-04
2.458951133130426053e+06 9.921149495344132596e-01 1.157056720416379332e-04
2.458951134410526138e+06 9.919744660216998078e-01 1.156989290801908627e-04
2.458951135690626688e+06 9.918224484878535030e-01 1.156921861162909067e-04
2.458951136970726773e+06 9.916588970434737638e-01 1.156833637407008591e-04
2.458951138250826858e+06 9.914838116353589248e-01 1.156647626196155923e-04
2.458951139530927408e+06 9.912971921935243014e-01 1.156461614917638197e-04
2.458951140811027493e+06 9.910990388537430640e-01 1.156275603706785664e-04
2.458951142091128044e+06 9.908893514718508655e-01 1.156089592428267802e-04
2.458951143371228129e+06 9.906681302004035627e-01 1.155903581217415269e-04
2.458951144651328214e+06 9.904353749652209382e-01 1.155717570006562736e-04
2.458951145931428764e+06 9.901910856753405321e-01 1.155531558728045010e-04
2.458951147211528849e+06 9.899352690285230238e-01 1.155345547517192342e-04
2.458951148491628934e+06 9.896727956099284906e-01 1.155159536306339809e-04
2.458951149771729484e+06 9.894078673860040585e-01 1.154973525027822083e-04
2.458951151051829569e+06 9.891404845494949916e-01 1.154787513816969414e-04
2.458951152331929654e+06 9.888706470044752450e-01 1.154601502606116882e-04
2.458951153612030204e+06 9.885983546514466314e-01 1.154415491327599155e-04
2.458951154892130289e+06 9.883236076885122401e-01 1.154229480116746623e-04
2.458951156172230374e+06 9.880464060170671692e-01 1.154043468905893954e-04
2.458951157452330925e+06 9.877667495349343740e-01 1.153857457627376092e-04
2.458951158732431009e+06 9.874846384455748804e-01 1.153658952760164253e-04
2.458951160012531094e+06 9.872000726477043742e-01 1.153459066474575372e-04
2.458951161292631645e+06 9.869130520364677306e-01 1.153259180116273931e-04
2.458951162572731730e+06 9.866235768206826906e-01 1.153059293830685050e-04
2.458951163852832280e+06 9.863316467897456086e-01 1.152859407472383744e-04
2.458951165132932365e+06 9.860372621560461459e-01 1.152659521186794728e-04
2.458951166413032450e+06 9.857404228138361146e-01 1.152459634901205847e-04
2.458951167693133000e+06 9.854411286537946291e-01 1.152259748542904406e-04
2.458951168973233085e+06 9.851400375865089210e-01 1.152059862257315525e-04
2.458951170253333170e+06 9.848386879170095698e-01 1.151859975971726644e-04
2.458951171533433720e+06 9.845371430054314921e-01 1.151660089613425203e-04
2.458951172813533805e+06 9.842354030711608637e-01 1.151460203327836322e-04
2.458951174093633890e+06 9.839334680045397352e-01 1.151260317042247441e-04
2.458951175373734441e+06 9.836313376956273835e-01 1.151060430683946000e-04
2.458951176653834525e+06 9.833290123642349778e-01 1.150860544398357119e-04
2.458951177933934610e+06 9.830264919004925162e-01 1.150660658112768103e-04
2.458951179214035161e+06 9.827237761942457794e-01 1.150483899651664143e-04
2.458951180494135246e+06 9.824208654657318185e-01 1.150320987211953818e-04
2.458951181774235796e+06 9.821177594945718070e-01 1.150158074712980867e-04
2.458951183054335881e+06 9.818144585012865688e-01 1.149995162273270542e-04
2.458951184334435966e+06 9.815109623756512747e-01 1.149832249833560217e-04
2.458951185614536516e+06 9.812072710071566561e-01 1.149669337334587266e-04
2.458951186894636601e+06 9.809033846167499737e-01 1.149506424894876941e-04
2.458951188174736686e+06 9.805993030939931243e-01 1.149343512455166616e-04
2.458951189454837237e+06 9.802962964953647607e-01 1.149180599956193665e-04
2.458951190734937321e+06 9.800023619344347958e-01 1.149017687516483340e-04
2.458951192015037406e+06 9.797188967908835311e-01 1.148854775076773015e-04
2.458951193295137957e+06 9.794459009673076588e-01 1.148691862577800064e-04
2.458951194575238042e+06 9.791833746623220813e-01 1.148528950138089739e-04
2.458951195855338126e+06 9.789313177747152039e-01 1.148366037698379414e-04
2.458951197135438677e+06 9.786897302185089131e-01 1.148203125199406599e-04
2.458951198415538762e+06 9.784586121694678340e-01 1.148040212759696274e-04
2.458951199695639312e+06 9.782379634594444706e-01 1.147902821474028979e-04
2.458951200975739397e+06 9.780277842489690787e-01 1.147812701567906804e-04
2.458951202255839482e+06 9.778280744558722759e-01 1.147722581661784629e-04
2.458951203535940032e+06 9.776388340132184940e-01 1.147632461722879703e-04
2.458951204816040117e+06 9.774600630586876004e-01 1.147542341816757528e-04
2.458951206096140202e+06 9.772917615215352960e-01 1.147452221910635217e-04
2.458951207376240753e+06 9.771339293462513176e-01 1.147362101971730291e-04
2.458951208656340837e+06 9.769865666476648114e-01 1.147271982065608252e-04
2.458951209936440922e+06 9.768496810544844422e-01 1.147181862159486076e-04
2.458951211216541473e+06 9.767234985151389548e-01 1.147091742220581015e-04
2.458951212496641558e+06 9.766081238984334334e-01 1.147001622314458840e-04
2.458951213776741643e+06 9.765035571565002792e-01 1.146911502408336664e-04
2.458951215056842193e+06 9.764097982571992018e-01 1.146821382469431739e-04
2.458951216336942278e+06 9.763268472687430810e-01 1.146731262563309564e-04
2.458951217617042828e+06 9.762547041307819695e-01 1.146641142624404503e-04
2.458951218897142913e+06 9.761933688958026600e-01 1.146551022718282327e-04
2.458951220177242998e+06 9.761428415355962729e-01 1.146469697955215843e-04
2.458951221457343549e+06 9.761031220376793494e-01 1.146495787848826169e-04
2.458951222737443633e+06 9.760742104309496625e-01 1.146521877732945661e-04
2.458951224017543718e+06 9.760561066989926760e-01 1.146547967617065288e-04
2.458951225297644269e+06 9.760488108411200514e-01 1.146574057510675614e-04
2.458951226577744354e+06 9.760523228626399872e-01 1.146600147394795106e-04
2.458951227857844438e+06 9.760666427589325123e-01 1.146626237278914733e-04
2.458951229137944989e+06 9.760917705411040757e-01 1.146652327172525059e-04
2.458951230418045074e+06 9.761277061908735231e-01 1.146678417056644551e-04
2.458951231698145159e+06 9.761743192061500540e-01 1.146704506940764178e-04
2.458951232978245709e+06 9.762314441617468974e-01 1.146730596834374504e-04
2.458951234258345794e+06 9.762990804502963416e-01 1.146756686718493996e-04
2.458951235538445879e+06 9.763772280906665157e-01 1.146782776602613623e-04
2.458951236818546429e+06 9.764658871170209808e-01 1.146808866496223949e-04
2.458951238098646514e+06 9.765650574648566673e-01 1.146834956380343441e-04
2.458951239378747065e+06 9.766747392063239719e-01 1.146861046273953903e-04
2.458951240658847149e+06 9.767949322616251706e-01 1.146887136158073394e-04
2.458951241938947234e+06 9.769256366687472104e-01 1.147019574070021327e-04
2.458951243219047785e+06 9.770668524809721367e-01 1.147178472059927443e-04
2.458951244499147870e+06 9.772185795955595777e-01 1.147337369992031353e-04
2.458951245779247954e+06 9.773808180619680819e-01 1.147496267924135398e-04
2.458951247059348505e+06 9.775535679449502968e-01 1.147655165914041649e-04
2.458951248339448590e+06 9.777368291188242022e-01 1.147814063846145559e-04
2.458951249619548675e+06 9.779306016445190597e-01 1.147972961778249604e-04
2.458951250899649225e+06 9.781348855982587853e-01 1.148131859768155720e-04
2.458951252179749310e+06 9.783495445846751570e-01 1.148290757700259630e-04
2.458951253459849395e+06 9.785741306884487845e-01 1.148449655632363675e-04
2.458951254739949945e+06 9.788086088915309846e-01 1.148608553622269791e-04
2.458951256020050030e+06 9.790529790233302165e-01 1.148767451554373701e-04
2.458951257300150581e+06 9.793072412616349309e-01 1.148926349544279816e-04
2.458951258580250666e+06 9.795713954214596564e-01 1.149085247476383862e-04
2.458951259860350750e+06 9.798454415934979567e-01 1.149244145408487771e-04
2.458951261140451301e+06 9.801293798828371040e-01 1.149403043398393887e-04
2.458951262420551386e+06 9.804232100829011198e-01 1.149584303273952653e-04
2.458951263700651471e+06 9.807269322951785995e-01 1.149785726842275912e-04
2.458951264980752021e+06 9.810405466355522908e-01 1.149987150483870908e-04
2.458951266260852106e+06 9.813640528758553749e-01 1.150188574052194167e-04
2.458951267540952191e+06 9.816974511283722560e-01 1.150389997620517290e-04
2.458951268821052741e+06 9.820407415197802692e-01 1.150591421262112286e-04
2.458951270101152826e+06 9.823939238003225327e-01 1.150792844830435545e-04
2.458951271381252911e+06 9.827569980930784821e-01 1.150994268398758803e-04
2.458951272661353461e+06 9.831292669096354242e-01 1.151195692040353664e-04
2.458951273941453546e+06 9.835039080067081718e-01 1.151397115608676787e-04
2.458951275221554097e+06 9.838791916551706818e-01 1.151598539250271784e-04
2.458951276501654182e+06 9.842551175819895803e-01 1.151799962818595043e-04
2.458951277781754266e+06 9.846316859235648700e-01 1.152001386386918301e-04
2.458951279061854817e+06 9.850088968172308057e-01 1.152202810028513162e-04
2.458951280341954902e+06 9.853867499885521353e-01 1.152404233596836421e-04
2.458951281622054987e+06 9.857652455746296338e-01 1.152605657165159679e-04
2.458951282902155537e+06 9.861443837134991064e-01 1.152814987516100493e-04
2.458951284182255622e+06 9.865241641293227559e-01 1.153047920983034445e-04
2.458951285462355707e+06 9.869045869599025744e-01 1.153280854449968397e-04
2.458951286742456257e+06 9.872856523439755838e-01 1.153513788001636408e-04
2.458951288022556342e+06 9.876673600043015533e-01 1.153746721468570360e-04
2.458951289302656427e+06 9.880497100793838028e-01 1.153979654935504312e-04
2.458951290582756978e+06 9.884327027086600159e-01 1.154212588487172459e-04
2.458951291862857062e+06 9.888163376134884164e-01 1.154445521954106411e-04
2.458951293142957147e+06 9.892005908723451313e-01 1.154678455421040363e-04
2.458951294423057698e+06 9.895832178538518376e-01 1.154911388972708374e-04
2.458951295703157783e+06 9.899627495213507711e-01 1.155144322439642326e-04
2.458951296983258333e+06 9.903391861509657224e-01 1.155377255991310337e-04
2.458951298263358418e+06 9.907125274688248773e-01 1.155610189458244289e-04
2.458951299543458503e+06 9.910827736124268039e-01 1.155843122925178241e-04
2.458951300823559053e+06 9.914499247147673389e-01 1.156076056476846252e-04
2.458951302103659138e+06 9.918139805087294869e-01 1.156308989943780204e-04
2.458951303383759223e+06 9.921749411284344067e-01 1.156541923410714156e-04
2.458951304663859773e+06 9.925328067035003032e-01 1.156803994771363105e-04
2.458951305943959858e+06 9.928875769735656664e-01 1.157066782274203989e-04
2.458951307224059943e+06 9.932392520693738014e-01 1.157329569777044737e-04
2.458951308504160494e+06 9.935878321171649485e-01 1.157592357375479591e-04
2.458951309784260578e+06 9.939333168633334159e-01 1.157855144878320474e-04
2.458951311064360663e+06 9.942757064352447660e-01 1.158117932381161358e-04
2.458951312344461214e+06 9.946150009557612748e-01 1.158380719979596211e-04
2.458951313624561299e+06 9.949512001780328463e-01 1.158643507482437095e-04
2.458951314904661849e+06 9.952817960988552537e-01 1.158906295080872084e-04
2.458951316184761934e+06 9.956022555437730182e-01 1.159169082583712696e-04
2.458951317464862019e+06 9.959124856542613813e-01 1.159431870086553580e-04
2.458951318744962569e+06 9.962124865375913130e-01 1.159694657684988569e-04
2.458951320025062654e+06 9.965022579755005161e-01 1.159957445187829452e-04
2.458951321305162739e+06 9.967818000789806510e-01 1.160220232690670336e-04
2.458951322585263290e+06 9.970511129441390619e-01 1.160483020289105189e-04
2.458951323865363374e+06 9.973101963750398147e-01 1.160745807791946073e-04
2.458951325145463459e+06 9.975590504715117213e-01 1.160888833046727631e-04
2.458951326425564010e+06 9.977976753184982783e-01 1.160980797723529337e-04
2.458951327705664095e+06 9.980260707423909139e-01 1.161072762366877309e-04
2.458951328985764179e+06 9.982442368318543702e-01 1.161164727010225009e-04
2.458951330265864730e+06 9.984521736606692954e-01 1.161256691687026716e-04
2.458951331545964815e+06 9.986498810775534807e-01 1.161348656330374416e-04
2.458951332826065365e+06 9.988373592263468659e-01 1.161440621007176123e-04
2.458951334106165450e+06 9.990146079706520021e-01 1.161532585650523958e-04
2.458951335386265535e+06 9.991808040511468425e-01 1.161624550293871794e-04
2.458951336666366085e+06 9.993320809635455326e-01 1.161716514970673501e-04
2.458951337946466170e+06 9.994679450923346087e-01 1.161808479614021201e-04
2.458951339226566255e+06 9.995883964953474754e-01 1.161900444257369037e-04
2.458951340506666806e+06 9.996934352079903663e-01 1.161992408934170743e-04
2.458951341786766890e+06 9.997830611538438550e-01 1.162084373577518579e-04
2.458951343066866975e+06 9.998572743739212454e-01 1.162176338220866279e-04
2.458951344346967526e+06 9.999160748868085591e-01 1.162268302897667986e-04
2.458951345627067611e+06 9.999594626497265715e-01 1.162289362010357073e-04
2.458951346907167695e+06 9.999874376868681525e-01 1.162214948741543345e-04
2.458951348187268246e+06 1.000000000000000000e+00 1.162140535445660341e-04
2.458951349467368331e+06 9.999971495799824250e-01 1.162066122176846477e-04
2.458951350747468881e+06 9.999788864247415310e-01 1.161991708880963473e-04
2.458951352027568966e+06 9.999452105475645780e-01 1.161917295612149609e-04
2.458951353307669051e+06 9.998961219446111937e-01 1.161842882343335881e-04
2.458951354587769601e+06 9.998316205896148334e-01 1.161768469047452741e-04
2.458951355867869686e+06 9.997517993149682702e-01 1.161694055778639013e-04
2.458951357147969771e+06 9.996582284196044998e-01 1.161619642509825149e-04
2.458951358428070322e+06 9.995514710316570905e-01 1.161545229213942009e-04
2.458951359708170407e+06 9.994315272287963570e-01 1.161470815945128281e-04
2.458951360988270491e+06 9.992983969745855566e-01 1.161396402676314417e-04
2.458951362268371042e+06 9.991520802134009616e-01 1.161321989380431413e-04
2.458951363548471127e+06 9.989925770516934200e-01 1.161247576111617549e-04
2.458951364828571212e+06 9.988198874386358117e-01 1.161173162842803820e-04
2.458951366108671762e+06 9.986340113042136979e-01 1.161082327737321407e-04
2.458951367388771847e+06 9.984349487836591264e-01 1.160899342781427171e-04
2.458951368668871932e+06 9.982226998117548211e-01 1.160716357825533070e-04
2.458951369948972482e+06 9.979972643040954106e-01 1.160533372803074513e-04
2.458951371229072567e+06 9.977586424246941421e-01 1.160350387847180413e-04
2.458951372509173118e+06 9.975068339999439981e-01 1.160167402824721855e-04
2.458951373789273202e+06 9.972418392130458775e-01 1.159984417868827755e-04
2.458951375069373287e+06 9.969636579747978011e-01 1.159801432912933519e-04
2.458951376349473838e+06 9.966722904552752782e-01 1.159618447890475097e-04
2.458951377629573923e+06 9.963692402241955959e-01 1.159435462934580862e-04
2.458951378909674007e+06 9.960559306201846042e-01 1.159252477978686626e-04
2.458951380189774558e+06 9.957323615236718384e-01 1.159069492956228204e-04
2.458951381469874643e+06 9.953985331700661021e-01 1.158886508000333968e-04
2.458951382749974728e+06 9.950544454435291675e-01 1.158703523044439868e-04
2.458951384030075278e+06 9.947000982132940816e-01 1.158520538021981310e-04
2.458951385310175363e+06 9.943354917371620694e-01 1.158337553066087210e-04
2.458951386590275448e+06 9.939606258880989698e-01 1.158154568110192974e-04
2.458951387870375998e+06 9.935755005241416749e-01 1.157901668621343945e-04
2.458951389150476083e+06 9.931801159254837197e-01 1.157638903085558244e-04
2.458951390430576634e+06 9.927744718044673178e-01 1.157376137454186568e-04
2.458951391710676719e+06 9.923585684562146181e-01 1.157113371918400867e-04
2.458951392990776803e+06 9.919324057350306090e-01 1.156850606382615030e-04
2.458951394270877354e+06 9.914959834802921090e-01 1.156587840751243355e-04
2.458951395550977439e+06 9.910493020095134664e-01 1.156325075215457654e-04
2.458951396831077524e+06 9.905923611658031813e-01 1.156062309679671817e-04
2.458951398111178074e+06 9.901266426771279106e-01 1.155799544048300142e-04
2.458951399391278159e+06 9.896559087352891915e-01 1.155536778512514440e-04
2.458951400671378244e+06 9.891803442582558503e-01 1.155274012976728739e-04
2.458951401951478794e+06 9.886999490703963778e-01 1.155011247345356928e-04
2.458951403231578879e+06 9.882147235212166425e-01 1.154748481809571363e-04
2.458951404511678964e+06 9.877246674368423962e-01 1.154485716273785526e-04
2.458951405791779514e+06 9.872297806363706796e-01 1.154222950642413715e-04
2.458951407071879599e+06 9.867300634798499281e-01 1.153960185106628149e-04
2.458951408351980150e+06 9.862255156037172954e-01 1.153627626828554399e-04
2.458951409632080235e+06 9.857161373750503719e-01 1.153248814017866894e-04
2.458951410912180319e+06 9.852019286111888263e-01 1.152870001207179524e-04
2.458951412192280870e+06 9.846828891224436164e-01 1.152491188258691549e-04
2.458951413472380955e+06 9.841590192864356768e-01 1.152112375448004314e-04
2.458951414752481040e+06 9.836303189152335591e-01 1.151733562637316809e-04
2.458951416032581590e+06 9.830967878138757721e-01 1.151354749688828969e-04
2.458951417312681675e+06 9.825584263705270383e-01 1.150975936878141463e-04
2.458951418592781760e+06 9.820161349169295173e-01 1.150597124067453958e-04
2.458951419872882310e+06 9.814761776740327237e-01 1.150218311118966118e-04
2.458951421152982395e+06 9.809397571423406070e-01 1.149839498308278613e-04
2.458951422433082480e+06 9.804068731247900237e-01 1.149460685497591378e-04
2.458951423713183030e+06 9.798775254294638248e-01 1.149081872549103403e-04
2.458951424993283115e+06 9.793517144414828346e-01 1.148703059738416033e-04
2.458951426273383666e+06 9.788294397782991707e-01 1.148324246789928058e-04
2.458951427553483751e+06 9.783107018198877736e-01 1.147945433979240688e-04
2.458951428833583836e+06 9.777955003756179098e-01 1.147593419259090717e-04
2.458951430113684386e+06 9.772838352600048406e-01 1.147296684059928996e-04
2.458951431393784471e+06 9.767757068453045699e-01 1.146999948968710579e-04
2.458951432673884556e+06 9.762711149447459436e-01 1.146703213877492026e-04
2.458951433953985106e+06 9.757700593767034691e-01 1.146406478678330441e-04
2.458951435234085191e+06 9.752725405057143249e-01 1.146109743587111888e-04
2.458951436514185276e+06 9.747785581488667139e-01 1.145813008495893335e-04
2.458951437794285826e+06 9.742881121283948342e-01 1.145516273296731750e-04
2.458951439074385911e+06 9.738013349141093622e-01 1.145219538205513333e-04
2.458951440354485996e+06 9.733230568621192846e-01 1.144922803114294644e-04
2.458951441634586547e+06 9.728557091859099115e-01 1.144626067915133059e-04
2.458951442914686631e+06 9.723992922254948157e-01 1.144329332823914642e-04
2.458951444194786716e+06 9.719538058088792454e-01 1.144032597732696225e-04
2.458951445474887267e+06 9.715192497799729487e-01 1.143735862533534504e-04
2.458951446754987352e+06 9.710956244549322491e-01 1.143439127442315951e-04
2.458951448035087902e+06 9.706829295255533507e-01 1.143142392243154230e-04
2.458951449315187987e+06 9.702811652920877439e-01 1.142849632054085862e-04
2.458951450595288072e+06 9.698903316024214405e-01 1.142629963140734498e-04
2.458951451875388622e+06 9.695104283203456186e-01 1.142410294147474181e-04
2.458951453155488707e+06 9.691414557222544079e-01 1.142190625234122681e-04
2.458951454435588792e+06 9.687834136679626118e-01 1.141970956320771316e-04
2.458951455715689342e+06 9.684363020331897554e-01 1.141751287327510999e-04
2.458951456995789427e+06 9.681001210704728299e-01 1.141531618414159634e-04
2.458951458275889512e+06 9.677748706515555410e-01 1.141311949500807999e-04
2.458951459555990063e+06 9.674605506640856500e-01 1.141092280507547682e-04
2.458951460836090147e+06 9.671587105928831640e-01 1.140872611594196317e-04
2.458951462116190232e+06 9.668714954641284276e-01 1.140652942680844953e-04
2.458951463396290783e+06 9.665989188560527579e-01 1.140433273687584635e-04
2.458951464676390868e+06 9.663409809669660788e-01 1.140213604774233135e-04
2.458951465956491418e+06 9.660976816092086139e-01 1.139993935780972818e-04
2.458951467236591503e+06 9.658690209597901033e-01 1.139774266867621454e-04
2.458951468516691588e+06 9.656549989275429180e-01 1.139554597954269818e-04
2.458951469796792138e+06 9.654556154426001680e-01 1.139334928961009636e-04
2.458951471076892223e+06 9.652708706500212621e-01 1.139250707932352785e-04
2.458951472356992308e+06 9.651007644746137926e-01 1.139205437152957076e-04
2.458951473637092859e+06 9.649452968624859794e-01 1.139160166357093421e-04
2.458951474917192943e+06 9.648044679267464563e-01 1.139114895577697712e-04
2.458951476197293028e+06 9.646782776081785915e-01 1.139069624798302004e-04
2.458951477477393579e+06 9.645667258688656043e-01 1.139024354002438348e-04
2.458951478757493664e+06 9.644698127899656859e-01 1.138979083223042640e-04
2.458951480037593748e+06 9.643875383282373148e-01 1.138933812443647067e-04
2.458951481317694299e+06 9.643189799019760144e-01 1.138888541647783276e-04
2.458951482597794384e+06 9.642608380837265347e-01 1.138843270868387703e-04
2.458951483877894934e+06 9.642128188928520416e-01 1.138798000072523912e-04
2.458951485157995019e+06 9.641749223642882560e-01 1.138752729293128339e-04
2.458951486438095104e+06 9.641471484787264012e-01 1.138707458513732630e-04
2.458951487718195654e+06 9.641294972315863632e-01 1.138662187717868975e-04
2.458951488998295739e+06 9.641219686357102026e-01 1.138616916938473266e-04
2.458951490278395824e+06 9.641245626828357507e-01 1.138571646159077693e-04
2.458951491558496375e+06 9.641372793794302787e-01 1.138559189376906714e-04
2.458951492838596459e+06 9.641601187162417430e-01 1.138579318995803618e-04
2.458951494118696544e+06 9.641930806960549161e-01 1.138599448614700387e-04
2.458951495398797095e+06 9.642361653363837881e-01 1.138619578240919857e-04
2.458951496678897180e+06 9.642893726058827664e-01 1.138639707859816761e-04
2.458951497958997265e+06 9.643527025183834533e-01 1.138659837478713665e-04
2.458951499239097815e+06 9.644261551024468915e-01 1.138679967104933000e-04
2.458951500519197900e+06 9.645097303046334947e-01 1.138700096723829904e-04
2.458951501799298450e+06 9.646036893403018286e-01 1.138720226350049375e-04
2.458951503079398535e+06 9.647109116395595763e-01 1.138740355968946143e-04
2.458951504359498620e+06 9.648321925792444631e-01 1.138760485587843047e-04
2.458951505639599171e+06 9.649675322111461728e-01 1.138780615214062518e-04
2.458951506919699255e+06 9.651169304367998025e-01 1.138800744832959422e-04
2.458951508199799340e+06 9.652803873028806825e-01 1.138820874451856326e-04
2.458951509479899891e+06 9.654579028765205573e-01 1.138841004078075796e-04
2.458951510759999976e+06 9.656494770285702911e-01 1.138861133696972565e-04
