2.458715000000000000e+06 9.641676412693220843e-01 1.122464143727916361e-04
2.458715001280100085e+06 9.641093573552881324e-01 1.122422436335677206e-04
2.458715002560200635e+06 9.640690899627367694e-01 1.122380728928266133e-04
2.458715003840300720e+06 9.640469843026833185e-01 1.122339021536027115e-04
2.458715005120400805e+06 9.640430403571762508e-01 1.122297314143787825e-04
2.458715006400501356e+06 9.640572581346910086e-01 1.122255606736376887e-04
2.458715007680601440e+06 9.640896376248835331e-01 1.122213899344137869e-04
2.458715008960701525e+06 9.641401788296225517e-01 1.122172191951898579e-04
2.458715010240802076e+06 9.642088817772033194e-01 1.122130484544487641e-04
2.458715011520902161e+06 9.642957464176419302e-01 1.122219355382181918e-04
2.458715012801002711e+06 9.644007728141357205e-01 1.122371842726906696e-04
2.458715014081102796e+06 9.645239608902739237e-01 1.122524330016161251e-04
2.458715015361202881e+06 9.646653106809583988e-01 1.122676817305415806e-04
2.458715016641303431e+06 9.648248222475183100e-01 1.122829304650140584e-04
2.458715017921403516e+06 9.650024954739024885e-01 1.122981791939395139e-04
2.458715019201503601e+06 9.651983304148331611e-01 1.123134279228649694e-04
2.458715020481604151e+06 9.654123271514591931e-01 1.123286766573374472e-04
2.458715021761704236e+06 9.656425980310227031e-01 1.123439253862629163e-04
2.458715023041804321e+06 9.658792747638023091e-01 1.123591741151883582e-04
2.458715024321904872e+06 9.661209337208703785e-01 1.123744228496608360e-04
2.458715025602004956e+06 9.663675747264106608e-01 1.123896715785862915e-04
2.458715026882105041e+06 9.666191978674252283e-01 1.124049203075117470e-04
2.458715028162205592e+06 9.668758032381653544e-01 1.124201690419842248e-04
2.458715029442305677e+06 9.671373906519407093e-01 1.124354177709096803e-04
2.458715030722406227e+06 9.674039602990663900e-01 1.124506665053821581e-04
2.458715032002506312e+06 9.676755119856024212e-01 1.124663638410163062e-04
2.458715033282606397e+06 9.679520458076128486e-01 1.124827398086206533e-04
2.458715034562706947e+06 9.682335618684104750e-01 1.124991157821820815e-04
2.458715035842807032e+06 9.685200599631815788e-01 1.125154917497864422e-04
2.458715037122907117e+06 9.688115401934268567e-01 1.125318677173907757e-04
2.458715038403007668e+06 9.691080026678966508e-01 1.125482436909522175e-04
2.458715039683107752e+06 9.694094471709027161e-01 1.125646196585565646e-04
2.458715040963207837e+06 9.697158738093830666e-01 1.125809956261609118e-04
2.458715042243308388e+06 9.700274797668609894e-01 1.125973715997223400e-04
2.458715043523408473e+06 9.703482807184464765e-01 1.126137475673266871e-04
2.458715044803508557e+06 9.706798607699957948e-01 1.126301235349310342e-04
2.458715046083609108e+06 9.710222200480093102e-01 1.126464995084924760e-04
2.458715047363709193e+06 9.713753583034073769e-01 1.126628754760968095e-04
2.458715048643809743e+06 9.717392757931118119e-01 1.126792514496582513e-04
2.458715049923909828e+06 9.721139722523588489e-01 1.126956274172625984e-04
2.458715051204009913e+06 9.724994478115694951e-01 1.127120033848669456e-04
2.458715052484110463e+06 9.728957026168499889e-01 1.127306587243940823e-04
2.458715053764210548e+06 9.733027363799094944e-01 1.127654865724272558e-04
2.458715055044310633e+06 9.737205492429328313e-01 1.128003144204604429e-04
2.458715056324411184e+06 9.741491413637892727e-01 1.128351422811629253e-04
2.458715057604511268e+06 9.745885124306613578e-01 1.128699701291961124e-04
2.458715058884611353e+06 9.750386625974974963e-01 1.129047979772292859e-04
2.458715060164711904e+06 9.754995920339298854e-01 1.129396258379317683e-04
2.458715061444811989e+06 9.759713004046146612e-01 1.129744536859649554e-04
2.458715062724912073e+06 9.764537878752632682e-01 1.130092815339981289e-04
2.458715064005012624e+06 9.769393037093369037e-01 1.130441093947006249e-04
2.458715065285112709e+06 9.774196648254442898e-01 1.130789372427337984e-04
2.458715066565213259e+06 9.778948700798741900e-01 1.131137651034362944e-04
2.458715067845313344e+06 9.783649191268967149e-01 1.131485929514694679e-04
2.458715069125413429e+06 9.788298121403146146e-01 1.131834207995026549e-04
2.458715070405513979e+06 9.792895492864284179e-01 1.132182486602051374e-04
2.458715071685614064e+06 9.797441302307613453e-01 1.132530765082383109e-04
2.458715072965714149e+06 9.801935551414897585e-01 1.132879043562714979e-04
2.458715074245814700e+06 9.806378241792870210e-01 1.133146494728379705e-04
2.458715075525914785e+06 9.810769370209305729e-01 1.133399580257401937e-04
2.458715076806014869e+06 9.815108938289693885e-01 1.133652665786424169e-04
2.458715078086115420e+06 9.819396947584505542e-01 1.133905751407511157e-04
2.458715079366215505e+06 9.823633394974045085e-01 1.134158836936533524e-04
2.458715080646315590e+06 9.827818282027538377e-01 1.134411922465555620e-04
2.458715081926416140e+06 9.831951610239185735e-01 1.134665008086642744e-04
2.458715083206516225e+06 9.836033376601830414e-01 1.134918093615664976e-04
2.458715084486616310e+06 9.840057947602393051e-01 1.135171179144687072e-04
2.458715085766716860e+06 9.844009643376330221e-01 1.135424264765774196e-04
2.458715087046816945e+06 9.847887537902364485e-01 1.135677350294796427e-04
2.458715088326917496e+06 9.851691634001819020e-01 1.135930435915883416e-04
2.458715089607017580e+06 9.855421928907064366e-01 1.136183521444905783e-04
2.458715090887117665e+06 9.859078424015336184e-01 1.136436606973927879e-04
2.458715092167218216e+06 9.862661120616491583e-01 1.136689692595014867e-04
2.458715093447318301e+06 9.866170016103975593e-01 1.136942778124037235e-04
2.458715094727418385e+06 9.869605111794487184e-01 1.137141873690355998e-04
2.458715096007518936e+06 9.872966408897341228e-01 1.137301006596343927e-04
2.458715097287619021e+06 9.876253904967062791e-01 1.137460139444444268e-04
2.458715098567719106e+06 9.879467601239814156e-01 1.137619272292544474e-04
2.458715099847819656e+06 9.882607498844367955e-01 1.137778405198532539e-04
2.458715101127919741e+06 9.885673595496330401e-01 1.137937538046632745e-04
2.458715102408019826e+06 9.888665892351318210e-01 1.138096670894733086e-04
2.458715103688120376e+06 9.891584390457572873e-01 1.138255803800721015e-04
2.458715104968220461e+06 9.894427572342976429e-01 1.138414936648821357e-04
2.458715106248321012e+06 9.897183622939158543e-01 1.138574069554809285e-04
2.458715107528421097e+06 9.899850033870100097e-01 1.138733202402909627e-04
2.458715108808521181e+06 9.902426806154673855e-01 1.138892335251009968e-04
2.458715110088621732e+06 9.904913940681318030e-01 1.139051468156997761e-04
2.458715111368721817e+06 9.907311435640545616e-01 1.139210601005097968e-04
2.458715112648821902e+06 9.909619291953403186e-01 1.139369733853198309e-04
2.458715113928922452e+06 9.911837510410510532e-01 1.139528866759186238e-04
2.458715115209022537e+06 9.913966089398024151e-01 1.139681080897934266e-04
2.458715116489122622e+06 9.916005029739168863e-01 1.139817167584017410e-04
2.458715117769223172e+06 9.917954332126736050e-01 1.139953254319604683e-04
2.458715119049323257e+06 9.919813995142535701e-01 1.140089341005687826e-04
2.458715120329423342e+06 9.921584019511967556e-01 1.140225427691770834e-04
2.458715121609523892e+06 9.923264405829996804e-01 1.140361514427358242e-04
2.458715122889623977e+06 9.924855152874082487e-01 1.140497601113441386e-04
2.458715124169724528e+06 9.926356261801552172e-01 1.140633687849028658e-04
2.458715125449824613e+06 9.927767270385510212e-01 1.140769774535111802e-04
2.458715126729924697e+06 9.929066084986865048e-01 1.140905861221194810e-04
2.458715128010025248e+06 9.930240545227291271e-01 1.141041947956782218e-04
2.458715129290125333e+06 9.931290650252326824e-01 1.141178034642865226e-04
2.458715130570225418e+06 9.932216400511821863e-01 1.141314121328948370e-04
2.458715131850325968e+06 9.933017796274680178e-01 1.141450208064535778e-04
2.458715133130426053e+06 9.933694836957855934e-01 1.141586294750618786e-04
2.458715134410526138e+06 9.934247522875488956e-01 1.141722381436701929e-04
2.458715135690626688e+06 9.934675854160778252e-01 1.141855270866088345e-04
2.458715136970726773e+06 9.934979830502094211e-01 1.141867290933086700e-04
2.458715138250826858e+06 9.935159452077868547e-01 1.141879311000085055e-04
2.458715139530927408e+06 9.935214718885589935e-01 1.141891331071456133e-04
2.458715140811027493e+06 9.935145630885046097e-01 1.141903351138454488e-04
2.458715142091128044e+06 9.934952188025975017e-01 1.141915371209825566e-04
2.458715143371228129e+06 9.934634390449110786e-01 1.141927391276823786e-04
2.458715144651328214e+06 9.934192238106707151e-01 1.141939411343822277e-04
2.458715145931428764e+06 9.933625730770068163e-01 1.141951431415193355e-04
2.458715147211528849e+06 9.932942887704386825e-01 1.141963451482191710e-04
2.458715148491628934e+06 9.932155876887176493e-01 1.141975471549190200e-04
2.458715149771729484e+06 9.931264824129384383e-01 1.141987491620561007e-04
2.458715151051829569e+06 9.930269730079289703e-01 1.141999511687559498e-04
2.458715152331929654e+06 9.929170594431672159e-01 1.142011531754557853e-04
2.458715153612030204e+06 9.927967416729933658e-01 1.142023551825928931e-04
2.458715154892130289e+06 9.926660197849431766e-01 1.142035571892927287e-04
2.458715156172230374e+06 9.925248937371411451e-01 1.142047591959925777e-04
2.458715157452330925e+06 9.923733634725725450e-01 1.141892737581249613e-04
2.458715158732431009e+06 9.922114291014818566e-01 1.141682652499844476e-04
2.458715160012531094e+06 9.920390905706392148e-01 1.141472567418439475e-04
2.458715161292631645e+06 9.918563478116760868e-01 1.141262482260612044e-04
2.458715162572731730e+06 9.916632009575445661e-01 1.141052397179207178e-04
2.458715163852832280e+06 9.914596498677235026e-01 1.140842312021379611e-04
2.458715165132932365e+06 9.912456946903035471e-01 1.140632226939974610e-04
2.458715166413032450e+06 9.910213353531317493e-01 1.140422141858569608e-04
2.458715167693133000e+06 9.907879561392501921e-01 1.140212056700742042e-04
2.458715168973233085e+06 9.905509677980141037e-01 1.140001971619337176e-04
2.458715170253333170e+06 9.903109168639234738e-01 1.139791886537932174e-04
2.458715171533433720e+06 9.900678032479842683e-01 1.139581801380104608e-04
2.458715172813533805e+06 9.898216271270707800e-01 1.139371716298699606e-04
2.458715174093633890e+06 9.895723884133030834e-01 1.139161631217294740e-04
2.458715175373734441e+06 9.893200870143442627e-01 1.138951546059467174e-04
2.458715176653834525e+06 9.890647231137534856e-01 1.138741460978062172e-04
2.458715177933934610e+06 9.888062966203081672e-01 1.138549522780391091e-04
2.458715179214035161e+06 9.885448074383296202e-01 1.138377490185745687e-04
2.458715180494135246e+06 9.882802557580615543e-01 1.138205457653680567e-04
2.458715181774235796e+06 9.880126413870319313e-01 1.138033425059035162e-04
2.458715183054335881e+06 9.877419645199406739e-01 1.137861392526970177e-04
2.458715184334435966e+06 9.874682250599949862e-01 1.137689359994904922e-04
2.458715185614536516e+06 9.871914229059459700e-01 1.137517327400259652e-04
2.458715186894636601e+06 9.869115582591774238e-01 1.137345294868194532e-04
2.458715188174736686e+06 9.866287088768209701e-01 1.137173262336129277e-04
2.458715189454837237e+06 9.863438521858743924e-01 1.137001229741484008e-04
2.458715190734937321e+06 9.860572826378029010e-01 1.136829197209418888e-04
2.458715192015037406e+06 9.857690001292960247e-01 1.136657164677353768e-04
2.458715193295137957e+06 9.854790045545506194e-01 1.136485132082708363e-04
2.458715194575238042e+06 9.851872961245495830e-01 1.136313099550643243e-04
2.458715195855338126e+06 9.848938747341134947e-01 1.136141067018578123e-04
2.458715197135438677e+06 9.845987402755693729e-01 1.135969034423932854e-04
2.458715198415538762e+06 9.843018929636391245e-01 1.135786773886328458e-04
2.458715199695639312e+06 9.840033325823548394e-01 1.135564220053792041e-04
2.458715200975739397e+06 9.837030593489305419e-01 1.135341666302213813e-04
2.458715202255839482e+06 9.834010731550709705e-01 1.135119112550635721e-04
2.458715203535940032e+06 9.830973738899879688e-01 1.134896558718099168e-04
2.458715204816040117e+06 9.827919617746343484e-01 1.134674004966521076e-04
2.458715206096140202e+06 9.824848366988453430e-01 1.134451451214942848e-04
2.458715207376240753e+06 9.821759985499636247e-01 1.134228897382406431e-04
2.458715208656340837e+06 9.818654706141284327e-01 1.134006343630828339e-04
2.458715209936440922e+06 9.815593337651328243e-01 1.133783789879250111e-04
2.458715211216541473e+06 9.812623238898873224e-01 1.133561236046713694e-04
2.458715212496641558e+06 9.809744412044781869e-01 1.133338682295135602e-04
2.458715213776741643e+06 9.806956855992022826e-01 1.133116128543557374e-04
2.458715215056842193e+06 9.804260569776369616e-01 1.132893574711020822e-04
2.458715216336942278e+06 9.801655555359476413e-01 1.132671020959442730e-04
2.458715217617042828e+06 9.799141810846092593e-01 1.132448467126906313e-04
2.458715218897142913e+06 9.796719338065064120e-01 1.132225913375328085e-04
2.458715220177242998e+06 9.794388136085367957e-01 1.132087597623713339e-04
2.458715221457343549e+06 9.792148204108785947e-01 1.131955816656868513e-04
2.458715222737443633e+06 9.789999543764955625e-01 1.131824035737961280e-04
2.458715224017543718e+06 9.787942154222456503e-01 1.131692254819054318e-04
2.458715225297644269e+06 9.785976034782676303e-01 1.131560473852209222e-04
2.458715226577744354e+06 9.784101186876043021e-01 1.131428692933302260e-04
2.458715227857844438e+06 9.782317609770740940e-01 1.131296912014395162e-04
2.458715229137944989e+06 9.780625302867763660e-01 1.131165131047550201e-04
2.458715230418045074e+06 9.779023334664744826e-01 1.131033350128643104e-04
2.458715231698145159e+06 9.777509719453766346e-01 1.130901569209735871e-04
2.458715232978245709e+06 9.776084391448252031e-01 1.130769788242891045e-04
2.458715234258345794e+06 9.774747351685181274e-01 1.130638007323983812e-04
2.458715235538445879e+06 9.773498599630007222e-01 1.130506226405076850e-04
2.458715236818546429e+06 9.772338134876643601e-01 1.130374445438231753e-04
2.458715238098646514e+06 9.771265958269376162e-01 1.130242664519324791e-04
2.458715239378747065e+06 9.770282069028155547e-01 1.130110883552479695e-04
2.458715240658847149e+06 9.769386467868794721e-01 1.130051553709193567e-04
2.458715241938947234e+06 9.768579154417330601e-01 1.130030627446397404e-04
2.458715243219047785e+06 9.767860128428260680e-01 1.130009701175988923e-04
2.458715244499147870e+06 9.767229390424703173e-01 1.129988774913192760e-04
2.458715245779247954e+06 9.766686940129042371e-01 1.129967848650396733e-04
2.458715247059348505e+06 9.766232777392124254e-01 1.129946922379988252e-04
2.458715248339448590e+06 9.765866902544370065e-01 1.129925996117192225e-04
2.458715249619548675e+06 9.765589315404511472e-01 1.129905069854395927e-04
2.458715250899649225e+06 9.765405470078031280e-01 1.129884143583987581e-04
2.458715252179749310e+06 9.765346041348391681e-01 1.129863217321191418e-04
2.458715253459849395e+06 9.765415814433382469e-01 1.129842291058395391e-04
2.458715254739949945e+06 9.765614789428888054e-01 1.129821364787986774e-04
2.458715256020050030e+06 9.765942966190144237e-01 1.129800438525190747e-04
2.458715257300150581e+06 9.766400344955913360e-01 1.129779512254782265e-04
2.458715258580250666e+06 9.766986925393436048e-01 1.129758585991986238e-04
2.458715259860350750e+06 9.767702707645590232e-01 1.129737659729190076e-04
2.458715261140451301e+06 9.768547692043256792e-01 1.129763607102929308e-04
2.458715262420551386e+06 9.769521877971675261e-01 1.129866316435454432e-04
2.458715263700651471e+06 9.770625265714728558e-01 1.129969025767979421e-04
2.458715264980752021e+06 9.771857855744290333e-01 1.130071735137867101e-04
2.458715266260852106e+06 9.773219647163607915e-01 1.130174444470392225e-04
2.458715267540952191e+06 9.774710640397555883e-01 1.130277153802917214e-04
2.458715268821052741e+06 9.776330836059016205e-01 1.130379863172804758e-04
2.458715270101152826e+06 9.778080232969230678e-01 1.130482572505329882e-04
2.458715271381252911e+06 9.779958263146030228e-01 1.130585281837855006e-04
2.458715272661353461e+06 9.781951648196255400e-01 1.130687991207742551e-04
2.458715273941453546e+06 9.784054803015195256e-01 1.130790700540267675e-04
2.458715275221554097e+06 9.786267729132974713e-01 1.130893409910155219e-04
2.458715276501654182e+06 9.788590424939607182e-01 1.130996119242680344e-04
2.458715277781754266e+06 9.791022891220119151e-01 1.131098828575205468e-04
2.458715279061854817e+06 9.793565128919267115e-01 1.131201537945093012e-04
2.458715280341954902e+06 9.796217136187472807e-01 1.131304247277618001e-04
2.458715281622054987e+06 9.798978913929559109e-01 1.131419654573451801e-04
2.458715282902155537e+06 9.801850463210073361e-01 1.131643659781652700e-04
2.458715284182255622e+06 9.804831781939852275e-01 1.131867664908367267e-04
2.458715285462355707e+06 9.807922871143511800e-01 1.132091670035082105e-04
2.458715286742456257e+06 9.811123732005393450e-01 1.132315675243282868e-04
2.458715288022556342e+06 9.814434362196746697e-01 1.132539680369997571e-04
2.458715289302656427e+06 9.817854762861979445e-01 1.132763685496712274e-04
2.458715290582756978e+06 9.821384935305228492e-01 1.132987690704913037e-04
2.458715291862857062e+06 9.825024876958154962e-01 1.133211695831627740e-04
2.458715293142957147e+06 9.828725915688661940e-01 1.133435700958342307e-04
2.458715294423057698e+06 9.832432777146628000e-01 1.133659706166543341e-04
2.458715295703157783e+06 9.836145403591483038e-01 1.133883711293258044e-04
2.458715296983258333e+06 9.839863797724308636e-01 1.134107716501458807e-04
2.458715298263358418e+06 9.843587956839826569e-01 1.134331721628173509e-04
2.458715299543458503e+06 9.847317882289630120e-01 1.134555726754888077e-04
2.458715300823559053e+06 9.851053575433694753e-01 1.134779731963088975e-04
2.458715302103659138e+06 9.854795033554161199e-01 1.135003737089803678e-04
2.458715303383759223e+06 9.858542258008909931e-01 1.135233497008236275e-04
2.458715304663859773e+06 9.862295250164215821e-01 1.135464433658519261e-04
2.458715305943959858e+06 9.866054007289629668e-01 1.135695370224794603e-04
2.458715307224059943e+06 9.869818530749323582e-01 1.135926306791069809e-04
2.458715308504160494e+06 9.873588821915868508e-01 1.136157243441352795e-04
2.458715309784260578e+06 9.877364878046229757e-01 1.136388180007628137e-04
2.458715311064360663e+06 9.881146700510874403e-01 1.136619116573903344e-04
2.458715312344461214e+06 9.884934290688658365e-01 1.136850053224186465e-04
2.458715313624561299e+06 9.888720706775203650e-01 1.137080989790461671e-04
2.458715314904661849e+06 9.892485356337986646e-01 1.137311926440744521e-04
2.458715316184761934e+06 9.896226875155887948e-01 1.137542863007019999e-04
2.458715317464862019e+06 9.899945264602577621e-01 1.137773799573295206e-04
2.458715318744962569e+06 9.903640526018073764e-01 1.138004736223578056e-04
2.458715320025062654e+06 9.907312656713928023e-01 1.138235672789853398e-04
2.458715321305162739e+06 9.910961658038573985e-01 1.138466609356128740e-04
2.458715322585263290e+06 9.914587531306782164e-01 1.138697546006411725e-04
2.458715323865363374e+06 9.918190273880592711e-01 1.138911718242881124e-04
2.458715325145463459e+06 9.921769887083192740e-01 1.139112492487088179e-04
2.458715326425564010e+06 9.925326372204115177e-01 1.139313266804330886e-04
2.458715327705664095e+06 9.928859726655879792e-01 1.139514041048537806e-04
2.458715328985764179e+06 9.932369951736433888e-01 1.139714815292744860e-04
2.458715330265864730e+06 9.935857048710068362e-01 1.139915589609987568e-04
2.458715331545964815e+06 9.939321015039789264e-01 1.140116363854194623e-04
2.458715332826065365e+06 9.942761853245761783e-01 1.140317138171437330e-04
2.458715334106165450e+06 9.946173291188700194e-01 1.140517912415644250e-04
2.458715335386265535e+06 9.949502129707976650e-01 1.140718686659851304e-04
2.458715336666366085e+06 9.952736273600024663e-01 1.140919460977094012e-04
2.458715337946466170e+06 9.955875720511876414e-01 1.141120235221301067e-04
2.458715339226566255e+06 9.958920471637239258e-01 1.141321009465507986e-04
2.458715340506666806e+06 9.961870528032032990e-01 1.141521783782750693e-04
2.458715341786766890e+06 9.964725887549971128e-01 1.141722558026957748e-04
2.458715343066866975e+06 9.967486551281422580e-01 1.141923332271164803e-04
2.458715344346967526e+06 9.970152520178958699e-01 1.142115061954728482e-04
2.458715345627067611e+06 9.972723792302984336e-01 1.142283690325485835e-04
2.458715346907167695e+06 9.975200368640522175e-01 1.142452318696243323e-04
2.458715348187268246e+06 9.977582250040802903e-01 1.142620947128342531e-04
2.458715349467368331e+06 9.979869434770917147e-01 1.142789575499100020e-04
2.458715350747468881e+06 9.982061924494879390e-01 1.142958203931199499e-04
2.458715352027568966e+06 9.984159717617567820e-01 1.143126832301956852e-04
2.458715353307669051e+06 9.986162814953769562e-01 1.143295460672714341e-04
2.458715354587769601e+06 9.988070704509438569e-01 1.143464089104813684e-04
2.458715355867869686e+06 9.989852621436079438e-01 1.143632717475571173e-04
2.458715357147969771e+06 9.991490491894403636e-01 1.143801345846328662e-04
2.458715358428070322e+06 9.992984316401620770e-01 1.143969974278427870e-04
2.458715359708170407e+06 9.994334093870915758e-01 1.144138602649185358e-04
2.458715360988270491e+06 9.995539824871894075e-01 1.144307231019942982e-04
2.458715362268371042e+06 9.996601509764566629e-01 1.144475859452042190e-04
2.458715363548471127e+06 9.997519147776514625e-01 1.144644487822799679e-04
2.458715364828571212e+06 9.998292739320147060e-01 1.144811553511655700e-04
2.458715366108671762e+06 9.998922284598273924e-01 1.144754360320789099e-04
2.458715367388771847e+06 9.999407783152874929e-01 1.144697167150727525e-04
2.458715368668871932e+06 9.999749235239162592e-01 1.144639973980665951e-04
2.458715369948972482e+06 9.999946640902742656e-01 1.144582780789799216e-04
2.458715371229072567e+06 1.000000000000000000e+00 1.144525587619737642e-04
2.458715372509173118e+06 9.999909312569750242e-01 1.144468394428870906e-04
2.458715373789273202e+06 9.999674578677976156e-01 1.144411201258809467e-04
2.458715375069373287e+06 9.999295798317885398e-01 1.144354008088747894e-04
2.458715376349473838e+06 9.998777705549595218e-01 1.144296814897881158e-04
2.458715377629573923e+06 9.998127978499709023e-01 1.144239621727819584e-04
2.458715378909674007e+06 9.997346723273223823e-01 1.144182428557758010e-04
2.458715380189774558e+06 9.996433939514172140e-01 1.144125235366891410e-04
2.458715381469874643e+06 9.995389627886638317e-01 1.144068042196829836e-04
2.458715382749974728e+06 9.994213788082506600e-01 1.144010849026768262e-04
2.458715384030075278e+06 9.992906419602267665e-01 1.143953655835901526e-04
2.458715385310175363e+06 9.991467523397086214e-01 1.143896462665839952e-04
2.458715386590275448e+06 9.989897099015305759e-01 1.143759182316454655e-04
2.458715387870375998e+06 9.988195145813882903e-01 1.143592651789003436e-04
2.458715389150476083e+06 9.986361665031054935e-01 1.143426121322130930e-04
2.458715390430576634e+06 9.984396655332892223e-01 1.143259590794679575e-04
2.458715391710676719e+06 9.982300118149016743e-01 1.143093060327807068e-04
2.458715392990776803e+06 9.980072052788541148e-01 1.142926529860934561e-04
2.458715394270877354e+06 9.977712458369192294e-01 1.142759999333483207e-04
2.458715395550977439e+06 9.975221336607671407e-01 1.142593468866610700e-04
2.458715396831077524e+06 9.972598310984751580e-01 1.142426938399738058e-04
2.458715398111178074e+06 9.969841809316902781e-01 1.142260407872286839e-04
2.458715399391278159e+06 9.966951659920240125e-01 1.142093877405414332e-04
2.458715400671378244e+06 9.963927861816340714e-01 1.141927346938541689e-04
2.458715401951478794e+06 9.960770413832313874e-01 1.141760816411090470e-04
2.458715403231578879e+06 9.957479318265323176e-01 1.141594285944217964e-04
2.458715404511678964e+06 9.954054573991094612e-01 1.141427755477345321e-04
2.458715405791779514e+06 9.950496179690885290e-01 1.141261224949894102e-04
2.458715407071879599e+06 9.946804137953567659e-01 1.141046314271044543e-04
2.458715408351980150e+06 9.942978446093033718e-01 1.140774158422780101e-04
2.458715409632080235e+06 9.939019106892621469e-01 1.140502002673517682e-04
2.458715410912180319e+06 9.934926118984974686e-01 1.140229846924255264e-04
2.458715412192280870e+06 9.930699480808259372e-01 1.139957691075990821e-04
2.458715413472380955e+06 9.926339195437520191e-01 1.139685535326728267e-04
2.458715414752481040e+06 9.921845261359543144e-01 1.139413379577465849e-04
2.458715416032581590e+06 9.917217676866648679e-01 1.139141223729201542e-04
2.458715417312681675e+06 9.912461911385215263e-01 1.138869067979938988e-04
2.458715418592781760e+06 9.907654215607176740e-01 1.138596912230676570e-04
2.458715419872882310e+06 9.902819086243328517e-01 1.138324756382412127e-04
2.458715421152982395e+06 9.897956526811417799e-01 1.138052600633149709e-04
2.458715422433082480e+06 9.893066535557556440e-01 1.137780444883887155e-04
2.458715423713183030e+06 9.888149110687952659e-01 1.137508289035622712e-04
2.458715424993283115e+06 9.883204255780219105e-01 1.137236133286360294e-04
2.458715426273383666e+06 9.878231967236782429e-01 1.136963977438095851e-04
2.458715427553483751e+06 9.873232248675175571e-01 1.136679826715776624e-04
2.458715428833583836e+06 9.868205098291621402e-01 1.136342336888917273e-04
2.458715430113684386e+06 9.863150514242428057e-01 1.136004846939289508e-04
2.458715431393784471e+06 9.858068500205000584e-01 1.135667357112430157e-04
2.458715432673884556e+06 9.852959054345623580e-01 1.135329867285570806e-04
2.458715433953985106e+06 9.847822174790672456e-01 1.134992377335943041e-04
2.458715435234085191e+06 9.842657865277424367e-01 1.134654887509083690e-04
2.458715436514185276e+06 9.837466123942228968e-01 1.134317397682224474e-04
2.458715437794285826e+06 9.832246982431718241e-01 1.133979907732596574e-04
2.458715439074385911e+06 9.827017425624471336e-01 1.133642417905737223e-04
2.458715440354485996e+06 9.821791639436819876e-01 1.133304928078878007e-04
2.458715441634586547e+06 9.816569621969839510e-01 1.132967438129249972e-04
2.458715442914686631e+06 9.811351377022751175e-01 1.132629948302390756e-04
2.458715444194786716e+06 9.806136902695256063e-01 1.132292458475531405e-04
2.458715445474887267e+06 9.800926197092549863e-01 1.131954968525903640e-04
2.458715446754987352e+06 9.795719264005618987e-01 1.131617478699044289e-04
2.458715448035087902e+06 9.790516099646217052e-01 1.131279988749416525e-04
2.458715449315187987e+06 9.785316707799848190e-01 1.130986375115732560e-04
2.458715450595288072e+06 9.780121086573075884e-01 1.130697145865846453e-04
2.458715451875388622e+06 9.774929234077947005e-01 1.130407916510747741e-04
2.458715453155488707e+06 9.769741154091735602e-01 1.130118687260861634e-04
2.458715454435588792e+06 9.764556844725120754e-01 1.129829458010975528e-04
2.458715455715689342e+06 9.759376304094264931e-01 1.129540228655876680e-04
2.458715456995789427e+06 9.754199535968213208e-01 1.129250999405990573e-04
2.458715458275889512e+06 9.749026538461755820e-01 1.128961770156104466e-04
2.458715459555990063e+06 9.743892162128742207e-01 1.128672540801005755e-04
2.458715460836090147e+06 9.738875494541768818e-01 1.128383311551119648e-04
2.458715462116190232e+06 9.733979576174778270e-01 1.128094082301233541e-04
2.458715463396290783e+06 9.729204405312674719e-01 1.127804852946134829e-04
2.458715464676390868e+06 9.724549985429581378e-01 1.127515623696248722e-04
2.458715465956491418e+06 9.720016313139222541e-01 1.127226394341149875e-04
2.458715467236591503e+06 9.715603391740021966e-01 1.126937165091263768e-04
2.458715468516691588e+06 9.711311219560805341e-01 1.126647935841377661e-04
2.458715469796792138e+06 9.707139795106101143e-01 1.126424019915636226e-04
2.458715471076892223e+06 9.703089121410779505e-01 1.126237693512887808e-04
2.458715472356992308e+06 9.699159196935442928e-01 1.126051367110139526e-04
2.458715473637092859e+06 9.695350020316392259e-01 1.125865040639611396e-04
2.458715474917192943e+06 9.691661594324950668e-01 1.125678714236862978e-04
2.458715476197293028e+06 9.688093917553493029e-01 1.125492387834114559e-04
2.458715477477393579e+06 9.684646988770096998e-01 1.125306061363586294e-04
2.458715478757493664e+06 9.681320810482534345e-01 1.125119734960838011e-04
2.458715480037593748e+06 9.678113313242603377e-01 1.124933408558089729e-04
2.458715481317694299e+06 9.675011961370802993e-01 1.124747082087561463e-04
2.458715482597794384e+06 9.672014646965124696e-01 1.124560755684813045e-04
2.458715483877894934e+06 9.669121367844901727e-01 1.124374429214284915e-04
2.458715485157995019e+06 9.666332126115109169e-01 1.124188102811536497e-04
2.458715486438095104e+06 9.663646920704337395e-01 1.124001776408788215e-04
2.458715487718195654e+06 9.661065750692557907e-01 1.123815449938259949e-04
2.458715488998295739e+06 9.658588617957671874e-01 1.123629123535511531e-04
2.458715490278395824e+06 9.656215521541807734e-01 1.123481078570622461e-04
2.458715491558496375e+06 9.653946460638471727e-01 1.123401010745862262e-04
2.458715492838596459e+06 9.651781436898493327e-01 1.123320942950228207e-04
2.458715494118696544e+06 9.649720449477535711e-01 1.123240875154594287e-04
2.458715495398797095e+06 9.647763497682643186e-01 1.123160807329834089e-04
2.458715496678897180e+06 9.645910582937571309e-01 1.123080739534200169e-04
2.458715497958997265e+06 9.644161704511521327e-01 1.123000671738566113e-04
2.458715499239097815e+06 9.642516861825071173e-01 1.122920603913805915e-04
2.458715500519197900e+06 9.640977134152868278e-01 1.122840536118171860e-04
2.458715501799298450e+06 9.639571701318961905e-01 1.122760468293411662e-04
2.458715503079398535e+06 9.638313645737177637e-01 1.122680400497777742e-04
2.458715504359498620e+06 9.637202966869456988e-01 1.122600332702143686e-04
2.458715505639599171e+06 9.636239664392186599e-01 1.122520264877383624e-04
2.458715506919699255e+06 9.635423739006205857e-01 1.122440197081749568e-04
2.458715508199799340e+06 9.634755190334288733e-01 1.122360129286115648e-04
2.458715509479899891e+06 9.634234018213653217e-01 1.122280061461355315e-04
2.458715510759999976e+06 9.633860223023474889e-01 1.122213694131300314e-04
