2.458732000000000000e+06 9.932721426474030446e-01 1.142043467596955082e-04
2.458732001280100085e+06 9.932298568856985366e-01 1.141999184136011737e-04
2.458732002560200635e+06 9.931749374473544112e-01 1.141954900658959316e-04
2.458732003840300720e+06 9.931073843723264849e-01 1.141910617198015971e-04
2.458732005120400805e+06 9.930271976429345671e-01 1.141866333737072626e-04
2.458732006400501356e+06 9.929343772231153942e-01 1.141822050260020205e-04
2.458732007680601440e+06 9.928289231803997250e-01 1.141777766799076860e-04
2.458732008960701525e+06 9.927108354833202863e-01 1.141733483338133514e-04
2.458732010240802076e+06 9.925801140820265100e-01 1.141689199861081093e-04
2.458732011520902161e+06 9.924367590716230980e-01 1.141566091784039651e-04
2.458732012801002711e+06 9.922807703478141450e-01 1.141436073665845382e-04
2.458732014081102796e+06 9.921121480240873147e-01 1.141306055594947536e-04
2.458732015361202881e+06 9.919308920459966039e-01 1.141176037524049825e-04
2.458732016641303431e+06 9.917370023407128254e-01 1.141046019405855556e-04
2.458732017921403516e+06 9.915304790492981413e-01 1.140916001334957709e-04
2.458732019201503601e+06 9.913113221035197986e-01 1.140785983264059998e-04
2.458732020481604151e+06 9.910795314167610837e-01 1.140655965145865865e-04
2.458732021761704236e+06 9.908375117419654377e-01 1.140525947074968018e-04
2.458732023041804321e+06 9.905905329190197728e-01 1.140395929004070307e-04
2.458732024321904872e+06 9.903387813758115499e-01 1.140265910885876038e-04
2.458732025602004956e+06 9.900822572955001455e-01 1.140135892814978191e-04
2.458732026882105041e+06 9.898209605873738992e-01 1.140005874744080480e-04
2.458732028162205592e+06 9.895548911537770387e-01 1.139875856625886211e-04
2.458732029442305677e+06 9.892840491882852749e-01 1.139745838554988636e-04
2.458732030722406227e+06 9.890084344938504524e-01 1.139615820436794231e-04
2.458732032002506312e+06 9.887280472709931711e-01 1.139459929227201263e-04
2.458732033282606397e+06 9.884428874203208260e-01 1.139289792601260836e-04
2.458732034562706947e+06 9.881529548354973658e-01 1.139119655913429949e-04
2.458732035842807032e+06 9.878582497274596141e-01 1.138949519287489387e-04
2.458732037122907117e+06 9.875587719916071316e-01 1.138779382661548825e-04
2.458732038403007668e+06 9.872545215163947008e-01 1.138609245973717937e-04
2.458732039683107752e+06 9.869454985231765898e-01 1.138439109347777375e-04
2.458732040963207837e+06 9.866317029021437479e-01 1.138268972721836949e-04
2.458732042243308388e+06 9.863140009661163221e-01 1.138098836034006061e-04
2.458732043523408473e+06 9.859974351439513285e-01 1.137928699408065499e-04
2.458732044803508557e+06 9.856828201514086230e-01 1.137758562782124937e-04
2.458732046083609108e+06 9.853701558751055689e-01 1.137588426094294049e-04
2.458732047363709193e+06 9.850594425425173162e-01 1.137418289468353623e-04
2.458732048643809743e+06 9.847506799275881351e-01 1.137248152780522600e-04
2.458732049923909828e+06 9.844438682549542241e-01 1.137078016154582173e-04
2.458732051204009913e+06 9.841390074119428233e-01 1.136907879528641611e-04
2.458732052484110463e+06 9.838360972887193467e-01 1.136732980814238230e-04
2.458732053764210548e+06 9.835351381056623987e-01 1.136549988838694782e-04
2.458732055044310633e+06 9.832361297522277388e-01 1.136366996863151198e-04
2.458732056324411184e+06 9.829390721207099668e-01 1.136184004821040854e-04
2.458732057604511268e+06 9.826439654272298707e-01 1.136001012845497406e-04
2.458732058884611353e+06 9.823508095633720627e-01 1.135818020869953823e-04
2.458732060164711904e+06 9.820596044235601063e-01 1.135635028827843614e-04
2.458732061444811989e+06 9.817703502196568621e-01 1.135452036852300166e-04
2.458732062724912073e+06 9.814831187642559795e-01 1.135269044876756583e-04
2.458732064005012624e+06 9.811997055521870514e-01 1.135086052834646239e-04
2.458732065285112709e+06 9.809208884810225459e-01 1.134903060859102791e-04
2.458732066565213259e+06 9.806466673479119489e-01 1.134720068816992311e-04
2.458732067845313344e+06 9.803770423523618938e-01 1.134537076841448864e-04
2.458732069125413429e+06 9.801120133937831769e-01 1.134354084865905416e-04
2.458732070405513979e+06 9.798515803782741340e-01 1.134171092823795071e-04
2.458732071685614064e+06 9.795957434953098675e-01 1.133988100848251624e-04
2.458732072965714149e+06 9.793445026493170502e-01 1.133808682935937793e-04
2.458732074245814700e+06 9.790978577514095615e-01 1.133662941965656804e-04
2.458732075525914785e+06 9.788558089810313056e-01 1.133517201048391812e-04
2.458732076806014869e+06 9.786183562476242770e-01 1.133371460131126954e-04
2.458732078086115420e+06 9.783854994673183425e-01 1.133225719160845831e-04
2.458732079366215505e+06 9.781572388095258752e-01 1.133079978243580973e-04
2.458732080646315590e+06 9.779335741887047462e-01 1.132934237326315981e-04
2.458732081926416140e+06 9.777145055260003659e-01 1.132788496356034992e-04
2.458732083206516225e+06 9.775000329807937982e-01 1.132642755438769999e-04
2.458732084486616310e+06 9.772937459484530853e-01 1.132497014521505007e-04
2.458732085766716860e+06 9.770998589871118245e-01 1.132351273551224018e-04
2.458732087046816945e+06 9.769183788984433514e-01 1.132205532633959161e-04
2.458732088326917496e+06 9.767493055504137267e-01 1.132059791663678037e-04
2.458732089607017580e+06 9.765926390660302214e-01 1.131914050746413045e-04
2.458732090887117665e+06 9.764483793815327273e-01 1.131768309829148187e-04
2.458732092167218216e+06 9.763165264512138064e-01 1.131622568858867064e-04
2.458732093447318301e+06 9.761970803710012801e-01 1.131476827941602206e-04
2.458732094727418385e+06 9.760900410906747648e-01 1.131459178080027771e-04
2.458732096007518936e+06 9.759954085780664368e-01 1.131469368249035992e-04
2.458732097287619021e+06 9.759131829020251114e-01 1.131479558414337326e-04
2.458732098567719106e+06 9.758433640258696862e-01 1.131489748579638525e-04
2.458732099847819656e+06 9.757859519309720620e-01 1.131499938748646881e-04
2.458732101127919741e+06 9.757409466591017155e-01 1.131510128913948079e-04
2.458732102408019826e+06 9.757083481871173802e-01 1.131520319079249413e-04
2.458732103688120376e+06 9.756881565099303488e-01 1.131530509248257634e-04
2.458732104968220461e+06 9.756800127531989331e-01 1.131540699413558832e-04
2.458732106248321012e+06 9.756828190296583658e-01 1.131550889582567189e-04
2.458732107528421097e+06 9.756964988917457005e-01 1.131561079747868387e-04
2.458732108808521181e+06 9.757210523385041467e-01 1.131571269913169721e-04
2.458732110088621732e+06 9.757564793847988138e-01 1.131581460082177942e-04
2.458732111368721817e+06 9.758027800048549860e-01 1.131591650247479140e-04
2.458732112648821902e+06 9.758599542095821588e-01 1.131601840412780474e-04
2.458732113928922452e+06 9.759280020257120603e-01 1.131612030581788831e-04
2.458732115209022537e+06 9.760069234037369590e-01 1.131684626508307027e-04
2.458732116489122622e+06 9.760967183664329694e-01 1.131808909581785694e-04
2.458732117769223172e+06 9.761973869523978831e-01 1.131933192700474507e-04
2.458732119049323257e+06 9.763089290883916194e-01 1.132057475773953173e-04
2.458732120329423342e+06 9.764313448090563563e-01 1.132181758847431840e-04
2.458732121609523892e+06 9.765646341648565043e-01 1.132306041966120653e-04
2.458732122889623977e+06 9.767087970588189672e-01 1.132430325039599319e-04
2.458732124169724528e+06 9.768638335958277352e-01 1.132554608158288132e-04
2.458732125449824613e+06 9.770295690766189756e-01 1.132678891231766799e-04
2.458732126729924697e+06 9.772044605690085595e-01 1.132803174305245465e-04
2.458732128010025248e+06 9.773881458009117118e-01 1.132927457423934278e-04
2.458732129290125333e+06 9.775806246386903320e-01 1.133051740497412945e-04
2.458732130570225418e+06 9.777818971475641385e-01 1.133176023570891476e-04
2.458732131850325968e+06 9.779919634055482813e-01 1.133300306689580424e-04
2.458732133130426053e+06 9.782108232598112352e-01 1.133424589763059090e-04
2.458732134410526138e+06 9.784384767851694864e-01 1.133548872836537486e-04
2.458732135690626688e+06 9.786749240692345087e-01 1.133700018034704255e-04
2.458732136970726773e+06 9.789201649399817962e-01 1.133922882266442131e-04
2.458732138250826858e+06 9.791741994818242700e-01 1.134145746498180007e-04
2.458732139530927408e+06 9.794370277919701717e-01 1.134368610810989101e-04
2.458732140811027493e+06 9.797086496792017929e-01 1.134591475042726977e-04
2.458732142091128044e+06 9.799890653411347241e-01 1.134814339355536071e-04
2.458732143371228129e+06 9.802782745737554926e-01 1.135037203587273947e-04
2.458732144651328214e+06 9.805762774774714474e-01 1.135260067819011823e-04
2.458732145931428764e+06 9.808830552058137586e-01 1.135482932131820917e-04
2.458732147211528849e+06 9.811973285108415155e-01 1.135705796363558793e-04
2.458732148491628934e+06 9.815183223547671032e-01 1.135928660595296669e-04
2.458732149771729484e+06 9.818460368580251840e-01 1.136151524908105898e-04
2.458732151051829569e+06 9.821804717821908115e-01 1.136374389139843775e-04
2.458732152331929654e+06 9.825216272452541588e-01 1.136597253371581786e-04
2.458732153612030204e+06 9.828695033749843546e-01 1.136820117684390744e-04
2.458732154892130289e+06 9.832240999182878527e-01 1.137042981916128756e-04
2.458732156172230374e+06 9.835854170004890706e-01 1.137265846147866632e-04
2.458732157452330925e+06 9.839534547566912703e-01 1.137526931659397041e-04
2.458732158732431009e+06 9.843282129191327501e-01 1.137788093671653099e-04
2.458732160012531094e+06 9.847096916204718386e-01 1.138049255683909022e-04
2.458732161292631645e+06 9.850978910031459312e-01 1.138310417791167753e-04
2.458732162572731730e+06 9.854928107847252816e-01 1.138571579803423811e-04
2.458732163852832280e+06 9.858944512525290582e-01 1.138832741910682543e-04
2.458732165132932365e+06 9.863028121143484483e-01 1.139093903922938601e-04
2.458732166413032450e+06 9.867178935150655583e-01 1.139355065935194523e-04
2.458732167693133000e+06 9.871358463578027154e-01 1.139616228042453254e-04
2.458732168973233085e+06 9.875502296108386036e-01 1.139877390054709312e-04
2.458732170253333170e+06 9.879609426957808305e-01 1.140138552066965371e-04
2.458732171533433720e+06 9.883679857600319307e-01 1.140399714174223966e-04
2.458732172813533805e+06 9.887713585074523470e-01 1.140660876186480024e-04
2.458732174093633890e+06 9.891710610867795461e-01 1.140922038198736082e-04
2.458732175373734441e+06 9.895670936414100449e-01 1.141183200305994814e-04
2.458732176653834525e+06 9.899594558832151003e-01 1.141444362318250736e-04
2.458732177933934610e+06 9.903481479569267165e-01 1.141632131229191721e-04
2.458732179214035161e+06 9.907331700019368359e-01 1.141791853435202274e-04
2.458732180494135246e+06 9.911145217381266415e-01 1.141951575583110705e-04
2.458732181774235796e+06 9.914922034429443087e-01 1.142111297789121123e-04
2.458732183054335881e+06 9.918662148416123037e-01 1.142271019937029554e-04
2.458732184334435966e+06 9.922365560721867483e-01 1.142430742084938120e-04
2.458732185614536516e+06 9.926032272673839252e-01 1.142590464290948538e-04
2.458732186894636601e+06 9.929662281604365592e-01 1.142750186438857104e-04
2.458732188174736686e+06 9.933250210792394785e-01 1.142909908586765534e-04
2.458732189454837237e+06 9.936772823926158793e-01 1.143069630792775953e-04
2.458732190734937321e+06 9.940227440104832946e-01 1.143229352940684383e-04
2.458732192015037406e+06 9.943614060622206763e-01 1.143389075088592814e-04
2.458732193295137957e+06 9.946932686673124469e-01 1.143548797294603232e-04
2.458732194575238042e+06 9.950183315843157406e-01 1.143708519442511662e-04
2.458732195855338126e+06 9.953365949351890007e-01 1.143868241590420093e-04
2.458732197135438677e+06 9.956480588319959191e-01 1.144027963796430647e-04
2.458732198415538762e+06 9.959527230481353133e-01 1.144170345066810267e-04
2.458732199695639312e+06 9.962505878052615449e-01 1.144291448425146759e-04
2.458732200975739397e+06 9.965416528866668511e-01 1.144412551739429541e-04
2.458732202255839482e+06 9.968259184019415686e-01 1.144533655053712188e-04
2.458732203535940032e+06 9.971033844507833921e-01 1.144654758412048815e-04
2.458732204816040117e+06 9.973740508313243547e-01 1.144775861726331597e-04
2.458732206096140202e+06 9.976379176457352838e-01 1.144896965040614244e-04
2.458732207376240753e+06 9.978949849862923660e-01 1.145018068398950735e-04
2.458732208656340837e+06 9.981448034962543403e-01 1.145139171713233518e-04
2.458732209936440922e+06 9.983807696415716304e-01 1.145260275027516165e-04
2.458732211216541473e+06 9.986006949527147514e-01 1.145381378385852656e-04
2.458732212496641558e+06 9.988045792696798042e-01 1.145502481700135438e-04
2.458732213776741643e+06 9.989924226753861269e-01 1.145623585014418085e-04
2.458732215056842193e+06 9.991642252294128390e-01 1.145744688372754577e-04
2.458732216336942278e+06 9.993199868067669245e-01 1.145865791687037495e-04
2.458732217617042828e+06 9.994597075207709569e-01 1.145986895045373851e-04
2.458732218897142913e+06 9.995833872697726941e-01 1.146082892430466124e-04
2.458732220177242998e+06 9.996910261075160342e-01 1.146060154773549731e-04
2.458732221457343549e+06 9.997826240644036577e-01 1.146037417108362232e-04
2.458732222737443633e+06 9.998581810737946496e-01 1.146014679451445975e-04
2.458732224017543718e+06 9.999176971719272444e-01 1.145991941794529718e-04
2.458732225297644269e+06 9.999611723716983480e-01 1.145969204129342083e-04
2.458732226577744354e+06 9.999886066414784835e-01 1.145946466472425826e-04
2.458732227857844438e+06 1.000000000000000000e+00 1.145923728815509570e-04
2.458732229137944989e+06 9.999953542155912700e-01 1.145900991150321935e-04
2.458732230418045074e+06 9.999760354164805021e-01 1.145878253493405542e-04
2.458732231698145159e+06 9.999432248990430816e-01 1.145855515836489286e-04
2.458732232978245709e+06 9.998969226439815561e-01 1.145832778171301786e-04
2.458732234258345794e+06 9.998371286849825346e-01 1.145810040514385529e-04
2.458732235538445879e+06 9.997638430076564164e-01 1.145787302857469137e-04
2.458732236818546429e+06 9.996770655779826376e-01 1.145764565192281637e-04
2.458732238098646514e+06 9.995767964590951404e-01 1.145741827535365381e-04
2.458732239378747065e+06 9.994630355780440567e-01 1.145719089870177881e-04
2.458732240658847149e+06 9.993357830175949585e-01 1.145567592438562134e-04
2.458732241938947234e+06 9.991950387388188748e-01 1.145401796657047561e-04
2.458732243219047785e+06 9.990408026831557597e-01 1.145236000815221531e-04
2.458732244499147870e+06 9.988730749628178529e-01 1.145070205033706822e-04
2.458732245779247954e+06 9.986918555241535156e-01 1.144904409252192249e-04
2.458732247059348505e+06 9.984971442938780362e-01 1.144738613410366219e-04
2.458732248339448590e+06 9.982889414136518758e-01 1.144572817628851646e-04
2.458732249619548675e+06 9.980672468150989518e-01 1.144407021847337072e-04
2.458732250899649225e+06 9.978324356456769184e-01 1.144241226005511043e-04
2.458732252179749310e+06 9.975853863026533652e-01 1.144075430223996334e-04
2.458732253459849395e+06 9.973261349832439615e-01 1.143909634442481760e-04
2.458732254739949945e+06 9.970546815864829160e-01 1.143743838600655731e-04
2.458732256020050030e+06 9.967710263098634726e-01 1.143578042819141157e-04
2.458732257300150581e+06 9.964751689470150442e-01 1.143412246977315127e-04
2.458732258580250666e+06 9.961671097131855612e-01 1.143246451195800554e-04
2.458732259860350750e+06 9.958468485029701167e-01 1.143080655414285845e-04
2.458732261140451301e+06 9.955143851932097832e-01 1.142854040797936540e-04
2.458732262420551386e+06 9.951697200257842990e-01 1.142591022841607198e-04
2.458732263700651471e+06 9.948128528819730754e-01 1.142328004885277991e-04
2.458732264980752021e+06 9.944437836253008367e-01 1.142064986833270923e-04
2.458732266260852106e+06 9.940625125242794624e-01 1.141801968876941716e-04
2.458732267540952191e+06 9.936690394468724596e-01 1.141538950920612373e-04
2.458732268821052741e+06 9.932633642432880938e-01 1.141275932868605171e-04
2.458732270101152826e+06 9.928454872086709404e-01 1.141012914912276099e-04
2.458732271381252911e+06 9.924164532837399522e-01 1.140749896955946892e-04
2.458732272661353461e+06 9.919828351620262330e-01 1.140486878903939689e-04
2.458732273941453546e+06 9.915457806177349065e-01 1.140223860947610346e-04
2.458732275221554097e+06 9.911052893328921032e-01 1.139960842895603414e-04
2.458732276501654182e+06 9.906613616279719148e-01 1.139697824939274072e-04
2.458732277781754266e+06 9.902139973433622400e-01 1.139434806982944865e-04
2.458732279061854817e+06 9.897631963144505329e-01 1.139171788930937797e-04
2.458732280341954902e+06 9.893089588692121072e-01 1.138908770974608590e-04
2.458732281622054987e+06 9.888512848442839731e-01 1.138622867305088312e-04
2.458732282902155537e+06 9.883901740713035844e-01 1.138294662096881208e-04
2.458732284182255622e+06 9.879256268857464773e-01 1.137966457008064822e-04
2.458732285462355707e+06 9.874576431205001059e-01 1.137638251919248570e-04
2.458732286742456257e+06 9.869862226034510355e-01 1.137310046711041196e-04
2.458732288022556342e+06 9.865113656775755802e-01 1.136981841622224809e-04
2.458732289302656427e+06 9.860330721720106384e-01 1.136653636533408558e-04
2.458732290582756978e+06 9.855513419108926643e-01 1.136325431325201183e-04
2.458732291862857062e+06 9.850662495812940733e-01 1.135997226236384932e-04
2.458732293142957147e+06 9.845799673579811451e-01 1.135669021147568545e-04
2.458732294423057698e+06 9.840934998697709046e-01 1.135340815939361170e-04
2.458732295703157783e+06 9.836068474705875753e-01 1.135012610850544919e-04
2.458732296983258333e+06 9.831200098063721526e-01 1.134684405642337679e-04
2.458732298263358418e+06 9.826329872313182001e-01 1.134356200553521428e-04
2.458732299543458503e+06 9.821457795683625758e-01 1.134027995464705041e-04
2.458732300823559053e+06 9.816583866401730196e-01 1.133699790256497802e-04
2.458732302103659138e+06 9.811708088013468831e-01 1.133372254129068487e-04
2.458732303383759223e+06 9.806830458746190748e-01 1.133052783459536267e-04
2.458732304663859773e+06 9.801950976824554962e-01 1.132733312673790449e-04
2.458732305943959858e+06 9.797069645798571758e-01 1.132413842004258229e-04
2.458732307224059943e+06 9.792186463893572945e-01 1.132094371334726009e-04
2.458732308504160494e+06 9.787301429332194713e-01 1.131774900548980191e-04
2.458732309784260578e+06 9.782414545668489669e-01 1.131455429879447971e-04
2.458732311064360663e+06 9.777525811125769017e-01 1.131135959209915752e-04
2.458732312344461214e+06 9.772635223924650560e-01 1.130816488424169798e-04
2.458732313624561299e+06 9.767776267670288393e-01 1.130497017754637578e-04
2.458732314904661849e+06 9.762991205867870281e-01 1.130177546968891760e-04
2.458732316184761934e+06 9.758280181591248992e-01 1.129858076299359540e-04
2.458732317464862019e+06 9.753643193086298790e-01 1.129538605629827321e-04
2.458732318744962569e+06 9.749080238706622215e-01 1.129219134844081503e-04
2.458732320025062654e+06 9.744591321771945980e-01 1.128899664174549283e-04
2.458732321305162739e+06 9.740176440608941943e-01 1.128580193505017063e-04
2.458732322585263290e+06 9.735835593652006903e-01 1.128260722719271245e-04
2.458732323865363374e+06 9.731568784059275723e-01 1.128039264044776772e-04
2.458732325145463459e+06 9.727376010238216741e-01 1.127841987392350667e-04
2.458732326425564010e+06 9.723257270704023236e-01 1.127644710668161492e-04
2.458732327705664095e+06 9.719212568453238221e-01 1.127447434015735523e-04
2.458732328985764179e+06 9.715241901974125405e-01 1.127250157363309283e-04
2.458732330265864730e+06 9.711345269862673435e-01 1.127052880639120108e-04
2.458732331545964815e+06 9.707522674953833475e-01 1.126855603986694004e-04
2.458732332826065365e+06 9.703774114466520162e-01 1.126658327262504829e-04
2.458732334106165450e+06 9.700107436383660353e-01 1.126461050610078724e-04
2.458732335386265535e+06 9.696548296658890065e-01 1.126263773957652755e-04
2.458732336666366085e+06 9.693098687525705248e-01 1.126066497233463445e-04
2.458732337946466170e+06 9.689758611493832774e-01 1.125869220581037476e-04
2.458732339226566255e+06 9.686528067288485699e-01 1.125671943928611507e-04
2.458732340506666806e+06 9.683407053794256258e-01 1.125474667204422196e-04
2.458732341786766890e+06 9.680395573281804777e-01 1.125277390551996228e-04
2.458732343066866975e+06 9.677493624595880917e-01 1.125080113899570259e-04
2.458732344346967526e+06 9.674701206740607962e-01 1.124924510016228136e-04
2.458732345627067611e+06 9.672018321747579694e-01 1.124806217034203466e-04
2.458732346907167695e+06 9.669444968581076827e-01 1.124687924052178933e-04
2.458732348187268246e+06 9.666981146364760358e-01 1.124569631027122821e-04
2.458732349467368331e+06 9.664626856891154194e-01 1.124451338045098152e-04
2.458732350747468881e+06 9.662382098447421797e-01 1.124333045020042040e-04
2.458732352027568966e+06 9.660246872666712337e-01 1.124214752038017371e-04
2.458732353307669051e+06 9.658221178712529387e-01 1.124096459055992701e-04
2.458732354587769601e+06 9.656309821793077619e-01 1.123978166030936590e-04
2.458732355867869686e+06 9.654559350895476344e-01 1.123859873048911921e-04
2.458732357147969771e+06 9.652981486057256033e-01 1.123741580066887251e-04
2.458732358428070322e+06 9.651576226798620484e-01 1.123623287041831275e-04
2.458732359708170407e+06 9.650343574141949654e-01 1.123504994059806470e-04
2.458732360988270491e+06 9.649283527544657568e-01 1.123386701077781801e-04
2.458732362268371042e+06 9.648396086715316233e-01 1.123268408052725825e-04
2.458732363548471127e+06 9.647681252299573629e-01 1.123150115070701156e-04
2.458732364828571212e+06 9.647139023943210878e-01 1.123073734527492553e-04
2.458732366108671762e+06 9.646769401543164868e-01 1.123121021831110172e-04
2.458732367388771847e+06 9.646572385368351599e-01 1.123168309117526245e-04
2.458732368668871932e+06 9.646547975252917073e-01 1.123215596403942182e-04
2.458732369948972482e+06 9.646696171282167498e-01 1.123262883707559800e-04
2.458732371229072567e+06 9.647016973348282454e-01 1.123310170993975602e-04
2.458732372509173118e+06 9.647510381684658576e-01 1.123357458297593220e-04
2.458732373789273202e+06 9.648176395932323013e-01 1.123404745584009157e-04
2.458732375069373287e+06 9.649014535148351390e-01 1.123452032870425230e-04
2.458732376349473838e+06 9.649981631781112679e-01 1.123499320174042713e-04
2.458732377629573923e+06 9.651049680426708743e-01 1.123546607460458786e-04
2.458732378909674007e+06 9.652218681418575086e-01 1.123593894746874588e-04
2.458732380189774558e+06 9.653488635237046367e-01 1.123641182050492206e-04
2.458732381469874643e+06 9.654859540958180553e-01 1.123688469336908143e-04
2.458732382749974728e+06 9.656331399025587237e-01 1.123735756623324081e-04
2.458732384030075278e+06 9.657904210029767400e-01 1.123783043926941699e-04
2.458732385310175363e+06 9.659577972826441927e-01 1.123830331213357636e-04
2.458732386590275448e+06 9.661352687969386732e-01 1.124003726899215752e-04
2.458732387870375998e+06 9.663228356159276888e-01 1.124179875619654636e-04
2.458732389150476083e+06 9.665204976031489537e-01 1.124356024276015951e-04
2.458732390430576634e+06 9.667282549024094340e-01 1.124532172996454835e-04
2.458732391710676719e+06 9.669461073625573722e-01 1.124708321652816151e-04
2.458732392990776803e+06 9.671740550573326711e-01 1.124884470309177466e-04
2.458732394270877354e+06 9.674120980751640397e-01 1.125060619029616350e-04
2.458732395550977439e+06 9.676602362428659010e-01 1.125236767685977666e-04
2.458732396831077524e+06 9.679181445546913842e-01 1.125412916342339117e-04
2.458732398111178074e+06 9.681852413396373480e-01 1.125589065062777865e-04
2.458732399391278159e+06 9.684615148513314731e-01 1.125765213719139317e-04
2.458732400671378244e+06 9.687469651852662622e-01 1.125941362375500632e-04
2.458732401951478794e+06 9.690415924502869816e-01 1.126117511095939516e-04
2.458732403231578879e+06 9.693453964320412064e-01 1.126293659752300696e-04
2.458732404511678964e+06 9.696583772360359843e-01 1.126469808408662012e-04
2.458732405791779514e+06 9.699805349811316812e-01 1.126645957129100896e-04
2.458732407071879599e+06 9.703118694329460059e-01 1.126884754850650608e-04
2.458732408351980150e+06 9.706523808325375757e-01 1.127149875123433333e-04
2.458732409632080235e+06 9.710020689321714471e-01 1.127414995299773565e-04
2.458732410912180319e+06 9.713609338540457605e-01 1.127680115476113661e-04
2.458732412192280870e+06 9.717289757337121969e-01 1.127945235748896387e-04
2.458732413472380955e+06 9.721061943034060571e-01 1.128210355925236483e-04
2.458732414752481040e+06 9.724925896953404703e-01 1.128475476101576579e-04
2.458732416032581590e+06 9.728881620550817733e-01 1.128740596374359440e-04
2.458732417312681675e+06 9.732918558293920386e-01 1.129005716550699400e-04
2.458732418592781760e+06 9.736987752238208671e-01 1.129270836727039632e-04
2.458732419872882310e+06 9.741083044817430148e-01 1.129535956999822358e-04
2.458732421152982395e+06 9.745204433052100379e-01 1.129801077176162454e-04
2.458732422433082480e+06 9.749351918427217045e-01 1.130066197352502550e-04
2.458732423713183030e+06 9.753525502465746344e-01 1.130331317625285275e-04
2.458732424993283115e+06 9.757725182131246067e-01 1.130596437801625507e-04
2.458732426273383666e+06 9.761950960479145456e-01 1.130861558074408232e-04
2.458732427553483751e+06 9.766202834435027125e-01 1.131137759089364522e-04
2.458732428833583836e+06 9.770480805531356339e-01 1.131428669131901143e-04
2.458732430113684386e+06 9.774784875338563550e-01 1.131719579280261994e-04
2.458732431393784471e+06 9.779115040725273600e-01 1.132010489322798615e-04
2.458732432673884556e+06 9.783471303252430085e-01 1.132301399365335235e-04
2.458732433953985106e+06 9.787853664518946228e-01 1.132592309513696087e-04
2.458732435234085191e+06 9.792262121336485770e-01 1.132883219556232707e-04
2.458732436514185276e+06 9.796696675294469525e-01 1.133174129598769328e-04
2.458732437794285826e+06 9.801153301939274920e-01 1.133465039747130179e-04
2.458732439074385911e+06 9.805565428041820297e-01 1.133755949789666800e-04
2.458732440354485996e+06 9.809909480658189906e-01 1.134046859832203556e-04
2.458732441634586547e+06 9.814185461331472737e-01 1.134337769980564407e-04
2.458732442914686631e+06 9.818393366950729506e-01 1.134628680023100892e-04
2.458732444194786716e+06 9.822533199083809397e-01 1.134919590065637513e-04
2.458732445474887267e+06 9.826604959199514155e-01 1.135210500213998364e-04
2.458732446754987352e+06 9.830608644335481205e-01 1.135501410256534985e-04
2.458732448035087902e+06 9.834544257404546075e-01 1.135780584537328099e-04
2.458732449315187987e+06 9.838411795543399174e-01 1.135995862186072342e-04
2.458732450595288072e+06 9.842211260196077616e-01 1.136211139834816586e-04
2.458732451875388622e+06 9.845942652707564413e-01 1.136426417561872345e-04
2.458732453155488707e+06 9.849605970363127794e-01 1.136641695210616589e-04
2.458732454435588792e+06 9.853201214532517627e-01 1.136856972859360832e-04
2.458732455715689342e+06 9.856728386486424132e-01 1.137072250586416457e-04
2.458732456995789427e+06 9.860187483658698904e-01 1.137287528235160700e-04
2.458732458275889512e+06 9.863578510164497937e-01 1.137502805883905079e-04
2.458732459555990063e+06 9.866910552190323314e-01 1.137718083610960704e-04
2.458732460836090147e+06 9.870192071524094279e-01 1.137933361259704947e-04
2.458732462116190232e+06 9.873423069387093909e-01 1.138148638908449190e-04
2.458732463396290783e+06 9.876603546927089639e-01 1.138363916635504950e-04
2.458732464676390868e+06 9.879733501830166853e-01 1.138579194284249058e-04
2.458732465956491418e+06 9.882812936373484014e-01 1.138794472011304818e-04
2.458732467236591503e+06 9.885841848316638814e-01 1.139009749660049062e-04
2.458732468516691588e+06 9.888820238789018946e-01 1.139225027308793305e-04
2.458732469796792138e+06 9.891748108846507570e-01 1.139422062105417531e-04
2.458732471076892223e+06 9.894625456358965288e-01 1.139616625174937352e-04
2.458732472356992308e+06 9.897452282400652779e-01 1.139811188244457173e-04
2.458732473637092859e+06 9.900228587972310645e-01 1.140005751384753034e-04
2.458732474917192943e+06 9.902954371054074612e-01 1.140200314454272720e-04
2.458732476197293028e+06 9.905629632665066131e-01 1.140394877523792405e-04
2.458732477477393579e+06 9.908254373750896571e-01 1.140589440664088402e-04
2.458732478757493664e+06 9.910828592401964565e-01 1.140784003733608088e-04
2.458732480037593748e+06 9.913333752954295308e-01 1.140978566803127774e-04
2.458732481317694299e+06 9.915723523506698722e-01 1.141173129943423770e-04
2.458732482597794384e+06 9.917995694636967396e-01 1.141367693012943456e-04
2.458732483877894934e+06 9.920150267998201210e-01 1.141562256153239317e-04
2.458732485157995019e+06 9.922187242022858511e-01 1.141756819222759138e-04
2.458732486438095104e+06 9.924106617516097462e-01 1.141951382292278824e-04
2.458732487718195654e+06 9.925908395111963101e-01 1.142145945432574685e-04
2.458732488998295739e+06 9.927592573499590678e-01 1.142340508502094507e-04
2.458732490278395824e+06 9.929159153355801015e-01 1.142442587108028477e-04
2.458732491558496375e+06 9.930608135186299590e-01 1.142484583613977682e-04
2.458732492838596459e+06 9.931939517936894113e-01 1.142526580104649800e-04
2.458732494118696544e+06 9.933153302156073616e-01 1.142568576595321919e-04
2.458732495398797095e+06 9.934249488221204016e-01 1.142610573101271123e-04
2.458732496678897180e+06 9.935228075334769926e-01 1.142652569591943242e-04
2.458732497958997265e+06 9.936089063916918596e-01 1.142694566082615360e-04
2.458732499239097815e+06 9.936832454216681931e-01 1.142736562588564565e-04
2.458732500519197900e+06 9.937457573344457007e-01 1.142778559079236683e-04
2.458732501799298450e+06 9.937959841585940479e-01 1.142820555585185888e-04
2.458732503079398535e+06 9.938338396340061776e-01 1.142862552075858007e-04
2.458732504359498620e+06 9.938593237812031189e-01 1.142904548566529990e-04
2.458732505639599171e+06 9.938724366027051893e-01 1.142946545072479330e-04
2.458732506919699255e+06 9.938731780889715761e-01 1.142988541563151313e-04
2.458732508199799340e+06 9.938615482470232187e-01 1.143030538053823431e-04
2.458732509479899891e+06 9.938375470658784572e-01 1.143072534559772636e-04
2.458732510759999976e+06 9.938011745629995453e-01 1.143086343689948245e-04
