2.458708000000000000e+06 9.930636872545400839e-01 1.149215209774371140e-04
2.458708001280100085e+06 9.928901933061258234e-01 1.149098882985731334e-04
2.458708002560200635e+06 9.927117473921186486e-01 1.148982556154775524e-04
2.458708003840300720e+06 9.925289065062852245e-01 1.148866229366135854e-04
2.458708005120400805e+06 9.923416705845115038e-01 1.148749902577496048e-04
2.458708006400501356e+06 9.921500395562891095e-01 1.148633575746540103e-04
2.458708007680601440e+06 9.919540135610369624e-01 1.148517248957900433e-04
2.458708008960701525e+06 9.917535925298445187e-01 1.148400922169260627e-04
2.458708010240802076e+06 9.915487763874070160e-01 1.148284595338304681e-04
2.458708011520902161e+06 9.913395652827355908e-01 1.148143771333900981e-04
2.458708012801002711e+06 9.911259590636215533e-01 1.147984100240453774e-04
2.458708014081102796e+06 9.909079578854714798e-01 1.147824429205089987e-04
2.458708015361202881e+06 9.906855616713814427e-01 1.147664758169726065e-04
2.458708016641303431e+06 9.904587703380521857e-01 1.147505087076278857e-04
2.458708017921403516e+06 9.902275840504832782e-01 1.147345416040915071e-04
2.458708019201503601e+06 9.899920027269742961e-01 1.147185745005551420e-04
2.458708020481604151e+06 9.897520262794298196e-01 1.147026073912104212e-04
2.458708021761704236e+06 9.895078983235602310e-01 1.146866402876740290e-04
2.458708023041804321e+06 9.892615989557529410e-01 1.146706731841376503e-04
2.458708024321904872e+06 9.890135631133842864e-01 1.146547060747929296e-04
2.458708025602004956e+06 9.887637909769104727e-01 1.146387389712565373e-04
2.458708026882105041e+06 9.885122824564190891e-01 1.146227718677201722e-04
2.458708028162205592e+06 9.882590374594717453e-01 1.146068047583754515e-04
2.458708029442305677e+06 9.880040561703140600e-01 1.145908376548390728e-04
2.458708030722406227e+06 9.877473384034372028e-01 1.145748705454943520e-04
2.458708032002506312e+06 9.874888843456129939e-01 1.145573826279829759e-04
2.458708033282606397e+06 9.872286939037714371e-01 1.145361839429467600e-04
2.458708034562706947e+06 9.869667669823156686e-01 1.145149852501991020e-04
2.458708035842807032e+06 9.867031037718075881e-01 1.144937865651628862e-04
2.458708037122907117e+06 9.864377041772823818e-01 1.144725878801266703e-04
2.458708038403007668e+06 9.861705681012478131e-01 1.144513891873790259e-04
2.458708039683107752e+06 9.859016957380559720e-01 1.144301905023428100e-04
2.458708040963207837e+06 9.856310869908466721e-01 1.144089918173065942e-04
2.458708042243308388e+06 9.853587596871771215e-01 1.143877931245589497e-04
2.458708043523408473e+06 9.850856730488447566e-01 1.143665944395227339e-04
2.458708044803508557e+06 9.848123725052910782e-01 1.143453957544865045e-04
2.458708046083609108e+06 9.845388579569810394e-01 1.143241970617388600e-04
2.458708047363709193e+06 9.842651296029064634e-01 1.143029983767026577e-04
2.458708048643809743e+06 9.839911872439200957e-01 1.142817996839549997e-04
2.458708049923909828e+06 9.837170310793249550e-01 1.142606009989187839e-04
2.458708051204009913e+06 9.834426610095085008e-01 1.142394023138825680e-04
2.458708052484110463e+06 9.831680769345465531e-01 1.142182722243678406e-04
2.458708053764210548e+06 9.828932790542093123e-01 1.142013032447536348e-04
2.458708055044310633e+06 9.826182672686507580e-01 1.141843342651394289e-04
2.458708056324411184e+06 9.823430414777131192e-01 1.141673652793524264e-04
2.458708057604511268e+06 9.820676018816338892e-01 1.141503962997382206e-04
2.458708058884611353e+06 9.817919483803332348e-01 1.141334273201240283e-04
2.458708060164711904e+06 9.815160808734200160e-01 1.141164583343370122e-04
2.458708061444811989e+06 9.812399995615986859e-01 1.140994893547228064e-04
2.458708062724912073e+06 9.809637043445559312e-01 1.140825203751086005e-04
2.458708064005012624e+06 9.806901891994874720e-01 1.140655513893216116e-04
2.458708065285112709e+06 9.804241540931222243e-01 1.140485824097074057e-04
2.458708066565213259e+06 9.801656555895352785e-01 1.140316134239204032e-04
2.458708067845313344e+06 9.799146938767944182e-01 1.140146444443061974e-04
2.458708069125413429e+06 9.796712688594947371e-01 1.139976754646919915e-04
2.458708070405513979e+06 9.794353804531982233e-01 1.139807064789050026e-04
2.458708071685614064e+06 9.792070288295229297e-01 1.139637374992907967e-04
2.458708072965714149e+06 9.789862139012888154e-01 1.139467685196765909e-04
2.458708074245814700e+06 9.787729355922827335e-01 1.139351297159467506e-04
2.458708075525914785e+06 9.785671940576730066e-01 1.139253467909789267e-04
2.458708076806014869e+06 9.783689892185043480e-01 1.139155638660111028e-04
2.458708078086115420e+06 9.781783210067888090e-01 1.139057809374845615e-04
2.458708079366215505e+06 9.779951895612445378e-01 1.138959980125167377e-04
2.458708080646315590e+06 9.778195948111415570e-01 1.138862150875489138e-04
2.458708081926416140e+06 9.776515366967163390e-01 1.138764321590223590e-04
2.458708083206516225e+06 9.774910153402376345e-01 1.138666492340545351e-04
2.458708084486616310e+06 9.773389903786652289e-01 1.138568663090867112e-04
2.458708085766716860e+06 9.771993438482017291e-01 1.138470833805601699e-04
2.458708087046816945e+06 9.770724866576895318e-01 1.138373004555923461e-04
2.458708088326917496e+06 9.769584187148349086e-01 1.138275175270657912e-04
2.458708089607017580e+06 9.768571401026266976e-01 1.138177346020979809e-04
2.458708090887117665e+06 9.767686507772445070e-01 1.138079516771301570e-04
2.458708092167218216e+06 9.766929507134770594e-01 1.137981687486036022e-04
2.458708093447318301e+06 9.766300399663989662e-01 1.137883858236357783e-04
2.458708094727418385e+06 9.765799185061468934e-01 1.137860373599360384e-04
2.458708096007518936e+06 9.765425863214666213e-01 1.137921652202216025e-04
2.458708097287619021e+06 9.765180434395187570e-01 1.137982930782780469e-04
2.458708098567719106e+06 9.765062898443968020e-01 1.138044209363344778e-04
2.458708099847819656e+06 9.765073255388037055e-01 1.138105487966200419e-04
2.458708101127919741e+06 9.765211505219858479e-01 1.138166766546764864e-04
2.458708102408019826e+06 9.765477647919940107e-01 1.138228045127329173e-04
2.458708103688120376e+06 9.765871683654880897e-01 1.138289323730184814e-04
2.458708104968220461e+06 9.766392836553636769e-01 1.138350602310749259e-04
2.458708106248321012e+06 9.767030836765915325e-01 1.138411880913604900e-04
2.458708107528421097e+06 9.767782487324949692e-01 1.138473159494169344e-04
2.458708108808521181e+06 9.768647788442154090e-01 1.138534438074733789e-04
2.458708110088621732e+06 9.769626740494309347e-01 1.138595716677589430e-04
2.458708111368721817e+06 9.770719342769192961e-01 1.138656995258153874e-04
2.458708112648821902e+06 9.771925595602245496e-01 1.138718273838718183e-04
2.458708113928922452e+06 9.773245499494279676e-01 1.138779552441573825e-04
2.458708115209022537e+06 9.774679053485012536e-01 1.138854733440131263e-04
2.458708116489122622e+06 9.776226258033913208e-01 1.138988127759471038e-04
2.458708117769223172e+06 9.777887113765825200e-01 1.139121522127335500e-04
2.458708119049323257e+06 9.779661619472407308e-01 1.139254916446675410e-04
2.458708120329423342e+06 9.781549775737159447e-01 1.139388310766015048e-04
2.458708121609523892e+06 9.783551583308947031e-01 1.139521705133879646e-04
2.458708122889623977e+06 9.785667040731378385e-01 1.139655099453219420e-04
2.458708124169724528e+06 9.787896149543532376e-01 1.139788493821083883e-04
2.458708125449824613e+06 9.790238821712441419e-01 1.139921888140423657e-04
2.458708126729924697e+06 9.792664105437559607e-01 1.140055282459763567e-04
2.458708128010025248e+06 9.795147013244051015e-01 1.140188676827628029e-04
2.458708129290125333e+06 9.797687543325503956e-01 1.140322071146967939e-04
2.458708130570225418e+06 9.800285696574644323e-01 1.140455465466307577e-04
2.458708131850325968e+06 9.802941473968040942e-01 1.140588859834172175e-04
2.458708133130426053e+06 9.805654873573517172e-01 1.140722254153511949e-04
2.458708134410526138e+06 9.808425896346677497e-01 1.140855648472851723e-04
2.458708135690626688e+06 9.811254543326981548e-01 1.140989042840716186e-04
2.458708136970726773e+06 9.814140812456475516e-01 1.141200289520504315e-04
2.458708138250826858e+06 9.817084704753658020e-01 1.141418462734360026e-04
2.458708139530927408e+06 9.820086221320868392e-01 1.141636636027580420e-04
2.458708140811027493e+06 9.823145359974385649e-01 1.141854809241436131e-04
2.458708142091128044e+06 9.826262122939851684e-01 1.142072982534656525e-04
2.458708143371228129e+06 9.829436507949704804e-01 1.142291155748512236e-04
2.458708144651328214e+06 9.832668516127243130e-01 1.142509328962367811e-04
2.458708145931428764e+06 9.835958148679615487e-01 1.142727502255588341e-04
2.458708147211528849e+06 9.839303717662806203e-01 1.142945675469443916e-04
2.458708148491628934e+06 9.842701516335479184e-01 1.143163848683299762e-04
2.458708149771729484e+06 9.846151413518434703e-01 1.143382021976520021e-04
2.458708151051829569e+06 9.849653406701741609e-01 1.143600195190375867e-04
2.458708152331929654e+06 9.853207497130890280e-01 1.143818368404231442e-04
2.458708153612030204e+06 9.856813686127178231e-01 1.144036541697451972e-04
2.458708154892130289e+06 9.860471971066963048e-01 1.144254714911307547e-04
2.458708156172230374e+06 9.864182353252589630e-01 1.144472888125163258e-04
2.458708157452330925e+06 9.867944834062210013e-01 1.144721961497502215e-04
2.458708158732431009e+06 9.871759410758472741e-01 1.144988129732467738e-04
2.458708160012531094e+06 9.875626084700575014e-01 1.145254297967433397e-04
2.458708161292631645e+06 9.879544857323527829e-01 1.145520466299222782e-04
2.458708162572731730e+06 9.883515725776266247e-01 1.145786634534188577e-04
2.458708163852832280e+06 9.887538692947756003e-01 1.146052802865977962e-04
2.458708165132932365e+06 9.891613755911129457e-01 1.146318971100943621e-04
2.458708166413032450e+06 9.895740916120346897e-01 1.146585139335909144e-04
2.458708167693133000e+06 9.899902568075765741e-01 1.146851307667698665e-04
2.458708168973233085e+06 9.903995798265271544e-01 1.147117475902664188e-04
2.458708170253333170e+06 9.908003903821660519e-01 1.147383644137629712e-04
2.458708171533433720e+06 9.911926886156505745e-01 1.147649812469419233e-04
2.458708172813533805e+06 9.915764742415689170e-01 1.147915980704384891e-04
2.458708174093633890e+06 9.919517474041753546e-01 1.148182148939350550e-04
2.458708175373734441e+06 9.923185082353379594e-01 1.148448317271139936e-04
2.458708176653834525e+06 9.926767564682240641e-01 1.148714485506105594e-04
2.458708177933934610e+06 9.930264922377980419e-01 1.148959573225021041e-04
2.458708179214035161e+06 9.933677156666383956e-01 1.149168664938314207e-04
2.458708180494135246e+06 9.937004265064920405e-01 1.149377756575546390e-04
2.458708181774235796e+06 9.940246249994187933e-01 1.149586848288839422e-04
2.458708183054335881e+06 9.943403109095519943e-01 1.149795939926071469e-04
2.458708184334435966e+06 9.946474843563734014e-01 1.150005031563303517e-04
2.458708185614536516e+06 9.949461454469780142e-01 1.150214123276596683e-04
2.458708186894636601e+06 9.952362939640787554e-01 1.150423214913828866e-04
2.458708188174736686e+06 9.955179737137477280e-01 1.150632306551060778e-04
2.458708189454837237e+06 9.957922850883949017e-01 1.150841398264353945e-04
2.458708190734937321e+06 9.960597062060911888e-01 1.151050489901585993e-04
2.458708192015037406e+06 9.963202371678760993e-01 1.151259581538818040e-04
2.458708193295137957e+06 9.965738780647632744e-01 1.151468673252111343e-04
2.458708194575238042e+06 9.968206287122193254e-01 1.151677764889343255e-04
2.458708195855338126e+06 9.970604892037637779e-01 1.151886856526575302e-04
2.458708197135438677e+06 9.972934596228912874e-01 1.152095948239868469e-04
2.458708198415538762e+06 9.975195398001066582e-01 1.152296041058306305e-04
2.458708199695639312e+06 9.977387298998923182e-01 1.152410264683168808e-04
2.458708200975739397e+06 9.979510297627784965e-01 1.152524488266480347e-04
2.458708202255839482e+06 9.981564394697535203e-01 1.152638711849791750e-04
2.458708203535940032e+06 9.983549590917792926e-01 1.152752935474654253e-04
2.458708204816040117e+06 9.985465884844251239e-01 1.152867159057965657e-04
2.458708206096140202e+06 9.987313277211594675e-01 1.152981382641277060e-04
2.458708207376240753e+06 9.989091768654254633e-01 1.153095606266139699e-04
2.458708208656340837e+06 9.990801357878307254e-01 1.153209829849451102e-04
2.458708209936440922e+06 9.992403404930806365e-01 1.153324053432762641e-04
2.458708211216541473e+06 9.993852353043449765e-01 1.153438277057625009e-04
2.458708212496641558e+06 9.995148125466574163e-01 1.153552500640936548e-04
2.458708213776741643e+06 9.996290722755120095e-01 1.153666724224247951e-04
2.458708215056842193e+06 9.997280145241149718e-01 1.153780947849110454e-04
2.458708216336942278e+06 9.998116392204821068e-01 1.153895171432421857e-04
2.458708217617042828e+06 9.998799464254536362e-01 1.154009395057284496e-04
2.458708218897142913e+06 9.999329360893334240e-01 1.154123618640595899e-04
2.458708220177242998e+06 9.999706082397552542e-01 1.154108545029875550e-04
2.458708221457343549e+06 9.999929628820655170e-01 1.154065161172358490e-04
2.458708222737443633e+06 1.000000000000000000e+00 1.154021777330623076e-04
2.458708224017543718e+06 9.999917196044765255e-01 1.153978393488887662e-04
2.458708225297644269e+06 9.999681216841254106e-01 1.153935009631370465e-04
2.458708226577744354e+06 9.999292062561148109e-01 1.153891625789635187e-04
2.458708227857844438e+06 9.998749733146462537e-01 1.153848241947899773e-04
2.458708229137944989e+06 9.998054228316336500e-01 1.153804858090382712e-04
2.458708230418045074e+06 9.997206939810671100e-01 1.153761474248647163e-04
2.458708231698145159e+06 9.996212139205864489e-01 1.153718090406911749e-04
2.458708232978245709e+06 9.995070125381657622e-01 1.153674706549394688e-04
2.458708234258345794e+06 9.993780899168913656e-01 1.153631322707659410e-04
2.458708235538445879e+06 9.992344460178975707e-01 1.153587938865923860e-04
2.458708236818546429e+06 9.990760807808983790e-01 1.153544555008406800e-04
2.458708238098646514e+06 9.989029943211106266e-01 1.153501171166671386e-04
2.458708239378747065e+06 9.987151865126074890e-01 1.153457787309154325e-04
2.458708240658847149e+06 9.985126574920260012e-01 1.153311862919584058e-04
2.458708241938947234e+06 9.982954071937253371e-01 1.153080639368257650e-04
2.458708243219047785e+06 9.980634355306433614e-01 1.152849415732819379e-04
2.458708244499147870e+06 9.978167426715487398e-01 1.152618192181493106e-04
2.458708245779247954e+06 9.975553285347348309e-01 1.152386968630166833e-04
2.458708247059348505e+06 9.972791930170744612e-01 1.152155744994728427e-04
2.458708248339448590e+06 9.969883363194665948e-01 1.151924521443402154e-04
2.458708249619548675e+06 9.966827583441394411e-01 1.151693297892075881e-04
2.458708250899649225e+06 9.963629503667132958e-01 1.151462074256637611e-04
2.458708252179749310e+06 9.960332773089128899e-01 1.151230850705311202e-04
2.458708253459849395e+06 9.956947680335437312e-01 1.150999627153985065e-04
2.458708254739949945e+06 9.953474224126445113e-01 1.150768403518546659e-04
2.458708256020050030e+06 9.949912406989229741e-01 1.150537179967220386e-04
2.458708257300150581e+06 9.946262226332428513e-01 1.150305956331782115e-04
2.458708258580250666e+06 9.942523684811689355e-01 1.150074732780455842e-04
2.458708259860350750e+06 9.938696781115260448e-01 1.149843509229129434e-04
2.458708261140451301e+06 9.934781513802815045e-01 1.149592663529672241e-04
2.458708262420551386e+06 9.930777885722864573e-01 1.149289143850483046e-04
2.458708263700651471e+06 9.926685895467221021e-01 1.148985624171293987e-04
2.458708264980752021e+06 9.922505541499134774e-01 1.148682104381693573e-04
2.458708266260852106e+06 9.918236826859969657e-01 1.148378584702504514e-04
2.458708267540952191e+06 9.913879750045115902e-01 1.148075065023315455e-04
2.458708268821052741e+06 9.909434309421383258e-01 1.147771545233715177e-04
2.458708270101152826e+06 9.904900508223006828e-01 1.147468025554526118e-04
2.458708271381252911e+06 9.900278892349141380e-01 1.147164505875336924e-04
2.458708272661353461e+06 9.895606939916049560e-01 1.146860986085736645e-04
2.458708273941453546e+06 9.890907454171807833e-01 1.146557466406547586e-04
2.458708275221554097e+06 9.886180431697360049e-01 1.146253946616947308e-04
2.458708276501654182e+06 9.881425875931796332e-01 1.145950426937758249e-04
2.458708277781754266e+06 9.876643785160578171e-01 1.145646907258569055e-04
2.458708279061854817e+06 9.871834157629103546e-01 1.145343387468968776e-04
2.458708280341954902e+06 9.866996996836563394e-01 1.145039867789779582e-04
2.458708281622054987e+06 9.862132301038367688e-01 1.144736348110590523e-04
2.458708282902155537e+06 9.857240068449866222e-01 1.144412650521908049e-04
2.458708284182255622e+06 9.852320302630349635e-01 1.144088890917459246e-04
2.458708285462355707e+06 9.847373001805176385e-01 1.143765131313010308e-04
2.458708286742456257e+06 9.842398164159648077e-01 1.143441371590787469e-04
2.458708288022556342e+06 9.837395793313152836e-01 1.143117611986338666e-04
2.458708289302656427e+06 9.832365887461003151e-01 1.142793852381889728e-04
2.458708290582756978e+06 9.827308444758449113e-01 1.142470092659667025e-04
2.458708291862857062e+06 9.822223468884975217e-01 1.142146333055218222e-04
2.458708293142957147e+06 9.817122685336834298e-01 1.141822573450769284e-04
2.458708294423057698e+06 9.812025788090229517e-01 1.141498813728546445e-04
2.458708295703157783e+06 9.806933093243267452e-01 1.141175054124097643e-04
2.458708296983258333e+06 9.801844597090816347e-01 1.140851294401874940e-04
2.458708298263358418e+06 9.796760303334953734e-01 1.140527534797426137e-04
2.458708299543458503e+06 9.791680210123874240e-01 1.140203775192977199e-04
2.458708300823559053e+06 9.786604315611890925e-01 1.139880015470754495e-04
2.458708302103659138e+06 9.781532623491910883e-01 1.139556255866305693e-04
2.458708303383759223e+06 9.776465131916713958e-01 1.139225989344047689e-04
2.458708304663859773e+06 9.771401839045197324e-01 1.138893222859245984e-04
2.458708305943959858e+06 9.766342748561098741e-01 1.138560456495494504e-04
2.458708307224059943e+06 9.761287858621786606e-01 1.138227690131743023e-04
2.458708308504160494e+06 9.756237167390736653e-01 1.137894923646941454e-04
2.458708309784260578e+06 9.751190678542520640e-01 1.137562157283189974e-04
2.458708311064360663e+06 9.746148390239091075e-01 1.137229390919438629e-04
2.458708312344461214e+06 9.741110300648507803e-01 1.136896624434636789e-04
2.458708313624561299e+06 9.736099377608916638e-01 1.136563858070885444e-04
2.458708314904661849e+06 9.731215226444321909e-01 1.136231091586083875e-04
2.458708316184761934e+06 9.726469387737767258e-01 1.135898325222332395e-04
2.458708317464862019e+06 9.721861859687392915e-01 1.135565558858580914e-04
2.458708318744962569e+06 9.717392640692590344e-01 1.135232792373779210e-04
2.458708320025062654e+06 9.713061734004888592e-01 1.134900026010027729e-04
2.458708321305162739e+06 9.708869137973367147e-01 1.134567259646276249e-04
2.458708322585263290e+06 9.704814851148356736e-01 1.134234493161474680e-04
2.458708323865363374e+06 9.700898876479507882e-01 1.133969891390791934e-04
2.458708325145463459e+06 9.697121212466839335e-01 1.133789289665775967e-04
2.458708326425564010e+06 9.693481857811621083e-01 1.133608687875062499e-04
2.458708327705664095e+06 9.689980815161625127e-01 1.133428086150046397e-04
2.458708328985764179e+06 9.686618083167809479e-01 1.133247484425030295e-04
2.458708330265864730e+06 9.683393660682383386e-01 1.133066882634316827e-04
2.458708331545964815e+06 9.680307550051239218e-01 1.132886280909300725e-04
2.458708332826065365e+06 9.677359749029114111e-01 1.132705679118587257e-04
2.458708334106165450e+06 9.674549402695935552e-01 1.132525077393571291e-04
2.458708335386265535e+06 9.671863830633362635e-01 1.132344475668555189e-04
2.458708336666366085e+06 9.669298814513586082e-01 1.132163873877841721e-04
2.458708337946466170e+06 9.666854356202750909e-01 1.131983272152825619e-04
2.458708339226566255e+06 9.664530454745859922e-01 1.131802670427809517e-04
2.458708340506666806e+06 9.662327109363327837e-01 1.131622068637096049e-04
2.458708341786766890e+06 9.660244321658173483e-01 1.131441466912080083e-04
2.458708343066866975e+06 9.658282090806962206e-01 1.131260865187064116e-04
2.458708344346967526e+06 9.656440416161674589e-01 1.131102853218233438e-04
2.458708345627067611e+06 9.654719299062201054e-01 1.131052464606556717e-04
2.458708346907167695e+06 9.653118738816670596e-01 1.131002075994879861e-04
2.458708348187268246e+06 9.651638734908628559e-01 1.130951687364873347e-04
2.458708349467368331e+06 9.650279288414834733e-01 1.130901298753196626e-04
2.458708350747468881e+06 9.649040398346241387e-01 1.130850910123189977e-04
2.458708352027568966e+06 9.647922065604187525e-01 1.130800521511513256e-04
2.458708353307669051e+06 9.646924289716074519e-01 1.130750132899836400e-04
2.458708354587769601e+06 9.646047091397292883e-01 1.130699744269830022e-04
2.458708355867869686e+06 9.645307586443720993e-01 1.130649355658153166e-04
2.458708357147969771e+06 9.644720633568771850e-01 1.130598967046476445e-04
2.458708358428070322e+06 9.644286232642170775e-01 1.130548578416469796e-04
2.458708359708170407e+06 9.644004383979963846e-01 1.130498189804792939e-04
2.458708360988270491e+06 9.643875087396378554e-01 1.130447801193116354e-04
2.458708362268371042e+06 9.643898342927623712e-01 1.130397412563109705e-04
2.458708363548471127e+06 9.644074150556778413e-01 1.130347023951432984e-04
2.458708364828571212e+06 9.644402510264558082e-01 1.130296635339756128e-04
2.458708366108671762e+06 9.644883422253648364e-01 1.130366646929196084e-04
2.458708367388771847e+06 9.645516886174168025e-01 1.130450185016979622e-04
2.458708368668871932e+06 9.646302902173310434e-01 1.130533723104762888e-04
2.458708369948972482e+06 9.647241470620246950e-01 1.130617261222934851e-04
2.458708371229072567e+06 9.648332590832131572e-01 1.130700799310718118e-04
2.458708372509173118e+06 9.649576263602794857e-01 1.130784337428890216e-04
2.458708373789273202e+06 9.650972488027419471e-01 1.130867875516673482e-04
2.458708375069373287e+06 9.652521264530666834e-01 1.130951413604456749e-04
2.458708376349473838e+06 9.654205483118016851e-01 1.131034951722628711e-04
2.458708377629573923e+06 9.655984952875278360e-01 1.131118489810412113e-04
2.458708378909674007e+06 9.657858000759629302e-01 1.131202027898195380e-04
2.458708380189774558e+06 9.659824627503488248e-01 1.131285566016367343e-04
2.458708381469874643e+06 9.661884831676058605e-01 1.131369104104150609e-04
2.458708382749974728e+06 9.664038613975718395e-01 1.131452642191934011e-04
2.458708384030075278e+06 9.666285975237007833e-01 1.131536180310105974e-04
2.458708385310175363e+06 9.668626913824887037e-01 1.131619718397889376e-04
2.458708386590275448e+06 9.671061430539854564e-01 1.131761492061472089e-04
2.458708387870375998e+06 9.673589526318575604e-01 1.131938279061103656e-04
2.458708389150476083e+06 9.676211199321762546e-01 1.132115065996425500e-04
2.458708390430576634e+06 9.678926451456784097e-01 1.132291852996057202e-04
2.458708391710676719e+06 9.681735280748191563e-01 1.132468639931379182e-04
2.458708392990776803e+06 9.684637688166686242e-01 1.132645426866701161e-04
2.458708394270877354e+06 9.687633674819139395e-01 1.132822213866332728e-04
2.458708395550977439e+06 9.690723238525853489e-01 1.132999000801654708e-04
2.458708396831077524e+06 9.693905592178100328e-01 1.133175787736976687e-04
2.458708398111178074e+06 9.697175758774260190e-01 1.133352574736608254e-04
2.458708399391278159e+06 9.700532863281325913e-01 1.133529361671930098e-04
2.458708400671378244e+06 9.703976906873069685e-01 1.133706148607252078e-04
2.458708401951478794e+06 9.707507890849766952e-01 1.133882935606883780e-04
2.458708403231578879e+06 9.711125812642492638e-01 1.134059722542205760e-04
2.458708404511678964e+06 9.714830673519896376e-01 1.134236509477527604e-04
2.458708405791779514e+06 9.718622474877132156e-01 1.134413296477159306e-04
2.458708407071879599e+06 9.722501213955518917e-01 1.134647075047365966e-04
2.458708408351980150e+06 9.726466893576989348e-01 1.134986679086480291e-04
2.458708409632080235e+06 9.730519510856359133e-01 1.135326283002057097e-04
2.458708410912180319e+06 9.734659067220405859e-01 1.135665886917633903e-04
2.458708412192280870e+06 9.738885564222414803e-01 1.136005490956748228e-04
2.458708413472380955e+06 9.743198998787444554e-01 1.136345094872325033e-04
2.458708414752481040e+06 9.747599372437153464e-01 1.136684698787901839e-04
2.458708416032581590e+06 9.752086686819699812e-01 1.137024302827016029e-04
2.458708417312681675e+06 9.756658559982325229e-01 1.137363906742592834e-04
2.458708418592781760e+06 9.761244862513968057e-01 1.137703510658169776e-04
2.458708419872882310e+06 9.765813042532963673e-01 1.138043114697284100e-04
2.458708421152982395e+06 9.770363096715783957e-01 1.138382718612860906e-04
2.458708422433082480e+06 9.774895026727489222e-01 1.138722322528437712e-04
2.458708423713183030e+06 9.779408834206767542e-01 1.139061926567552037e-04
2.458708424993283115e+06 9.783904515869650265e-01 1.139401530483128707e-04
2.458708426273383666e+06 9.788382074986919923e-01 1.139741134522243032e-04
2.458708427553483751e+06 9.792841508300980102e-01 1.140075688222777809e-04
2.458708428833583836e+06 9.797282817443925262e-01 1.140348447591168785e-04
2.458708430113684386e+06 9.801706004021477625e-01 1.140621207058781336e-04
2.458708431393784471e+06 9.806111064815600242e-01 1.140893966427172177e-04
2.458708432673884556e+06 9.810498001438607840e-01 1.141166725795563289e-04
2.458708433953985106e+06 9.814866815476444017e-01 1.141439485263175704e-04
2.458708435234085191e+06 9.819217503750627962e-01 1.141712244631566680e-04
2.458708436514185276e+06 9.823550067853696888e-01 1.141985003999957657e-04
2.458708437794285826e+06 9.827864509351816880e-01 1.142257763467570208e-04
2.458708439074385911e+06 9.832137462201117062e-01 1.142530522835961184e-04
2.458708440354485996e+06 9.836339320003161246e-01 1.142803282204352160e-04
2.458708441634586547e+06 9.840469983260312636e-01 1.143076041671964576e-04
2.458708442914686631e+06 9.844529448967350715e-01 1.143348801040355687e-04
2.458708444194786716e+06 9.848517718639838714e-01 1.143621560408746528e-04
2.458708445474887267e+06 9.852434793689734960e-01 1.143894319876359079e-04
2.458708446754987352e+06 9.856280671267216853e-01 1.144167079244750191e-04
2.458708448035087902e+06 9.860055354170312869e-01 1.144439838712362606e-04
2.458708449315187987e+06 9.863758839652789767e-01 1.144635277012982994e-04
2.458708450595288072e+06 9.867391129100715474e-01 1.144811513942494221e-04
2.458708451875388622e+06 9.870952223796555236e-01 1.144987750936115136e-04
2.458708453155488707e+06 9.874442121149475948e-01 1.145163987865626364e-04
2.458708454435588792e+06 9.877860822467843249e-01 1.145340224795137726e-04
2.458708455715689342e+06 9.881208328956428977e-01 1.145516461788758506e-04
2.458708456995789427e+06 9.884484638179793503e-01 1.145692698718269869e-04
2.458708458275889512e+06 9.887689751368603508e-01 1.145868935647780960e-04
2.458708459555990063e+06 9.890823217622785046e-01 1.146045172641402011e-04
2.458708460836090147e+06 9.893883551050401959e-01 1.146221409570913102e-04
2.458708462116190232e+06 9.896870636878015715e-01 1.146397646500424465e-04
2.458708463396290783e+06 9.899784476152265755e-01 1.146573883494045245e-04
2.458708464676390868e+06 9.902625066753225624e-01 1.146750120423556607e-04
2.458708465956491418e+06 9.905392410747532184e-01 1.146926357417177522e-04
2.458708467236591503e+06 9.908086506121839276e-01 1.147102594346688750e-04
2.458708468516691588e+06 9.910707353896140992e-01 1.147278831276200113e-04
2.458708469796792138e+06 9.913254954983855560e-01 1.147463912117517706e-04
2.458708471076892223e+06 9.915729307531504499e-01 1.147656943778819247e-04
2.458708472356992308e+06 9.918130412479149172e-01 1.147849975440120652e-04
2.458708473637092859e+06 9.920458270660271749e-01 1.148043007171641223e-04
2.458708474917192943e+06 9.922712880381261424e-01 1.148236038832942628e-04
2.458708476197293028e+06 9.924894242502250163e-01 1.148429070494244169e-04
2.458708477477393579e+06 9.927002357776778529e-01 1.148622102225764605e-04
2.458708478757493664e+06 9.929037224671113382e-01 1.148815133887066145e-04
2.458708480037593748e+06 9.930993946248273252e-01 1.149008165548367550e-04
2.458708481317694299e+06 9.932824850081543033e-01 1.149201197279888122e-04
2.458708482597794384e+06 9.934517886503253514e-01 1.149394228941189527e-04
2.458708483877894934e+06 9.936073056745152732e-01 1.149587260672710098e-04
2.458708485157995019e+06 9.937490359675797968e-01 1.149780292334011503e-04
2.458708486438095104e+06 9.938769795885985525e-01 1.149973323995312908e-04
2.458708487718195654e+06 9.939911365765907725e-01 1.150166355726833480e-04
2.458708488998295739e+06 9.940915068485027817e-01 1.150359387388134885e-04
2.458708490278395824e+06 9.941780904483691339e-01 1.150491235769570601e-04
2.458708491558496375e+06 9.942508874001637631e-01 1.150441573141555089e-04
2.458708492838596459e+06 9.943098976509234799e-01 1.150391910531605230e-04
2.458708494118696544e+06 9.943551212296374286e-01 1.150342247921655372e-04
2.458708495398797095e+06 9.943865581452341340e-01 1.150292585293639859e-04
2.458708496678897180e+06 9.944042083748416694e-01 1.150242922683690001e-04
2.458708497958997265e+06 9.944080719324033257e-01 1.150193260073740142e-04
2.458708499239097815e+06 9.943981488118021073e-01 1.150143597445724494e-04
2.458708500519197900e+06 9.943744511048822066e-01 1.150093934835774636e-04
2.458708501799298450e+06 9.943380810783949419e-01 1.150044272207758988e-04
2.458708503079398535e+06 9.942897564428879731e-01 1.149994609597809129e-04
2.458708504359498620e+06 9.942294771873051440e-01 1.149944946987859406e-04
2.458708505639599171e+06 9.941572432831957684e-01 1.149895284359843894e-04
2.458708506919699255e+06 9.940730547831129194e-01 1.149845621749893900e-04
2.458708508199799340e+06 9.939769116629540990e-01 1.149795959139944041e-04
2.458708509479899891e+06 9.938688138812225015e-01 1.149746296511928529e-04
2.458708510759999976e+06 9.937487615165636612e-01 1.149696633901978670e-04
