2.458953000000000000e+06 9.646131164194341467e-01 1.138333831189742548e-04
2.458953001280100085e+06 9.643199349950350996e-01 1.138099935122940210e-04
2.458953002560200635e+06 9.640407913360755643e-01 1.137866038971053616e-04
2.458953003840300720e+06 9.637807968770893963e-01 1.137632142904251278e-04
2.458953005120400805e+06 9.635399642529385300e-01 1.137398246837448940e-04
2.458953006400501356e+06 9.633182933864711250e-01 1.137164350685562346e-04
2.458953007680601440e+06 9.631157844389612865e-01 1.136930454618760008e-04
2.458953008960701525e+06 9.629324373262866388e-01 1.136696558551957670e-04
2.458953010240802076e+06 9.627682519922069471e-01 1.136462662400071076e-04
2.458953011520902161e+06 9.626232285561733271e-01 1.136228766333268738e-04
2.458953012801002711e+06 9.624973669126754006e-01 1.136253283598847441e-04
2.458953014081102796e+06 9.623906671532828083e-01 1.136338339112658475e-04
2.458953015361202881e+06 9.623031292287254068e-01 1.136423394626469372e-04
2.458953016641303431e+06 9.622347531176153046e-01 1.136508450171220825e-04
2.458953017921403516e+06 9.621855388696988198e-01 1.136593505685031859e-04
2.458953019201503601e+06 9.621554864566176368e-01 1.136678561198842756e-04
2.458953020481604151e+06 9.621445958778952479e-01 1.136763616743594209e-04
2.458953021761704236e+06 9.621528671414549816e-01 1.136848672257405378e-04
2.458953023041804321e+06 9.621780648819856507e-01 1.136933727771216276e-04
2.458953024321904872e+06 9.622130750247986919e-01 1.137018783315967729e-04
2.458953025602004956e+06 9.622573685423320144e-01 1.137103838829778762e-04
2.458953026882105041e+06 9.623109454456324485e-01 1.137188894343589795e-04
2.458953028162205592e+06 9.623738057592555739e-01 1.137273949888341248e-04
2.458953029442305677e+06 9.624459494374678625e-01 1.137359005402152281e-04
2.458953030722406227e+06 9.625273765327566622e-01 1.137444060946903734e-04
2.458953032002506312e+06 9.626180869858805833e-01 1.137529116460714632e-04
2.458953033282606397e+06 9.627180808247718380e-01 1.137596228627029359e-04
2.458953034562706947e+06 9.628273580908706109e-01 1.137647762382931700e-04
2.458953035842807032e+06 9.629459187046736091e-01 1.137699296120087643e-04
2.458953037122907117e+06 9.630737627042439408e-01 1.137750829857243722e-04
2.458953038403007668e+06 9.632108901411526869e-01 1.137802363613146063e-04
2.458953039683107752e+06 9.633573009156347622e-01 1.137853897350302141e-04
2.458953040963207837e+06 9.635129950758839490e-01 1.137905431087458084e-04
2.458953042243308388e+06 9.636779726836028903e-01 1.137956964843360561e-04
2.458953043523408473e+06 9.638525259896868480e-01 1.138008498580516504e-04
2.458953044803508557e+06 9.640393876648077898e-01 1.138060032317672447e-04
2.458953046083609108e+06 9.642392277278563073e-01 1.138111566073574923e-04
2.458953047363709193e+06 9.644520460334410350e-01 1.138163099810731002e-04
2.458953048643809743e+06 9.646778427363955633e-01 1.138214633566633343e-04
2.458953049923909828e+06 9.649166176724439659e-01 1.138266167303789422e-04
2.458953051204009913e+06 9.651683709213637608e-01 1.138317701040945365e-04
2.458953052484110463e+06 9.654331025818166934e-01 1.138369234796847705e-04
2.458953053764210548e+06 9.657108124612001632e-01 1.138473653147588539e-04
2.458953055044310633e+06 9.660015006534549142e-01 1.138728313982057840e-04
2.458953056324411184e+06 9.663051672714063622e-01 1.138982974909165033e-04
2.458953057604511268e+06 9.666218120941248992e-01 1.139237635743634334e-04
2.458953058884611353e+06 9.669514352297147175e-01 1.139492296578103634e-04
2.458953060164711904e+06 9.672940368051644588e-01 1.139746957505210963e-04
2.458953061444811989e+06 9.676496165712180630e-01 1.140001618339680264e-04
2.458953062724912073e+06 9.680181746501430595e-01 1.140256279174149565e-04
2.458953064005012624e+06 9.683996399009361378e-01 1.140510940101256893e-04
2.458953065285112709e+06 9.687882745806047913e-01 1.140765600935726194e-04
2.458953066565213259e+06 9.691804478224915753e-01 1.141020261862833252e-04
2.458953067845313344e+06 9.695761593412756119e-01 1.141274922697302688e-04
2.458953069125413429e+06 9.699754092789737436e-01 1.141529583531771989e-04
2.458953070405513979e+06 9.703781977827515837e-01 1.141784244458879182e-04
2.458953071685614064e+06 9.707845245595650985e-01 1.142038905293348618e-04
2.458953072965714149e+06 9.711943897552927085e-01 1.142293566127817919e-04
2.458953074245814700e+06 9.716077935209616045e-01 1.142548227054925112e-04
2.458953075525914785e+06 9.720247355558044866e-01 1.142825469146942793e-04
2.458953076806014869e+06 9.724452160095616859e-01 1.143103045096832920e-04
2.458953078086115420e+06 9.728692350371214159e-01 1.143380621147696558e-04
2.458953079366215505e+06 9.732967923299938873e-01 1.143658197097586549e-04
2.458953080646315590e+06 9.737278880417805649e-01 1.143935773047476541e-04
2.458953081926416140e+06 9.741625223312313508e-01 1.144213349098340178e-04
2.458953083206516225e+06 9.746006948821333005e-01 1.144490925048230305e-04
2.458953084486616310e+06 9.750424058519493453e-01 1.144768500998120161e-04
2.458953085766716860e+06 9.754854536675784393e-01 1.145046077048983933e-04
2.458953087046816945e+06 9.759259865246177057e-01 1.145323652998873789e-04
2.458953088326917496e+06 9.763639339708393150e-01 1.145601229049737427e-04
2.458953089607017580e+06 9.767992956876194732e-01 1.145878804999627554e-04
2.458953090887117665e+06 9.772320718347402568e-01 1.146156380949517545e-04
2.458953092167218216e+06 9.776622625682218626e-01 1.146433957000381182e-04
2.458953093447318301e+06 9.780898675750837601e-01 1.146711532950271174e-04
2.458953094727418385e+06 9.785148870122863940e-01 1.146989108900161301e-04
2.458953096007518936e+06 9.789373210330278852e-01 1.147230304120961465e-04
2.458953097287619021e+06 9.793571693299714109e-01 1.147456676147636971e-04
2.458953098567719106e+06 9.797744320572556731e-01 1.147683048174312747e-04
2.458953099847819656e+06 9.801891093652572717e-01 1.147909420283335576e-04
2.458953101127919741e+06 9.806012009522825368e-01 1.148135792310011217e-04
2.458953102408019826e+06 9.810107069696484272e-01 1.148362164336686858e-04
2.458953103688120376e+06 9.814176275649100223e-01 1.148588536445709822e-04
2.458953104968220461e+06 9.818219624420169156e-01 1.148814908472385328e-04
2.458953106248321012e+06 9.822233852599535631e-01 1.149041280581408292e-04
2.458953107528421097e+06 9.826204143289226645e-01 1.149267652608083797e-04
2.458953108808521181e+06 9.830128684780350401e-01 1.149494024634759574e-04
2.458953110088621732e+06 9.834007478475574882e-01 1.149720396743782403e-04
2.458953111368721817e+06 9.837840521552925210e-01 1.149946768770458044e-04
2.458953112648821902e+06 9.841627815431712722e-01 1.150173140797133684e-04
2.458953113928922452e+06 9.845369361464672009e-01 1.150399512906156649e-04
2.458953115209022537e+06 9.849065156929683873e-01 1.150625884932832154e-04
2.458953116489122622e+06 9.852715203196130700e-01 1.150847518081702953e-04
2.458953117769223172e+06 9.856319501566825902e-01 1.151063010886058352e-04
2.458953119049323257e+06 9.859878049419498192e-01 1.151278503612024036e-04
2.458953120329423342e+06 9.863390848073607664e-01 1.151493996337989720e-04
2.458953121609523892e+06 9.866857898782034342e-01 1.151709489142345254e-04
2.458953122889623977e+06 9.870279199022369276e-01 1.151924981868310938e-04
2.458953124169724528e+06 9.873654751283741371e-01 1.152140474672666472e-04
2.458953125449824613e+06 9.876984553110301768e-01 1.152355967398632156e-04
2.458953126729924697e+06 9.880267360399850318e-01 1.152571460124597976e-04
2.458953128010025248e+06 9.883483298872927092e-01 1.152786952928953239e-04
2.458953129290125333e+06 9.886625463658375024e-01 1.153002445654919059e-04
2.458953130570225418e+06 9.889693855939469813e-01 1.153217938380884878e-04
2.458953131850325968e+06 9.892688476792144137e-01 1.153433431185240277e-04
2.458953133130426053e+06 9.895609324037698551e-01 1.153648923911205961e-04
2.458953134410526138e+06 9.898456398778898713e-01 1.153864416637171645e-04
2.458953135690626688e+06 9.901229702011171696e-01 1.154079909441527179e-04
2.458953136970726773e+06 9.903929231716829262e-01 1.154282627673511248e-04
2.458953138250826858e+06 9.906554988918137017e-01 1.154418610074234476e-04
2.458953139530927408e+06 9.909106974530005330e-01 1.154554592524423886e-04
2.458953140811027493e+06 9.911585186695770489e-01 1.154690574925147114e-04
2.458953142091128044e+06 9.913989627218426914e-01 1.154826557375336523e-04
2.458953143371228129e+06 9.916320294348651698e-01 1.154962539776059616e-04
2.458953144651328214e+06 9.918577188974523340e-01 1.155098522176782844e-04
2.458953145931428764e+06 9.920760311876775095e-01 1.155234504626972389e-04
2.458953147211528849e+06 9.922869643552757468e-01 1.155370487027695481e-04
2.458953148491628934e+06 9.924870404137725588e-01 1.155506469428418709e-04
2.458953149771729484e+06 9.926730848047864431e-01 1.155642451878608119e-04
2.458953151051829569e+06 9.928450973929628942e-01 1.155778434279331211e-04
2.458953152331929654e+06 9.930030782485315122e-01 1.155914416680054439e-04
2.458953153612030204e+06 9.931470274213042293e-01 1.156050399130243849e-04
2.458953154892130289e+06 9.932769448065524864e-01 1.156186381530967077e-04
2.458953156172230374e+06 9.933928304591926883e-01 1.156322363931690169e-04
2.458953157452330925e+06 9.934946844137240163e-01 1.156458346381879579e-04
2.458953158732431009e+06 9.935825065960439684e-01 1.156480049183184394e-04
2.458953160012531094e+06 9.936562970457557542e-01 1.156487010349317799e-04
2.458953161292631645e+06 9.937160557820459150e-01 1.156493971517983494e-04
2.458953162572731730e+06 9.937617827614373400e-01 1.156500932684116899e-04
2.458953163852832280e+06 9.937934780171985283e-01 1.156507893852782594e-04
2.458953165132932365e+06 9.938111415262695925e-01 1.156514855018916270e-04
2.458953166413032450e+06 9.938147733027330455e-01 1.156521816185049676e-04
2.458953167693133000e+06 9.938043733402528446e-01 1.156528777353715371e-04
2.458953168973233085e+06 9.937806739399331901e-01 1.156535738519848776e-04
2.458953170253333170e+06 9.937454756234872510e-01 1.156542699685982317e-04
2.458953171533433720e+06 9.936988612397275045e-01 1.156549660854648011e-04
2.458953172813533805e+06 9.936408308225678221e-01 1.156556622020781417e-04
2.458953174093633890e+06 9.935713843571276627e-01 1.156563583186914822e-04
2.458953175373734441e+06 9.934905218119152170e-01 1.156570544355580517e-04
2.458953176653834525e+06 9.933982432457610923e-01 1.156577505521714057e-04
2.458953177933934610e+06 9.932945486313268235e-01 1.156584466687847463e-04
2.458953179214035161e+06 9.931794379246615678e-01 1.156498009591365027e-04
2.458953180494135246e+06 9.930529112095131117e-01 1.156352031786058029e-04
2.458953181774235796e+06 9.929149683938286453e-01 1.156206053927648705e-04
2.458953183054335881e+06 9.927656095779665568e-01 1.156060076122341571e-04
2.458953184334435966e+06 9.926048347138239913e-01 1.155914098317034573e-04
2.458953185614536516e+06 9.924326437366867149e-01 1.155768120458625249e-04
2.458953186894636601e+06 9.922490367718302950e-01 1.155622142653318116e-04
2.458953188174736686e+06 9.920540137586933982e-01 1.155476164848011117e-04
2.458953189454837237e+06 9.918484322646483609e-01 1.155330186989601794e-04
2.458953190734937321e+06 9.916380283919139504e-01 1.155184209184294660e-04
2.458953192015037406e+06 9.914238636510258607e-01 1.155038231378987661e-04
2.458953193295137957e+06 9.912059379620254962e-01 1.154892253520578338e-04
2.458953194575238042e+06 9.909842514834622529e-01 1.154746275715271204e-04
2.458953195855338126e+06 9.907588041367453302e-01 1.154600297909964205e-04
2.458953197135438677e+06 9.905295958378118604e-01 1.154454320051554882e-04
2.458953198415538762e+06 9.902966267534194511e-01 1.154308342246247748e-04
2.458953199695639312e+06 9.900598967140745721e-01 1.154178472117662870e-04
2.458953200975739397e+06 9.898194058920071203e-01 1.154080448520517638e-04
2.458953202255839482e+06 9.895751542017858782e-01 1.153982424923372406e-04
2.458953203535940032e+06 9.893271415525075607e-01 1.153884401290569255e-04
2.458953204816040117e+06 9.890753681246112761e-01 1.153786377693424159e-04
2.458953206096140202e+06 9.888198338285612010e-01 1.153688354096278927e-04
2.458953207376240753e+06 9.885605385693497782e-01 1.153590330463475776e-04
2.458953208656340837e+06 9.882974825356245496e-01 1.153492306866330544e-04
2.458953209936440922e+06 9.880307108633253899e-01 1.153394283269185448e-04
2.458953211216541473e+06 9.877617374764446900e-01 1.153296259636382297e-04
2.458953212496641558e+06 9.874913005646447361e-01 1.153198236039237065e-04
2.458953213776741643e+06 9.872194000303476935e-01 1.153100212442091833e-04
2.458953215056842193e+06 9.869460357738458756e-01 1.153002188809288683e-04
2.458953216336942278e+06 9.866712079940220814e-01 1.152904165212143586e-04
2.458953217617042828e+06 9.863949164909285861e-01 1.152806141579340436e-04
2.458953218897142913e+06 9.861171614655779294e-01 1.152708117982195204e-04
2.458953220177242998e+06 9.858379428177302950e-01 1.152601091920992687e-04
2.458953221457343549e+06 9.855572604450156815e-01 1.152355428189147938e-04
2.458953222737443633e+06 9.852751145516411846e-01 1.152109764546668146e-04
2.458953224017543718e+06 9.849915050357695989e-01 1.151864100904188490e-04
2.458953225297644269e+06 9.847064317934336453e-01 1.151618437172343741e-04
2.458953226577744354e+06 9.844198950320354191e-01 1.151372773529864084e-04
2.458953227857844438e+06 9.841318946481397711e-01 1.151127109887384428e-04
2.458953229137944989e+06 9.838424305361826994e-01 1.150881446155539679e-04
2.458953230418045074e+06 9.835515029067605219e-01 1.150635782513060023e-04
2.458953231698145159e+06 9.832629043142442349e-01 1.150390118870580231e-04
2.458953232978245709e+06 9.829817097630159095e-01 1.150144455138735617e-04
2.458953234258345794e+06 9.827079454720555329e-01 1.149898791496255961e-04
2.458953235538445879e+06 9.824416113377216764e-01 1.149653127853776034e-04
2.458953236818546429e+06 9.821827072671844849e-01 1.149407464121931556e-04
2.458953238098646514e+06 9.819312334488068394e-01 1.149161800479451764e-04
2.458953239378747065e+06 9.816871896996314240e-01 1.148916136747607150e-04
2.458953240658847149e+06 9.814505761972097675e-01 1.148670473105127359e-04
2.458953241938947234e+06 9.812213928514146311e-01 1.148549569732659254e-04
2.458953243219047785e+06 9.809996395829305715e-01 1.148462623286808094e-04
2.458953244499147870e+06 9.807853165530914241e-01 1.148375676872585686e-04
2.458953245779247954e+06 9.805784236798790188e-01 1.148288730458363143e-04
2.458953247059348505e+06 9.803789608920862042e-01 1.148201784012512253e-04
2.458953248339448590e+06 9.801869283348297879e-01 1.148114837598289574e-04
2.458953249619548675e+06 9.800023259342000026e-01 1.148027891184067031e-04
2.458953250899649225e+06 9.798251536270983220e-01 1.147940944738216142e-04
2.458953252179749310e+06 9.796560261270524927e-01 1.147853998323993598e-04
2.458953253459849395e+06 9.794970702904236548e-01 1.147767051909771055e-04
2.458953254739949945e+06 9.793484664746811008e-01 1.147680105463920030e-04
2.458953256020050030e+06 9.792102147879401253e-01 1.147593159049697486e-04
2.458953257300150581e+06 9.790823151296170757e-01 1.147506212603846597e-04
2.458953258580250666e+06 9.789647675927640735e-01 1.147419266189623918e-04
2.458953259860350750e+06 9.788575721289719533e-01 1.147332319775401510e-04
2.458953261140451301e+06 9.787607287048952776e-01 1.147245373329550485e-04
2.458953262420551386e+06 9.786742373909911308e-01 1.147199653777158744e-04
2.458953263700651471e+06 9.785980981501483100e-01 1.147193365421284858e-04
2.458953264980752021e+06 9.785323109603177860e-01 1.147187077063123440e-04
2.458953266260852106e+06 9.784768758693627166e-01 1.147180788707249553e-04
2.458953267540952191e+06 9.784317928514687512e-01 1.147174500351375666e-04
2.458953268821052741e+06 9.783970618958847121e-01 1.147168211993214383e-04
2.458953270101152826e+06 9.783726830278787201e-01 1.147161923637340496e-04
2.458953271381252911e+06 9.783586562329337211e-01 1.147155635281466609e-04
2.458953272661353461e+06 9.783550638087140650e-01 1.147149346923305192e-04
2.458953273941453546e+06 9.783627710405368161e-01 1.147143058567431305e-04
2.458953275221554097e+06 9.783820091482290371e-01 1.147136770209269887e-04
2.458953276501654182e+06 9.784127781177942573e-01 1.147130481853396135e-04
2.458953277781754266e+06 9.784550779541333343e-01 1.147124193497522113e-04
2.458953279061854817e+06 9.785089086789258150e-01 1.147117905139360695e-04
2.458953280341954902e+06 9.785742702530073611e-01 1.147111616783486808e-04
2.458953281622054987e+06 9.786511626938629860e-01 1.147105328427612921e-04
2.458953282902155537e+06 9.787395860357555044e-01 1.147124019146958965e-04
2.458953284182255622e+06 9.788395402143535984e-01 1.147223480708606035e-04
2.458953285462355707e+06 9.789510252597255491e-01 1.147322942270253106e-04
2.458953286742456257e+06 9.790740412187182162e-01 1.147422403868081223e-04
2.458953288022556342e+06 9.792085880018327471e-01 1.147521865429728294e-04
2.458953289302656427e+06 9.793546656517211346e-01 1.147621326991375365e-04
2.458953290582756978e+06 9.795122742278139505e-01 1.147720788589203346e-04
2.458953291862857062e+06 9.796814136154448072e-01 1.147820250150850417e-04
2.458953293142957147e+06 9.798620716450853196e-01 1.147919711712497488e-04
2.458953294423057698e+06 9.800527715533979833e-01 1.148019173310325605e-04
2.458953295703157783e+06 9.802524948863807763e-01 1.148118634871972676e-04
2.458953296983258333e+06 9.804612417893402432e-01 1.148218096469800657e-04
2.458953298263358418e+06 9.806790121104050906e-01 1.148317558031447863e-04
2.458953299543458503e+06 9.809058059238695559e-01 1.148417019593094934e-04
2.458953300823559053e+06 9.811416233171580403e-01 1.148516481190922916e-04
2.458953302103659138e+06 9.813864641187045601e-01 1.148615942752569986e-04
2.458953303383759223e+06 9.816403284126505868e-01 1.148715404314217057e-04
2.458953304663859773e+06 9.819032162962683108e-01 1.148968034682734733e-04
2.458953305943959858e+06 9.821751275782963919e-01 1.149226833507832081e-04
2.458953307224059943e+06 9.824560623527242020e-01 1.149485632332929429e-04
2.458953308504160494e+06 9.827460207266708325e-01 1.149744431252169949e-04
2.458953309784260578e+06 9.830450024891805860e-01 1.150003230077267297e-04
2.458953311064360663e+06 9.833530077440901795e-01 1.150262028902364645e-04
2.458953312344461214e+06 9.836700366083659386e-01 1.150520827821605030e-04
2.458953313624561299e+06 9.839960888513573645e-01 1.150779626646702378e-04
2.458953314904661849e+06 9.843290587015075532e-01 1.151038425565942763e-04
2.458953316184761934e+06 9.846649421195591279e-01 1.151297224391040111e-04
2.458953317464862019e+06 9.850036429146070693e-01 1.151556023216137459e-04
2.458953318744962569e+06 9.853451612113979241e-01 1.151814822135377979e-04
2.458953320025062654e+06 9.856894967614638903e-01 1.152073620960475327e-04
2.458953321305162739e+06 9.860366496885262233e-01 1.152332419785572675e-04
2.458953322585263290e+06 9.863866201204062323e-01 1.152591218704813059e-04
2.458953323865363374e+06 9.867394078024863679e-01 1.152850017529910407e-04
2.458953325145463459e+06 9.870950128615630925e-01 1.153086209649902986e-04
2.458953326425564010e+06 9.874534354285320337e-01 1.153312071644228343e-04
2.458953327705664095e+06 9.878146752426266719e-01 1.153537933556391911e-04
2.458953328985764179e+06 9.881787324337177880e-01 1.153763795468555479e-04
2.458953330265864730e+06 9.885456071357756613e-01 1.153989657462880565e-04
2.458953331545964815e+06 9.889152990818846911e-01 1.154215519375044268e-04
2.458953332826065365e+06 9.892878085410101718e-01 1.154441381369369489e-04
2.458953334106165450e+06 9.896631352421370043e-01 1.154667243281532922e-04
2.458953335386265535e+06 9.900402855281825731e-01 1.154893105193696489e-04
2.458953336666366085e+06 9.904143276923059735e-01 1.155118967188021846e-04
2.458953337946466170e+06 9.907845902722745013e-01 1.155344829100185279e-04
2.458953339226566255e+06 9.911510734048404325e-01 1.155570691012348846e-04
2.458953340506666806e+06 9.915137772212574419e-01 1.155796553006674068e-04
2.458953341786766890e+06 9.918727014576439460e-01 1.156022414918837771e-04
2.458953343066866975e+06 9.922278462466279647e-01 1.156248276831001203e-04
2.458953344346967526e+06 9.925792117153382499e-01 1.156474138825326425e-04
2.458953345627067611e+06 9.929267976081426195e-01 1.156671381328739024e-04
2.458953346907167695e+06 9.932706040535447256e-01 1.156827684350543792e-04
2.458953348187268246e+06 9.936106311745483977e-01 1.156983987429206968e-04
2.458953349467368331e+06 9.939468787237709657e-01 1.157140290451011736e-04
2.458953350747468881e+06 9.942793469458451883e-01 1.157296593529674912e-04
2.458953352027568966e+06 9.946080355988882182e-01 1.157452896551479816e-04
2.458953353307669051e+06 9.949329448045285407e-01 1.157609199573284719e-04
2.458953354587769601e+06 9.952540746788963721e-01 1.157765502651947895e-04
2.458953355867869686e+06 9.955711801416510243e-01 1.157921805673752663e-04
2.458953357147969771e+06 9.958797018837932669e-01 1.158078108695557567e-04
2.458953358428070322e+06 9.961779207077425813e-01 1.158234411774220607e-04
2.458953359708170407e+06 9.964658363965330778e-01 1.158390714796025511e-04
2.458953360988270491e+06 9.967434490605218134e-01 1.158547017817830414e-04
2.458953362268371042e+06 9.970107587950737260e-01 1.158703320896493455e-04
2.458953363548471127e+06 9.972677654057107155e-01 1.158859623918298494e-04
2.458953364828571212e+06 9.975144689915457219e-01 1.159015926940103262e-04
2.458953366108671762e+06 9.977508696367002328e-01 1.159166109594495284e-04
2.458953367388771847e+06 9.979769671691834931e-01 1.159277580594134354e-04
2.458953368668871932e+06 9.981927616768649925e-01 1.159389051593773425e-04
2.458953369948972482e+06 9.983982532326221015e-01 1.159500522633962334e-04
2.458953371229072567e+06 9.985934416869520769e-01 1.159611993633601404e-04
2.458953372509173118e+06 9.987783271818616582e-01 1.159723464673790313e-04
2.458953373789273202e+06 9.989529095828396654e-01 1.159834935673429384e-04
2.458953375069373287e+06 9.991171889590158006e-01 1.159946406673068454e-04
2.458953376349473838e+06 9.992711653645279801e-01 1.160057877713257228e-04
2.458953377629573923e+06 9.994124002052815481e-01 1.160169348712896434e-04
2.458953378909674007e+06 9.995384458529110727e-01 1.160280819712535504e-04
2.458953380189774558e+06 9.996493023428093538e-01 1.160392290752724278e-04
2.458953381469874643e+06 9.997449695943242398e-01 1.160503761752363483e-04
2.458953382749974728e+06 9.998254476505444854e-01 1.160615232752002554e-04
2.458953384030075278e+06 9.998907365324578578e-01 1.160726703792191327e-04
2.458953385310175363e+06 9.999408361925637978e-01 1.160838174791830398e-04
2.458953386590275448e+06 9.999757466573749864e-01 1.160949645791469604e-04
2.458953387870375998e+06 9.999954679313031169e-01 1.160891957030751978e-04
2.458953389150476083e+06 1.000000000000000000e+00 1.160807095008616264e-04
2.458953390430576634e+06 9.999893428667629980e-01 1.160722232955610332e-04
2.458953391710676719e+06 9.999634965393454644e-01 1.160637370933474753e-04
2.458953392990776803e+06 9.999224610166335125e-01 1.160552508911339039e-04
2.458953394270877354e+06 9.998662362754112687e-01 1.160467646858333107e-04
2.458953395550977439e+06 9.997948223565847892e-01 1.160382784836197528e-04
2.458953396831077524e+06 9.997082192424637803e-01 1.160297922814061813e-04
2.458953398111178074e+06 9.996074544497324244e-01 1.160213060761055881e-04
2.458953399391278159e+06 9.994952705596824583e-01 1.160128198738920302e-04
2.458953400671378244e+06 9.993718166661408331e-01 1.160043336716784588e-04
2.458953401951478794e+06 9.992370927180497242e-01 1.159958474663778656e-04
2.458953403231578879e+06 9.990910988134255044e-01 1.159873612641643077e-04
2.458953404511678964e+06 9.989338349053100696e-01 1.159788750619507363e-04
2.458953405791779514e+06 9.987653009303454343e-01 1.159703888566501566e-04
2.458953407071879599e+06 9.985854970111471829e-01 1.159619026544365852e-04
2.458953408351980150e+06 9.983944230169008449e-01 1.159501312427789460e-04
2.458953409632080235e+06 9.981920790866199988e-01 1.159360453259363052e-04
2.458953410912180319e+06 9.979784651528477157e-01 1.159219594090936644e-04
2.458953412192280870e+06 9.977535811317279624e-01 1.159078734871270028e-04
2.458953413472380955e+06 9.975174271868730846e-01 1.158937875702843620e-04
2.458953414752481040e+06 9.972700032385267699e-01 1.158797016534417347e-04
2.458953416032581590e+06 9.970113091905339342e-01 1.158656157314750731e-04
2.458953417312681675e+06 9.967413452311049138e-01 1.158515298146324459e-04
2.458953418592781760e+06 9.964601286948349124e-01 1.158374438977898051e-04
2.458953419872882310e+06 9.961677885672397537e-01 1.158233579758231435e-04
2.458953421152982395e+06 9.958643512596637715e-01 1.158092720589805027e-04
2.458953422433082480e+06 9.955498166677810845e-01 1.157951861421378754e-04
2.458953423713183030e+06 9.952241846711182838e-01 1.157811002201712138e-04
2.458953424993283115e+06 9.948874555065851943e-01 1.157670143033285865e-04
2.458953426273383666e+06 9.945396289291985603e-01 1.157529283813619114e-04
2.458953427553483751e+06 9.941807051920149574e-01 1.157388424645192706e-04
2.458953428833583836e+06 9.938106841705247607e-01 1.157190018830912657e-04
2.458953430113684386e+06 9.934295657240701516e-01 1.156864567712614835e-04
2.458953431393784471e+06 9.930373501299295524e-01 1.156539116712706062e-04
2.458953432673884556e+06 9.926340372514821375e-01 1.156213665712797290e-04
2.458953433953985106e+06 9.922196269359598864e-01 1.155888214594499467e-04
2.458953435234085191e+06 9.917941194848621800e-01 1.155562763594590695e-04
2.458953436514185276e+06 9.913575147494574358e-01 1.155237312594682058e-04
2.458953437794285826e+06 9.909098125648675426e-01 1.154911861476384100e-04
2.458953439074385911e+06 9.904511089810337232e-01 1.154586410476475327e-04
2.458953440354485996e+06 9.899854620610875067e-01 1.154260959476566690e-04
2.458953441634586547e+06 9.895150201290082714e-01 1.153935508358268732e-04
2.458953442914686631e+06 9.890397835270604565e-01 1.153610057358359959e-04
2.458953444194786716e+06 9.885597520849839226e-01 1.153284606358451187e-04
2.458953445474887267e+06 9.880749256255415558e-01 1.152959155240153365e-04
2.458953446754987352e+06 9.875853045014636455e-01 1.152633704240244592e-04
2.458953448035087902e+06 9.870908883565312486e-01 1.152308253121946770e-04
2.458953449315187987e+06 9.865916775504512959e-01 1.151983931082894953e-04
2.458953450595288072e+06 9.860876719042429572e-01 1.151689134725097707e-04
2.458953451875388622e+06 9.855788712319475398e-01 1.151394338260062296e-04
2.458953453155488707e+06 9.850652759037372697e-01 1.151099541902264915e-04
2.458953454435588792e+06 9.845468857353983916e-01 1.150804745544467534e-04
2.458953455715689342e+06 9.840237005357399536e-01 1.150509949079432258e-04
2.458953456995789427e+06 9.834957206853994771e-01 1.150215152721635012e-04
2.458953458275889512e+06 9.829629459949301706e-01 1.149920356363837496e-04
2.458953459555990063e+06 9.824253762679087121e-01 1.149625559898802220e-04
2.458953460836090147e+06 9.818861486620753531e-01 1.149330763541004839e-04
2.458953462116190232e+06 9.813498429555506108e-01 1.149035967183207593e-04
2.458953463396290783e+06 9.808164982275671129e-01 1.148741170718172317e-04
2.458953464676390868e+06 9.802861148661536905e-01 1.148446374360374801e-04
2.458953465956491418e+06 9.797586924854356782e-01 1.148151577895339525e-04
2.458953467236591503e+06 9.792342314691333538e-01 1.147856781537542144e-04
2.458953468516691588e+06 9.787127316248481756e-01 1.147561985179744898e-04
2.458953469796792138e+06 9.781941927644901558e-01 1.147267188714709622e-04
2.458953471076892223e+06 9.776786152653161865e-01 1.146961144919446125e-04
2.458953472356992308e+06 9.771659989381592526e-01 1.146651586316755857e-04
2.458953473637092859e+06 9.766563435981610031e-01 1.146342027601457777e-04
2.458953474917192943e+06 9.761496496161152781e-01 1.146032468998767510e-04
2.458953476197293028e+06 9.756459168060865883e-01 1.145722910396077243e-04
2.458953477477393579e+06 9.751451449864482202e-01 1.145413351680779163e-04
2.458953478757493664e+06 9.746473345215307393e-01 1.145103793078088895e-04
2.458953480037593748e+06 9.741524852286304048e-01 1.144794234475398628e-04
2.458953481317694299e+06 9.736616187616745632e-01 1.144484675760100548e-04
2.458953482597794384e+06 9.731785851340301052e-01 1.144175117157410280e-04
2.458953483877894934e+06 9.727037536022085096e-01 1.143865558442112065e-04
2.458953485157995019e+06 9.722371245116682159e-01 1.143555999839421933e-04
2.458953486438095104e+06 9.717786976881880312e-01 1.143246441236731801e-04
2.458953487718195654e+06 9.713284729694818820e-01 1.142936882521433585e-04
2.458953488998295739e+06 9.708864506831057506e-01 1.142627323918743454e-04
2.458953490278395824e+06 9.704526306637896171e-01 1.142317765316053186e-04
2.458953491558496375e+06 9.700270127581989144e-01 1.142025156446454333e-04
2.458953492838596459e+06 9.696095972759868342e-01 1.141750403679016589e-04
2.458953494118696544e+06 9.692003840608350851e-01 1.141475650911578845e-04
2.458953495398797095e+06 9.687993729683597177e-01 1.141200898044194466e-04
2.458953496678897180e+06 9.684065642903117999e-01 1.140926145276756858e-04
2.458953497958997265e+06 9.680219578793242130e-01 1.140651392509318978e-04
2.458953499239097815e+06 9.676455535999642921e-01 1.140376639641934599e-04
2.458953500519197900e+06 9.672773517260805365e-01 1.140101886874496855e-04
2.458953501799298450e+06 9.669177511607782716e-01 1.139827134007112476e-04
2.458953503079398535e+06 9.665715053951445812e-01 1.139552381239674868e-04
2.458953504359498620e+06 9.662399968369458358e-01 1.139277628472237124e-04
2.458953505639599171e+06 9.659232253736308449e-01 1.139002875604852745e-04
2.458953506919699255e+06 9.656211912356630345e-01 1.138728122837415001e-04
2.458953508199799340e+06 9.653338943051301690e-01 1.138453370069977393e-04
2.458953509479899891e+06 9.650613344855638598e-01 1.138178617202592879e-04
2.458953510759999976e+06 9.648035119752619293e-01 1.137903864435155270e-04
