2.458911000000000000e+06 1.000000000000000000e+00 1.129404583987390649e-04
2.458911001280100085e+06 9.999072479303613425e-01 1.129344841496999450e-04
2.458911002560200635e+06 9.998077312089257429e-01 1.129285098984875689e-04
2.458911003840300720e+06 9.997037319836717950e-01 1.129225356494484626e-04
2.458911005120400805e+06 9.995952502192136935e-01 1.129165614004093291e-04
2.458911006400501356e+06 9.994822858736431836e-01 1.129105871491969531e-04
2.458911007680601440e+06 9.993648390291460792e-01 1.129046129001578332e-04
2.458911008960701525e+06 9.992429096454449322e-01 1.128986386511187133e-04
2.458911010240802076e+06 9.991164976757396232e-01 1.128926643999063372e-04
2.458911011520902161e+06 9.989856032119994733e-01 1.128853142674667872e-04
2.458911012801002711e+06 9.988502261589939923e-01 1.128735085652923380e-04
2.458911014081102796e+06 9.987103666152149506e-01 1.128617028674124543e-04
2.458911015361202881e+06 9.985660245322318662e-01 1.128498971695325571e-04
2.458911016641303431e+06 9.984171998550912530e-01 1.128380914673581215e-04
2.458911017921403516e+06 9.982638926920692768e-01 1.128262857694782242e-04
2.458911019201503601e+06 9.981061029898431469e-01 1.128144800715983405e-04
2.458911020481604151e+06 9.979438306885677346e-01 1.128026743694238913e-04
2.458911021761704236e+06 9.977769966368118526e-01 1.127908686715439941e-04
2.458911023041804321e+06 9.975959613808070836e-01 1.127790629736640968e-04
2.458911024321904872e+06 9.973940699645184038e-01 1.127672572714896612e-04
2.458911025602004956e+06 9.971713225348296517e-01 1.127554515736097640e-04
2.458911026882105041e+06 9.969277190220926510e-01 1.127436458757298803e-04
2.458911028162205592e+06 9.966632593263110573e-01 1.127318401735554311e-04
2.458911029442305677e+06 9.963779436398898515e-01 1.127200344756755474e-04
2.458911030722406227e+06 9.960717717552509676e-01 1.127082287735010983e-04
2.458911032002506312e+06 9.957447438951457785e-01 1.126964230756212010e-04
2.458911033282606397e+06 9.953968599519922300e-01 1.126677273112565198e-04
2.458911034562706947e+06 9.950281197878603212e-01 1.126383435146515670e-04
2.458911035842807032e+06 9.946385236710229005e-01 1.126089597287355465e-04
2.458911037122907117e+06 9.942280714711367873e-01 1.125795759428195125e-04
2.458911038403007668e+06 9.937967630275120756e-01 1.125501921462145733e-04
2.458911039683107752e+06 9.933445986539420902e-01 1.125208083602985393e-04
2.458911040963207837e+06 9.928715781973236343e-01 1.124914245743825189e-04
2.458911042243308388e+06 9.923777014742060087e-01 1.124620407777775796e-04
2.458911043523408473e+06 9.918695582591745552e-01 1.124326569918615457e-04
2.458911044803508557e+06 9.913596975404773692e-01 1.124032732059455252e-04
2.458911046083609108e+06 9.908484225886172725e-01 1.123738894093405589e-04
2.458911047363709193e+06 9.903357337755663847e-01 1.123445056234245384e-04
2.458911048643809743e+06 9.898216307283237425e-01 1.123151218268195992e-04
2.458911049923909828e+06 9.893061138209191530e-01 1.122857380409035652e-04
2.458911051204009913e+06 9.887891828665946736e-01 1.122563542549875448e-04
2.458911052484110463e+06 9.882708376765354519e-01 1.122269704583825920e-04
2.458911053764210548e+06 9.877510786278573818e-01 1.121962144572578412e-04
2.458911055044310633e+06 9.872299055322595329e-01 1.121648297062562204e-04
2.458911056324411184e+06 9.867073181993838427e-01 1.121334449438378015e-04
2.458911057604511268e+06 9.861833170094321810e-01 1.121020601928361942e-04
2.458911058884611353e+06 9.856579017725610736e-01 1.120706754418345733e-04
2.458911060164711904e+06 9.851310722968685818e-01 1.120392906794161409e-04
2.458911061444811989e+06 9.846028289656436616e-01 1.120079059284145200e-04
2.458911062724912073e+06 9.840731715874988517e-01 1.119765211774129127e-04
2.458911064005012624e+06 9.835419312142530401e-01 1.119451364149944938e-04
2.458911065285112709e+06 9.830082686493268884e-01 1.119137516639928730e-04
2.458911066565213259e+06 9.824720689144676999e-01 1.118823669015744406e-04
2.458911067845313344e+06 9.819333323997812002e-01 1.118509821505728197e-04
2.458911069125413429e+06 9.813920589106758241e-01 1.118195973995712259e-04
2.458911070405513979e+06 9.808482482488686260e-01 1.117882126371527799e-04
2.458911071685614064e+06 9.803019008100027909e-01 1.117568278861511726e-04
2.458911072965714149e+06 9.797530163967180794e-01 1.117254431351495517e-04
2.458911074245814700e+06 9.792015948079628718e-01 1.116928334795877704e-04
2.458911075525914785e+06 9.786476364449178122e-01 1.116584662318508090e-04
2.458911076806014869e+06 9.780911411074537654e-01 1.116240989841138205e-04
2.458911078086115420e+06 9.775321085917506592e-01 1.115897317238751137e-04
2.458911079366215505e+06 9.769705393045262642e-01 1.115553644761381252e-04
2.458911080646315590e+06 9.764064330428828820e-01 1.115209972284011638e-04
2.458911081926416140e+06 9.758397896002318772e-01 1.114866299681624434e-04
2.458911083206516225e+06 9.752706093888280359e-01 1.114522627204254685e-04
2.458911084486616310e+06 9.746998644791876609e-01 1.114178954726884936e-04
2.458911085766716860e+06 9.741457601636721586e-01 1.113835282124497731e-04
2.458911087046816945e+06 9.736151812820935669e-01 1.113491609647128118e-04
2.458911088326917496e+06 9.731081274484351118e-01 1.113147937044740778e-04
2.458911089607017580e+06 9.726245990315979251e-01 1.112804264567371164e-04
2.458911090887117665e+06 9.721645958428526413e-01 1.112460592090001415e-04
2.458911092167218216e+06 9.717281177277007354e-01 1.112116919487614211e-04
2.458911093447318301e+06 9.713151650036968565e-01 1.111773247010244462e-04
2.458911094727418385e+06 9.709257375077847696e-01 1.111464528184042967e-04
2.458911096007518936e+06 9.705598351111395239e-01 1.111378605626030876e-04
2.458911097287619021e+06 9.702174580799689529e-01 1.111292683099274843e-04
2.458911098567719106e+06 9.698986062768901739e-01 1.111206760572519081e-04
2.458911099847819656e+06 9.696032795987513664e-01 1.111120838014506990e-04
2.458911101127919741e+06 9.693314782604141033e-01 1.111034915487751229e-04
2.458911102408019826e+06 9.690832021501686322e-01 1.110948992960995196e-04
2.458911103688120376e+06 9.688584511905364849e-01 1.110863070402983241e-04
2.458911104968220461e+06 9.686572255450324187e-01 1.110777147876227343e-04
2.458911106248321012e+06 9.684649285589119749e-01 1.110691225318215388e-04
2.458911107528421097e+06 9.682668508861617118e-01 1.110605302791459355e-04
2.458911108808521181e+06 9.680629924032706501e-01 1.110519380264703458e-04
2.458911110088621732e+06 9.678533530329269663e-01 1.110433457706691502e-04
2.458911111368721817e+06 9.676379329276513230e-01 1.110347535179935470e-04
2.458911112648821902e+06 9.674167320122348812e-01 1.110261612653179572e-04
2.458911113928922452e+06 9.671897502030571969e-01 1.110175690095167617e-04
2.458911115209022537e+06 9.669569876652562845e-01 1.110089767568411584e-04
2.458911116489122622e+06 9.667184443173145736e-01 1.109957187221216298e-04
2.458911117769223172e+06 9.664741200693027778e-01 1.109817044645374314e-04
2.458911119049323257e+06 9.662240150989764853e-01 1.109676902120511924e-04
2.458911120329423342e+06 9.659681293185092832e-01 1.109536759595649397e-04
2.458911121609523892e+06 9.657064626316635980e-01 1.109396617019807414e-04
2.458911122889623977e+06 9.654390152288120364e-01 1.109256474494944888e-04
2.458911124169724528e+06 9.651657869153760227e-01 1.109116331919102904e-04
2.458911125449824613e+06 9.648867778901397685e-01 1.108976189394240513e-04
2.458911126729924697e+06 9.646101520238529181e-01 1.108836046869377987e-04
2.458911128010025248e+06 9.643577838808523595e-01 1.108695904293536004e-04
2.458911129290125333e+06 9.641308721604072707e-01 1.108555761768673613e-04
2.458911130570225418e+06 9.639294167660834578e-01 1.108415619243811087e-04
2.458911131850325968e+06 9.637534176384880968e-01 1.108275476667969103e-04
2.458911133130426053e+06 9.636028749056673171e-01 1.108135334143106577e-04
2.458911134410526138e+06 9.634777884989678132e-01 1.107995191618244186e-04
2.458911135690626688e+06 9.633781583867776499e-01 1.107855049042402203e-04
2.458911136970726773e+06 9.633039846415812901e-01 1.107815360056009290e-04
2.458911138250826858e+06 9.632552672225063173e-01 1.107846802544128190e-04
2.458911139530927408e+06 9.632320061257210186e-01 1.107878245043684881e-04
2.458911140811027493e+06 9.632342013681490789e-01 1.107909687531803781e-04
2.458911142091128044e+06 9.632618529513873318e-01 1.107941130031360471e-04
2.458911143371228129e+06 9.633149608553184251e-01 1.107972572519479371e-04
2.458911144651328214e+06 9.633935250853707943e-01 1.108004015007598136e-04
2.458911145931428764e+06 9.634975456840142449e-01 1.108035457507154826e-04
2.458911147211528849e+06 9.636251424988508951e-01 1.108066899995273591e-04
2.458911148491628934e+06 9.637623092386713441e-01 1.108098342483392491e-04
2.458911149771729484e+06 9.639061894324361113e-01 1.108129784982949182e-04
2.458911151051829569e+06 9.640567829754665974e-01 1.108161227471067946e-04
2.458911152331929654e+06 9.642140899188810232e-01 1.108192669959186846e-04
2.458911153612030204e+06 9.643781103235660179e-01 1.108224112458743401e-04
2.458911154892130289e+06 9.645488440701904809e-01 1.108255554946862436e-04
2.458911156172230374e+06 9.647262912171988836e-01 1.108286997434981201e-04
2.458911157452330925e+06 9.649104518328043278e-01 1.108349560873540790e-04
2.458911158732431009e+06 9.651013257830227676e-01 1.108481276426867237e-04
2.458911160012531094e+06 9.652989131336250361e-01 1.108612991980193819e-04
2.458911161292631645e+06 9.655032139601507080e-01 1.108744707581434547e-04
2.458911162572731730e+06 9.657142281139630136e-01 1.108876423134761129e-04
2.458911163852832280e+06 9.659319557485830376e-01 1.109008138736001722e-04
2.458911165132932365e+06 9.661563967056053803e-01 1.109139854289328304e-04
2.458911166413032450e+06 9.663875510630116628e-01 1.109271569842654886e-04
2.458911167693133000e+06 9.666254588605432962e-01 1.109403285443895615e-04
2.458911168973233085e+06 9.668718400371356658e-01 1.109535000997222197e-04
2.458911170253333170e+06 9.671276099420880179e-01 1.109666716550548779e-04
2.458911171533433720e+06 9.673927686735648290e-01 1.109798432151789507e-04
2.458911172813533805e+06 9.676673160386526362e-01 1.109930147705116089e-04
2.458911174093633890e+06 9.679512521321005369e-01 1.110061863258442671e-04
2.458911175373734441e+06 9.682445770623187009e-01 1.110193578859683400e-04
2.458911176653834525e+06 9.685472906159020567e-01 1.110325294413009982e-04
2.458911177933934610e+06 9.688593928978455061e-01 1.110460884414248451e-04
2.458911179214035161e+06 9.691808840268051339e-01 1.110702423980366934e-04
2.458911180494135246e+06 9.695117637688841494e-01 1.110943963458620724e-04
2.458911181774235796e+06 9.698520323648098795e-01 1.111185503024739342e-04
2.458911183054335881e+06 9.702016895670242391e-01 1.111427042502993132e-04
2.458911184334435966e+06 9.705607354975985812e-01 1.111668581981246922e-04
2.458911185614536516e+06 9.709291702922659972e-01 1.111910121547365541e-04
2.458911186894636601e+06 9.713069936829756834e-01 1.112151661025619331e-04
2.458911188174736686e+06 9.716942058020455741e-01 1.112393200503873121e-04
2.458911189454837237e+06 9.720869182032831901e-01 1.112634740069991739e-04
2.458911190734937321e+06 9.724794197290818065e-01 1.112876279548245529e-04
2.458911192015037406e+06 9.728716600644174983e-01 1.113117819026499320e-04
2.458911193295137957e+06 9.732636393518331319e-01 1.113359358592617938e-04
2.458911194575238042e+06 9.736553573061484945e-01 1.113600898070871728e-04
2.458911195855338126e+06 9.740468140700009325e-01 1.113842437549125518e-04
2.458911197135438677e+06 9.744380097856483181e-01 1.114083977115244001e-04
2.458911198415538762e+06 9.748289441684804268e-01 1.114325516593497927e-04
2.458911199695639312e+06 9.752196175029171910e-01 1.114547479205389989e-04
2.458911200975739397e+06 9.756100295047288595e-01 1.114763266171790235e-04
2.458911202255839482e+06 9.760001803160778255e-01 1.114979053138190346e-04
2.458911203535940032e+06 9.763900700787464526e-01 1.115194840183087236e-04
2.458911204816040117e+06 9.767796985090748674e-01 1.115410627149487482e-04
2.458911206096140202e+06 9.771690657489406906e-01 1.115626414115887592e-04
2.458911207376240753e+06 9.775581719398409586e-01 1.115842201160784482e-04
2.458911208656340837e+06 9.779470167986862306e-01 1.116057988127184728e-04
2.458911209936440922e+06 9.783345981670572566e-01 1.116273775093584838e-04
2.458911211216541473e+06 9.787171160783881829e-01 1.116489562138481864e-04
2.458911212496641558e+06 9.790942021391236816e-01 1.116705349104881974e-04
2.458911213776741643e+06 9.794658564893998776e-01 1.116921136071282220e-04
2.458911215056842193e+06 9.798320792614494401e-01 1.117136923116179110e-04
2.458911216336942278e+06 9.801928701888311668e-01 1.117352710082579221e-04
2.458911217617042828e+06 9.805482295340345322e-01 1.117568497127475975e-04
2.458911218897142913e+06 9.808981570385217896e-01 1.117784284093876221e-04
2.458911220177242998e+06 9.812426528325498554e-01 1.117981884444091005e-04
2.458911221457343549e+06 9.815817170384717461e-01 1.118160182011884149e-04
2.458911222737443633e+06 9.819153494096053425e-01 1.118338479514817879e-04
2.458911224017543718e+06 9.822435500702796363e-01 1.118516777017751745e-04
2.458911225297644269e+06 9.825663191369202742e-01 1.118695074585544617e-04
2.458911226577744354e+06 9.828836563747002097e-01 1.118873372088478348e-04
2.458911227857844438e+06 9.831955619020207315e-01 1.119051669591412213e-04
2.458911229137944989e+06 9.835020358293798948e-01 1.119229967159205222e-04
2.458911230418045074e+06 9.838032280839202892e-01 1.119408264662139087e-04
2.458911231698145159e+06 9.841009453801552453e-01 1.119586562165072818e-04
2.458911232978245709e+06 9.843957168843149308e-01 1.119764859732865690e-04
2.458911234258345794e+06 9.846875423819415607e-01 1.119943157235799556e-04
2.458911235538445879e+06 9.849764219807995991e-01 1.120121454738733286e-04
2.458911236818546429e+06 9.852623557843674940e-01 1.120299752306526294e-04
2.458911238098646514e+06 9.855453435846172061e-01 1.120478049809460025e-04
2.458911239378747065e+06 9.858253855874332672e-01 1.120656347377253033e-04
2.458911240658847149e+06 9.861024815890745421e-01 1.120831439226513751e-04
2.458911241938947234e+06 9.863766316919473365e-01 1.120994473860380318e-04
2.458911243219047785e+06 9.866478359941716070e-01 1.121157508553553963e-04
2.458911244499147870e+06 9.869160942984359641e-01 1.121320543187420530e-04
2.458911245779247954e+06 9.871814067039320628e-01 1.121483577821287233e-04
2.458911247059348505e+06 9.874437733055645428e-01 1.121646612514460878e-04
2.458911248339448590e+06 9.877031939124520932e-01 1.121809647148327445e-04
2.458911249619548675e+06 9.879596686205709410e-01 1.121972681782194012e-04
2.458911250899649225e+06 9.882131766205747292e-01 1.122135716475367658e-04
2.458911252179749310e+06 9.884592051610454622e-01 1.122298751109234225e-04
2.458911253459849395e+06 9.886943324108986575e-01 1.122461785743100927e-04
2.458911254739949945e+06 9.889185584497183212e-01 1.122624820436274573e-04
2.458911256020050030e+06 9.891318831143711687e-01 1.122787855070141139e-04
2.458911257300150581e+06 9.893343065600590513e-01 1.122950889763314785e-04
2.458911258580250666e+06 9.895258286395111069e-01 1.123113924397181352e-04
2.458911259860350750e+06 9.897064494283459579e-01 1.123276959031047919e-04
2.458911261140451301e+06 9.898761689863189162e-01 1.123439993724221700e-04
2.458911262420551386e+06 9.900349871899530863e-01 1.123451938883854453e-04
2.458911263700651471e+06 9.901829041029699408e-01 1.123453371293219592e-04
2.458911264980752021e+06 9.903199197732283077e-01 1.123454803703105554e-04
2.458911266260852106e+06 9.904460341010444813e-01 1.123456236112470693e-04
2.458911267540952191e+06 9.905612471382428952e-01 1.123457668521835831e-04
2.458911268821052741e+06 9.906655589207867818e-01 1.123459100931721794e-04
2.458911270101152826e+06 9.907589693727848479e-01 1.123460533341086933e-04
2.458911271381252911e+06 9.908414785341651543e-01 1.123461965750451936e-04
2.458911272661353461e+06 9.909117565032501407e-01 1.123463398160338034e-04
2.458911273941453546e+06 9.909670358906758070e-01 1.123464830569703037e-04
2.458911275221554097e+06 9.910072308891647586e-01 1.123466262979589271e-04
2.458911276501654182e+06 9.910323414694733879e-01 1.123467695388954138e-04
2.458911277781754266e+06 9.910423676489673595e-01 1.123469127798319277e-04
2.458911279061854817e+06 9.910373094230626734e-01 1.123470560208205511e-04
2.458911280341954902e+06 9.910171667954394970e-01 1.123471992617570378e-04
2.458911281622054987e+06 9.909819397670013297e-01 1.123473425026935517e-04
2.458911282902155537e+06 9.909316283167030059e-01 1.123415004795006708e-04
2.458911284182255622e+06 9.908662324811481348e-01 1.123325732633968300e-04
2.458911285462355707e+06 9.907857522447780507e-01 1.123236460472930163e-04
2.458911286742456257e+06 9.906901875700863114e-01 1.123147188279417324e-04
2.458911288022556342e+06 9.905795385265993014e-01 1.123057916118378916e-04
2.458911289302656427e+06 9.904538050822975226e-01 1.122968643957340644e-04
2.458911290582756978e+06 9.903129871832121456e-01 1.122879371763827806e-04
2.458911291862857062e+06 9.901570849317934409e-01 1.122790099602789533e-04
2.458911293142957147e+06 9.899878464868124839e-01 1.122700827441751260e-04
2.458911294423057698e+06 9.898148772756460989e-01 1.122611555248238422e-04
2.458911295703157783e+06 9.896396395611865016e-01 1.122522283087200014e-04
2.458911296983258333e+06 9.894621332159418969e-01 1.122433010893687311e-04
2.458911298263358418e+06 9.892823583690548706e-01 1.122343738732649039e-04
2.458911299543458503e+06 9.891003149563667440e-01 1.122254466571610766e-04
2.458911300823559053e+06 9.889160029104175909e-01 1.122165194378097928e-04
2.458911302103659138e+06 9.887294223653017022e-01 1.122075922217059520e-04
2.458911303383759223e+06 9.885405732543849355e-01 1.121973991961554713e-04
2.458911304663859773e+06 9.883494555077314558e-01 1.121851822824222132e-04
2.458911305943959858e+06 9.881560692643868160e-01 1.121729653731330997e-04
2.458911307224059943e+06 9.879604144552411871e-01 1.121607484638439728e-04
2.458911308504160494e+06 9.877624910078833809e-01 1.121485315501107147e-04
2.458911309784260578e+06 9.875622990663099898e-01 1.121363146408216013e-04
2.458911311064360663e+06 9.873598385589356097e-01 1.121240977315324607e-04
2.458911312344461214e+06 9.871551094108732549e-01 1.121118808177992026e-04
2.458911313624561299e+06 9.869480095919160867e-01 1.120996639085100757e-04
2.458911314904661849e+06 9.867362451586705330e-01 1.120874469947768175e-04
2.458911316184761934e+06 9.865188690613241329e-01 1.120752300854877041e-04
2.458911317464862019e+06 9.862958812238644679e-01 1.120630131761985772e-04
2.458911318744962569e+06 9.860672815621129850e-01 1.120507962624653190e-04
2.458911320025062654e+06 9.858330702423848679e-01 1.120385793531761921e-04
2.458911321305162739e+06 9.855932471825433749e-01 1.120263624438870651e-04
2.458911322585263290e+06 9.853478122922859628e-01 1.120141455301538070e-04
2.458911323865363374e+06 9.850967657501761288e-01 1.120012387901718812e-04
2.458911325145463459e+06 9.848401074679528078e-01 1.119827333833995411e-04
2.458911326425564010e+06 9.845778373491895774e-01 1.119642279698955116e-04
2.458911327705664095e+06 9.843099555846979154e-01 1.119457225631231579e-04
2.458911328985764179e+06 9.840364620800928774e-01 1.119272171563508178e-04
2.458911330265864730e+06 9.837573567328238289e-01 1.119087117428468019e-04
2.458911331545964815e+06 9.834726397459504499e-01 1.118902063360744482e-04
2.458911332826065365e+06 9.831823109123302151e-01 1.118717009225704187e-04
2.458911334106165450e+06 9.828863704431886061e-01 1.118531955157980786e-04
2.458911335386265535e+06 9.825902638542352019e-01 1.118346901090257385e-04
2.458911336666366085e+06 9.823000650199137374e-01 1.118161846955216955e-04
2.458911337946466170e+06 9.820157786187099225e-01 1.117976792887493689e-04
2.458911339226566255e+06 9.817374045439830610e-01 1.117791738819770287e-04
2.458911340506666806e+06 9.814649426976954638e-01 1.117606684684729857e-04
2.458911341786766890e+06 9.811983932780733442e-01 1.117421630617006592e-04
2.458911343066866975e+06 9.809377561849282889e-01 1.117236576549283190e-04
2.458911344346967526e+06 9.806830313266744481e-01 1.117051522414242760e-04
2.458911345627067611e+06 9.804342188886341347e-01 1.116943186914459322e-04
2.458911346907167695e+06 9.801913187770706637e-01 1.116850053859169174e-04
2.458911348187268246e+06 9.799543309068508012e-01 1.116756920770000283e-04
2.458911349467368331e+06 9.797232554503921831e-01 1.116663787714710135e-04
2.458911350747468881e+06 9.794980922395785106e-01 1.116570654625541109e-04
2.458911352027568966e+06 9.792788414382245232e-01 1.116477521570250961e-04
2.458911353307669051e+06 9.790655029633476003e-01 1.116384388514960949e-04
2.458911354587769601e+06 9.788580767405676841e-01 1.116291255425791922e-04
2.458911355867869686e+06 9.786578241810071077e-01 1.116198122370501910e-04
2.458911357147969771e+06 9.784684370842597900e-01 1.116104989315211762e-04
2.458911358428070322e+06 9.782901535782353442e-01 1.116011856226042600e-04
2.458911359708170407e+06 9.781229737926419032e-01 1.115918723170752588e-04
2.458911360988270491e+06 9.779668976606056274e-01 1.115825590115462575e-04
2.458911362268371042e+06 9.778219251314097527e-01 1.115732457026293549e-04
2.458911363548471127e+06 9.776880563105272426e-01 1.115639323971003537e-04
2.458911364828571212e+06 9.775652911432021197e-01 1.115546190915713253e-04
2.458911366108671762e+06 9.774536295908347050e-01 1.115505129222357322e-04
2.458911367388771847e+06 9.773530717346631258e-01 1.115505058703742503e-04
2.458911368668871932e+06 9.772636175320488228e-01 1.115504988185127684e-04
2.458911369948972482e+06 9.771852669565098681e-01 1.115504917666486980e-04
2.458911371229072567e+06 9.771180200650494418e-01 1.115504847147872161e-04
2.458911372509173118e+06 9.770618768087424577e-01 1.115504776629231727e-04
2.458911373789273202e+06 9.770168372284356861e-01 1.115504706110616637e-04
2.458911375069373287e+06 9.769829013016860797e-01 1.115504635592001818e-04
2.458911376349473838e+06 9.769593516785133325e-01 1.115504565073361385e-04
2.458911377629573923e+06 9.769401949287878084e-01 1.115504494554746430e-04
2.458911378909674007e+06 9.769240851975191653e-01 1.115504424036131475e-04
2.458911380189774558e+06 9.769110224805098719e-01 1.115504353517491042e-04
2.458911381469874643e+06 9.769010067872635483e-01 1.115504282998876088e-04
2.458911382749974728e+06 9.768940381124741057e-01 1.115504212480261133e-04
2.458911384030075278e+06 9.768901164552691307e-01 1.115504141961620700e-04
2.458911385310175363e+06 9.768892418185018967e-01 1.115504071443005881e-04
2.458911386590275448e+06 9.768914142001916545e-01 1.115506290141478438e-04
2.458911387870375998e+06 9.768966336027913311e-01 1.115514267562690387e-04
2.458911389150476083e+06 9.769049000225031865e-01 1.115522244981000333e-04
2.458911390430576634e+06 9.769162134653418539e-01 1.115530222402212282e-04
2.458911391710676719e+06 9.769305739230761398e-01 1.115538199820522092e-04
2.458911392990776803e+06 9.769479813992673067e-01 1.115546177238832038e-04
2.458911394270877354e+06 9.769684359019104036e-01 1.115554154660043987e-04
2.458911395550977439e+06 9.769919374161237791e-01 1.115562132078353933e-04
2.458911396831077524e+06 9.770186711403993085e-01 1.115570109496663744e-04
2.458911398111178074e+06 9.770593690073684501e-01 1.115578086917875692e-04
2.458911399391278159e+06 9.771202760282016175e-01 1.115586064336185638e-04
2.458911400671378244e+06 9.772013922140276865e-01 1.115594041754495585e-04
2.458911401951478794e+06 9.773027176053813436e-01 1.115602019175707398e-04
2.458911403231578879e+06 9.774242521285446683e-01 1.115609996594017344e-04
2.458911404511678964e+06 9.775659958167007835e-01 1.115617974012327425e-04
2.458911405791779514e+06 9.777279487324391782e-01 1.115625951433539239e-04
2.458911407071879599e+06 9.779101107579325491e-01 1.115635547962028502e-04
2.458911408351980150e+06 9.781124820257111052e-01 1.115816423871659232e-04
2.458911409632080235e+06 9.783350623885417319e-01 1.115997299715492850e-04
2.458911410912180319e+06 9.785778519163652600e-01 1.116178175559326603e-04
2.458911412192280870e+06 9.788408507085283317e-01 1.116359051468957333e-04
2.458911413472380955e+06 9.791240585736891155e-01 1.116539927312791086e-04
2.458911414752481040e+06 9.794274756038429119e-01 1.116720803156624704e-04
2.458911416032581590e+06 9.797511019203906102e-01 1.116901679066255434e-04
2.458911417312681675e+06 9.800949372878815513e-01 1.117082554910089188e-04
2.458911418592781760e+06 9.804504781175737982e-01 1.117263430753922941e-04
2.458911419872882310e+06 9.808040361011295394e-01 1.117444306663553671e-04
2.458911421152982395e+06 9.811554271700295704e-01 1.117625182507387424e-04
2.458911422433082480e+06 9.815046514532814736e-01 1.117806058351221042e-04
2.458911423713183030e+06 9.818517090767399091e-01 1.117986934260851772e-04
2.458911424993283115e+06 9.821965997879071875e-01 1.118167810104685525e-04
2.458911426273383666e+06 9.825393238377047034e-01 1.118348686014316256e-04
2.458911427553483751e+06 9.828798809767874678e-01 1.118529561858150009e-04
2.458911428833583836e+06 9.832182713302219934e-01 1.118722441072834614e-04
2.458911430113684386e+06 9.835544950199222036e-01 1.118919664080784434e-04
2.458911431393784471e+06 9.838885518012722153e-01 1.119116887016990562e-04
2.458911432673884556e+06 9.842204417969742103e-01 1.119314109953196555e-04
2.458911433953985106e+06 9.845501651265770038e-01 1.119511332961146375e-04
2.458911435234085191e+06 9.848777215501943738e-01 1.119708555897352503e-04
2.458911436514185276e+06 9.852031111881636161e-01 1.119905778833558496e-04
2.458911437794285826e+06 9.855263341576691039e-01 1.120103001841508180e-04
2.458911439074385911e+06 9.858485058265481493e-01 1.120300224777714444e-04
2.458911440354485996e+06 9.861742669450070942e-01 1.120497447713920437e-04
2.458911441634586547e+06 9.865041270927884520e-01 1.120694670721870256e-04
2.458911442914686631e+06 9.868380860299061919e-01 1.120891893658076250e-04
2.458911444194786716e+06 9.871761438756081475e-01 1.121089116594282514e-04
2.458911445474887267e+06 9.875183007551054937e-01 1.121286339602232197e-04
2.458911446754987352e+06 9.878645564194662443e-01 1.121483562538438191e-04
2.458911448035087902e+06 9.882149111206047776e-01 1.121680785546388010e-04
2.458911449315187987e+06 9.885693646036244342e-01 1.121897698791810016e-04
2.458911450595288072e+06 9.889279169952279736e-01 1.122137801458651906e-04
2.458911451875388622e+06 9.892905684280824952e-01 1.122377904212835904e-04
2.458911453155488707e+06 9.896573186383448295e-01 1.122618006879677794e-04
2.458911454435588792e+06 9.900281677571911576e-01 1.122858109546519956e-04
2.458911455715689342e+06 9.904031159217617786e-01 1.123098212300703818e-04
2.458911456995789427e+06 9.907821628592669017e-01 1.123338314967545844e-04
2.458911458275889512e+06 9.911653087053562405e-01 1.123578417634387734e-04
2.458911459555990063e+06 9.915520176367639271e-01 1.123818520388571732e-04
2.458911460836090147e+06 9.919348485450003583e-01 1.124058623055413758e-04
2.458911462116190232e+06 9.923114178910189542e-01 1.124298725722255648e-04
2.458911463396290783e+06 9.926817258083875384e-01 1.124538828476439781e-04
2.458911464676390868e+06 9.930457720276927303e-01 1.124778931143281672e-04
2.458911465956491418e+06 9.934035568137924432e-01 1.125019033897465669e-04
2.458911467236591503e+06 9.937550799063844531e-01 1.125259136564307560e-04
2.458911468516691588e+06 9.941003414367586277e-01 1.125499239231149586e-04
2.458911469796792138e+06 9.944393415270940118e-01 1.125725971325899623e-04
2.458911471076892223e+06 9.947720799307547823e-01 1.125893453036273958e-04
2.458911472356992308e+06 9.950985567721979397e-01 1.126060934746648428e-04
2.458911473637092859e+06 9.954187721667687727e-01 1.126228416517947471e-04
2.458911474917192943e+06 9.957327258814985260e-01 1.126395898228321806e-04
2.458911476197293028e+06 9.960404180340104441e-01 1.126563379938696005e-04
2.458911477477393579e+06 9.963418487328171702e-01 1.126730861709995184e-04
2.458911478757493664e+06 9.966370177586156842e-01 1.126898343420369518e-04
2.458911480037593748e+06 9.969259047198879564e-01 1.127065825130743853e-04
2.458911481317694299e+06 9.971982183717434944e-01 1.127233306902043032e-04
2.458911482597794384e+06 9.974453665159304094e-01 1.127400788612417366e-04
2.458911483877894934e+06 9.976673493322587571e-01 1.127568270383716409e-04
2.458911485157995019e+06 9.978641666592270587e-01 1.127735752094090744e-04
2.458911486438095104e+06 9.980358185821633921e-01 1.127903233804465215e-04
2.458911487718195654e+06 9.981823051497779042e-01 1.128070715575764258e-04
2.458911488998295739e+06 9.983036262554956242e-01 1.128238197286138457e-04
2.458911490278395824e+06 9.983997819571814869e-01 1.128405678996512927e-04
2.458911491558496375e+06 9.984707722760820525e-01 1.128332803883977977e-04
2.458911492838596459e+06 9.985165971605491908e-01 1.128235876045639109e-04
2.458911494118696544e+06 9.985372566409842499e-01 1.128138948207300240e-04
2.458911495398797095e+06 9.985327507111709799e-01 1.128042020333701898e-04
2.458911496678897180e+06 9.985030793743876476e-01 1.127945092495363029e-04
2.458911497958997265e+06 9.984482426335721250e-01 1.127848164657024025e-04
2.458911499239097815e+06 9.983682404550450196e-01 1.127751236783425818e-04
2.458911500519197900e+06 9.982630728970112166e-01 1.127654308945086949e-04
2.458911501799298450e+06 9.981430843208032311e-01 1.127557381071488606e-04
2.458911503079398535e+06 9.980317825077784644e-01 1.127460453233149738e-04
2.458911504359498620e+06 9.979300749263556591e-01 1.127363525394810869e-04
2.458911505639599171e+06 9.978379615447721118e-01 1.127266597521212526e-04
2.458911506919699255e+06 9.977554424300436597e-01 1.127169669682873658e-04
2.458911508199799340e+06 9.976825175469170581e-01 1.127072741844534654e-04
2.458911509479899891e+06 9.976191868741001167e-01 1.126975813970936447e-04
2.458911510759999976e+06 9.975654504576682013e-01 1.126878886132597578e-04
