2.459011000000000000e+06 9.773337016920556897e-01 1.094509591823880477e-04
2.459011001280100085e+06 9.774436816478777601e-01 1.094562305105790663e-04
2.459011002560200635e+06 9.775645746100983802e-01 1.094615018406876319e-04
2.459011003840300720e+06 9.776955877447001120e-01 1.094667731688786505e-04
2.459011005120400805e+06 9.778367210938193610e-01 1.094720444970696826e-04
2.459011006400501356e+06 9.779879747143185309e-01 1.094773158271782483e-04
2.459011007680601440e+06 9.781493484961544249e-01 1.094825871553692804e-04
2.459011008960701525e+06 9.783208424925080582e-01 1.094878584835602990e-04
2.459011010240802076e+06 9.785024567712857779e-01 1.094931298136688782e-04
2.459011011520902161e+06 9.786941912003559452e-01 1.094984011418598967e-04
2.459011012801002711e+06 9.788960459192130870e-01 1.095114007269717629e-04
2.459011014081102796e+06 9.791080207810000102e-01 1.095254615632525224e-04
2.459011015361202881e+06 9.793301158573045617e-01 1.095395223995332683e-04
2.459011016641303431e+06 9.795623312344402533e-01 1.095535832409289412e-04
2.459011017921403516e+06 9.798046667434614498e-01 1.095676440772096872e-04
2.459011019201503601e+06 9.800571224670003856e-01 1.095817049134904466e-04
2.459011020481604151e+06 9.803196985024146271e-01 1.095957657548861060e-04
2.459011021761704236e+06 9.805923946586700968e-01 1.096098265911668655e-04
2.459011023041804321e+06 9.808742587118869372e-01 1.096238874274476250e-04
2.459011024321904872e+06 9.811628986328619906e-01 1.096379482688432844e-04
2.459011025602004956e+06 9.814581990506926479e-01 1.096520091051240438e-04
2.459011026882105041e+06 9.817601600691658881e-01 1.096660699414048033e-04
2.459011028162205592e+06 9.820687818017603821e-01 1.096801307828004627e-04
2.459011029442305677e+06 9.823840640239416278e-01 1.096941916190812222e-04
2.459011030722406227e+06 9.827060069650900287e-01 1.097082524604768816e-04
2.459011032002506312e+06 9.830346103909793909e-01 1.097223132967576411e-04
2.459011033282606397e+06 9.833698744175115580e-01 1.097410482307837655e-04
2.459011034562706947e+06 9.837117991702791775e-01 1.097628386830790912e-04
2.459011035842807032e+06 9.840603844005192391e-01 1.097846291274477335e-04
2.459011037122907117e+06 9.844156302314019946e-01 1.098064195718163622e-04
2.459011038403007668e+06 9.847775367957890547e-01 1.098282100241117015e-04
2.459011039683107752e+06 9.851461038303799267e-01 1.098500004684803302e-04
2.459011040963207837e+06 9.855213314656131596e-01 1.098717909128489725e-04
2.459011042243308388e+06 9.859032198416197712e-01 1.098935813651442982e-04
2.459011043523408473e+06 9.862908402368595340e-01 1.099153718095129405e-04
2.459011044803508557e+06 9.866778275453604863e-01 1.099371622538815828e-04
2.459011046083609108e+06 9.870629765751165463e-01 1.099589527061769085e-04
2.459011047363709193e+06 9.874462870459171926e-01 1.099807431505455372e-04
2.459011048643809743e+06 9.878277592366356830e-01 1.100025336028408765e-04
2.459011049923909828e+06 9.882073928697364673e-01 1.100243240472095052e-04
2.459011051204009913e+06 9.885851880843214978e-01 1.100461144915781475e-04
2.459011052484110463e+06 9.889611450168180884e-01 1.100679049438734732e-04
2.459011053764210548e+06 9.893352633937030349e-01 1.100893530273630078e-04
2.459011055044310633e+06 9.897075433520725607e-01 1.101101064603202427e-04
2.459011056324411184e+06 9.900779850263471404e-01 1.101308599008269534e-04
2.459011057604511268e+06 9.904465881470166932e-01 1.101516133337841882e-04
2.459011058884611353e+06 9.908133528491703812e-01 1.101723667667414230e-04
2.459011060164711904e+06 9.911782792652231722e-01 1.101931202072481338e-04
2.459011061444811989e+06 9.915413671296768872e-01 1.102138736402053686e-04
2.459011062724912073e+06 9.919026165756148483e-01 1.102346270731626170e-04
2.459011064005012624e+06 9.922619788479980496e-01 1.102553805136693277e-04
2.459011065285112709e+06 9.926177302427343641e-01 1.102761339466265490e-04
2.459011066565213259e+06 9.929690148108828440e-01 1.102968873871332597e-04
2.459011067845313344e+06 9.933158322968705933e-01 1.103176408200904946e-04
2.459011069125413429e+06 9.936581828292964103e-01 1.103383942530477429e-04
2.459011070405513979e+06 9.939960665302597365e-01 1.103591476935544537e-04
2.459011071685614064e+06 9.943294831539369882e-01 1.103799011265116885e-04
2.459011072965714149e+06 9.946584328240524187e-01 1.104006545594689233e-04
2.459011074245814700e+06 9.949829156578304801e-01 1.104211012773736322e-04
2.459011075525914785e+06 9.953029314191973453e-01 1.104363364535961689e-04
2.459011076806014869e+06 9.956184802270022782e-01 1.104515716298187057e-04
2.459011078086115420e+06 9.959295621935950749e-01 1.104668068115833451e-04
2.459011079366215505e+06 9.962361770926514426e-01 1.104820419878058683e-04
2.459011080646315590e+06 9.965383250381462110e-01 1.104972771640284050e-04
2.459011081926416140e+06 9.968360061375536318e-01 1.105125123457930444e-04
2.459011083206516225e+06 9.971292201742995021e-01 1.105277475220155811e-04
2.459011084486616310e+06 9.974179672574837729e-01 1.105429826982381178e-04
2.459011085766716860e+06 9.976973787732619225e-01 1.105582178800027437e-04
2.459011087046816945e+06 9.979608147007962282e-01 1.105734530562252804e-04
2.459011088326917496e+06 9.982082366974208698e-01 1.105886882379899063e-04
2.459011089607017580e+06 9.984396445831263955e-01 1.106039234142124430e-04
2.459011090887117665e+06 9.986550384508304790e-01 1.106191585904349798e-04
2.459011092167218216e+06 9.988544183701485446e-01 1.106343937721996192e-04
2.459011093447318301e+06 9.990377841960237371e-01 1.106496289484221559e-04
2.459011094727418385e+06 9.992051360038974872e-01 1.106648641246446926e-04
2.459011096007518936e+06 9.993564738459089769e-01 1.106684340303771278e-04
2.459011097287619021e+06 9.994917976119541692e-01 1.106687333375689654e-04
2.459011098567719106e+06 9.996111073599975860e-01 1.106690326447608167e-04
2.459011099847819656e+06 9.997144031247023888e-01 1.106693319520615353e-04
2.459011101127919741e+06 9.998016848309172477e-01 1.106696312592534001e-04
2.459011102408019826e+06 9.998729525191303313e-01 1.106699305664452377e-04
2.459011103688120376e+06 9.999282062065286691e-01 1.106702298737459700e-04
2.459011104968220461e+06 9.999674458529129728e-01 1.106705291809378076e-04
2.459011106248321012e+06 9.999909961706293648e-01 1.106708284882385263e-04
2.459011107528421097e+06 1.000000000000000000e+00 1.106711277954303775e-04
2.459011108808521181e+06 9.999945567913040012e-01 1.106714271026222151e-04
2.459011110088621732e+06 9.999746665346782581e-01 1.106717264099229474e-04
2.459011111368721817e+06 9.999403292445941949e-01 1.106720257171147850e-04
2.459011112648821902e+06 9.998915449164434976e-01 1.106723250243066227e-04
2.459011113928922452e+06 9.998283135245972231e-01 1.106726243316073549e-04
2.459011115209022537e+06 9.997506351150582393e-01 1.106729236387991926e-04
2.459011116489122622e+06 9.996585096674528437e-01 1.106678402137295812e-04
2.459011117769223172e+06 9.995519371403857045e-01 1.106575114713695786e-04
2.459011119049323257e+06 9.994309176113919113e-01 1.106471827327668652e-04
2.459011120329423342e+06 9.992954510443320393e-01 1.106368539941641517e-04
2.459011121609523892e+06 9.991455373820439245e-01 1.106265252518041491e-04
2.459011122889623977e+06 9.989811767335956549e-01 1.106161965132014221e-04
2.459011124169724528e+06 9.988023689794084392e-01 1.106058677708414195e-04
2.459011125449824613e+06 9.986091142495718831e-01 1.105955390322387060e-04
2.459011126729924697e+06 9.984017527650584922e-01 1.105852102936359790e-04
2.459011128010025248e+06 9.981839439319045715e-01 1.105748815512759900e-04
2.459011129290125333e+06 9.979566813840567985e-01 1.105645528126732494e-04
2.459011130570225418e+06 9.977199650440025103e-01 1.105542240740705359e-04
2.459011131850325968e+06 9.974737948204732696e-01 1.105438953317105334e-04
2.459011133130426053e+06 9.972181708925668131e-01 1.105335665931078199e-04
2.459011134410526138e+06 9.969530931724541745e-01 1.105232378545051064e-04
2.459011135690626688e+06 9.966785615585491698e-01 1.105129091121451038e-04
2.459011136970726773e+06 9.963945762505843629e-01 1.105000251340904630e-04
2.459011138250826858e+06 9.961011371504130407e-01 1.104786779299016909e-04
2.459011139530927408e+06 9.957982441461323830e-01 1.104573307179474833e-04
2.459011140811027493e+06 9.954858974581088926e-01 1.104359835137587247e-04
2.459011142091128044e+06 9.951640968590983460e-01 1.104146363018045172e-04
2.459011143371228129e+06 9.948328425832229094e-01 1.103932890976157450e-04
2.459011144651328214e+06 9.944921345151409575e-01 1.103719418934270000e-04
2.459011145931428764e+06 9.941419725257549800e-01 1.103505946814727789e-04
2.459011147211528849e+06 9.937823509385170784e-01 1.103292474772840339e-04
2.459011148491628934e+06 9.934124937064735539e-01 1.103079002730952618e-04
2.459011149771729484e+06 9.930318577014245474e-01 1.102865530611410406e-04
2.459011151051829569e+06 9.926404432002975398e-01 1.102652058569522956e-04
2.459011152331929654e+06 9.922382500665893890e-01 1.102438586527635370e-04
2.459011153612030204e+06 9.918252781481131652e-01 1.102225114408093159e-04
2.459011154892130289e+06 9.914015277453216424e-01 1.102011642366205709e-04
2.459011156172230374e+06 9.909669987099490873e-01 1.101798170324317988e-04
2.459011157452330925e+06 9.905216908780453133e-01 1.101584698204775912e-04
2.459011158732431009e+06 9.900656045735893862e-01 1.101279609091311253e-04
2.459011160012531094e+06 9.895987396365523159e-01 1.100970437980685788e-04
2.459011161292631645e+06 9.891210958912212137e-01 1.100661266757593321e-04
2.459011162572731730e+06 9.886326736851007713e-01 1.100352095646967856e-04
2.459011163852832280e+06 9.881334726628445697e-01 1.100042924423875389e-04
2.459011165132932365e+06 9.876234931876407552e-01 1.099733753313249923e-04
2.459011166413032450e+06 9.871027350798556865e-01 1.099424582202624323e-04
2.459011167693133000e+06 9.865711981441720457e-01 1.099115410979531991e-04
2.459011168973233085e+06 9.860323503559407232e-01 1.098806239868906526e-04
2.459011170253333170e+06 9.854928694141004142e-01 1.098497068758281061e-04
2.459011171533433720e+06 9.849529220618652436e-01 1.098187897535188594e-04
2.459011172813533805e+06 9.844125086920679779e-01 1.097878726424563129e-04
2.459011174093633890e+06 9.838716291083771104e-01 1.097569555313937663e-04
2.459011175373734441e+06 9.833302831137827882e-01 1.097260384090845196e-04
2.459011176653834525e+06 9.827884711021349640e-01 1.096951212980219731e-04
2.459011177933934610e+06 9.822461928765936490e-01 1.096642041869594266e-04
2.459011179214035161e+06 9.817034482396399531e-01 1.096340936970926881e-04
2.459011180494135246e+06 9.811602375861416814e-01 1.096043579703991484e-04
2.459011181774235796e+06 9.806165605208920777e-01 1.095746222328886592e-04
2.459011183054335881e+06 9.800724174394369603e-01 1.095448865061951331e-04
2.459011184334435966e+06 9.795278081440882412e-01 1.095151507795016069e-04
2.459011185614536516e+06 9.789827324364792638e-01 1.094854150419911042e-04
2.459011186894636601e+06 9.784371907131735879e-01 1.094556793152975780e-04
2.459011188174736686e+06 9.778911827759743103e-01 1.094259435886040519e-04
2.459011189454837237e+06 9.773459496185936679e-01 1.093962078510935627e-04
2.459011190734937321e+06 9.768077308776791368e-01 1.093664721244000230e-04
2.459011192015037406e+06 9.762773879404815780e-01 1.093367363977064969e-04
2.459011193295137957e+06 9.757549206183756541e-01 1.093070006601960212e-04
2.459011194575238042e+06 9.752403292914767485e-01 1.092772649335024680e-04
2.459011195855338126e+06 9.747336137682948154e-01 1.092475292068089418e-04
2.459011197135438677e+06 9.742347738687995307e-01 1.092177934692984662e-04
2.459011198415538762e+06 9.737438099559163618e-01 1.091880577426049265e-04
2.459011199695639312e+06 9.732607216724498134e-01 1.091608007387357126e-04
2.459011200975739397e+06 9.727855093698654088e-01 1.091371369860750259e-04
2.459011202255839482e+06 9.723181728709978655e-01 1.091134732334143393e-04
2.459011203535940032e+06 9.718587120101419563e-01 1.090898094721454940e-04
2.459011204816040117e+06 9.714071271215732883e-01 1.090661457194848209e-04
2.459011206096140202e+06 9.709634180367214817e-01 1.090424819668241342e-04
2.459011207376240753e+06 9.705275845984762118e-01 1.090188182055553025e-04
2.459011208656340837e+06 9.700996271239231694e-01 1.089951544528946158e-04
2.459011209936440922e+06 9.696797504406104995e-01 1.089714907002339427e-04
2.459011211216541473e+06 9.692718498791544901e-01 1.089478269389651110e-04
2.459011212496641558e+06 9.688774099144195073e-01 1.089241631863044243e-04
2.459011213776741643e+06 9.684964303955757581e-01 1.089004994336437377e-04
2.459011215056842193e+06 9.681289111913790046e-01 1.088768356723748924e-04
2.459011216336942278e+06 9.677748525692138060e-01 1.088531719197142193e-04
2.459011217617042828e+06 9.674342542714888804e-01 1.088295081584453875e-04
2.459011218897142913e+06 9.671071165460023433e-01 1.088058444057847008e-04
2.459011220177242998e+06 9.667934392664070398e-01 1.087833833855386396e-04
2.459011221457343549e+06 9.664932223259412591e-01 1.087687177692721861e-04
2.459011222737443633e+06 9.662064659430246172e-01 1.087540521583406578e-04
2.459011224017543718e+06 9.659331700059990977e-01 1.087393865474091159e-04
2.459011225297644269e+06 9.656733344227926841e-01 1.087247209311426759e-04
2.459011226577744354e+06 9.654269593824458262e-01 1.087100553202111476e-04
2.459011227857844438e+06 9.651940447879900908e-01 1.086953897092796058e-04
2.459011229137944989e+06 9.649745905620429332e-01 1.086807240930131658e-04
2.459011230418045074e+06 9.647685968642658594e-01 1.086660584820816239e-04
2.459011231698145159e+06 9.645752635410036468e-01 1.086513928711500956e-04
2.459011232978245709e+06 9.643937788326749638e-01 1.086367272548836421e-04
2.459011234258345794e+06 9.642241428607806197e-01 1.086220616439521138e-04
2.459011235538445879e+06 9.640663555571467036e-01 1.086073960330205854e-04
2.459011236818546429e+06 9.639204168708405129e-01 1.085927304167541455e-04
2.459011238098646514e+06 9.637863269080380046e-01 1.085780648058226036e-04
2.459011239378747065e+06 9.636640855711834375e-01 1.085633991895561636e-04
2.459011240658847149e+06 9.635536929492123370e-01 1.085487335786246353e-04
2.459011241938947234e+06 9.634551489955016645e-01 1.085449262920751165e-04
2.459011243219047785e+06 9.633684536806697007e-01 1.085428998058125881e-04
2.459011244499147870e+06 9.632936070677903251e-01 1.085408733202872223e-04
2.459011245779247954e+06 9.632306091231715994e-01 1.085388468347618564e-04
2.459011247059348505e+06 9.631794598303619059e-01 1.085368203484993145e-04
2.459011248339448590e+06 9.631401592265744771e-01 1.085347938629739622e-04
2.459011249619548675e+06 9.631127072910475873e-01 1.085327673774485964e-04
2.459011250899649225e+06 9.630971040202604971e-01 1.085307408911860544e-04
2.459011252179749310e+06 9.630943437873205060e-01 1.085287144056607022e-04
2.459011253459849395e+06 9.631071014543464148e-01 1.085266879201353228e-04
2.459011254739949945e+06 9.631355247147779242e-01 1.085246614338727944e-04
2.459011256020050030e+06 9.631796135479363530e-01 1.085226349483474150e-04
2.459011257300150581e+06 9.632393679858978208e-01 1.085206084620849001e-04
2.459011258580250666e+06 9.633147879851886586e-01 1.085185819765595343e-04
2.459011259860350750e+06 9.634058735646964244e-01 1.085165554910341550e-04
2.459011261140451301e+06 9.635126247661032206e-01 1.085145290047716401e-04
2.459011262420551386e+06 9.636350415117435064e-01 1.085193418328374222e-04
2.459011263700651471e+06 9.637731238376008314e-01 1.085290156160435235e-04
2.459011264980752021e+06 9.639268718024530669e-01 1.085386894027686605e-04
2.459011266260852106e+06 9.640962852944428008e-01 1.085483631859747618e-04
2.459011267540952191e+06 9.642813643666494627e-01 1.085580369691808902e-04
2.459011268821052741e+06 9.644821090949470266e-01 1.085677107559060136e-04
2.459011270101152826e+06 9.646985193332862085e-01 1.085773845391121149e-04
2.459011271381252911e+06 9.649305951518424296e-01 1.085870583223182297e-04
2.459011272661353461e+06 9.651775505404082134e-01 1.085967321090433531e-04
2.459011273941453546e+06 9.654335126934749933e-01 1.086064058922494679e-04
2.459011275221554097e+06 9.656972812122506244e-01 1.086160796789746049e-04
2.459011276501654182e+06 9.659688559048332790e-01 1.086257534621807062e-04
2.459011277781754266e+06 9.662482368657541176e-01 1.086354272453868075e-04
2.459011279061854817e+06 9.665354242009027708e-01 1.086451010321119444e-04
2.459011280341954902e+06 9.668304177013393730e-01 1.086547748153180457e-04
2.459011281622054987e+06 9.671332174701141593e-01 1.086644485985241741e-04
2.459011282902155537e+06 9.674438236216357234e-01 1.086770031999796725e-04
2.459011284182255622e+06 9.677622359299263843e-01 1.086959704698222220e-04
2.459011285462355707e+06 9.680884545065551183e-01 1.087149377396647986e-04
2.459011286742456257e+06 9.684224794744499265e-01 1.087339050164070752e-04
2.459011288022556342e+06 9.687643105905944241e-01 1.087528722862496382e-04
2.459011289302656427e+06 9.691139479750772168e-01 1.087718395560921878e-04
2.459011290582756978e+06 9.694713917593449359e-01 1.087908068328344644e-04
2.459011291862857062e+06 9.698366416833434922e-01 1.088097741026770274e-04
2.459011293142957147e+06 9.702096101238296688e-01 1.088287413725196040e-04
2.459011294423057698e+06 9.705865143311588339e-01 1.088477086492618806e-04
2.459011295703157783e+06 9.709653403457874088e-01 1.088666759191044437e-04
2.459011296983258333e+06 9.713460884433262610e-01 1.088856431958467203e-04
2.459011298263358418e+06 9.717287583467663081e-01 1.089046104656892698e-04
2.459011299543458503e+06 9.721133501942623711e-01 1.089235777355318329e-04
2.459011300823559053e+06 9.724998641267660338e-01 1.089425450122741095e-04
2.459011302103659138e+06 9.728882998630735690e-01 1.089615122821166861e-04
2.459011303383759223e+06 9.732786575434372311e-01 1.089805677161534696e-04
2.459011304663859773e+06 9.736709373109058152e-01 1.090020240853176408e-04
2.459011305943959858e+06 9.740651388800808386e-01 1.090234804466766406e-04
2.459011307224059943e+06 9.744612623933119888e-01 1.090449368080356404e-04
2.459011308504160494e+06 9.748593079957456053e-01 1.090663931771998117e-04
2.459011309784260578e+06 9.752592753977880058e-01 1.090878495385588114e-04
2.459011311064360663e+06 9.756611647438866441e-01 1.091093058999178112e-04
2.459011312344461214e+06 9.760649761812850711e-01 1.091307622690819825e-04
2.459011313624561299e+06 9.764707094161951817e-01 1.091522186304409823e-04
2.459011314904661849e+06 9.768779664788216355e-01 1.091736749996051535e-04
2.459011316184761934e+06 9.772861630130161847e-01 1.091951313609641533e-04
2.459011317464862019e+06 9.776952940441323570e-01 1.092165877223231531e-04
2.459011318744962569e+06 9.781053597215092488e-01 1.092380440914873107e-04
2.459011320025062654e+06 9.785163597468082841e-01 1.092595004528463105e-04
2.459011321305162739e+06 9.789282942690288314e-01 1.092809568142053239e-04
2.459011322585263290e+06 9.793411634385299491e-01 1.093024131833694816e-04
2.459011323865363374e+06 9.797549669549335816e-01 1.093238695447284813e-04
2.459011325145463459e+06 9.801697049682586149e-01 1.093442083511786514e-04
2.459011326425564010e+06 9.805853776298839586e-01 1.093641959130837484e-04
2.459011327705664095e+06 9.810019846373919661e-01 1.093841834677179958e-04
2.459011328985764179e+06 9.814195261418213745e-01 1.094041710223522432e-04
2.459011330265864730e+06 9.818380022955711661e-01 1.094241585842573402e-04
2.459011331545964815e+06 9.822574127941835487e-01 1.094441461388916012e-04
2.459011332826065365e+06 9.826777579427961040e-01 1.094641337007966982e-04
2.459011334106165450e+06 9.830990374355914607e-01 1.094841212554309456e-04
2.459011335386265535e+06 9.835196150332430332e-01 1.095041088100651930e-04
2.459011336666366085e+06 9.839333069884708127e-01 1.095240963719702900e-04
2.459011337946466170e+06 9.843395167141942848e-01 1.095440839266045375e-04
2.459011339226566255e+06 9.847382443622632042e-01 1.095640714812387849e-04
2.459011340506666806e+06 9.851294900736394800e-01 1.095840590431438954e-04
2.459011341786766890e+06 9.855132535636770275e-01 1.096040465977781429e-04
2.459011343066866975e+06 9.858895349760598004e-01 1.096240341524123903e-04
2.459011344346967526e+06 9.862583344435845722e-01 1.096440217143174873e-04
2.459011345627067611e+06 9.866196516979359732e-01 1.096625961281911979e-04
2.459011346907167695e+06 9.869734868746327106e-01 1.096796777626383757e-04
2.459011348187268246e+06 9.873198400983064227e-01 1.096967594032993194e-04
2.459011349467368331e+06 9.876587111169715660e-01 1.097138410377464837e-04
2.459011350747468881e+06 9.879901001771702607e-01 1.097309226784074274e-04
2.459011352027568966e+06 9.883140070378043651e-01 1.097480043128545916e-04
2.459011353307669051e+06 9.886304318207835840e-01 1.097650859473017559e-04
2.459011354587769601e+06 9.889393746371309968e-01 1.097821675879626996e-04
2.459011355867869686e+06 9.892406656257433095e-01 1.097992492224098639e-04
2.459011357147969771e+06 9.895322794842058567e-01 1.098163308568570281e-04
2.459011358428070322e+06 9.898136261544722148e-01 1.098334124975179719e-04
2.459011359708170407e+06 9.900847054318513418e-01 1.098504941319651361e-04
2.459011360988270491e+06 9.903455174205565426e-01 1.098675757664123004e-04
2.459011362268371042e+06 9.905960622098604063e-01 1.098846574070732441e-04
2.459011363548471127e+06 9.908363396174821869e-01 1.099017390415204083e-04
2.459011364828571212e+06 9.910663497364295971e-01 1.099188206759675726e-04
2.459011366108671762e+06 9.912860926447712995e-01 1.099337143334178492e-04
2.459011367388771847e+06 9.914955681826354006e-01 1.099404623887635570e-04
2.459011368668871932e+06 9.916947764318252423e-01 1.099472104441092513e-04
2.459011369948972482e+06 9.918837174592045614e-01 1.099539585019096877e-04
2.459011371229072567e+06 9.920623911273109830e-01 1.099607065572553955e-04
2.459011372509173118e+06 9.922307975661369683e-01 1.099674546150558320e-04
2.459011373789273202e+06 9.923889366531601919e-01 1.099742026704015398e-04
2.459011375069373287e+06 9.925368084515092670e-01 1.099809507257472341e-04
2.459011376349473838e+06 9.926744066717522186e-01 1.099876987835476705e-04
2.459011377629573923e+06 9.928004303776987172e-01 1.099944468388933783e-04
2.459011378909674007e+06 9.929139002568222461e-01 1.100011948942390726e-04
2.459011380189774558e+06 9.930148163435491560e-01 1.100079429520395090e-04
2.459011381469874643e+06 9.931031785644596210e-01 1.100146910073852033e-04
2.459011382749974728e+06 9.931789869585468944e-01 1.100214390627309111e-04
2.459011384030075278e+06 9.932422415465375076e-01 1.100281871205313611e-04
2.459011385310175363e+06 9.932929422824117172e-01 1.100349351758770554e-04
2.459011386590275448e+06 9.933310891914630680e-01 1.100416832312227632e-04
2.459011387870375998e+06 9.933566822807176067e-01 1.100380225812505418e-04
2.459011389150476083e+06 9.933697215315556717e-01 1.100336641412248933e-04
2.459011390430576634e+06 9.933702069534638968e-01 1.100293056996137889e-04
2.459011391710676719e+06 9.933581385460890090e-01 1.100249472595881539e-04
2.459011392990776803e+06 9.933335163118909295e-01 1.100205888195625054e-04
2.459011394270877354e+06 9.932963402350629689e-01 1.100162303779513874e-04
2.459011395550977439e+06 9.932466103426519366e-01 1.100118719379257525e-04
2.459011396831077524e+06 9.931843266234178236e-01 1.100075134979001040e-04
2.459011398111178074e+06 9.931100199327389522e-01 1.100031550562889860e-04
2.459011399391278159e+06 9.930247856787687288e-01 1.099987966162633510e-04
2.459011400671378244e+06 9.929286570617332774e-01 1.099944381762377025e-04
2.459011401951478794e+06 9.928216340407192142e-01 1.099900797346265981e-04
2.459011403231578879e+06 9.927037166935903656e-01 1.099857212946009631e-04
2.459011404511678964e+06 9.925749049833960669e-01 1.099813628545753146e-04
2.459011405791779514e+06 9.924351988573343331e-01 1.099770044129641966e-04
2.459011407071879599e+06 9.922845984170466371e-01 1.099726459729385617e-04
2.459011408351980150e+06 9.921231035529652909e-01 1.099651540102779414e-04
2.459011409632080235e+06 9.919507143825839757e-01 1.099560665177756107e-04
2.459011410912180319e+06 9.917674308491374324e-01 1.099469790252732799e-04
2.459011412192280870e+06 9.915732528800081935e-01 1.099378915294651896e-04
2.459011413472380955e+06 9.913681806164682531e-01 1.099288040369628589e-04
2.459011414752481040e+06 9.911522139898629735e-01 1.099197165444605145e-04
2.459011416032581590e+06 9.909253529156858420e-01 1.099106290486524378e-04
2.459011417312681675e+06 9.906875975589870542e-01 1.099015415561501070e-04
2.459011418592781760e+06 9.904399920745575736e-01 1.098924540636477763e-04
2.459011419872882310e+06 9.901882073147003638e-01 1.098833665678396860e-04
2.459011421152982395e+06 9.899330960155693360e-01 1.098742790753373552e-04
2.459011422433082480e+06 9.896746580861781606e-01 1.098651915828350244e-04
2.459011423713183030e+06 9.894128934306998246e-01 1.098561040870269477e-04
2.459011424993283115e+06 9.891478022395782110e-01 1.098470165945246169e-04
2.459011426273383666e+06 9.888793843199491507e-01 1.098379290987165131e-04
2.459011427553483751e+06 9.886076398670966547e-01 1.098288416062141823e-04
2.459011428833583836e+06 9.883325687839842333e-01 1.098167076866769803e-04
2.459011430113684386e+06 9.880541709687339358e-01 1.097997695385674144e-04
2.459011431393784471e+06 9.877724466238908541e-01 1.097828313966194372e-04
2.459011432673884556e+06 9.874873956487876248e-01 1.097658932546714464e-04
2.459011433953985106e+06 9.871990179379163122e-01 1.097489551065618804e-04
2.459011435234085191e+06 9.869073137010825336e-01 1.097320169646138897e-04
2.459011436514185276e+06 9.866122828339883855e-01 1.097150788226658989e-04
2.459011437794285826e+06 9.863139252274958357e-01 1.096981406745563465e-04
2.459011439074385911e+06 9.860123683654744564e-01 1.096812025326083557e-04
2.459011440354485996e+06 9.857103964728345380e-01 1.096642643906603650e-04
2.459011441634586547e+06 9.854091455268565447e-01 1.096473262425507855e-04
2.459011442914686631e+06 9.851086157467117133e-01 1.096303881006028083e-04
2.459011444194786716e+06 9.848088070226834745e-01 1.096134499586548310e-04
2.459011445474887267e+06 9.845097192461039759e-01 1.095965118105452516e-04
2.459011446754987352e+06 9.842113526345709351e-01 1.095795736685972608e-04
2.459011448035087902e+06 9.839137069710111039e-01 1.095626355204876948e-04
2.459011449315187987e+06 9.836167824719732611e-01 1.095466194274343240e-04
2.459011450595288072e+06 9.833205790290520110e-01 1.095378061532743352e-04
2.459011451875388622e+06 9.830250965348905634e-01 1.095289928759083471e-04
2.459011453155488707e+06 9.827303352044645113e-01 1.095201796017483583e-04
2.459011454435588792e+06 9.824362949301547188e-01 1.095113663275883696e-04
2.459011455715689342e+06 9.821429756053918769e-01 1.095025530502223950e-04
2.459011456995789427e+06 9.818503774435773934e-01 1.094937397760624063e-04
2.459011458275889512e+06 9.815585003378792806e-01 1.094849265019024175e-04
2.459011459555990063e+06 9.812673441825150444e-01 1.094761132245364294e-04
2.459011460836090147e+06 9.809803413077409218e-01 1.094672999503764406e-04
2.459011462116190232e+06 9.807012604215580298e-01 1.094584866762164654e-04
2.459011463396290783e+06 9.804301034662301628e-01 1.094496733988504773e-04
2.459011464676390868e+06 9.801668706390344044e-01 1.094408601246904886e-04
2.459011465956491418e+06 9.799115617484587260e-01 1.094320468473245004e-04
2.459011467236591503e+06 9.796641769802502120e-01 1.094232335731645117e-04
2.459011468516691588e+06 9.794247162400940843e-01 1.094144202990045365e-04
2.459011469796792138e+06 9.791931794452055637e-01 1.094056070216385484e-04
2.459011471076892223e+06 9.789695667640365695e-01 1.093999191450369650e-04
2.459011472356992308e+06 9.787538781109198505e-01 1.093948313641841769e-04
2.459011473637092859e+06 9.785461134117182658e-01 1.093897435814806016e-04
2.459011474917192943e+06 9.783462728175887912e-01 1.093846558006278272e-04
2.459011476197293028e+06 9.781543562515117030e-01 1.093795680197750392e-04
2.459011477477393579e+06 9.779703636479972761e-01 1.093744802370714910e-04
2.459011478757493664e+06 9.777942951409073213e-01 1.093693924562187030e-04
2.459011480037593748e+06 9.776261506618696417e-01 1.093643046753659150e-04
2.459011481317694299e+06 9.774665447545505259e-01 1.093592168926623532e-04
2.459011482597794384e+06 9.773172486597480058e-01 1.093541291118095652e-04
2.459011483877894934e+06 9.771783734023987700e-01 1.093490413291060170e-04
2.459011485157995019e+06 9.770499190835401082e-01 1.093439535482532290e-04
2.459011486438095104e+06 9.769318856507577253e-01 1.093388657674004410e-04
2.459011487718195654e+06 9.768242730668010854e-01 1.093337779846968792e-04
2.459011488998295739e+06 9.767270814099625609e-01 1.093286902038440912e-04
2.459011490278395824e+06 9.766403106392003153e-01 1.093236024229913168e-04
2.459011491558496375e+06 9.765639607286362711e-01 1.093256272715492655e-04
2.459011492838596459e+06 9.764980317338177729e-01 1.093331425209946041e-04
2.459011494118696544e+06 9.764425236250757756e-01 1.093406577704399428e-04
2.459011495398797095e+06 9.763974363879043272e-01 1.093481730226190972e-04
2.459011496678897180e+06 9.763627700551058552e-01 1.093556882720644495e-04
2.459011497958997265e+06 9.763385246083841063e-01 1.093632035215097881e-04
2.459011499239097815e+06 9.763247000446051427e-01 1.093707187736889561e-04
2.459011500519197900e+06 9.763212963738270300e-01 1.093782340231342948e-04
2.459011501799298450e+06 9.763284994645434756e-01 1.093857492753134492e-04
2.459011503079398535e+06 9.763478270617383936e-01 1.093932645247588014e-04
2.459011504359498620e+06 9.763796136627834743e-01 1.094007797742041401e-04
2.459011505639599171e+06 9.764238592860402521e-01 1.094082950263833081e-04
2.459011506919699255e+06 9.764805638993180326e-01 1.094158102758286468e-04
2.459011508199799340e+06 9.765497275164459756e-01 1.094233255252739854e-04
2.459011509479899891e+06 9.766313501693821841e-01 1.094308407774531534e-04
2.459011510759999976e+06 9.767254317987428269e-01 1.094383560268984921e-04
