2.459013000000000000e+06 9.807198979980579212e-01 1.112190117417167096e-04
2.459013001280100085e+06 9.804843663043186774e-01 1.112022086272583017e-04
2.459013002560200635e+06 9.802545500505435161e-01 1.111854055066874330e-04
2.459013003840300720e+06 9.800346091933467285e-01 1.111686023922290250e-04
2.459013005120400805e+06 9.798245436473321801e-01 1.111517992777706171e-04
2.459013006400501356e+06 9.796243533414729088e-01 1.111349961571997483e-04
2.459013007680601440e+06 9.794340384214151873e-01 1.111181930427413404e-04
2.459013008960701525e+06 9.792535988125395940e-01 1.111013899282829460e-04
2.459013010240802076e+06 9.790830344545962127e-01 1.110845868077120773e-04
2.459013011520902161e+06 9.789223454716773354e-01 1.110677836932536693e-04
2.459013012801002711e+06 9.787715317468754783e-01 1.110585543266024485e-04
2.459013014081102796e+06 9.786305933899134279e-01 1.110501807107608515e-04
2.459013015361202881e+06 9.784995303441336167e-01 1.110418070949192409e-04
2.459013016641303431e+06 9.783783425672477607e-01 1.110334334760315644e-04
2.459013017921403516e+06 9.782670301474246655e-01 1.110250598601899538e-04
2.459013019201503601e+06 9.781655930387838094e-01 1.110166862443483433e-04
2.459013020481604151e+06 9.780740312098139544e-01 1.110083126254606803e-04
2.459013021761704236e+06 9.779923447271298143e-01 1.109999390096190697e-04
2.459013023041804321e+06 9.779206805319173856e-01 1.109915653937774591e-04
2.459013024321904872e+06 9.778593844850542727e-01 1.109831917748897826e-04
2.459013025602004956e+06 9.778084710968413251e-01 1.109748181590481720e-04
2.459013026882105041e+06 9.777679403430925564e-01 1.109664445432065750e-04
2.459013028162205592e+06 9.777377922147294509e-01 1.109580709243188984e-04
2.459013029442305677e+06 9.777180267336860187e-01 1.109496973084773014e-04
2.459013030722406227e+06 9.777086438855820960e-01 1.109413236895896249e-04
2.459013032002506312e+06 9.777096436772437782e-01 1.109329500737480143e-04
2.459013033282606397e+06 9.777210261033698613e-01 1.109302628752122766e-04
2.459013034562706947e+06 9.777427911737659461e-01 1.109310034322418486e-04
2.459013035842807032e+06 9.777749388725972546e-01 1.109317439890020369e-04
2.459013037122907117e+06 9.778174692058927420e-01 1.109324845457622253e-04
2.459013038403007668e+06 9.778703821947890562e-01 1.109332251027918108e-04
2.459013039683107752e+06 9.779336778007897690e-01 1.109339656595519991e-04
2.459013040963207837e+06 9.780073560412547717e-01 1.109347062163121875e-04
2.459013042243308388e+06 9.780914169486510934e-01 1.109354467733417729e-04
2.459013043523408473e+06 9.781861046243367497e-01 1.109361873301019613e-04
2.459013044803508557e+06 9.782929653521756919e-01 1.109369278868621632e-04
2.459013046083609108e+06 9.784122709257160322e-01 1.109376684438917351e-04
2.459013047363709193e+06 9.785440212581580921e-01 1.109384090006519370e-04
2.459013048643809743e+06 9.786882164453556410e-01 1.109391495576815225e-04
2.459013049923909828e+06 9.788448563824008186e-01 1.109398901144416973e-04
2.459013051204009913e+06 9.790139411194841434e-01 1.109406306712018857e-04
2.459013052484110463e+06 9.791954707249039824e-01 1.109413712282314712e-04
2.459013053764210548e+06 9.793894450665903140e-01 1.109474202029560016e-04
2.459013055044310633e+06 9.795958642083149037e-01 1.109633564740099526e-04
2.459013056324411184e+06 9.798147282319569218e-01 1.109792927508610513e-04
2.459013057604511268e+06 9.800460369782845182e-01 1.109952290219150023e-04
2.459013058884611353e+06 9.802897905246501509e-01 1.110111652929689669e-04
2.459013060164711904e+06 9.805459889665144591e-01 1.110271015698200656e-04
2.459013061444811989e+06 9.808146321174832094e-01 1.110430378408740302e-04
2.459013062724912073e+06 9.810957200684902180e-01 1.110589741119279812e-04
2.459013064005012624e+06 9.813890791855950368e-01 1.110749103887790663e-04
2.459013065285112709e+06 9.816895540970486111e-01 1.110908466598330309e-04
2.459013066565213259e+06 9.819947460296011288e-01 1.111067829366841161e-04
2.459013067845313344e+06 9.823046547612138690e-01 1.111227192077380807e-04
2.459013069125413429e+06 9.826192804020480454e-01 1.111386554787920452e-04
2.459013070405513979e+06 9.829386230691288251e-01 1.111545917556431304e-04
2.459013071685614064e+06 9.832626825301220563e-01 1.111705280266970950e-04
2.459013072965714149e+06 9.835914589003367237e-01 1.111864642977510460e-04
2.459013074245814700e+06 9.839249523019457655e-01 1.112024273533030513e-04
2.459013075525914785e+06 9.842631624923194877e-01 1.112187218021364440e-04
2.459013076806014869e+06 9.846060895919148681e-01 1.112350162509698502e-04
2.459013078086115420e+06 9.849537337280518390e-01 1.112513107057306575e-04
2.459013079366215505e+06 9.853060946478061632e-01 1.112676051545640637e-04
2.459013080646315590e+06 9.856631724767821456e-01 1.112838996033974564e-04
2.459013081926416140e+06 9.860249673474473786e-01 1.113001940581582908e-04
2.459013083206516225e+06 9.863914789965821939e-01 1.113164885069916970e-04
2.459013084486616310e+06 9.867627075549386673e-01 1.113327829558250761e-04
2.459013085766716860e+06 9.871357331848809036e-01 1.113490774105859105e-04
2.459013087046816945e+06 9.875068436908126523e-01 1.113653718594193167e-04
2.459013088326917496e+06 9.878760263549402065e-01 1.113816663141801376e-04
2.459013089607017580e+06 9.882432809086686420e-01 1.113979607630135303e-04
2.459013090887117665e+06 9.886086074866461404e-01 1.114142552118469365e-04
2.459013092167218216e+06 9.889720062207150164e-01 1.114305496666077438e-04
2.459013093447318301e+06 9.893334768464889795e-01 1.114468441154411500e-04
2.459013094727418385e+06 9.896930194965116723e-01 1.114631385642745427e-04
2.459013096007518936e+06 9.900506343005219811e-01 1.114813329586028127e-04
2.459013097287619021e+06 9.904063209983413607e-01 1.115000017652959847e-04
2.459013098567719106e+06 9.907600797204095810e-01 1.115186705719891432e-04
2.459013099847819656e+06 9.911119105943614338e-01 1.115373393854734595e-04
2.459013101127919741e+06 9.914618133642260078e-01 1.115560081921666179e-04
2.459013102408019826e+06 9.918097881583397557e-01 1.115746769988597899e-04
2.459013103688120376e+06 9.921558351022329303e-01 1.115933458123441062e-04
2.459013104968220461e+06 9.924999539441430318e-01 1.116120146190372647e-04
2.459013106248321012e+06 9.928412741318919377e-01 1.116306834325215809e-04
2.459013107528421097e+06 9.931769281780402636e-01 1.116493522392147394e-04
2.459013108808521181e+06 9.935066910302462473e-01 1.116680210459079114e-04
2.459013110088621732e+06 9.938305628052529483e-01 1.116866898593922141e-04
2.459013111368721817e+06 9.941485432674314060e-01 1.117053586660853861e-04
2.459013112648821902e+06 9.944606325356672993e-01 1.117240274727785446e-04
2.459013113928922452e+06 9.947668307202747195e-01 1.117426962862628473e-04
2.459013115209022537e+06 9.950671375984828648e-01 1.117613650929560193e-04
2.459013116489122622e+06 9.953615532827485568e-01 1.117763921129212969e-04
2.459013117769223172e+06 9.956500778769568072e-01 1.117881323396976799e-04
2.459013119049323257e+06 9.959327111711948621e-01 1.117998725622033093e-04
2.459013120329423342e+06 9.962094532714903528e-01 1.118116127847089522e-04
2.459013121609523892e+06 9.964803042752993223e-01 1.118233530114853217e-04
2.459013122889623977e+06 9.967452639855671759e-01 1.118350932339909646e-04
2.459013124169724528e+06 9.970043325950622704e-01 1.118468334607673341e-04
2.459013125449824613e+06 9.972575099153022649e-01 1.118585736832729770e-04
2.459013126729924697e+06 9.975043581222270417e-01 1.118703139057786199e-04
2.459013128010025248e+06 9.977405937931710378e-01 1.118820541325550030e-04
2.459013129290125333e+06 9.979651302745267127e-01 1.118937943550606324e-04
2.459013130570225418e+06 9.981779676543579560e-01 1.119055345775662617e-04
2.459013131850325968e+06 9.983791060037043863e-01 1.119172748043426448e-04
2.459013133130426053e+06 9.985685451762303932e-01 1.119290150268482877e-04
2.459013134410526138e+06 9.987462852472314134e-01 1.119407552493539170e-04
2.459013135690626688e+06 9.989123262749807219e-01 1.119524954761303001e-04
2.459013136970726773e+06 9.990666681386766168e-01 1.119619531585168979e-04
2.459013138250826858e+06 9.992093109008477470e-01 1.119646012099624166e-04
2.459013139530927408e+06 9.993402546069997117e-01 1.119672492623712353e-04
2.459013140811027493e+06 9.994594991618656055e-01 1.119698973138167676e-04
2.459013142091128044e+06 9.995670446522005870e-01 1.119725453662255728e-04
2.459013143371228129e+06 9.996628909997613555e-01 1.119751934176711051e-04
2.459013144651328214e+06 9.997470382457971372e-01 1.119778414691166237e-04
2.459013145931428764e+06 9.998194864145347749e-01 1.119804895215254425e-04
2.459013147211528849e+06 9.998802306811062079e-01 1.119831375729709748e-04
2.459013148491628934e+06 9.999288279544384928e-01 1.119857856244164935e-04
2.459013149771729484e+06 9.999649886092829565e-01 1.119884336768253122e-04
2.459013151051829569e+06 9.999887126193314213e-01 1.119910817282708445e-04
2.459013152331929654e+06 1.000000000000000000e+00 1.119937297797163767e-04
2.459013153612030204e+06 9.999988507486088363e-01 1.119963778321251819e-04
2.459013154892130289e+06 9.999852648659935950e-01 1.119990258835707006e-04
2.459013156172230374e+06 9.999592423539984676e-01 1.120016739350162329e-04
2.459013157452330925e+06 9.999207831963713433e-01 1.120043219874250517e-04
2.459013158732431009e+06 9.998698874210926180e-01 1.119914181732868701e-04
2.459013160012531094e+06 9.998065550164337845e-01 1.119781396344557629e-04
2.459013161292631645e+06 9.997307859525708107e-01 1.119648610907943316e-04
2.459013162572731730e+06 9.996425802846284903e-01 1.119515825519632244e-04
2.459013163852832280e+06 9.995419379484334899e-01 1.119383040083017931e-04
2.459013165132932365e+06 9.994288590172071274e-01 1.119250254694706859e-04
2.459013166413032450e+06 9.993033434566009898e-01 1.119117469306395922e-04
2.459013167693133000e+06 9.991653912141702509e-01 1.118984683869781610e-04
2.459013168973233085e+06 9.990136963191923458e-01 1.118851898481470672e-04
2.459013170253333170e+06 9.988459035493252314e-01 1.118719113093159464e-04
2.459013171533433720e+06 9.986619648720451714e-01 1.118586327656545152e-04
2.459013172813533805e+06 9.984618804211748966e-01 1.118453542268234215e-04
2.459013174093633890e+06 9.982456501327399145e-01 1.118320756879923142e-04
2.459013175373734441e+06 9.980132739192721925e-01 1.118187971443308830e-04
2.459013176653834525e+06 9.977647519498342721e-01 1.118055186054997758e-04
2.459013177933934610e+06 9.975000841428313114e-01 1.117922400666686685e-04
2.459013179214035161e+06 9.972192703931757052e-01 1.117716096412788902e-04
2.459013180494135246e+06 9.969223109051699172e-01 1.117478568232843872e-04
2.459013181774235796e+06 9.966092054627646579e-01 1.117241039966493214e-04
2.459013183054335881e+06 9.962799542937559316e-01 1.117003511786548184e-04
2.459013184334435966e+06 9.959345572871823871e-01 1.116765983606603154e-04
2.459013185614536516e+06 9.955730143085892436e-01 1.116528455340252632e-04
2.459013186894636601e+06 9.951953256210126497e-01 1.116290927160307601e-04
2.459013188174736686e+06 9.948014910958713486e-01 1.116053398980362571e-04
2.459013189454837237e+06 9.943933603062541371e-01 1.115815870714011914e-04
2.459013190734937321e+06 9.939795886904460032e-01 1.115578342534066884e-04
2.459013192015037406e+06 9.935612760192265025e-01 1.115340814354121853e-04
2.459013193295137957e+06 9.931384221379482291e-01 1.115103286087771331e-04
2.459013194575238042e+06 9.927110273542533170e-01 1.114865757907826301e-04
2.459013195855338126e+06 9.922790915151470381e-01 1.114628229727881271e-04
2.459013197135438677e+06 9.918426144610260620e-01 1.114390701461530749e-04
2.459013198415538762e+06 9.914015965094445937e-01 1.114153173281585719e-04
2.459013199695639312e+06 9.909560373395448485e-01 1.113891309866009741e-04
2.459013200975739397e+06 9.905059372754881908e-01 1.113596834055228618e-04
2.459013202255839482e+06 9.900512961560199443e-01 1.113302358244447630e-04
2.459013203535940032e+06 9.895921138132777184e-01 1.113007882326545300e-04
2.459013204816040117e+06 9.891283905813342825e-01 1.112713406515764312e-04
2.459013206096140202e+06 9.886601262939794799e-01 1.112418930704983053e-04
2.459013207376240753e+06 9.881873207783946622e-01 1.112124454787080723e-04
2.459013208656340837e+06 9.877099743785646702e-01 1.111829978976299735e-04
2.459013209936440922e+06 9.872282116572621558e-01 1.111535503165518747e-04
2.459013211216541473e+06 9.867441258638153245e-01 1.111241027247616416e-04
2.459013212496641558e+06 9.862584647358265677e-01 1.110946551436835293e-04
2.459013213776741643e+06 9.857712280974866292e-01 1.110652075626054306e-04
2.459013215056842193e+06 9.852824157706941977e-01 1.110357599708151839e-04
2.459013216336942278e+06 9.847920281110791318e-01 1.110063123897370852e-04
2.459013217617042828e+06 9.843000647618653787e-01 1.109768647979468521e-04
2.459013218897142913e+06 9.838065260809750745e-01 1.109474172168687398e-04
2.459013220177242998e+06 9.833114118897336997e-01 1.109169354812827629e-04
2.459013221457343549e+06 9.828147220071741241e-01 1.108807177119286344e-04
2.459013222737443633e+06 9.823164567946575110e-01 1.108444999557494460e-04
2.459013224017543718e+06 9.818166160717899382e-01 1.108082821995702306e-04
2.459013225297644269e+06 9.813151996558847623e-01 1.107720644302161292e-04
2.459013226577744354e+06 9.808122079117419512e-01 1.107358466740369137e-04
2.459013227857844438e+06 9.803076406572480694e-01 1.106996289178576983e-04
2.459013229137944989e+06 9.798014977079972931e-01 1.106634111485035968e-04
2.459013230418045074e+06 9.792937799162070300e-01 1.106271933923243814e-04
2.459013231698145159e+06 9.787865724439357429e-01 1.105909756361451795e-04
2.459013232978245709e+06 9.782818367219281441e-01 1.105547578667910645e-04
2.459013234258345794e+06 9.777795731173990479e-01 1.105185401106118626e-04
2.459013235538445879e+06 9.772797814462913513e-01 1.104823223544326607e-04
2.459013236818546429e+06 9.767824615281450740e-01 1.104461045850785322e-04
2.459013238098646514e+06 9.762876137247796793e-01 1.104098868288993303e-04
2.459013239378747065e+06 9.757952376761740432e-01 1.103736690595452018e-04
2.459013240658847149e+06 9.753053337405507284e-01 1.103374513033660134e-04
2.459013241938947234e+06 9.748179017383490352e-01 1.103078173275701254e-04
2.459013243219047785e+06 9.743329414936046096e-01 1.102790966521111521e-04
2.459013244499147870e+06 9.738504533591449963e-01 1.102503759870998899e-04
2.459013245779247954e+06 9.733704371581067827e-01 1.102216553220886276e-04
2.459013247059348505e+06 9.728928927172237895e-01 1.101929346466296543e-04
2.459013248339448590e+06 9.724178203839277668e-01 1.101642139816183920e-04
2.459013249619548675e+06 9.719452199840532547e-01 1.101354933166071162e-04
2.459013250899649225e+06 9.714750913470314719e-01 1.101067726411481565e-04
2.459013252179749310e+06 9.710108046287383443e-01 1.100780519761368942e-04
2.459013253459849395e+06 9.705608556656156738e-01 1.100493313111256319e-04
2.459013254739949945e+06 9.701256564569458174e-01 1.100206106356666587e-04
2.459013256020050030e+06 9.697052073193528354e-01 1.099918899706553828e-04
2.459013257300150581e+06 9.692995079469435282e-01 1.099631692951964231e-04
2.459013258580250666e+06 9.689085586348801238e-01 1.099344486301851608e-04
2.459013259860350750e+06 9.685323592328987097e-01 1.099057279651738985e-04
2.459013261140451301e+06 9.681709096121976499e-01 1.098770072897149253e-04
2.459013262420551386e+06 9.678242100357458133e-01 1.098551919409884508e-04
2.459013263700651471e+06 9.674922603693758560e-01 1.098379114039794936e-04
2.459013264980752021e+06 9.671750605003831547e-01 1.098206308606844271e-04
2.459013266260852106e+06 9.668726106595428860e-01 1.098033503236754699e-04
2.459013267540952191e+06 9.665849107287846076e-01 1.097860697866665262e-04
2.459013268821052741e+06 9.663119606115001536e-01 1.097687892433714326e-04
2.459013270101152826e+06 9.660537605062713418e-01 1.097515087063624889e-04
2.459013271381252911e+06 9.658103103111246313e-01 1.097342281693535317e-04
2.459013272661353461e+06 9.655814362534038686e-01 1.097169476260584516e-04
2.459013273941453546e+06 9.653659421743225888e-01 1.096996670890495079e-04
2.459013275221554097e+06 9.651636004174477534e-01 1.096823865457544143e-04
2.459013276501654182e+06 9.649744111299904947e-01 1.096651060087454706e-04
2.459013277781754266e+06 9.647983742359529380e-01 1.096478254717365134e-04
2.459013279061854817e+06 9.646354896784751221e-01 1.096305449284414333e-04
2.459013280341954902e+06 9.644857575760614754e-01 1.096132643914324897e-04
2.459013281622054987e+06 9.643491778670676418e-01 1.095959838544235325e-04
2.459013282902155537e+06 9.642257505089867342e-01 1.095829607395150520e-04
2.459013284182255622e+06 9.641154755916168106e-01 1.095786194843123719e-04
2.459013285462355707e+06 9.640183530676667001e-01 1.095742782291097054e-04
2.459013286742456257e+06 9.639343829089827009e-01 1.095699369723278035e-04
2.459013288022556342e+06 9.638635651766566115e-01 1.095655957171251369e-04
2.459013289302656427e+06 9.638058998377500020e-01 1.095612544619224433e-04
2.459013290582756978e+06 9.637613868784631332e-01 1.095569132051405685e-04
2.459013291862857062e+06 9.637300263311805448e-01 1.095525719499378748e-04
2.459013293142957147e+06 9.637118334147587451e-01 1.095482306947352083e-04
2.459013294423057698e+06 9.637073510371797491e-01 1.095438894379533064e-04
2.459013295703157783e+06 9.637168499505182062e-01 1.095395481827506399e-04
2.459013296983258333e+06 9.637403301616848106e-01 1.095352069259687380e-04
2.459013298263358418e+06 9.637777916535967826e-01 1.095308656707660714e-04
2.459013299543458503e+06 9.638292344322525462e-01 1.095265244155633778e-04
2.459013300823559053e+06 9.638946585239943632e-01 1.095221831587815030e-04
2.459013302103659138e+06 9.639740638812235307e-01 1.095178419035788093e-04
2.459013303383759223e+06 9.640674505251967119e-01 1.095141982620474947e-04
2.459013304663859773e+06 9.641748184975137415e-01 1.095226673651438594e-04
2.459013305943959858e+06 9.642961677200603265e-01 1.095311364651594229e-04
2.459013307224059943e+06 9.644314982293508143e-01 1.095396055651750000e-04
2.459013308504160494e+06 9.645808100822429454e-01 1.095480746682713646e-04
2.459013309784260578e+06 9.647441031701069480e-01 1.095565437682869282e-04
2.459013311064360663e+06 9.649213775447147423e-01 1.095650128683024917e-04
2.459013312344461214e+06 9.651126332781821970e-01 1.095734819713988563e-04
2.459013313624561299e+06 9.653178702313635062e-01 1.095819510714144199e-04
2.459013314904661849e+06 9.655345771042532776e-01 1.095904201745107845e-04
2.459013316184761934e+06 9.657593145699722159e-01 1.095988892745263481e-04
2.459013317464862019e+06 9.659920622226458864e-01 1.096073583745419251e-04
2.459013318744962569e+06 9.662328201513115111e-01 1.096158274776382898e-04
2.459013320025062654e+06 9.664815881808085374e-01 1.096242965776538533e-04
2.459013321305162739e+06 9.667383663972602958e-01 1.096327656776694169e-04
2.459013322585263290e+06 9.670031548984456826e-01 1.096412347807657815e-04
2.459013323865363374e+06 9.672759534917209079e-01 1.096497038807813451e-04
2.459013325145463459e+06 9.675567622719507543e-01 1.096639848356438729e-04
2.459013326425564010e+06 9.678455813456557921e-01 1.096799061506792633e-04
2.459013327705664095e+06 9.681424105027091054e-01 1.096958274599229812e-04
2.459013328985764179e+06 9.684472498467171508e-01 1.097117487691666991e-04
2.459013330265864730e+06 9.687600994929420617e-01 1.097276700842020894e-04
2.459013331545964815e+06 9.690809592137734629e-01 1.097435913934457938e-04
2.459013332826065365e+06 9.694098292426494012e-01 1.097595127084811977e-04
2.459013334106165450e+06 9.697467093403042693e-01 1.097754340177249020e-04
2.459013335386265535e+06 9.700907304426825695e-01 1.097913553269686199e-04
2.459013336666366085e+06 9.704388209096602713e-01 1.098072766420040103e-04
2.459013337946466170e+06 9.707907116122445057e-01 1.098231979512477282e-04
2.459013339226566255e+06 9.711464026763689805e-01 1.098391192604914325e-04
2.459013340506666806e+06 9.715058942334966474e-01 1.098550405755268364e-04
2.459013341786766890e+06 9.718691860220836087e-01 1.098709618847705407e-04
2.459013343066866975e+06 9.722362781722105884e-01 1.098868831940142586e-04
2.459013344346967526e+06 9.726071708194882204e-01 1.099028045090496490e-04
2.459013345627067611e+06 9.729818636940779086e-01 1.099196912501966252e-04
2.459013346907167695e+06 9.733603569302076153e-01 1.099375231345490274e-04
2.459013348187268246e+06 9.737426506676352123e-01 1.099553550253881299e-04
2.459013349467368331e+06 9.741287446282275164e-01 1.099731869097405322e-04
2.459013350747468881e+06 9.745186390928826103e-01 1.099910188005796347e-04
2.459013352027568966e+06 9.749123337779374010e-01 1.100088506849320369e-04
2.459013353307669051e+06 9.753098288245322101e-01 1.100266825692844527e-04
2.459013354587769601e+06 9.757111243793373800e-01 1.100445144601235552e-04
2.459013355867869686e+06 9.761159129557439584e-01 1.100623463444759574e-04
2.459013357147969771e+06 9.765208715484392510e-01 1.100801782288283732e-04
2.459013358428070322e+06 9.769250944334553211e-01 1.100980101196674757e-04
2.459013359708170407e+06 9.773285813167044145e-01 1.101158420040198780e-04
2.459013360988270491e+06 9.777313323453640237e-01 1.101336738883722802e-04
2.459013362268371042e+06 9.781333476655412751e-01 1.101515057792113827e-04
2.459013363548471127e+06 9.785346269847545742e-01 1.101693376635637985e-04
2.459013364828571212e+06 9.789351704493785000e-01 1.101871695479162008e-04
2.459013366108671762e+06 9.793349782047171548e-01 1.102053038932332429e-04
2.459013367388771847e+06 9.797340499598947705e-01 1.102244466021666866e-04
2.459013368668871932e+06 9.801323858604831241e-01 1.102435893111001168e-04
2.459013369948972482e+06 9.805299860509829601e-01 1.102627320269970794e-04
2.459013371229072567e+06 9.809268502421248925e-01 1.102818747359305096e-04
2.459013372509173118e+06 9.813229787226430689e-01 1.103010174518274721e-04
2.459013373789273202e+06 9.817183712043386912e-01 1.103201601607609159e-04
2.459013375069373287e+06 9.821130278314449402e-01 1.103393028696943461e-04
2.459013376349473838e+06 9.825069168740655501e-01 1.103584455855913086e-04
2.459013377629573923e+06 9.828957698059952452e-01 1.103775882945247388e-04
2.459013378909674007e+06 9.832765872079790581e-01 1.103967310034581690e-04
2.459013380189774558e+06 9.836493692141622391e-01 1.104158737193551316e-04
2.459013381469874643e+06 9.840141155533315143e-01 1.104350164282885753e-04
2.459013382749974728e+06 9.843708263625547961e-01 1.104541591372220055e-04
2.459013384030075278e+06 9.847195017672083495e-01 1.104733018531189680e-04
2.459013385310175363e+06 9.850601415136168715e-01 1.104924445620523982e-04
2.459013386590275448e+06 9.853927457300797332e-01 1.105115872709858284e-04
2.459013387870375998e+06 9.857173145332034370e-01 1.105271407201540020e-04
2.459013389150476083e+06 9.860338476868514279e-01 1.105425296026605540e-04
2.459013390430576634e+06 9.863423454213141595e-01 1.105579184907650993e-04
2.459013391710676719e+06 9.866428075121477237e-01 1.105733073732716512e-04
2.459013392990776803e+06 9.869352340730352946e-01 1.105886962557782032e-04
2.459013394270877354e+06 9.872196252059682875e-01 1.106040851438827485e-04
2.459013395550977439e+06 9.874959807040412096e-01 1.106194740263892869e-04
2.459013396831077524e+06 9.877643006721681385e-01 1.106348629088958388e-04
2.459013398111178074e+06 9.880258034152683555e-01 1.106502517970003841e-04
2.459013399391278159e+06 9.882828443671378693e-01 1.106656406795069361e-04
2.459013400671378244e+06 9.885354832235005995e-01 1.106810295620134880e-04
2.459013401951478794e+06 9.887837200738568422e-01 1.106964184501180333e-04
2.459013403231578879e+06 9.890275547376046195e-01 1.107118073326245853e-04
2.459013404511678964e+06 9.892669873058455021e-01 1.107271962151311237e-04
2.459013405791779514e+06 9.895020178632758512e-01 1.107425851032356690e-04
2.459013407071879599e+06 9.897326462389018920e-01 1.107579739857422209e-04
2.459013408351980150e+06 9.899588726005145167e-01 1.107700476298591479e-04
2.459013409632080235e+06 9.901806967835256046e-01 1.107805725115936814e-04
2.459013410912180319e+06 9.903981188710299088e-01 1.107910973933282013e-04
2.459013412192280870e+06 9.906111389397167510e-01 1.108016222788913509e-04
2.459013413472380955e+06 9.908197568346059914e-01 1.108121471606258844e-04
2.459013414752481040e+06 9.910239726339884481e-01 1.108226720423604044e-04
2.459013416032581590e+06 9.912237864097496187e-01 1.108331969279235539e-04
2.459013417312681675e+06 9.914191980165170115e-01 1.108437218096580874e-04
2.459013418592781760e+06 9.916084822964038592e-01 1.108542466913926074e-04
2.459013419872882310e+06 9.917829272047267164e-01 1.108647715769557569e-04
2.459013421152982395e+06 9.919413233349292369e-01 1.108752964586902904e-04
2.459013422433082480e+06 9.920836707533883247e-01 1.108858213404248239e-04
2.459013423713183030e+06 9.922099695031282307e-01 1.108963462259879735e-04
2.459013424993283115e+06 9.923202194922623454e-01 1.109068711077224934e-04
2.459013426273383666e+06 9.924144208010013957e-01 1.109173959932856430e-04
2.459013427553483751e+06 9.924925733608103151e-01 1.109279208750201765e-04
2.459013428833583836e+06 9.925546772088756908e-01 1.109336929370702350e-04
2.459013430113684386e+06 9.926007323590320119e-01 1.109325405195239295e-04
2.459013431393784471e+06 9.926307387777725255e-01 1.109313881023968443e-04
2.459013432673884556e+06 9.926446964847693843e-01 1.109302356852697591e-04
2.459013433953985106e+06 9.926426054763430873e-01 1.109290832677234671e-04
2.459013435234085191e+06 9.926244657540149730e-01 1.109279308505963820e-04
2.459013436514185276e+06 9.925902773199432039e-01 1.109267784334693103e-04
2.459013437794285826e+06 9.925400401529340666e-01 1.109256260159229913e-04
2.459013439074385911e+06 9.924740999196811631e-01 1.109244735987959196e-04
2.459013440354485996e+06 9.923990789303024362e-01 1.109233211816688345e-04
2.459013441634586547e+06 9.923175107344313073e-01 1.109221687641225425e-04
2.459013442914686631e+06 9.922293953914115283e-01 1.109210163469954573e-04
2.459013444194786716e+06 9.921347328727621040e-01 1.109198639298683721e-04
2.459013445474887267e+06 9.920335231404749932e-01 1.109187115123220802e-04
2.459013446754987352e+06 9.919257662681845167e-01 1.109175590951949814e-04
2.459013448035087902e+06 9.918114621774933859e-01 1.109164066776486895e-04
2.459013449315187987e+06 9.916906109515618573e-01 1.109141799940118036e-04
2.459013450595288072e+06 9.915632125500005722e-01 1.109049162149991269e-04
2.459013451875388622e+06 9.914292669228936816e-01 1.108956524326165600e-04
2.459013453155488707e+06 9.912887741676914555e-01 1.108863886536038833e-04
2.459013454435588792e+06 9.911417342368595840e-01 1.108771248745912201e-04
2.459013455715689342e+06 9.909881470733367115e-01 1.108678610922086668e-04
2.459013456995789427e+06 9.908280127888640099e-01 1.108585973131959900e-04
2.459013458275889512e+06 9.906613313287613298e-01 1.108493335341833132e-04
2.459013459555990063e+06 9.904881026288228085e-01 1.108400697518007464e-04
2.459013460836090147e+06 9.903082704297876404e-01 1.108308059727880832e-04
2.459013462116190232e+06 9.901217771845441940e-01 1.108215421937754064e-04
2.459013463396290783e+06 9.899286228202796023e-01 1.108122784113928531e-04
2.459013464676390868e+06 9.897288074775211220e-01 1.108030146323801628e-04
2.459013465956491418e+06 9.895223310108951509e-01 1.107937508499976095e-04
2.459013467236591503e+06 9.893091935706213036e-01 1.107844870709849463e-04
2.459013468516691588e+06 9.890893950828012482e-01 1.107752232919722695e-04
2.459013469796792138e+06 9.888629354638447388e-01 1.107659595095897027e-04
2.459013471076892223e+06 9.886298148785097606e-01 1.107560668497203340e-04
2.459013472356992308e+06 9.883900332456283522e-01 1.107460699943843118e-04
2.459013473637092859e+06 9.881435904743413046e-01 1.107360731354117671e-04
2.459013474917192943e+06 9.878904867439449733e-01 1.107260762800757448e-04
2.459013476197293028e+06 9.876307219660024339e-01 1.107160794247397497e-04
2.459013477477393579e+06 9.873642960423847370e-01 1.107060825657671778e-04
2.459013478757493664e+06 9.870912091669269417e-01 1.106960857104311827e-04
2.459013480037593748e+06 9.868114612439230493e-01 1.106860888550951604e-04
2.459013481317694299e+06 9.865265935436818845e-01 1.106760919961226157e-04
2.459013482597794384e+06 9.862407702453652725e-01 1.106660951407865935e-04
2.459013483877894934e+06 9.859542229160518367e-01 1.106560982818140487e-04
2.459013485157995019e+06 9.856669517642155931e-01 1.106461014264780400e-04
2.459013486438095104e+06 9.853789566857513726e-01 1.106361045711420313e-04
2.459013487718195654e+06 9.850902375754999607e-01 1.106261077121694730e-04
2.459013488998295739e+06 9.848007946435158866e-01 1.106161108568334643e-04
2.459013490278395824e+06 9.845106277849038356e-01 1.106061140014974556e-04
2.459013491558496375e+06 9.842197368937146695e-01 1.105962393130865826e-04
2.459013492838596459e+06 9.839281221815827649e-01 1.105864519081286630e-04
2.459013494118696544e+06 9.836357835428227725e-01 1.105766645031707569e-04
2.459013495398797095e+06 9.833427208706957412e-01 1.105668770946524935e-04
2.459013496678897180e+06 9.830489343784161171e-01 1.105570896896945738e-04
2.459013497958997265e+06 9.827544239595081832e-01 1.105473022847366541e-04
2.459013499239097815e+06 9.824591895064432867e-01 1.105375148762183772e-04
2.459013500519197900e+06 9.821632312340158322e-01 1.105277274712604711e-04
2.459013501799298450e+06 9.818677954282256648e-01 1.105179400627422076e-04
2.459013503079398535e+06 9.815822453073765885e-01 1.105081526577842880e-04
2.459013504359498620e+06 9.813085039833938650e-01 1.104983652528263819e-04
2.459013505639599171e+06 9.810465713631423279e-01 1.104885778443081049e-04
2.459013506919699255e+06 9.807964476371882068e-01 1.104787904393501852e-04
2.459013508199799340e+06 9.805581327081004384e-01 1.104690030343922656e-04
2.459013509479899891e+06 9.803316264956309922e-01 1.104592156258740022e-04
2.459013510759999976e+06 9.801169291645718262e-01 1.104494282209160961e-04
