2.458993000000000000e+06 9.990782823095282206e-01 4.063690345257682426e-05
2.458993005580952391e+06 9.990866023208202495e-01 4.063742727045587731e-05
2.458993011161904782e+06 9.990790392855530833e-01 4.063795108833492359e-05
2.458993016742857173e+06 9.990544605559622537e-01 4.063765112775499604e-05
2.458993022323809564e+06 9.990128661320480941e-01 4.063719436633912870e-05
2.458993027904761955e+06 9.989531702702691973e-01 4.063673760492326136e-05
2.458993033485714346e+06 9.988741688520880180e-01 4.063609198774734339e-05
2.458993039066666737e+06 9.987758610816864779e-01 4.063387329351517504e-05
2.458993044647619128e+06 9.986609645339145080e-01 4.063165459928300670e-05
2.458993050228571519e+06 9.985935147206991269e-01 4.062943590505083835e-05
2.458993055809523910e+06 9.986005449070595175e-01 4.062762641518592651e-05
2.458993061390476301e+06 9.986820550929960127e-01 4.062650103280384875e-05
2.458993066971428692e+06 9.988181452023162654e-01 4.062537565042177777e-05
2.458993072552381083e+06 9.988930760361616201e-01 4.062425026803970001e-05
2.458993078133333474e+06 9.988881553344300945e-01 4.062257263568738123e-05
2.458993083714285865e+06 9.988033830971215776e-01 4.062058620948915452e-05
2.458993089295238256e+06 9.986721905142886824e-01 4.061859978329093458e-05
2.458993094876190647e+06 9.985696705337018253e-01 4.061661335709270109e-05
2.458993100457143039e+06 9.984986435909726232e-01 4.061315517542912545e-05
2.458993106038095430e+06 9.984590561258339658e-01 4.060954870390936599e-05
2.458993111619047821e+06 9.984181201308977016e-01 4.060594223238961332e-05
2.458993117200000212e+06 9.983479864183860686e-01 4.060254680995742285e-05
2.458993122780952603e+06 9.982486549882991778e-01 4.060014249566465909e-05
2.458993128361904528e+06 9.981235646361834579e-01 4.059773818157249984e-05
2.458993133942856919e+06 9.980240786098130146e-01 4.059533386727973608e-05
2.458993139523809310e+06 9.979673766660007717e-01 4.059267015249500720e-05
2.458993145104761701e+06 9.979534588047467292e-01 4.058967982303710481e-05
2.458993150685714092e+06 9.979718428914680084e-01 4.058668949357921598e-05
2.458993156266666483e+06 9.979755370955173399e-01 4.058369916412131359e-05
2.458993161847618874e+06 9.979588707734405872e-01 4.058144273173357463e-05
2.458993167428571265e+06 9.979218439252377504e-01 4.057948643230774224e-05
2.458993173009523656e+06 9.978637104966021631e-01 4.057753013288190307e-05
2.458993178590476047e+06 9.977831441115165845e-01 4.057557383345607069e-05
2.458993184171428438e+06 9.976801190065350822e-01 4.057387764848543441e-05
2.458993189752380829e+06 9.975548693449507454e-01 4.057218763128449615e-05
2.458993195333333220e+06 9.974303874536171177e-01 4.057049761408355789e-05
2.458993200914285611e+06 9.973218827378642626e-01 4.056935354507898607e-05
2.458993206495238002e+06 9.972293551976925130e-01 4.056990165876577539e-05
2.458993212076190393e+06 9.971513182737420378e-01 4.057044977245256471e-05
2.458993217657142784e+06 9.970724359758408317e-01 4.057099788613936081e-05
2.458993223238095175e+06 9.969886652225693480e-01 4.057032180872375881e-05
2.458993228819047567e+06 9.969000060139275865e-01 4.056847435461278807e-05
2.458993234399999958e+06 9.968085970811779717e-01 4.056662690050181054e-05
2.458993239980952349e+06 9.967219448485140632e-01 4.056477944639083979e-05
2.458993245561904740e+06 9.966406996325445355e-01 4.056238979764847311e-05
2.458993251142857131e+06 9.965648614332691668e-01 4.055984553943567069e-05
2.458993256723809522e+06 9.964864183998886071e-01 4.055730128122287504e-05
2.458993262304761913e+06 9.963941781668664843e-01 4.055478575703940224e-05
2.458993267885714304e+06 9.962880655109830341e-01 4.055287707742075587e-05
2.458993273466666695e+06 9.961686108556321306e-01 4.055096839780210273e-05
2.458993279047619086e+06 9.960572877503194311e-01 4.054905971818345637e-05
2.458993284628571477e+06 9.959652917855706944e-01 4.054681202283827386e-05
2.458993290209523868e+06 9.958926229613861425e-01 4.054381780604926098e-05
2.458993295790476259e+06 9.958336423957137029e-01 4.054082358926025488e-05
2.458993301371428650e+06 9.957459655134469623e-01 4.053782937247124200e-05
2.458993306952381041e+06 9.956208811834106331e-01 4.053482051572537300e-05
2.458993312533333432e+06 9.954583894056044935e-01 4.053180103128413853e-05
2.458993318114285823e+06 9.952768838105436888e-01 4.052878154684289730e-05
2.458993323695238214e+06 9.951273639648618996e-01 4.052576206240165606e-05
2.458993329276190605e+06 9.950128118139468514e-01 4.052095332521285731e-05
2.458993334857142996e+06 9.949332273577986552e-01 4.051582010447947842e-05
2.458993340438095387e+06 9.948642354495216278e-01 4.051068688374609276e-05
2.458993346019047778e+06 9.947794645339482766e-01 4.050561260691579673e-05
2.458993351600000169e+06 9.946789044948419756e-01 4.050099834488586831e-05
2.458993357180952560e+06 9.945624583516486927e-01 4.049638408285593312e-05
2.458993362761904951e+06 9.944279472334240921e-01 4.049176982082600471e-05
2.458993368342857342e+06 9.942744710520746709e-01 4.048666278342363508e-05
2.458993373923809268e+06 9.941020298227796204e-01 4.048075404075849486e-05
2.458993379504761659e+06 9.939169467564609173e-01 4.047484529760034082e-05
2.458993385085714050e+06 9.937550822662204464e-01 4.046893655444218677e-05
2.458993390666666441e+06 9.936220794742857132e-01 4.046448515239208031e-05
2.458993396247618832e+06 9.935179383806566067e-01 4.046082620198292271e-05
2.458993401828571223e+06 9.934349787216774086e-01 4.045716725157376512e-05
2.458993407409523614e+06 9.933563198373834835e-01 4.045350830116460075e-05
2.458993412990476005e+06 9.932813600410247412e-01 4.045076600327901636e-05
2.458993418571428396e+06 9.932100657008794409e-01 4.044810901246397581e-05
2.458993424152380787e+06 9.931267613971728192e-01 4.044545202164893526e-05
2.458993429733333178e+06 9.930184499377043839e-01 4.044244225974974715e-05
2.458993435314285569e+06 9.928851313224740238e-01 4.043784646254259526e-05
2.458993440895237960e+06 9.927286452467850575e-01 4.043325066533545015e-05
2.458993446476190351e+06 9.925754564630859811e-01 4.042865486812829826e-05
2.458993452057142742e+06 9.924342245618384961e-01 4.042549132682256340e-05
2.458993457638095133e+06 9.923049495430427136e-01 4.042408508479279942e-05
2.458993463219047524e+06 9.921848562336579302e-01 4.042267884276303544e-05
2.458993468799999915e+06 9.920617916196904362e-01 4.042127260073327146e-05
2.458993474380952306e+06 9.919343311366667360e-01 4.041960328321866263e-05
2.458993479961904697e+06 9.918024747845868294e-01 4.041782968843846623e-05
2.458993485542857088e+06 9.916640626304046302e-01 4.041605609365825629e-05
2.458993491123809479e+06 9.915153387168692545e-01 4.041428249887805990e-05
2.458993496704761870e+06 9.913562354467196913e-01 4.041233021872164865e-05
2.458993502285714261e+06 9.911871801862969233e-01 4.041037489117231942e-05
2.458993507866666652e+06 9.910459760413140584e-01 4.040841956362299018e-05
2.458993513447619043e+06 9.909570696173102267e-01 4.040688826171990754e-05
2.458993519028571434e+06 9.909204609142853171e-01 4.040662683870846819e-05
2.458993524609523825e+06 9.909294839692267542e-01 4.040636541569702885e-05
2.458993530190476216e+06 9.909175036003089465e-01 4.040610399268558951e-05
2.458993535771428607e+06 9.908673472079532196e-01 4.040581642183207312e-05
2.458993541352380998e+06 9.907790147921596846e-01 4.040550446351033593e-05
2.458993546933333389e+06 9.906590334610151372e-01 4.040519250518859873e-05
2.458993552514285780e+06 9.905298057420324209e-01 4.040488054686686153e-05
2.458993558095238172e+06 9.903932081340934834e-01 4.040329993378565903e-05
2.458993563676190563e+06 9.902492406371982137e-01 4.040137084576445145e-05
2.458993569257142954e+06 9.901053355547656531e-01 4.039944175774324388e-05
2.458993574838095345e+06 9.899716379567530256e-01 4.039755143532706760e-05
2.458993580419047736e+06 9.898482070555377765e-01 4.039637357402646055e-05
2.458993586000000127e+06 9.897351706664457849e-01 4.039519571272585349e-05
2.458993591580952518e+06 9.896373823601462005e-01 4.039401785142525322e-05
2.458993597161904909e+06 9.895573178107580636e-01 4.039305524493000009e-05
2.458993602742857300e+06 9.894949770182817073e-01 4.039255280739500933e-05
2.458993608323809691e+06 9.894495773992889598e-01 4.039205036986001857e-05
2.458993613904762082e+06 9.894153968361811824e-01 4.039154793232502104e-05
2.458993619485714007e+06 9.893912872689228921e-01 4.039180151017477918e-05
2.458993625066666398e+06 9.893772486934910848e-01 4.039258966655773111e-05
2.458993630647618789e+06 9.893666754299934585e-01 4.039337782294068983e-05
2.458993636228571180e+06 9.893416467598035169e-01 4.039416597932364854e-05
2.458993641809523571e+06 9.893011570695368073e-01 4.039504862554071620e-05
2.458993647390475962e+06 9.892452063591935518e-01 4.039594757084026956e-05
2.458993652971428353e+06 9.891822944934426376e-01 4.039684651613982292e-05
2.458993658552380744e+06 9.891213907311653397e-01 4.039788933986703510e-05
2.458993664133333135e+06 9.890624966813800212e-01 4.039998752678783227e-05
2.458993669714285526e+06 9.890065345868832569e-01 4.040208571370862943e-05
2.458993675295237917e+06 9.889732843107037485e-01 4.040418390062943337e-05
2.458993680876190308e+06 9.889707414893392778e-01 4.040623958093337897e-05
2.458993686457142700e+06 9.889989061227898448e-01 4.040822795075271881e-05
2.458993692038095091e+06 9.890510991912929706e-01 4.041021632057205864e-05
2.458993697619047482e+06 9.890903781819933016e-01 4.041220469039139847e-05
2.458993703199999873e+06 9.891110800203207765e-01 4.041433800764061081e-05
2.458993708780952264e+06 9.891132047062757282e-01 4.041654795532836973e-05
2.458993714361904655e+06 9.891059171935282501e-01 4.041875790301614220e-05
2.458993719942857046e+06 9.891089282490506118e-01 4.042096785070391468e-05
2.458993725523809437e+06 9.891229035661381896e-01 4.042300769064455782e-05
2.458993731104761828e+06 9.891477920220678177e-01 4.042503299010863756e-05
2.458993736685714219e+06 9.891648061269601167e-01 4.042705828957271729e-05
2.458993742266666610e+06 9.891587366380593105e-01 4.042886046234226745e-05
2.458993747847619001e+06 9.891295835553653992e-01 4.042970109767645093e-05
2.458993753428571392e+06 9.890802233958904122e-01 4.043054173301062764e-05
2.458993759009523783e+06 9.890505373410307666e-01 4.043138236834480434e-05
2.458993764590476174e+06 9.890532910415056334e-01 4.043162193881862841e-05
2.458993770171428565e+06 9.890884844973151235e-01 4.043114282528049210e-05
2.458993775752380956e+06 9.891552176212923264e-01 4.043066371174236257e-05
2.458993781333333347e+06 9.892496395556357180e-01 4.043018459820422626e-05
2.458993786914285738e+06 9.893713119809181000e-01 4.043031918986202529e-05
2.458993792495238129e+06 9.895202348971392503e-01 4.043068945814217314e-05
2.458993798076190520e+06 9.896701508266476655e-01 4.043105972642231421e-05
2.458993803657142911e+06 9.897764027665953979e-01 4.043142999470244851e-05
2.458993809238095302e+06 9.898382485865103719e-01 4.042940165983536480e-05
2.458993814819047693e+06 9.898561859467209789e-01 4.042734817722135911e-05
2.458993820400000084e+06 9.898701036169086365e-01 4.042529469460734665e-05
2.458993825980952475e+06 9.899052217195032366e-01 4.042334724367684887e-05
2.458993831561904866e+06 9.899615402545043352e-01 4.042170679002092412e-05
2.458993837142857257e+06 9.900384166318848544e-01 4.042006633636499938e-05
2.458993842723809648e+06 9.901296238457765186e-01 4.041842588270907463e-05
2.458993848304762039e+06 9.902335933338898277e-01 4.041730262972835453e-05
2.458993853885714430e+06 9.903503250962250037e-01 4.041664955811614414e-05
2.458993859466666821e+06 9.904747056453637732e-01 4.041599648650392697e-05
2.458993865047619212e+06 9.905895706739281659e-01 4.041534341489170980e-05
2.458993870628571138e+06 9.906935308609131630e-01 4.041310313211340515e-05
2.458993876209523529e+06 9.907865862236668875e-01 4.041044322591893313e-05
2.458993881790475920e+06 9.908860898219520319e-01 4.040778331972446111e-05
2.458993887371428311e+06 9.910151833538700661e-01 4.040531262097631017e-05
2.458993892952380702e+06 9.911739827205483522e-01 4.040591515727173105e-05
2.458993898533333093e+06 9.913611912244826296e-01 4.040651769356715871e-05
2.458993904114285484e+06 9.915305191226002623e-01 4.040712022986257958e-05
2.458993909695237875e+06 9.916588657013573060e-01 4.040781533411359343e-05
2.458993915276190266e+06 9.917462309607538717e-01 4.040870261742007282e-05
2.458993920857142657e+06 9.918007258737976395e-01 4.040958990072655220e-05
2.458993926438095048e+06 9.918800587355358633e-01 4.041047718403302481e-05
2.458993932019047439e+06 9.919955306166492459e-01 4.041163898137723306e-05
2.458993937599999830e+06 9.921471415171378982e-01 4.041298982887825707e-05
2.458993943180952221e+06 9.923160846972240989e-01 4.041434067637928785e-05
2.458993948761904612e+06 9.924524369426884762e-01 4.041569152388031864e-05
2.458993954342857003e+06 9.925535121041935138e-01 4.041722358171363181e-05
2.458993959923809394e+06 9.926193101817392117e-01 4.041878531691806058e-05
2.458993965504761785e+06 9.926876721926163327e-01 4.042034705212248935e-05
2.458993971085714176e+06 9.927975357183361771e-01 4.042230017459024226e-05
2.458993976666666567e+06 9.929489027377651489e-01 4.042695914071968980e-05
2.458993982247618958e+06 9.931405251856536553e-01 4.043161810684913735e-05
2.458993987828571349e+06 9.933468206511378851e-01 4.043627707297858489e-05
2.458993993409523740e+06 9.935576699421762026e-01 4.044072764368185916e-05
2.458993998990476131e+06 9.937730730587684969e-01 4.044485696097097695e-05
2.458994004571428522e+06 9.939876365237202416e-01 4.044898627826009474e-05
2.458994010152380913e+06 9.941722594342855546e-01 4.045311559554919898e-05
2.458994015733333305e+06 9.943225971984869238e-01 4.045674868824596196e-05
2.458994021314285696e+06 9.944386498163243493e-01 4.046012677883127081e-05
2.458994026895238087e+06 9.945311291494365324e-01 4.046350486941657288e-05
2.458994032476190478e+06 9.946225771068756272e-01 4.046688296000188173e-05
2.458994038057142869e+06 9.947137138565433911e-01 4.047038996736608107e-05
2.458994043638095260e+06 9.948046290094417765e-01 4.047390703003243205e-05
2.458994049219047651e+06 9.949220041787082414e-01 4.047742409269877625e-05
2.458994054800000042e+06 9.950869320736990264e-01 4.048068206841118956e-05
2.458994060380952433e+06 9.952994126944142428e-01 4.048286869206393690e-05
2.458994065961904824e+06 9.955543780514627406e-01 4.048505531571667745e-05
2.458994071542857215e+06 9.957840628006412453e-01 4.048724193936941801e-05
2.458994077123809606e+06 9.959672488487234521e-01 4.048903315064197216e-05
2.458994082704761997e+06 9.961039361957094718e-01 4.049036358962584156e-05
2.458994088285714388e+06 9.962058351791756028e-01 4.049169402860971096e-05
2.458994093866666779e+06 9.963218985108646120e-01 4.049302446759357358e-05
2.458994099447619170e+06 9.964575348093742679e-01 4.049392278770354991e-05
2.458994105028571561e+06 9.966127440747043487e-01 4.049466040874907184e-05
2.458994110609523952e+06 9.967764150773054110e-01 4.049539802979460054e-05
2.458994116190475877e+06 9.969300668152661915e-01 4.049613565077858044e-05
2.458994121771428268e+06 9.970734167803839698e-01 4.049768539111449117e-05
2.458994127352380659e+06 9.972065702321435410e-01 4.049923837978959448e-05
2.458994132933333050e+06 9.973372129707700484e-01 4.050079136846469779e-05
2.458994138514285441e+06 9.974700965156257926e-01 4.050189100505071651e-05
2.458994144095237833e+06 9.976052208667113286e-01 4.050172093432217280e-05
2.458994149676190224e+06 9.977428001712134176e-01 4.050155086359362233e-05
2.458994155257142615e+06 9.978848469873937699e-01 4.050138079286507862e-05
2.458994160838095006e+06 9.980318567851416134e-01 4.050208410010222083e-05
2.458994166419047397e+06 9.981838295644567260e-01 4.050356128582572126e-05
2.458994171999999788e+06 9.983305096305624682e-01 4.050503847154922170e-05
2.458994177580952179e+06 9.984382272887869503e-01 4.050651565727272213e-05
2.458994183161904570e+06 9.985043505211329551e-01 4.050615493044266958e-05
2.458994188742856961e+06 9.985288793276005936e-01 4.050532692895282165e-05
2.458994194323809352e+06 9.985415218139150895e-01 4.050449892746298727e-05
2.458994199904761743e+06 9.985809790576867240e-01 4.050378944006453614e-05
2.458994205485714134e+06 9.986474150521709170e-01 4.050480208975130379e-05
2.458994211066666525e+06 9.987402930326167994e-01 4.050581473943807144e-05
2.458994216647618916e+06 9.988415620470881828e-01 4.050682738912483909e-05
2.458994222228571307e+06 9.989424082285356388e-01 4.050846274094873462e-05
2.458994227809523698e+06 9.990428315769592782e-01 4.051135394326940654e-05
2.458994233390476089e+06 9.991419912749017751e-01 4.051424514559007168e-05
2.458994238971428480e+06 9.992340645534417698e-01 4.051713634791074360e-05
2.458994244552380871e+06 9.993179386245472084e-01 4.051873905755097144e-05
2.458994250133333262e+06 9.993936134882182021e-01 4.051947765041272165e-05
2.458994255714285653e+06 9.994606808642971796e-01 4.052021624327447187e-05
2.458994261295238044e+06 9.995180802549920029e-01 4.052095483613622209e-05
2.458994266876190435e+06 9.995657569990550328e-01 4.052371082248575659e-05
2.458994272457142826e+06 9.996037110964867134e-01 4.052677987019288349e-05
2.458994278038095217e+06 9.996374931856808477e-01 4.052984891790000361e-05
2.458994283619047608e+06 9.996726714305463890e-01 4.053242950197478864e-05
2.458994289199999999e+06 9.997092458345403498e-01 4.053181919103113299e-05
2.458994294780952390e+06 9.997470279914842939e-01 4.053120888008747733e-05
2.458994300361904781e+06 9.997823230651523563e-01 4.053059856914381491e-05
2.458994305942857172e+06 9.998137009399648001e-01 4.053026920718603673e-05
2.458994311523809563e+06 9.998411616159215143e-01 4.053036153129375974e-05
2.458994317104761954e+06 9.998651379337997191e-01 4.053045385540147597e-05
2.458994322685714345e+06 9.998879085154225299e-01 4.053054617950919221e-05
2.458994328266666736e+06 9.999098045854919459e-01 4.052939274542880079e-05
2.458994333847619127e+06 9.999308261440081891e-01 4.052761720706245680e-05
2.458994339428571519e+06 9.999509731909711485e-01 4.052584166869611958e-05
2.458994345009523910e+06 9.999702457263806021e-01 4.052406613032978237e-05
2.458994350590476301e+06 9.999863314681776139e-01 4.052229059196343160e-05
2.458994356171428692e+06 9.999962534036176409e-01 4.052051505359709438e-05
2.458994361752380617e+06 1.000000000000000000e+00 4.051873951537889984e-05
2.458994367333333008e+06 9.999975712579498577e-01 4.051689361023689000e-05
2.458994372914285399e+06 9.999889671768971144e-01 4.051476821209392570e-05
2.458994378495237790e+06 9.999738770414909883e-01 4.051264281395096139e-05
2.458994384076190181e+06 9.999482913997636002e-01 4.051051741580800387e-05
2.458994389657142572e+06 9.999109822916411039e-01 4.050829100043399440e-05
2.458994395238094963e+06 9.998619497171234993e-01 4.050594985548112032e-05
2.458994400819047354e+06 9.998036079116294772e-01 4.050360871052823946e-05
2.458994406399999745e+06 9.997458190912342779e-01 4.050126756557535860e-05
2.458994411980952136e+06 9.996896405493544968e-01 4.049837975003986950e-05
2.458994417561904527e+06 9.996350722859898008e-01 4.049529515300934418e-05
2.458994423142856918e+06 9.995799662356268378e-01 4.049221055597882564e-05
2.458994428723809309e+06 9.995208285399701520e-01 4.048912781355527667e-05
2.458994434304761700e+06 9.994576102642703797e-01 4.048681387986602690e-05
2.458994439885714091e+06 9.993904790723748821e-01 4.048449994617677714e-05
2.458994445466666482e+06 9.993306372889001477e-01 4.048218601248752737e-05
2.458994451047618873e+06 9.992848572318129285e-01 4.047984745944766563e-05
2.458994456628571264e+06 9.992531389011134468e-01 4.047744217353717067e-05
2.458994462209523655e+06 9.992322855985765750e-01 4.047503688762668249e-05
2.458994467790476047e+06 9.991931494373247347e-01 4.047263160171618075e-05
2.458994473371428438e+06 9.991287178680782199e-01 4.047081767123379882e-05
2.458994478952380829e+06 9.990389908908373640e-01 4.046951444356589359e-05
2.458994484533333220e+06 9.989328584833142566e-01 4.046821121589798837e-05
2.458994490114285611e+06 9.988388682208815261e-01 4.046690798823008315e-05
2.458994495695238002e+06 9.987591740569323751e-01 4.046345219539887130e-05
2.458994501276190393e+06 9.986937759914668034e-01 4.045947059686340520e-05
2.458994506857142784e+06 9.986349003879358976e-01 4.045548899832793232e-05
2.458994512438095175e+06 9.985726562459307232e-01 4.045159544268989491e-05
2.458994518019047566e+06 9.985070086976813863e-01 4.044885778999904828e-05
2.458994523599999957e+06 9.984386380639995728e-01 4.044612013730819488e-05
2.458994529180952348e+06 9.983891388242103204e-01 4.044338248461734826e-05
2.458994534761904739e+06 9.983688279113394071e-01 4.044085399267189295e-05
2.458994540342857130e+06 9.983777053253867217e-01 4.043873539735791969e-05
2.458994545923809521e+06 9.984031035551232947e-01 4.043661680204394644e-05
2.458994551504761912e+06 9.983596142489298275e-01 4.043449820672997996e-05
2.458994557085714303e+06 9.982313112754572781e-01 4.043076694069991009e-05
2.458994562666666694e+06 9.980181946347058686e-01 4.042598260836158665e-05
2.458994568247619085e+06 9.977588819012835897e-01 4.042119827602325642e-05
2.458994573828571476e+06 9.975515271072501466e-01 4.041641394368493298e-05
2.458994579409523867e+06 9.974009718441402272e-01 4.041417886603354618e-05
2.458994584990476258e+06 9.973072152454259820e-01 4.041231780643006970e-05
2.458994590571428649e+06 9.972423311527794931e-01 4.041045674682660000e-05
2.458994596152381040e+06 9.971790096097554734e-01 4.040858960195305898e-05
2.458994601733333431e+06 9.971172506163538118e-01 4.040668480987849430e-05
2.458994607314285822e+06 9.970570044190880665e-01 4.040478001780392284e-05
2.458994612895237748e+06 9.969973365549019695e-01 4.040287522588828186e-05
2.458994618476190139e+06 9.969378930923413762e-01 4.040045601267813183e-05
2.458994624057142530e+06 9.968786740363941856e-01 4.039728492253616637e-05
2.458994629638094921e+06 9.968183204417361276e-01 4.039411383239420092e-05
2.458994635219047312e+06 9.967498510830389291e-01 4.039094274225223547e-05
2.458994640799999703e+06 9.966722781427014288e-01 4.038771995717418457e-05
2.458994646380952094e+06 9.965856016207238488e-01 4.038447209232050219e-05
2.458994651961904485e+06 9.964899415033613428e-01 4.038122422746681981e-05
2.458994657542856876e+06 9.963855395217424693e-01 4.037797636261313065e-05
2.458994663123809267e+06 9.962724025492855073e-01 4.037729300277510152e-05
2.458994668704761658e+06 9.961506480269137764e-01 4.037677210045266567e-05
2.458994674285714049e+06 9.960446792132243710e-01 4.037625119813023660e-05
2.458994679866666440e+06 9.959729011092033346e-01 4.037563530789422243e-05
2.458994685447618831e+06 9.959353137148504453e-01 4.037465667237427700e-05
2.458994691028571222e+06 9.959293599982637080e-01 4.037367803685433157e-05
2.458994696609523613e+06 9.959231777918889916e-01 4.037269940133437937e-05
2.458994702190476004e+06 9.959072226794524196e-01 4.037144678795795937e-05
2.458994707771428395e+06 9.958814946609543250e-01 4.036989088381949379e-05
2.458994713352380786e+06 9.958442343187144941e-01 4.036833497968102822e-05
2.458994718933333177e+06 9.957884173758887458e-01 4.036677907554256264e-05
2.458994724514285568e+06 9.957133134308344680e-01 4.036422700989363222e-05
2.458994730095237959e+06 9.956189224835517715e-01 4.036132803297606250e-05
2.458994735676190350e+06 9.955190188570790522e-01 4.035842905605848600e-05
2.458994741257142741e+06 9.954355097863211155e-01 4.035554866282236463e-05
2.458994746838095132e+06 9.953686750987098542e-01 4.035476245017526151e-05
2.458994752419047523e+06 9.953184124687407541e-01 4.035397623752815839e-05
2.458994757999999914e+06 9.952784385163102598e-01 4.035319002488104849e-05
2.458994763580952305e+06 9.952450383636073372e-01 4.035223328950701151e-05
2.458994769161904696e+06 9.952182120106316532e-01 4.035082899123696912e-05
2.458994774742857087e+06 9.951980311836952087e-01 4.034942469296693351e-05
2.458994780323809478e+06 9.951851306644985407e-01 4.034802039469689112e-05
2.458994785904761869e+06 9.951796596789779237e-01 4.034558183013427755e-05
2.458994791485714260e+06 9.951816182271334688e-01 4.034227273982105136e-05
2.458994797066666652e+06 9.951941711189801199e-01 4.033896364950783194e-05
2.458994802647619043e+06 9.952272595303861547e-01 4.033565455919461252e-05
2.458994808228571434e+06 9.952816069827770118e-01 4.033519297463880409e-05
2.458994813809523825e+06 9.953572134761528023e-01 4.033539900316932355e-05
2.458994819390476216e+06 9.954081646256706106e-01 4.033560503169983624e-05
2.458994824971428607e+06 9.953774088779019369e-01 4.033542432204316567e-05
2.458994830552380998e+06 9.952647823239371139e-01 4.033061860938564204e-05
2.458994836133333389e+06 9.950738418912463690e-01 4.032581289672810485e-05
2.458994841714285780e+06 9.949113458763220175e-01 4.032100718407057445e-05
2.458994847295238171e+06 9.948272015268809776e-01 4.031688431282438162e-05
2.458994852876190562e+06 9.948214088429231383e-01 4.031406211062632831e-05
2.458994858457142487e+06 9.948833209528147314e-01 4.031123990866373661e-05
2.458994864038094878e+06 9.949430300590843546e-01 4.030841770646568329e-05
2.458994869619047269e+06 9.949878191564438534e-01 4.030475421407158027e-05
2.458994875199999660e+06 9.950176882448933391e-01 4.030055589684600138e-05
2.458994880780952051e+06 9.950358146531486092e-01 4.029635757962041572e-05
2.458994886361904442e+06 9.950501008610448395e-01 4.029215926239482329e-05
2.458994891942856833e+06 9.950609195145724284e-01 4.028847316560923070e-05
2.458994897523809224e+06 9.950682725064459166e-01 4.028485794791750559e-05
2.458994903104761615e+06 9.950856361049834620e-01 4.028124273022576693e-05
2.458994908685714006e+06 9.951258608598845257e-01 4.027762072354236397e-05
2.458994914266666397e+06 9.951889467711491077e-01 4.027395885796226699e-05
2.458994919847618788e+06 9.952720460992897644e-01 4.027029699238217001e-05
2.458994925428571180e+06 9.953238842801319652e-01 4.026663512680207980e-05
2.458994931009523571e+06 9.953254591568371223e-01 4.026307150788130564e-05
2.458994936590475962e+06 9.952767707294049027e-01 4.025964774123400405e-05
2.458994942171428353e+06 9.951944866811429646e-01 4.025622397458670246e-05
2.458994947752380744e+06 9.951621798295909871e-01 4.025280020793940087e-05
2.458994953333333135e+06 9.951913577913863440e-01 4.025106685611418253e-05
2.458994958914285526e+06 9.952820205665290354e-01 4.025013000937901098e-05
2.458994964495237917e+06 9.954084344932605521e-01 4.024919316264384620e-05
2.458994970076190308e+06 9.955198748478287785e-01 4.024825631590867465e-05
2.458994975657142699e+06 9.956149849796355200e-01 4.024664132175987882e-05
2.458994981238095090e+06 9.956938231346679213e-01 4.024498823431535329e-05
2.458994986819047481e+06 9.957667417189088876e-01 4.024333514687082776e-05
2.458994992399999872e+06 9.958413686689585598e-01 4.024197849979783335e-05
2.458994997980952263e+06 9.959177039848169377e-01 4.024171124580180696e-05
2.458995003561904654e+06 9.959938920209668867e-01 4.024144399180578057e-05
2.458995009142857045e+06 9.960475917459714612e-01 4.024117673780975419e-05
2.458995014723809436e+06 9.960722579659648801e-01 4.024103102129856341e-05
2.458995020304761827e+06 9.960678906809472544e-01 4.024101644380754790e-05
2.458995025885714218e+06 9.960410281006506494e-01 4.024100186631653238e-05
2.458995031466666609e+06 9.960171840298885915e-01 4.024098728882551009e-05
2.458995037047619000e+06 9.959989305961891581e-01 4.024061065469577622e-05
2.458995042628571391e+06 9.959862677995525715e-01 4.024011210451409500e-05
2.458995048209523782e+06 9.959927891102113851e-01 4.023961355433240699e-05
2.458995053790476173e+06 9.960396327198309807e-01 4.023912444931393743e-05
2.458995059371428564e+06 9.961270436263846006e-01 4.023924787207122200e-05
2.458995064952380955e+06 9.962541700541798217e-01 4.023937129482851334e-05
2.458995070533333346e+06 9.963727569046179067e-01 4.023949471758580469e-05
2.458995076114285737e+06 9.964549013859665960e-01 4.023960881320565853e-05
2.458995081695238128e+06 9.965006034982260008e-01 4.023969919364997098e-05
2.458995087276190519e+06 9.965113214959381294e-01 4.023978957409428343e-05
2.458995092857142910e+06 9.964995862444847585e-01 4.023987995453859589e-05
2.458995098438095301e+06 9.964682757927481038e-01 4.023866602442779846e-05
2.458995104019047227e+06 9.964173901457902272e-01 4.023638221769215386e-05
2.458995109599999618e+06 9.963623951912401466e-01 4.023409841076595395e-05
2.458995115180952009e+06 9.963508145517320225e-01 4.023181460383975404e-05
2.458995120761904400e+06 9.963859823568328444e-01 4.022996323612298861e-05
2.458995126342856791e+06 9.964678986065428345e-01 4.022820907799791777e-05
2.458995131923809182e+06 9.965608126188097993e-01 4.022645491987284015e-05
2.458995137504761573e+06 9.966213499186269420e-01 4.022456604538975945e-05
2.458995143085713964e+06 9.966494115171877777e-01 4.022119961672202345e-05
2.458995148666666355e+06 9.966473268336719649e-01 4.021783318805428068e-05
2.458995154247618746e+06 9.966813174375599438e-01 4.021446675938654468e-05
2.458995159828571137e+06 9.967816750019443672e-01 4.021237345842806909e-05
2.458995165409523528e+06 9.969483995268254573e-01 4.021263779694368414e-05
2.458995170990475919e+06 9.971619902682692382e-01 4.021290213545929918e-05
2.458995176571428310e+06 9.972977218148129097e-01 4.021316647397491423e-05
2.458995182152380701e+06 9.973334643748215100e-01 4.020993801909197353e-05
2.458995187733333092e+06 9.972692179482945951e-01 4.020454823450519380e-05
2.458995193314285483e+06 9.971252682376553489e-01 4.019915844991842763e-05
2.458995198895237874e+06 9.969509860274781143e-01 4.019376866533165468e-05
2.458995204476190265e+06 9.967485944488609917e-01 4.018771760818337261e-05
2.458995210057142656e+06 9.965181162876224352e-01 4.018158048419031127e-05
2.458995215638095047e+06 9.963294181135210481e-01 4.017544336019726348e-05
2.458995221219047438e+06 9.962474766017359595e-01 4.017024292274960046e-05
2.458995226799999829e+06 9.962722917522672805e-01 4.017027110590078680e-05
