2.458825000000000000e+06 9.991065476163425441e-01 4.078666151073846518e-05
2.458825005580952391e+06 9.992430100897420342e-01 4.078985899464987062e-05
2.458825011161904782e+06 9.993556606611674331e-01 4.079277596399605939e-05
2.458825016742857173e+06 9.994444993306182967e-01 4.079494870035952540e-05
2.458825022323809564e+06 9.995114390444312935e-01 4.079712143672298465e-05
2.458825027904761955e+06 9.995735827960108288e-01 4.079929417308644389e-05
2.458825033485714346e+06 9.996349832652702272e-01 4.080032663656409867e-05
2.458825039066666737e+06 9.996956404522098216e-01 4.080039068328137594e-05
2.458825044647619128e+06 9.997517427456928951e-01 4.080045472999865321e-05
2.458825050228571519e+06 9.997912230193478633e-01 4.080051877671593726e-05
2.458825055809523910e+06 9.998131916235299954e-01 4.080262397677352339e-05
2.458825061390476301e+06 9.998176485582387363e-01 4.080521495755100612e-05
2.458825066971428692e+06 9.998176789898083339e-01 4.080780593832848886e-05
2.458825072552381083e+06 9.998296851917661821e-01 4.081004589645262413e-05
2.458825078133333474e+06 9.998537181176103683e-01 4.080794205892452557e-05
2.458825083714285865e+06 9.998893900091913034e-01 4.080583822139642700e-05
2.458825089295238256e+06 9.999248136693108524e-01 4.080373438386833521e-05
2.458825094876190647e+06 9.999543857506372202e-01 4.080257279891591054e-05
2.458825100457143039e+06 9.999781062531706288e-01 4.080322588130740123e-05
2.458825106038095430e+06 9.999951456390676618e-01 4.080387896369889870e-05
2.458825111619047821e+06 1.000000000000000000e+00 4.080453204609039617e-05
2.458825117200000212e+06 9.999916582544524646e-01 4.080425289472534097e-05
2.458825122780952603e+06 9.999701204024242784e-01 4.080337467843365328e-05
2.458825128361904528e+06 9.999438663931885518e-01 4.080249646221524411e-05
2.458825133942856919e+06 9.999341745902140532e-01 4.080161824592356320e-05
2.458825139523809310e+06 9.999420671219222401e-01 4.080269814386142021e-05
2.458825145104761701e+06 9.999675422971208150e-01 4.080405574006539974e-05
2.458825150685714092e+06 9.999906856408817823e-01 4.080541333626938605e-05
2.458825156266666483e+06 9.999923050092361931e-01 4.080643682082409578e-05
2.458825161847618874e+06 9.999724004021838253e-01 4.080545477126890119e-05
2.458825167428571265e+06 9.999319394128012295e-01 4.080447272171369981e-05
2.458825173009523656e+06 9.998886642508419964e-01 4.080349067215850522e-05
2.458825178590476047e+06 9.998492124932129022e-01 4.080261559980731556e-05
2.458825184171428438e+06 9.998135841399133916e-01 4.080189458913221459e-05
2.458825189752380829e+06 9.997824703494145870e-01 4.080117357845711363e-05
2.458825195333333220e+06 9.997593743887207562e-01 4.080045256778200589e-05
2.458825200914285611e+06 9.997447845707696512e-01 4.080018080240195599e-05
2.458825206495238002e+06 9.997387008955612719e-01 4.080012354852728684e-05
2.458825212076190393e+06 9.997314873558003079e-01 4.080006629465261769e-05
2.458825217657142784e+06 9.997039579819466670e-01 4.080000904077794855e-05
2.458825223238095175e+06 9.996555848273445122e-01 4.079954970772945675e-05
2.458825228819047567e+06 9.995864350699694700e-01 4.079906644621104846e-05
2.458825234399999958e+06 9.995093440632508708e-01 4.079858318469264695e-05
2.458825239980952349e+06 9.994338740567006996e-01 4.079765839687415257e-05
2.458825245561904740e+06 9.993600250503196225e-01 4.079508100216692692e-05
2.458825251142857131e+06 9.992877812368399226e-01 4.079250360745970805e-05
2.458825256723809522e+06 9.992169491071057896e-01 4.078992621275247564e-05
2.458825262304761913e+06 9.991474713519761242e-01 4.078846310409886148e-05
2.458825267885714304e+06 9.990793479714513703e-01 4.078821759173201624e-05
2.458825273466666695e+06 9.990128966505811281e-01 4.078797207936517099e-05
2.458825279047619086e+06 9.989493712941310832e-01 4.078772656699831219e-05
2.458825284628571477e+06 9.988889002902371361e-01 4.078593784977940735e-05
2.458825290209523868e+06 9.988314836388986206e-01 4.078362052356582511e-05
2.458825295790476259e+06 9.987733434606121952e-01 4.078130319735223609e-05
2.458825301371428650e+06 9.987085367249800560e-01 4.077899917019120723e-05
2.458825306952381041e+06 9.986369909807778500e-01 4.077780266135803288e-05
2.458825312533333432e+06 9.985587553419895679e-01 4.077660615252485176e-05
2.458825318114285823e+06 9.984767314040606800e-01 4.077540964369168419e-05
2.458825323695238214e+06 9.983926166819734327e-01 4.077403019538545077e-05
2.458825329276190605e+06 9.983064111757278258e-01 4.077217769306385121e-05
2.458825334857142996e+06 9.982188706869999928e-01 4.077032519074225164e-05
2.458825340438095387e+06 9.981365936251701543e-01 4.076847268842065885e-05
2.458825346019047778e+06 9.980611146519687837e-01 4.076781736846942807e-05
2.458825351600000169e+06 9.979924337673958812e-01 4.076815798046542008e-05
2.458825357180952560e+06 9.979267611086954926e-01 4.076849859246141209e-05
2.458825362761904951e+06 9.978523088017302589e-01 4.076883920445740410e-05
2.458825368342857342e+06 9.977682328255222943e-01 4.076636841638263577e-05
2.458825373923809268e+06 9.976745331882913570e-01 4.076325050690301810e-05
2.458825379504761659e+06 9.975806276659796579e-01 4.076013259716324612e-05
2.458825385085714050e+06 9.974980980280880871e-01 4.075718735609442755e-05
2.458825390666666441e+06 9.974269744894579404e-01 4.075623053725386559e-05
2.458825396247618832e+06 9.973670639310945329e-01 4.075527371841331718e-05
2.458825401828571223e+06 9.973127021209854393e-01 4.075431689957276200e-05
2.458825407409523614e+06 9.972612652703409797e-01 4.075364353172396351e-05
2.458825412990476005e+06 9.972127533791613763e-01 4.075350379347545066e-05
2.458825418571428396e+06 9.971644480177553893e-01 4.075336405522693781e-05
2.458825424152380787e+06 9.970986903923646505e-01 4.075322431697841818e-05
2.458825429733333178e+06 9.970123006154956169e-01 4.075104057402994514e-05
2.458825435314285569e+06 9.969052786871482885e-01 4.074757137800709758e-05
2.458825440895237960e+06 9.967905528844724916e-01 4.074410218198425680e-05
2.458825446476190351e+06 9.967000037018725056e-01 4.074063298596140924e-05
2.458825452057142742e+06 9.966351075693498096e-01 4.073961037607951767e-05
2.458825457638095133e+06 9.965958611404795997e-01 4.073891847769938211e-05
2.458825463219047524e+06 9.965657299371123434e-01 4.073822657931923976e-05
2.458825468799999915e+06 9.965290972467948372e-01 4.073742773382815378e-05
2.458825474380952306e+06 9.964859630695273029e-01 4.073601288415677209e-05
2.458825479961904697e+06 9.964364810550269125e-01 4.073459803448539041e-05
2.458825485542857088e+06 9.963833756853739398e-01 4.073318318481400195e-05
2.458825491123809479e+06 9.963276485893879375e-01 4.073352151174804310e-05
2.458825496704761870e+06 9.962692997670691275e-01 4.073633180300203647e-05
2.458825502285714261e+06 9.962129881426987632e-01 4.073914209425602985e-05
2.458825507866666652e+06 9.961818744629995503e-01 4.074195238551002999e-05
2.458825513447619043e+06 9.961791169822813430e-01 4.074123017785385005e-05
2.458825519028571434e+06 9.962047157005438081e-01 4.073886045032087982e-05
2.458825524609523825e+06 9.962365054815764953e-01 4.073649072278790959e-05
2.458825530190476216e+06 9.962311206945803077e-01 4.073412099525494613e-05
2.458825535771428607e+06 9.961874260730740893e-01 4.073193636258870315e-05
2.458825541352380998e+06 9.961056799379547355e-01 4.072976168633915984e-05
2.458825546933333389e+06 9.960296226076554849e-01 4.072758701008961652e-05
2.458825552514285780e+06 9.959912384426221621e-01 4.072603748438794472e-05
2.458825558095238172e+06 9.959905274428551003e-01 4.072675752443304976e-05
2.458825563676190563e+06 9.960231397156328326e-01 4.072747756447816158e-05
2.458825569257142954e+06 9.960372627320072114e-01 4.072819760452328018e-05
2.458825574838095345e+06 9.960178232418814837e-01 4.072800231938983844e-05
2.458825580419047736e+06 9.959648212452560934e-01 4.072682715971984440e-05
2.458825586000000127e+06 9.958912594046355204e-01 4.072565200004984358e-05
2.458825591580952518e+06 9.958475302764178139e-01 4.072447684037984277e-05
2.458825597161904909e+06 9.958386664579593761e-01 4.072381913357480196e-05
2.458825602742857300e+06 9.958646679492602072e-01 4.072333393139891330e-05
2.458825608323809691e+06 9.959067472987662706e-01 4.072284872922303143e-05
2.458825613904762082e+06 9.959358791141587064e-01 4.072241493683604431e-05
2.458825619485714007e+06 9.959517366106326319e-01 4.072495642550767888e-05
2.458825625066666398e+06 9.959544350517816058e-01 4.072749791439136984e-05
2.458825630647618789e+06 9.959503651927771317e-01 4.073003940327505403e-05
2.458825636228571180e+06 9.959431999386648693e-01 4.073154137479115413e-05
2.458825641809523571e+06 9.959329392894450406e-01 4.073042249862357528e-05
2.458825647390475962e+06 9.959210129606963502e-01 4.072930362245599643e-05
2.458825652971428353e+06 9.959196129737849512e-01 4.072818474628841080e-05
2.458825658552380744e+06 9.959315225075648925e-01 4.072883463454011782e-05
2.458825664133333135e+06 9.959567415620359521e-01 4.073092585577796782e-05
2.458825669714285526e+06 9.959933522462649513e-01 4.073301707701581104e-05
2.458825675295237917e+06 9.960354933165349589e-01 4.073510829825366104e-05
2.458825680876190308e+06 9.960827573362492915e-01 4.073571194193594208e-05
2.458825686457142700e+06 9.961351443054081711e-01 4.073598462553440806e-05
2.458825692038095091e+06 9.961931841315663227e-01 4.073625730913288081e-05
2.458825697619047482e+06 9.962575161143898406e-01 4.073653948008656382e-05
2.458825703199999873e+06 9.963281416299972770e-01 4.073692376016692243e-05
2.458825708780952264e+06 9.964046516222435645e-01 4.073730804024727428e-05
2.458825714361904655e+06 9.964755537298750632e-01 4.073769232032763290e-05
2.458825719942857046e+06 9.965356162343832480e-01 4.073844040828057239e-05
2.458825725523809437e+06 9.965848391357687852e-01 4.073985816888007154e-05
2.458825731104761828e+06 9.966250041456748976e-01 4.074127592947956393e-05
2.458825736685714219e+06 9.966674452616286484e-01 4.074269369007906308e-05
2.458825742266666610e+06 9.967141629938046643e-01 4.074349812726073213e-05
2.458825747847619001e+06 9.967651573422027234e-01 4.074392510510871455e-05
2.458825753428571392e+06 9.968154761794715268e-01 4.074435208295668342e-05
2.458825759009523783e+06 9.968531179083170990e-01 4.074477906080465906e-05
2.458825764590476174e+06 9.968775470073085732e-01 4.074564970227276587e-05
2.458825770171428565e+06 9.968887696148054367e-01 4.074657740868791936e-05
2.458825775752380956e+06 9.969034792315238924e-01 4.074750511510305930e-05
2.458825781333333347e+06 9.969371311787541545e-01 4.074839821781565968e-05
2.458825786914285738e+06 9.969897254564965561e-01 4.074909982003653320e-05
2.458825792495238129e+06 9.970605381827185587e-01 4.074980142225741349e-05
2.458825798076190520e+06 9.971371485555776681e-01 4.075050302447828700e-05
2.458825803657142911e+06 9.972150690364550707e-01 4.075145327388766557e-05
2.458825809238095302e+06 9.972942996253510994e-01 4.075274682262836220e-05
2.458825814819047693e+06 9.973708050803306024e-01 4.075404037136907238e-05
2.458825820400000084e+06 9.974249075484477034e-01 4.075533392010976901e-05
2.458825825980952475e+06 9.974539822721421034e-01 4.075612942684696006e-05
2.458825831561904866e+06 9.974580292514135804e-01 4.075669808368269809e-05
2.458825837142857257e+06 9.974557902792499098e-01 4.075726674051844968e-05
2.458825842723809648e+06 9.974832971714049368e-01 4.075783539735420126e-05
2.458825848304762039e+06 9.975414461732914351e-01 4.076269989329508737e-05
2.458825853885714430e+06 9.976301180112769895e-01 4.076777122519060072e-05
2.458825859466666821e+06 9.977312723345220791e-01 4.077284255708611406e-05
2.458825865047619212e+06 9.978319593023530221e-01 4.077649714834429879e-05
2.458825870628571138e+06 9.979321789064267145e-01 4.077515993158790621e-05
2.458825876209523529e+06 9.980290162063053527e-01 4.077382271471992890e-05
2.458825881790475920e+06 9.980886734239106106e-01 4.077248549785195836e-05
2.458825887371428311e+06 9.981014919961302967e-01 4.077157597064016644e-05
2.458825892952380702e+06 9.980674719229641889e-01 4.077111502870701151e-05
2.458825898533333093e+06 9.980050475550451550e-01 4.077065408677385658e-05
2.458825904114285484e+06 9.979843772917745826e-01 4.077019314484069487e-05
2.458825909695237875e+06 9.980122936537895173e-01 4.077044588788864796e-05
2.458825915276190266e+06 9.980887966410900702e-01 4.077093011951948116e-05
2.458825920857142657e+06 9.981812858859949733e-01 4.077141435115032113e-05
2.458825926438095048e+06 9.982402984557082748e-01 4.077188932232241470e-05
2.458825932019047439e+06 9.982653218473179768e-01 4.077195433939508659e-05
2.458825937599999830e+06 9.982568882684285105e-01 4.077201935646776525e-05
2.458825943180952221e+06 9.982427579461430334e-01 4.077208437354043713e-05
2.458825948761904612e+06 9.982386057094468912e-01 4.077245041049494762e-05
2.458825954342857003e+06 9.982444315583408612e-01 4.077355667108507984e-05
2.458825959923809394e+06 9.982591592838111483e-01 4.077466293167520528e-05
2.458825965504761785e+06 9.982738218982554201e-01 4.077576919226533073e-05
2.458825971085714176e+06 9.982864103445064918e-01 4.077599691168969580e-05
2.458825976666666567e+06 9.982969246225643634e-01 4.077552335453538341e-05
2.458825982247618958e+06 9.983016041382771766e-01 4.077504979738107101e-05
2.458825987828571349e+06 9.982891558002990884e-01 4.077457624022676538e-05
2.458825993409523740e+06 9.982588177379422278e-01 4.077445812610095170e-05
2.458825998990476131e+06 9.982105899512068170e-01 4.077441639872874312e-05
2.458826004571428522e+06 9.981674488468382789e-01 4.077437467135653455e-05
2.458826010152380913e+06 9.981565865315373820e-01 4.077435568054416001e-05
2.458826015733333305e+06 9.981780502707622293e-01 4.077456625820377183e-05
2.458826021314285696e+06 9.982304417810800024e-01 4.077477683586338365e-05
2.458826026895238087e+06 9.982760888991032422e-01 4.077498741352300225e-05
2.458826032476190478e+06 9.982981365623793124e-01 4.077525274640955081e-05
2.458826038057142869e+06 9.982965847709084350e-01 4.077561664789506105e-05
2.458826043638095260e+06 9.982721494656879857e-01 4.077598054938057128e-05
2.458826049219047651e+06 9.982292915130849265e-01 4.077634445086608151e-05
2.458826054800000042e+06 9.981687826247321871e-01 4.077563876417098052e-05
2.458826060380952433e+06 9.980906228006294345e-01 4.077428893229090024e-05
2.458826065961904824e+06 9.980073303549678032e-01 4.077293910041082675e-05
2.458826071542857215e+06 9.979487233760537812e-01 4.077158926853074647e-05
2.458826077123809606e+06 9.979160829747488748e-01 4.077184615978266956e-05
2.458826082704761997e+06 9.979093962954177499e-01 4.077229933841236277e-05
2.458826088285714388e+06 9.979064648766643453e-01 4.077275251704205598e-05
2.458826093866666779e+06 9.978871389443366713e-01 4.077270633961808369e-05
2.458826099447619170e+06 9.978514184984349500e-01 4.077000182395912640e-05
2.458826105028571561e+06 9.978001780258618503e-01 4.076729730830016911e-05
2.458826110609523952e+06 9.977479469294153747e-01 4.076459279264122538e-05
2.458826116190475877e+06 9.976998841141712093e-01 4.076329222761038520e-05
2.458826121771428268e+06 9.976559895721088811e-01 4.076388999639713227e-05
2.458826127352380659e+06 9.976162633074127095e-01 4.076448776518389288e-05
2.458826132933333050e+06 9.975807053200821395e-01 4.076508553397064673e-05
2.458826138514285441e+06 9.975461432295811282e-01 4.076568330275739379e-05
2.458826144095237833e+06 9.975031331514041533e-01 4.076628107154414764e-05
2.458826149676190224e+06 9.974510475197907455e-01 4.076687884033089470e-05
2.458826155257142615e+06 9.973898863347407939e-01 4.076747660911764855e-05
2.458826160838095006e+06 9.973196495962541874e-01 4.076681225463069108e-05
2.458826166419047397e+06 9.972403352563575796e-01 4.076609415577953641e-05
2.458826171999999788e+06 9.971516646761745539e-01 4.076537605692838852e-05
2.458826177580952179e+06 9.970534414814388180e-01 4.076397782417171277e-05
2.458826183161904570e+06 9.969456656721499277e-01 4.076025244394693414e-05
2.458826188742856961e+06 9.968308504708021101e-01 4.075652706372215550e-05
2.458826194323809352e+06 9.967373730558617417e-01 4.075280168349737687e-05
2.458826199904761743e+06 9.966731995791805465e-01 4.075063022651866465e-05
2.458826205485714134e+06 9.966383300407587464e-01 4.075005574746342295e-05
2.458826211066666525e+06 9.966226227903062229e-01 4.074948126840818126e-05
2.458826216647618916e+06 9.965881699813492478e-01 4.074890678935293956e-05
2.458826222228571307e+06 9.965313723452222661e-01 4.074851894211468646e-05
2.458826227809523698e+06 9.964522298819252777e-01 4.074818997523061185e-05
2.458826233390476089e+06 9.963553732092051973e-01 4.074786100834653046e-05
2.458826238971428480e+06 9.962477021770633767e-01 4.074749720087006286e-05
2.458826244552380871e+06 9.961292823307047462e-01 4.074588633061825780e-05
2.458826250133333262e+06 9.960005435923712236e-01 4.074427546036645274e-05
2.458826255714285653e+06 9.958826290450745189e-01 4.074266459011464090e-05
2.458826261295238044e+06 9.957872690659973491e-01 4.074102031901957386e-05
2.458826266876190435e+06 9.957144636551402694e-01 4.073929591156567469e-05
2.458826272457142826e+06 9.956596277092673031e-01 4.073757150411176875e-05
2.458826278038095217e+06 9.955854232992888964e-01 4.073584709665786958e-05
2.458826283619047608e+06 9.954836400075554037e-01 4.073408783608854767e-05
2.458826289199999999e+06 9.953542778340668251e-01 4.073230132283492459e-05
2.458826294780952390e+06 9.952082242861661765e-01 4.073051480958130829e-05
2.458826300361904781e+06 9.950776094479714118e-01 4.072872829632769200e-05
2.458826305942857172e+06 9.949645362279539995e-01 4.072640974487847144e-05
2.458826311523809563e+06 9.948690046261141617e-01 4.072398082436037945e-05
2.458826317104761954e+06 9.947823164225770842e-01 4.072155190384229423e-05
2.458826322685714345e+06 9.946943738544640201e-01 4.071932336023207174e-05
2.458826328266666736e+06 9.946051631237707857e-01 4.071899924540315615e-05
2.458826333847619127e+06 9.945142815932322966e-01 4.071867513057424734e-05
2.458826339428571519e+06 9.944113155592569919e-01 4.071835101574532498e-05
2.458826345009523910e+06 9.942916855290653277e-01 4.071677772396734734e-05
2.458826350590476301e+06 9.941553915026574151e-01 4.071300479446188019e-05
2.458826356171428692e+06 9.940066207554735245e-01 4.070923186495641305e-05
2.458826361752380617e+06 9.938709333441102522e-01 4.070545893576575755e-05
2.458826367333333008e+06 9.937526628232071779e-01 4.070342129552484667e-05
2.458826372914285399e+06 9.936518092048121087e-01 4.070240625332158946e-05
2.458826378495237790e+06 9.935601733956630488e-01 4.070139121111831870e-05
2.458826384076190181e+06 9.934585594074424320e-01 4.070037616891505471e-05
2.458826389657142572e+06 9.933461736505506678e-01 4.069764783784578059e-05
2.458826395238094963e+06 9.932230225027138815e-01 4.069472110047957404e-05
2.458826400819047354e+06 9.930967444704291713e-01 4.069179436311337427e-05
2.458826406399999745e+06 9.929741387284573007e-01 4.068898784270646627e-05
2.458826411980952136e+06 9.928552052767982694e-01 4.068679764174895251e-05
2.458826417561904527e+06 9.927394830914187951e-01 4.068460744079143197e-05
2.458826423142856918e+06 9.926195504615712428e-01 4.068241723983391143e-05
2.458826428723809309e+06 9.924928175072205150e-01 4.068021660164457612e-05
2.458826434304761700e+06 9.923592842283666116e-01 4.067800214069570091e-05
2.458826439885714091e+06 9.922210501569665997e-01 4.067578767974681215e-05
2.458826445466666482e+06 9.920879717124486685e-01 4.067357321879793016e-05
2.458826451047618873e+06 9.919613063831053124e-01 4.067236214550359392e-05
2.458826456628571264e+06 9.918410541689365312e-01 4.067158679305041307e-05
2.458826462209523655e+06 9.917323009444971582e-01 4.067081144059723222e-05
2.458826467790476047e+06 9.916444889123501305e-01 4.067003608814405137e-05
2.458826473371428438e+06 9.915778292267569682e-01 4.066968179861017696e-05
2.458826478952380829e+06 9.915320293314894284e-01 4.066934312777148930e-05
2.458826484533333220e+06 9.914710606102496993e-01 4.066900445693280163e-05
2.458826490114285611e+06 9.913699901681933824e-01 4.066797061379595613e-05
2.458826495695238002e+06 9.912288180053205888e-01 4.066462563283645358e-05
2.458826501276190393e+06 9.910521552335325168e-01 4.066128065187695102e-05
2.458826506857142784e+06 9.908907248374521082e-01 4.065793567091745525e-05
2.458826512438095175e+06 9.907585143785118120e-01 4.065485903022865146e-05
2.458826518019047566e+06 9.906555238567118504e-01 4.065205262328968076e-05
2.458826523599999957e+06 9.905748012708500694e-01 4.064924621635070329e-05
2.458826529180952348e+06 9.904908225566191327e-01 4.064643980941172582e-05
2.458826534761904739e+06 9.904012254626027856e-01 4.064464259296044976e-05
2.458826540342857130e+06 9.903060099888009171e-01 4.064315496438595187e-05
2.458826545923809521e+06 9.902114847464575931e-01 4.064166733581144720e-05
2.458826551504761912e+06 9.901268812808584618e-01 4.064021935963936391e-05
2.458826557085714303e+06 9.900522796600147446e-01 4.063996123231833921e-05
2.458826562666666694e+06 9.899872995300085243e-01 4.063970310499732128e-05
2.458826568247619085e+06 9.899142680584783749e-01 4.063944497767629657e-05
2.458826573828571476e+06 9.898235501699047534e-01 4.063835718312370810e-05
2.458826579409523867e+06 9.897151458642877708e-01 4.063532661317808555e-05
2.458826584990476258e+06 9.895932403887179873e-01 4.063229604323246978e-05
2.458826590571428649e+06 9.894911532073605853e-01 4.062926547328684723e-05
2.458826596152381040e+06 9.894160750223942591e-01 4.062867413263622008e-05
2.458826601733333431e+06 9.893680058338190086e-01 4.062995118353577147e-05
2.458826607314285822e+06 9.893383163869348129e-01 4.063122823443531608e-05
2.458826612895237748e+06 9.893019790090394894e-01 4.063250528522831750e-05
2.458826618476190139e+06 9.892574051187282835e-01 4.063140262269974480e-05
2.458826624057142530e+06 9.892045947186897115e-01 4.062982377633684471e-05
2.458826629638094921e+06 9.891544739661929375e-01 4.062824492997395818e-05
2.458826635219047312e+06 9.891194843902840761e-01 4.062687955850876985e-05
2.458826640799999703e+06 9.890996389036866843e-01 4.062742977722280516e-05
2.458826646380952094e+06 9.890941006826907689e-01 4.062797999593684725e-05
2.458826651961904485e+06 9.890820709538817868e-01 4.062853021465088257e-05
2.458826657542856876e+06 9.890545592939166131e-01 4.062852302247688861e-05
2.458826663123809267e+06 9.890115657027953588e-01 4.062755553031128277e-05
2.458826668704761658e+06 9.889578843055247814e-01 4.062658803814568371e-05
2.458826674285714049e+06 9.889221911271068866e-01 4.062562054598007786e-05
2.458826679866666440e+06 9.889092507479742000e-01 4.062622627750699268e-05
2.458826685447618831e+06 9.889190631681270549e-01 4.062773913630212682e-05
2.458826691028571222e+06 9.889437703534083024e-01 4.062925199509726096e-05
2.458826696609523613e+06 9.889652883485924306e-01 4.063076485389240187e-05
2.458826702190476004e+06 9.889828982730411999e-01 4.063319517172044851e-05
2.458826707771428395e+06 9.889966062028563432e-01 4.063572598361121931e-05
2.458826713352380786e+06 9.890117723801806759e-01 4.063825679550199689e-05
2.458826718933333177e+06 9.890330764739752034e-01 4.064042491503007263e-05
2.458826724514285568e+06 9.890605184842400366e-01 4.064080046110290904e-05
2.458826730095237959e+06 9.890936326140954415e-01 4.064117600717573868e-05
2.458826735676190350e+06 9.891251489777407313e-01 4.064155155324856831e-05
2.458826741257142741e+06 9.891525742154927414e-01 4.064258140070670729e-05
2.458826746838095132e+06 9.891759083273519160e-01 4.064446010147415827e-05
2.458826752419047523e+06 9.891979115435554082e-01 4.064633880224160248e-05
2.458826757999999914e+06 9.892313009709235994e-01 4.064821750300904668e-05
2.458826763580952305e+06 9.892776630687336592e-01 4.064965935998263895e-05
2.458826769161904696e+06 9.893369978369854767e-01 4.065091603218568445e-05
2.458826774742857087e+06 9.894071765471630364e-01 4.065217270438872317e-05
2.458826780323809478e+06 9.894843153579000461e-01 4.065342937659176188e-05
2.458826785904761869e+06 9.895683320977042285e-01 4.065456282962019762e-05
2.458826791485714260e+06 9.896590863446098618e-01 4.065569237899806433e-05
2.458826797066666652e+06 9.897408376055588652e-01 4.065682192837593103e-05
2.458826802647619043e+06 9.898028883324505589e-01 4.065848987890899969e-05
2.458826808228571434e+06 9.898452385252849428e-01 4.066189793495515986e-05
2.458826813809523825e+06 9.898720949370942712e-01 4.066530599100133357e-05
2.458826819390476216e+06 9.899285581054292349e-01 4.066871404704750729e-05
2.458826824971428607e+06 9.900268454758303083e-01 4.067197069823913242e-05
2.458826830552380998e+06 9.901669570482976024e-01 4.067507792929261630e-05
2.458826836133333389e+06 9.903333386806125738e-01 4.067818516034610017e-05
2.458826841714285780e+06 9.904698911943119466e-01 4.068129239139957727e-05
2.458826847295238171e+06 9.905715548256309733e-01 4.068308401629917691e-05
2.458826852876190562e+06 9.906383295745697648e-01 4.068448333768548669e-05
2.458826858457142487e+06 9.906929541277396112e-01 4.068588265895504822e-05
2.458826864038094878e+06 9.907681055643888790e-01 4.068726865842897103e-05
2.458826869619047269e+06 9.908640414747748038e-01 4.068831087139826544e-05
2.458826875199999660e+06 9.909803504837876309e-01 4.068935308436755308e-05
2.458826880780952051e+06 9.910989381484682781e-01 4.069039529733684750e-05
2.458826886361904442e+06 9.912101096141772150e-01 4.069184384490667761e-05
2.458826891942856833e+06 9.913138648809143305e-01 4.069422133259266878e-05
2.458826897523809224e+06 9.914128851912312745e-01 4.069659882027867350e-05
2.458826903104761615e+06 9.915280448497989507e-01 4.069897630796467144e-05
2.458826908685714006e+06 9.916637649889481487e-01 4.070309073634108856e-05
2.458826914266666397e+06 9.918200456086789796e-01 4.070850849693466049e-05
2.458826919847618788e+06 9.919890647832592112e-01 4.071392625752822563e-05
2.458826925428571180e+06 9.921485247138364105e-01 4.071934401812180433e-05
2.458826931009523571e+06 9.922970533701702678e-01 4.072363833210532999e-05
2.458826936590475962e+06 9.924346507522612271e-01 4.072771596581418069e-05
2.458826942171428353e+06 9.925749024067330728e-01 4.073179359952303140e-05
2.458826947752380744e+06 9.927329813664532709e-01 4.073591487230677973e-05
2.458826953333333135e+06 9.929088990588299524e-01 4.074040686812741192e-05
2.458826958914285526e+06 9.931010801044762859e-01 4.074489886394803056e-05
2.458826964495237917e+06 9.932718602716347212e-01 4.074939085976866276e-05
2.458826970076190308e+06 9.934052355091028685e-01 4.075326973038483845e-05
2.458826975657142699e+06 9.935012058168806170e-01 4.075611495206496422e-05
2.458826981238095090e+06 9.935678928919399189e-01 4.075896017374509676e-05
2.458826986819047481e+06 9.936529097954197587e-01 4.076180539542522931e-05
2.458826992399999872e+06 9.937640087181887072e-01 4.076577043813139678e-05
2.458826997980952263e+06 9.939011896602468754e-01 4.077036723727832466e-05
2.458827003561904654e+06 9.940601897365878292e-01 4.077496403642524576e-05
2.458827009142857045e+06 9.942313652666481261e-01 4.077956083557216009e-05
2.458827014723809436e+06 9.944143478892888410e-01 4.078545489622645775e-05
2.458827020304761827e+06 9.946091201609623678e-01 4.079148303957122191e-05
2.458827025885714218e+06 9.948038427757618374e-01 4.079751118291598608e-05
2.458827031466666609e+06 9.949883761125201120e-01 4.080307880471835473e-05
2.458827037047619000e+06 9.951627201712373028e-01 4.080644998468933697e-05
2.458827042628571391e+06 9.953266491152727991e-01 4.080982116466031243e-05
2.458827048209523782e+06 9.954767436757181454e-01 4.081319234463129468e-05
2.458827053790476173e+06 9.956118512256260100e-01 4.081706004268108540e-05
2.458827059371428564e+06 9.957319717649967261e-01 4.082155883071989302e-05
2.458827064952380955e+06 9.958471666275188205e-01 4.082605761875870065e-05
2.458827070533333346e+06 9.960029359731900067e-01 4.083055640679750828e-05
2.458827076114285737e+06 9.962048293286738243e-01 4.083671490000500523e-05
2.458827081695238128e+06 9.964528466939700513e-01 4.084356012235740611e-05
2.458827087276190519e+06 9.967173387503406312e-01 4.085040534470980021e-05
2.458827092857142910e+06 9.969451434490532726e-01 4.085725056706220108e-05
2.458827098438095301e+06 9.971351983393904606e-01 4.086260568821744541e-05
2.458827104019047227e+06 9.972877077064379314e-01 4.086792155485218430e-05
2.458827109599999618e+06 9.974236212034082172e-01 4.087323742193047031e-05
2.458827115180952009e+06 9.975569231466382414e-01 4.087805492835899795e-05
2.458827120761904400e+06 9.976876135361275599e-01 4.088130577799649394e-05
2.458827126342856791e+06 9.978152134653837102e-01 4.088455662763398993e-05
2.458827131923809182e+06 9.979347169198664602e-01 4.088780747727148592e-05
2.458827137504761573e+06 9.980447917387323953e-01 4.089067109312382410e-05
2.458827143085713964e+06 9.981454379219815154e-01 4.089316017650297794e-05
2.458827148666666355e+06 9.982316087110337799e-01 4.089564925988213855e-05
2.458827154247618746e+06 9.982854209227495224e-01 4.089813834326129239e-05
2.458827159828571137e+06 9.983053030297506236e-01 4.089934610495822662e-05
2.458827165409523528e+06 9.982912550320367506e-01 4.090018259220069570e-05
2.458827170990475919e+06 9.983226265177287395e-01 4.090101907944315799e-05
2.458827176571428310e+06 9.985114018247857048e-01 4.090227473885295388e-05
2.458827182152380701e+06 9.988583792855488808e-01 4.091301127556264990e-05
2.458827187733333092e+06 9.993573879964037232e-01 4.092374781227235269e-05
2.458827193314285483e+06 9.997510070272865867e-01 4.093448434898205548e-05
2.458827198895237874e+06 9.999036771684757241e-01 4.094056319324626173e-05
2.458827204476190265e+06 9.998153984199708022e-01 4.093624296002472098e-05
2.458827210057142656e+06 9.995249058248578677e-01 4.093192272680316667e-05
2.458827215638095047e+06 9.993271845621104488e-01 4.092760249358161915e-05
2.458827221219047438e+06 9.992835487210354195e-01 4.092898697228639494e-05
2.458827226799999829e+06 9.993939983016328910e-01 4.093456484739923910e-05
