2.458908000000000000e+06 9.953603165592602720e-01 4.101979688557928105e-05
2.458908005580952391e+06 9.953958754643805751e-01 4.102188939799579541e-05
2.458908011161904782e+06 9.954113018826782344e-01 4.102398191041231655e-05
2.458908016742857173e+06 9.954058729257846405e-01 4.102346369266785024e-05
2.458908022323809564e+06 9.953797869508592688e-01 4.102281827486261716e-05
2.458908027904761955e+06 9.953633928026267563e-01 4.102217285705737730e-05
2.458908033485714346e+06 9.953785178734966266e-01 4.102176608117059930e-05
2.458908039066666737e+06 9.954251621634691016e-01 4.102220283005159057e-05
2.458908044647619128e+06 9.954993493272965566e-01 4.102263957893258862e-05
2.458908050228571519e+06 9.955548393710302868e-01 4.102307632781359344e-05
2.458908055809523910e+06 9.955783921039330631e-01 4.102267087400054578e-05
2.458908061390476301e+06 9.955700075260049964e-01 4.102138003841892616e-05
2.458908066971428692e+06 9.955411988083224806e-01 4.102008920283731333e-05
2.458908072552381083e+06 9.955358747327937019e-01 4.101879836725570049e-05
2.458908078133333474e+06 9.955583238906432486e-01 4.102007705495692156e-05
2.458908083714285865e+06 9.956085462818714538e-01 4.102219189009401900e-05
2.458908089295238256e+06 9.956736145296702922e-01 4.102430672523111645e-05
2.458908094876190647e+06 9.957338718906902919e-01 4.102638485363226258e-05
2.458908100457143039e+06 9.957891126119826630e-01 4.102678957426198690e-05
2.458908106038095430e+06 9.958394677357346181e-01 4.102719429489171121e-05
2.458908111619047821e+06 9.958918241290226625e-01 4.102759901552143553e-05
2.458908117200000212e+06 9.959500790653675883e-01 4.102857679663446302e-05
2.458908122780952603e+06 9.960142325447695066e-01 4.103096823939618985e-05
2.458908128361904528e+06 9.960824082300890892e-01 4.103335968195838282e-05
2.458908133942856919e+06 9.961389254385245584e-01 4.103575112472010965e-05
2.458908139523809310e+06 9.961802623228054321e-01 4.103703046553441950e-05
2.458908145104761701e+06 9.962064188829322653e-01 4.103741965731504284e-05
2.458908150685714092e+06 9.962250654489090973e-01 4.103780884909565940e-05
2.458908156266666483e+06 9.962592906653218172e-01 4.103819804087628273e-05
2.458908161847618874e+06 9.963106585301392260e-01 4.103935588887371418e-05
2.458908167428571265e+06 9.963791690433617676e-01 4.104067972325967252e-05
2.458908173009523656e+06 9.964498816005691317e-01 4.104200355764563087e-05
2.458908178590476047e+06 9.965050664838112082e-01 4.104320281169901441e-05
2.458908184171428438e+06 9.965446918890062955e-01 4.104313293187961516e-05
2.458908189752380829e+06 9.965692557387711981e-01 4.104306305206021591e-05
2.458908195333333220e+06 9.965922540352625258e-01 4.104299317224081666e-05
2.458908200914285611e+06 9.966197402964133145e-01 4.104333246134243216e-05
2.458908206495238002e+06 9.966517145222231200e-01 4.104441074580195630e-05
2.458908212076190393e+06 9.966880787001216602e-01 4.104548903026148722e-05
2.458908217657142784e+06 9.967282202362561794e-01 4.104656731472101813e-05
2.458908223238095175e+06 9.967720328332154711e-01 4.104754880031012969e-05
2.458908228819047567e+06 9.968195164909997574e-01 4.104847179627864405e-05
2.458908234399999958e+06 9.968728686983840959e-01 4.104939479224715162e-05
2.458908239980952349e+06 9.969373378574888367e-01 4.105031778821565920e-05
2.458908245561904740e+06 9.970131508018595934e-01 4.105151297940740979e-05
2.458908251142857131e+06 9.971002953922735168e-01 4.105274169956515452e-05
2.458908256723809522e+06 9.971763813213913030e-01 4.105397041972289924e-05
2.458908262304761913e+06 9.972210203837660325e-01 4.105491332722337053e-05
2.458908267885714304e+06 9.972342125793980383e-01 4.105432517207677543e-05
2.458908273466666695e+06 9.972185448884285375e-01 4.105373701693017355e-05
2.458908279047619086e+06 9.972172271719833558e-01 4.105314886178357844e-05
2.458908284628571477e+06 9.972456459497230918e-01 4.105425113156554523e-05
2.458908290209523868e+06 9.973038012216476345e-01 4.105764709667767071e-05
2.458908295790476259e+06 9.973850617601456303e-01 4.106104306178978941e-05
2.458908301371428650e+06 9.974575987669105359e-01 4.106443902690190811e-05
2.458908306952381041e+06 9.975172441100801368e-01 4.106549886444249954e-05
2.458908312533333432e+06 9.975639977896542110e-01 4.106551536384429960e-05
2.458908318114285823e+06 9.975981940163274331e-01 4.106553186324609966e-05
2.458908323695238214e+06 9.976204661295702270e-01 4.106554836264790650e-05
2.458908329276190605e+06 9.976308292170489311e-01 4.106499940118721938e-05
2.458908334857142996e+06 9.976293232905796282e-01 4.106442580433632822e-05
2.458908340438095387e+06 9.976214944885112290e-01 4.106385220748543706e-05
2.458908346019047778e+06 9.976112644525699791e-01 4.106319138918000650e-05
2.458908351600000169e+06 9.975986331827555453e-01 4.106223054166328206e-05
2.458908357180952560e+06 9.975845757577305184e-01 4.106126969414656441e-05
2.458908362761904951e+06 9.975801558328741825e-01 4.106030884662984675e-05
2.458908368342857342e+06 9.975884895200206604e-01 4.106026713048315576e-05
2.458908373923809268e+06 9.976095768168776745e-01 4.106117362695359968e-05
2.458908379504761659e+06 9.976369013077327486e-01 4.106208012349967347e-05
2.458908385085714050e+06 9.976460221846987775e-01 4.106298662004575405e-05
2.458908390666666441e+06 9.976346075813234959e-01 4.106309291074439525e-05
2.458908396247618832e+06 9.976026574976070149e-01 4.106294538668122583e-05
2.458908401828571223e+06 9.975583955637152833e-01 4.106279786261804964e-05
2.458908407409523614e+06 9.975141187449455549e-01 4.106262628132707206e-05
2.458908412990476005e+06 9.974699458905627036e-01 4.106155964355205314e-05
2.458908418571428396e+06 9.974260214470126451e-01 4.106049300577702745e-05
2.458908424152380787e+06 9.973895320569080569e-01 4.105942636800200853e-05
2.458908429733333178e+06 9.973644789573991032e-01 4.105883772786864751e-05
2.458908435314285569e+06 9.973508621484855619e-01 4.105940161918905808e-05
2.458908440895237960e+06 9.973464649636571977e-01 4.105996551050948221e-05
2.458908446476190351e+06 9.973331518545768271e-01 4.106052940182989956e-05
2.458908452057142742e+06 9.973069195651994567e-01 4.105967656399794191e-05
2.458908457638095133e+06 9.972677680955246426e-01 4.105771119412131851e-05
2.458908463219047524e+06 9.972217263815318367e-01 4.105574582424468156e-05
2.458908468799999915e+06 9.971866515085358040e-01 4.105378045436805138e-05
2.458908474380952306e+06 9.971637197128168095e-01 4.105505341854184651e-05
2.458908479961904697e+06 9.971529309943748531e-01 4.105700325957006689e-05
2.458908485542857088e+06 9.971458636780929918e-01 4.105895310059829405e-05
2.458908491123809479e+06 9.971327004660156534e-01 4.106051681609526681e-05
2.458908496704761870e+06 9.971134271950528039e-01 4.105836315888354533e-05
2.458908502285714261e+06 9.970874126610549393e-01 4.105620950167183063e-05
2.458908507866666652e+06 9.970381859585705220e-01 4.105405584446011593e-05
2.458908513447619043e+06 9.969584764225840612e-01 4.105177427495930312e-05
2.458908519028571434e+06 9.968482840530953348e-01 4.104926636594142207e-05
2.458908524609523825e+06 9.967174041179466260e-01 4.104675845692353425e-05
2.458908530190476216e+06 9.966259040760322430e-01 4.104425054790564642e-05
2.458908535771428607e+06 9.965840142973722005e-01 4.104359632136687881e-05
2.458908541352380998e+06 9.965917347819666094e-01 4.104403986409953839e-05
2.458908546933333389e+06 9.966201275060601050e-01 4.104448340683219119e-05
2.458908552514285780e+06 9.966011736755864270e-01 4.104492694956483721e-05
2.458908558095238172e+06 9.965320361857603615e-01 4.104326220049393521e-05
2.458908563676190563e+06 9.964127418636385958e-01 4.104135021103370482e-05
2.458908569257142954e+06 9.962780795364885034e-01 4.103943822157347444e-05
2.458908574838095345e+06 9.961591570931934703e-01 4.103756035493567737e-05
2.458908580419047736e+06 9.960559745337541626e-01 4.103585897552000151e-05
2.458908586000000127e+06 9.959683603634135185e-01 4.103415759610433243e-05
2.458908591580952518e+06 9.958935330465376046e-01 4.103245621668867013e-05
2.458908597161904909e+06 9.958305179089363968e-01 4.103079022842653017e-05
2.458908602742857300e+06 9.957793149506100061e-01 4.102917134598000340e-05
2.458908608323809691e+06 9.957335255993817746e-01 4.102755246353346986e-05
2.458908613904762082e+06 9.956629727221953940e-01 4.102593358108694310e-05
2.458908619485714007e+06 9.955637852651294528e-01 4.102440048542216772e-05
2.458908625066666398e+06 9.954359632116320800e-01 4.102290486320987468e-05
2.458908630647618789e+06 9.952984579257165842e-01 4.102140924099758842e-05
2.458908636228571180e+06 9.951866065320379429e-01 4.101991361878529538e-05
2.458908641809523571e+06 9.951012100437380825e-01 4.101695907949607327e-05
2.458908647390475962e+06 9.950420228724018434e-01 4.101394842407827510e-05
2.458908652971428353e+06 9.949780440910881429e-01 4.101093776866047692e-05
2.458908658552380744e+06 9.948877210418385353e-01 4.100836117862058529e-05
2.458908664133333135e+06 9.947710537246534646e-01 4.100723824877008678e-05
2.458908669714285526e+06 9.946317309768346604e-01 4.100611531891958827e-05
2.458908675295237917e+06 9.945106035090355290e-01 4.100499238906908298e-05
2.458908680876190308e+06 9.944189884326322115e-01 4.100364615959023050e-05
2.458908686457142700e+06 9.943568857476245970e-01 4.100207386372406129e-05
2.458908692038095091e+06 9.943113867253565719e-01 4.100050156785789885e-05
2.458908697619047482e+06 9.942348740832439580e-01 4.099892927199173641e-05
2.458908703199999873e+06 9.941229110065756824e-01 4.099662520708281978e-05
2.458908708780952264e+06 9.939754974953517452e-01 4.099409497540190645e-05
2.458908714361904655e+06 9.938174298052681044e-01 4.099156474372098635e-05
2.458908719942857046e+06 9.936851691830735911e-01 4.098901634838304574e-05
2.458908725523809437e+06 9.935790398058892414e-01 4.098589796158182244e-05
2.458908731104761828e+06 9.934983119192223322e-01 4.098277957478059914e-05
2.458908736685714219e+06 9.934085561976216949e-01 4.097966118797937584e-05
2.458908742266666610e+06 9.932909125890868607e-01 4.097658818857951614e-05
2.458908747847619001e+06 9.931453810936178295e-01 4.097362217859988902e-05
2.458908753428571392e+06 9.929764537005995040e-01 4.097065616862026190e-05
2.458908759009523783e+06 9.928201158409331040e-01 4.096769015864064155e-05
2.458908764590476174e+06 9.926841740461185282e-01 4.096569557753496077e-05
2.458908770171428565e+06 9.925686283161556656e-01 4.096444938747807897e-05
2.458908775752380956e+06 9.924667814276042499e-01 4.096320319742119718e-05
2.458908781333333347e+06 9.923591141321238540e-01 4.096195700736430861e-05
2.458908786914285738e+06 9.922443766807392818e-01 4.096067125818042266e-05
2.458908792495238129e+06 9.921225690734506442e-01 4.095937751102634423e-05
2.458908798076190520e+06 9.919944092997041718e-01 4.095808376387227934e-05
2.458908803657142911e+06 9.918607194719352149e-01 4.095652083997035402e-05
2.458908809238095302e+06 9.917215005171604592e-01 4.095250275053460029e-05
2.458908814819047693e+06 9.915773583188997042e-01 4.094848466109885334e-05
2.458908820400000084e+06 9.914435258468528023e-01 4.094446657166310639e-05
2.458908825980952475e+06 9.913266206991655505e-01 4.094120927618530249e-05
2.458908831561904866e+06 9.912266428758382819e-01 4.093927108183670842e-05
2.458908837142857257e+06 9.911412445875958932e-01 4.093733288748810758e-05
2.458908842723809648e+06 9.910562981687358608e-01 4.093539469313951351e-05
2.458908848304762039e+06 9.909694421734313030e-01 4.093383234772235803e-05
2.458908853885714430e+06 9.908806766016819978e-01 4.093248813184213720e-05
2.458908859466666821e+06 9.907860345271966018e-01 4.093114391596190958e-05
2.458908865047619212e+06 9.906763394768332009e-01 4.092979970008168875e-05
2.458908870628571138e+06 9.905512223227720403e-01 4.092762502282815389e-05
2.458908876209523529e+06 9.904107026979308559e-01 4.092535781101126714e-05
2.458908881790475920e+06 9.902737163968189371e-01 4.092309059919438038e-05
2.458908887371428311e+06 9.901568927876646109e-01 4.092089927929375300e-05
2.458908892952380702e+06 9.900602318704674332e-01 4.091908725687614848e-05
2.458908898533333093e+06 9.899820330965851678e-01 4.091727523445854396e-05
2.458908904114285484e+06 9.898955009514246450e-01 4.091546321204093945e-05
2.458908909695237875e+06 9.897913959300025377e-01 4.091293475817702835e-05
2.458908915276190266e+06 9.896697180323188459e-01 4.090947085458387651e-05
2.458908920857142657e+06 9.895367501726882731e-01 4.090600695099071789e-05
2.458908926438095048e+06 9.894216104164741399e-01 4.090254304739756604e-05
2.458908932019047439e+06 9.893279570280285595e-01 4.090084932345397842e-05
2.458908937599999830e+06 9.892557900073513100e-01 4.089991176925229826e-05
2.458908943180952221e+06 9.891943372283557023e-01 4.089897421505062487e-05
2.458908948761904612e+06 9.891238354888441942e-01 4.089803666084895149e-05
2.458908954342857003e+06 9.890438591175116922e-01 4.089678448393151947e-05
2.458908959923809394e+06 9.889544974144004463e-01 4.089552179450179259e-05
2.458908965504761785e+06 9.888660641697397669e-01 4.089425910507206571e-05
2.458908971085714176e+06 9.887856099419793932e-01 4.089314330663590917e-05
2.458908976666666567e+06 9.887131347311193252e-01 4.089250662387964224e-05
2.458908982247618958e+06 9.886483929726574971e-01 4.089186994112338209e-05
2.458908987828571349e+06 9.885887297626274606e-01 4.089123325836710839e-05
2.458908993409523740e+06 9.885334216832092347e-01 4.089002549283688251e-05
2.458908998990476131e+06 9.884824687344025973e-01 4.088825035143259701e-05
2.458909004571428522e+06 9.884361965026616792e-01 4.088647521002831828e-05
2.458909010152380913e+06 9.883957862489378687e-01 4.088470006862403956e-05
2.458909015733333305e+06 9.883613454369009066e-01 4.088396780054964931e-05
2.458909021314285696e+06 9.883328740665510148e-01 4.088354949222371024e-05
2.458909026895238087e+06 9.883034730473722052e-01 4.088313118389776438e-05
2.458909032476190478e+06 9.882631671003530016e-01 4.088266880158438469e-05
2.458909038057142869e+06 9.882118749682843317e-01 4.088101206764391894e-05
2.458909043638095260e+06 9.881500593810137456e-01 4.087935533370345319e-05
2.458909049219047651e+06 9.880984547441411525e-01 4.087769859976299422e-05
2.458909054800000042e+06 9.880682365816836343e-01 4.087701182266390953e-05
2.458909060380952433e+06 9.880594048936414131e-01 4.087856082522335572e-05
2.458909065961904824e+06 9.880689763596397501e-01 4.088010982778280869e-05
2.458909071542857215e+06 9.880735450331012970e-01 4.088165883034226166e-05
2.458909077123809606e+06 9.880681211983461942e-01 4.088236982150912250e-05
2.458909082704761997e+06 9.880527048553744418e-01 4.088244746574595378e-05
2.458909088285714388e+06 9.880382077283951237e-01 4.088252510998279183e-05
2.458909093866666779e+06 9.880559246094706705e-01 4.088260275421962310e-05
2.458909099447619170e+06 9.881078023404875621e-01 4.088298080015997357e-05
2.458909105028571561e+06 9.881938409214457986e-01 4.088341754900192679e-05
2.458909110609523952e+06 9.882828051155885252e-01 4.088385429784388000e-05
2.458909116190475877e+06 9.883395683537932186e-01 4.088420585484098268e-05
2.458909121771428268e+06 9.883641008091861302e-01 4.088381957476273947e-05
2.458909127352380659e+06 9.883580425854597840e-01 4.088343329468448949e-05
2.458909132933333050e+06 9.883611535286901395e-01 4.088304701460623950e-05
2.458909138514285441e+06 9.883904326664082474e-01 4.088339032348529262e-05
2.458909144095237833e+06 9.884458799986137745e-01 4.088497329536374146e-05
2.458909149676190224e+06 9.885221674523817503e-01 4.088655626724218352e-05
2.458909155257142615e+06 9.885878302492236980e-01 4.088813923912061881e-05
2.458909160838095006e+06 9.886377073162310181e-01 4.088915733874528462e-05
2.458909166419047397e+06 9.886717986534037106e-01 4.088985419578643833e-05
2.458909171999999788e+06 9.887025911091653629e-01 4.089055105282759204e-05
2.458909177580952179e+06 9.887585121047979264e-01 4.089124790986875253e-05
2.458909183161904570e+06 9.888406637062503446e-01 4.089356872961954749e-05
2.458909188742856961e+06 9.889490101738567240e-01 4.089606110962190253e-05
2.458909194323809352e+06 9.890569118656968861e-01 4.089855348962425757e-05
2.458909199904761743e+06 9.891413898165509755e-01 4.090075403340332768e-05
2.458909205485714134e+06 9.892024440264192142e-01 4.090154406351310707e-05
2.458909211066666525e+06 9.892425245428085878e-01 4.090233409362288645e-05
2.458909216647618916e+06 9.892991523601590842e-01 4.090312412373267261e-05
2.458909222228571307e+06 9.893850585780410434e-01 4.090505960458763876e-05
2.458909227809523698e+06 9.895002431964544654e-01 4.090846236319081334e-05
2.458909233390476089e+06 9.896374999024547536e-01 4.091186512179398115e-05
2.458909238971428480e+06 9.897640072680623513e-01 4.091526788039714897e-05
2.458909244552380871e+06 9.898757273789382527e-01 4.091695977313017227e-05
2.458909250133333262e+06 9.899726602350826798e-01 4.091793711996131685e-05
2.458909255714285653e+06 9.900577836067309123e-01 4.091891446679246143e-05
2.458909261295238044e+06 9.901364727822635770e-01 4.091989181362359245e-05
2.458909266876190435e+06 9.902088376058699737e-01 4.092233289924219504e-05
2.458909272457142826e+06 9.902751181682852843e-01 4.092481557371494363e-05
2.458909278038095217e+06 9.903607937750595891e-01 4.092729824818769222e-05
2.458909283619047608e+06 9.904829921979242391e-01 4.092998302738728869e-05
2.458909289199999999e+06 9.906417134368796784e-01 4.093331008286123923e-05
2.458909294780952390e+06 9.908322610182080936e-01 4.093663713833518977e-05
2.458909300361904781e+06 9.910050503531659949e-01 4.093996419380914031e-05
2.458909305942857172e+06 9.911467930124916448e-01 4.094298558437228899e-05
2.458909311523809563e+06 9.912574889961851543e-01 4.094570895597922469e-05
2.458909317104761954e+06 9.913513334822607881e-01 4.094843232758615362e-05
2.458909322685714345e+06 9.914789837091685376e-01 4.095115569919308932e-05
2.458909328266666736e+06 9.916449380293835825e-01 4.095434065362381370e-05
2.458909333847619127e+06 9.918491964429060337e-01 4.095766091522719016e-05
2.458909339428571519e+06 9.920625381176821911e-01 4.096098117683057339e-05
2.458909345009523910e+06 9.922434208607858741e-01 4.096427156087817780e-05
2.458909350590476301e+06 9.923915360200495916e-01 4.096685032009400720e-05
2.458909356171428692e+06 9.925075846538718993e-01 4.096942907930983661e-05
2.458909361752380617e+06 9.926214461538712674e-01 4.097200783831049932e-05
2.458909367333333008e+06 9.927489667458908595e-01 4.097463252418759967e-05
2.458909372914285399e+06 9.928901464210002636e-01 4.097736074849835900e-05
2.458909378495237790e+06 9.930452089770781532e-01 4.098008897280911155e-05
2.458909384076190181e+06 9.932158742976847643e-01 4.098281719711987088e-05
2.458909389657142572e+06 9.934025026587444129e-01 4.098643048310695572e-05
2.458909395238094963e+06 9.936050940602569881e-01 4.099069994548441105e-05
2.458909400819047354e+06 9.938126552983307382e-01 4.099496940786185960e-05
2.458909406399999745e+06 9.939941604415586385e-01 4.099923887023931493e-05
2.458909411980952136e+06 9.941477349284189025e-01 4.100168190698491485e-05
2.458909417561904527e+06 9.942733787589116412e-01 4.100378024243843487e-05
2.458909423142856918e+06 9.943928638531988051e-01 4.100587857789196166e-05
2.458909428723809309e+06 9.945302350735416574e-01 4.100818003664579976e-05
2.458909434304761700e+06 9.946855070601491322e-01 4.101215542148282581e-05
2.458909439885714091e+06 9.948586798130215625e-01 4.101613080631983830e-05
2.458909445466666482e+06 9.950497533321585042e-01 4.102010619115685757e-05
2.458909451047618873e+06 9.952587276175601794e-01 4.102408157599387684e-05
2.458909456628571264e+06 9.954856026692264770e-01 4.102805696083088933e-05
2.458909462209523655e+06 9.957248651479437829e-01 4.103203234566791537e-05
2.458909467790476047e+06 9.959445581087171817e-01 4.103600773050492787e-05
2.458909473371428438e+06 9.961395382904945084e-01 4.103998311534195391e-05
2.458909478952380829e+06 9.963098056932753188e-01 4.104395850017896640e-05
2.458909484533333220e+06 9.964553603170601681e-01 4.104793388501598567e-05
2.458909490114285611e+06 9.965762021618483901e-01 4.105190926985300494e-05
2.458909495695238002e+06 9.966723312276406510e-01 4.105440666338308636e-05
2.458909501276190393e+06 9.967437976091735319e-01 4.105675637204774577e-05
2.458909506857142784e+06 9.968203963865254202e-01 4.105910608071239841e-05
2.458909512438095175e+06 9.969273741517457044e-01 4.106136758001197973e-05
2.458909518019047566e+06 9.970647309048341622e-01 4.106321648331893152e-05
2.458909523599999957e+06 9.972305374994880900e-01 4.106506538662586976e-05
2.458909529180952348e+06 9.973960680467952589e-01 4.106691428993281478e-05
2.458909534761904739e+06 9.975517315696789122e-01 4.106958075009957003e-05
2.458909540342857130e+06 9.976975280681394942e-01 4.107327467458435160e-05
2.458909545923809521e+06 9.978323817793025574e-01 4.107696859906914672e-05
2.458909551504761912e+06 9.979514772278446078e-01 4.108066252355392829e-05
2.458909557085714303e+06 9.980542343838780805e-01 4.108274168718562371e-05
2.458909562666666694e+06 9.981406532474034199e-01 4.108416160610323667e-05
2.458909568247619085e+06 9.982275128125100983e-01 4.108558152502085641e-05
2.458909573828571476e+06 9.983446133226651087e-01 4.108700144393848293e-05
2.458909579409523867e+06 9.984925316267500017e-01 4.108967596843882223e-05
2.458909584990476258e+06 9.986707798336164066e-01 4.109237992892611431e-05
2.458909590571428649e+06 9.988315983058374536e-01 4.109508388941339962e-05
2.458909596152381040e+06 9.989434144607380883e-01 4.109762488400792423e-05
2.458909601733333431e+06 9.990062282983181996e-01 4.109966110402785220e-05
2.458909607314285822e+06 9.990250508022332498e-01 4.110169732404778695e-05
2.458909612895237748e+06 9.990515597621988375e-01 4.110373354389782721e-05
2.458909618476190139e+06 9.990993758528948776e-01 4.110538041390474333e-05
2.458909624057142530e+06 9.991684990729982063e-01 4.110665474988480541e-05
2.458909629638094921e+06 9.992553990143022702e-01 4.110792908586486749e-05
2.458909635219047312e+06 9.993476828997417405e-01 4.110920342184493635e-05
2.458909640799999703e+06 9.994442768381809339e-01 4.111123739408643744e-05
2.458909646380952094e+06 9.995451808296195173e-01 4.111348810630104160e-05
2.458909651961904485e+06 9.996371269745470967e-01 4.111573881851563898e-05
2.458909657542856876e+06 9.997015698336318978e-01 4.111786825619494109e-05
2.458909663123809267e+06 9.997383843490655897e-01 4.111742374295894074e-05
2.458909668704761658e+06 9.997479102934511141e-01 4.111697922972294038e-05
2.458909674285714049e+06 9.997439408487198698e-01 4.111653471648694680e-05
2.458909679866666440e+06 9.997336739711184528e-01 4.111611987661317708e-05
2.458909685447618831e+06 9.997171096606470853e-01 4.111577047756304548e-05
2.458909691028571222e+06 9.996979516267031629e-01 4.111542107851291387e-05
2.458909696609523613e+06 9.997040850210295870e-01 4.111507167946277548e-05
2.458909702190476004e+06 9.997412492000483653e-01 4.111582418153101492e-05
2.458909707771428395e+06 9.998094441637598306e-01 4.111737803675118093e-05
2.458909713352380786e+06 9.998942135529662600e-01 4.111893189197135371e-05
2.458909718933333177e+06 9.999554068254055128e-01 4.112048574719151973e-05
2.458909724514285568e+06 9.999906689744166854e-01 4.112063482673667612e-05
2.458909730095237959e+06 1.000000000000000000e+00 4.112052806591580276e-05
2.458909735676190350e+06 9.999947560018422887e-01 4.112042130509492940e-05
2.458909741257142741e+06 9.999872522579277279e-01 4.112041164237959938e-05
2.458909746838095132e+06 9.999774937789763785e-01 4.112116479142638296e-05
2.458909752419047523e+06 9.999657164252814256e-01 4.112191794047316654e-05
2.458909757999999914e+06 9.999572475069028465e-01 4.112267108951995012e-05
2.458909763580952305e+06 9.999542931176583771e-01 4.112286564320739407e-05
2.458909769161904696e+06 9.999568532575480173e-01 4.112214840460170801e-05
2.458909774742857087e+06 9.999628054369877894e-01 4.112143116599601517e-05
2.458909780323809478e+06 9.999600730813827942e-01 4.112071392739032912e-05
2.458909785904761869e+06 9.999467493071069191e-01 4.112076075565148720e-05
2.458909791485714260e+06 9.999228341141603860e-01 4.112122467993545863e-05
2.458909797066666652e+06 9.998912778355267816e-01 4.112168860421943007e-05
2.458909802647619043e+06 9.998585859795775521e-01 4.112215252850340150e-05
2.458909808228571434e+06 9.998249922521376121e-01 4.112064743171936688e-05
2.458909813809523825e+06 9.997904837694300273e-01 4.111895672853789328e-05
2.458909819390476216e+06 9.997487948243529710e-01 4.111726602535641968e-05
2.458909824971428607e+06 9.996947095159922636e-01 4.111568800079609974e-05
2.458909830552380998e+06 9.996282278443473501e-01 4.111462039261122537e-05
2.458909836133333389e+06 9.995510335427000292e-01 4.111355278442635779e-05
2.458909841714285780e+06 9.994875139782872786e-01 4.111248517624148342e-05
2.458909847295238171e+06 9.994456812038672311e-01 4.111176222974453188e-05
2.458909852876190562e+06 9.994255352194395536e-01 4.111146427000565939e-05
2.458909858457142487e+06 9.994202576746594735e-01 4.111116631029165580e-05
2.458909864038094878e+06 9.993998490389001121e-01 4.111086835055278332e-05
2.458909869619047269e+06 9.993607721117988563e-01 4.110993907983687113e-05
2.458909875199999660e+06 9.993030268933554838e-01 4.110875791693683918e-05
2.458909880780952051e+06 9.992320586181456799e-01 4.110757675403681400e-05
2.458909886361904442e+06 9.991573821299737368e-01 4.110639559113678205e-05
2.458909891942856833e+06 9.990791715999215450e-01 4.110495715426721317e-05
2.458909897523809224e+06 9.989974281961463420e-01 4.110351394211185277e-05
2.458909903104761615e+06 9.989122577714419915e-01 4.110207072995647882e-05
2.458909908685714006e+06 9.988237291457060518e-01 4.110042302488212134e-05
2.458909914266666397e+06 9.987318423189381900e-01 4.109815775442439705e-05
2.458909919847618788e+06 9.986373437069201442e-01 4.109589248396667953e-05
2.458909925428571180e+06 9.985477543732929062e-01 4.109362721350895523e-05
2.458909931009523571e+06 9.984650238111472120e-01 4.109173485301049057e-05
2.458909936590475962e+06 9.983891520204830616e-01 4.109019264445979325e-05
2.458909942171428353e+06 9.983169456361968841e-01 4.108865043590910270e-05
2.458909947752380744e+06 9.982373776932094156e-01 4.108710822735841216e-05
2.458909953333333135e+06 9.981495159970305009e-01 4.108565565969591265e-05
2.458909958914285526e+06 9.980533605476605841e-01 4.108422797638686819e-05
2.458909964495237917e+06 9.979637127666540763e-01 4.108280029307783050e-05
2.458909970076190308e+06 9.979009125968621996e-01 4.108141153453641066e-05
2.458909975657142699e+06 9.978650838405094259e-01 4.108076708742830594e-05
2.458909981238095090e+06 9.978550635559627624e-01 4.108012264032020799e-05
2.458909986819047481e+06 9.978258257916664542e-01 4.107947819321211005e-05
2.458909992399999872e+06 9.977542492647204497e-01 4.107841943547658044e-05
2.458909997980952263e+06 9.976403339751247490e-01 4.107646668305115574e-05
2.458910003561904654e+06 9.974912389616805708e-01 4.107451393062573782e-05
2.458910009142857045e+06 9.973597792567037157e-01 4.107256117820031312e-05
2.458910014723809436e+06 9.972566347711512291e-01 4.107034161823660640e-05
2.458910020304761827e+06 9.971818055050231111e-01 4.106793173539747941e-05
2.458910025885714218e+06 9.971259152199389852e-01 4.106552185255835243e-05
2.458910031466666609e+06 9.970633366287260380e-01 4.106311196971921867e-05
2.458910037047619000e+06 9.969926111445209793e-01 4.106282632639892891e-05
2.458910042628571391e+06 9.969137387673240314e-01 4.106291367615756715e-05
2.458910048209523782e+06 9.968350466414918065e-01 4.106300102591619184e-05
2.458910053790476173e+06 9.967654012978491851e-01 4.106279751151913217e-05
2.458910059371428564e+06 9.967048049025468703e-01 4.106041189250238824e-05
2.458910064952380955e+06 9.966528526562307144e-01 4.105802627348564430e-05
2.458910070533333346e+06 9.966007102591011302e-01 4.105564065446890037e-05
2.458910076114285737e+06 9.965447772381758051e-01 4.105407847386244877e-05
2.458910081695238128e+06 9.964850535934548503e-01 4.105383389453828879e-05
2.458910087276190519e+06 9.964251657298095477e-01 4.105358931521413559e-05
2.458910092857142910e+06 9.963853704986707083e-01 4.105334473588997561e-05
2.458910098438095301e+06 9.963688055656970688e-01 4.105280546266802514e-05
2.458910104019047227e+06 9.963754709293630718e-01 4.105210860576289137e-05
2.458910109599999618e+06 9.963851145009964272e-01 4.105141174879961725e-05
2.458910115180952009e+06 9.963537880756493381e-01 4.105071489183633636e-05
2.458910120761904400e+06 9.962799736911795989e-01 4.104920676216564969e-05
2.458910126342856791e+06 9.961638177536823457e-01 4.104762670205204457e-05
2.458910131923809182e+06 9.960646992546521306e-01 4.104604664193843268e-05
2.458910137504761573e+06 9.960311846295273330e-01 4.104491316489945215e-05
2.458910143085713964e+06 9.960632738783081752e-01 4.104574007594779481e-05
2.458910148666666355e+06 9.961541423255957373e-01 4.104656698699614425e-05
2.458910154247618746e+06 9.962076008257481075e-01 4.104739389804449369e-05
2.458910159828571137e+06 9.961925547391096147e-01 4.104787736095338098e-05
2.458910165409523528e+06 9.961090040656805922e-01 4.104794529965454105e-05
2.458910170990475919e+06 9.959781946748450521e-01 4.104801323835569434e-05
2.458910176571428310e+06 9.958920137582987220e-01 4.104808117705684763e-05
2.458910182152380701e+06 9.958610649266725900e-01 4.104709327078005798e-05
2.458910187733333092e+06 9.958853481799665452e-01 4.104569373353626494e-05
2.458910193314285483e+06 9.959366060137576637e-01 4.104429419629246513e-05
2.458910198895237874e+06 9.959662607727782779e-01 4.104289465904866532e-05
2.458910204476190265e+06 9.959734730772569211e-01 4.104257893069368556e-05
2.458910210057142656e+06 9.959584493039927988e-01 4.104227805930285512e-05
2.458910215638095047e+06 9.959385567991739796e-01 4.104197718791202469e-05
2.458910221219047438e+06 9.959249009349069315e-01 4.104166278687045331e-05
2.458910226799999829e+06 9.959174817111916544e-01 4.104130853507157145e-05
