2.458829000000000000e+06 9.877380956503036824e-01 4.059531337207949970e-05
2.458829005580952391e+06 9.877828328874200814e-01 4.059565834018038501e-05
2.458829011161904782e+06 9.878466611596850022e-01 4.059688646632954990e-05
2.458829016742857173e+06 9.879295804670984449e-01 4.060059754570219327e-05
2.458829022323809564e+06 9.880300388002214440e-01 4.060430862507482988e-05
2.458829027904761955e+06 9.881333962121128245e-01 4.060801970444747325e-05
2.458829033485714346e+06 9.882360384264348152e-01 4.061096017020866041e-05
2.458829039066666737e+06 9.883379654431873051e-01 4.061321558136967639e-05
2.458829044647619128e+06 9.884388104766809180e-01 4.061547099253068560e-05
2.458829050228571519e+06 9.885373658099289029e-01 4.061772640369169481e-05
2.458829055809523910e+06 9.886335365924777685e-01 4.062078280484780610e-05
2.458829061390476301e+06 9.887273228243274037e-01 4.062404396807760135e-05
2.458829066971428692e+06 9.888247256106001970e-01 4.062730513130738982e-05
2.458829072552381083e+06 9.889335891601457318e-01 4.063034039378686301e-05
2.458829078133333474e+06 9.890539475558167704e-01 4.063004012577791968e-05
2.458829083714285865e+06 9.891855790347449107e-01 4.062973985776897635e-05
2.458829089295238256e+06 9.893209573499587295e-01 4.062943958976003979e-05
2.458829094876190647e+06 9.894563951345710651e-01 4.063045684580817455e-05
2.458829100457143039e+06 9.895918923885816954e-01 4.063414363157018348e-05
2.458829106038095430e+06 9.897273450355132951e-01 4.063783041733217885e-05
2.458829111619047821e+06 9.898620290923597631e-01 4.064151720309418779e-05
2.458829117200000212e+06 9.899958056333457712e-01 4.064402191301533994e-05
2.458829122780952603e+06 9.901286746584712084e-01 4.064573023388239000e-05
2.458829128361904528e+06 9.902618223113146545e-01 4.064743855460690812e-05
2.458829133942856919e+06 9.903983415549315605e-01 4.064914687547395818e-05
2.458829139523809310e+06 9.905383930327666953e-01 4.065319560975574767e-05
2.458829145104761701e+06 9.906819767448200587e-01 4.065761120134840374e-05
2.458829150685714092e+06 9.908210398386051443e-01 4.066202679294106658e-05
2.458829156266666483e+06 9.909474649476215369e-01 4.066579356365687572e-05
2.458829161847618874e+06 9.910612520395992719e-01 4.066527562565813199e-05
2.458829167428571265e+06 9.911636417307346791e-01 4.066475768765939503e-05
2.458829173009523656e+06 9.912791783931285128e-01 4.066423974966065129e-05
2.458829178590476047e+06 9.914174035744132141e-01 4.066552339637129209e-05
2.458829184171428438e+06 9.915783172745888940e-01 4.066952599790378179e-05
2.458829189752380829e+06 9.917583582170316214e-01 4.067352859943627148e-05
2.458829195333333220e+06 9.919386808970070968e-01 4.067753120096876795e-05
2.458829200914285611e+06 9.921165303086226794e-01 4.068178926699920887e-05
2.458829206495238002e+06 9.922919064518782584e-01 4.068617570606450828e-05
2.458829212076190393e+06 9.924629972329322980e-01 4.069056214512981447e-05
2.458829217657142784e+06 9.926260532642875445e-01 4.069494858419511388e-05
2.458829223238095175e+06 9.927809599595198708e-01 4.069653752031989180e-05
2.458829228819047567e+06 9.929277939124452335e-01 4.069792419478737038e-05
2.458829234399999958e+06 9.930862586691032723e-01 4.069931086925484220e-05
2.458829239980952349e+06 9.932716514314765544e-01 4.070152883164828762e-05
2.458829245561904740e+06 9.934839721995649686e-01 4.070708038809931617e-05
2.458829251142857131e+06 9.937193898288094740e-01 4.071263194455035150e-05
2.458829256723809522e+06 9.939280363329664469e-01 4.071818350100138006e-05
2.458829262304761913e+06 9.940945555721947269e-01 4.072186829070321149e-05
2.458829267885714304e+06 9.942189475464944248e-01 4.072341918930285373e-05
2.458829273466666695e+06 9.943124802737186574e-01 4.072497008790249598e-05
2.458829279047619086e+06 9.944214569596619979e-01 4.072652098650213822e-05
2.458829284628571477e+06 9.945508803963780675e-01 4.073009225318345681e-05
2.458829290209523868e+06 9.947007505838667552e-01 4.073439706580875367e-05
2.458829295790476259e+06 9.948707457583567670e-01 4.073870187843406409e-05
2.458829301371428650e+06 9.950603394143806568e-01 4.074300573892161893e-05
2.458829306952381041e+06 9.952695239991415921e-01 4.074585779856226749e-05
2.458829312533333432e+06 9.954977940575027162e-01 4.074870985820291605e-05
2.458829318114285823e+06 9.957105454115354748e-01 4.075156191784355783e-05
2.458829323695238214e+06 9.958867271287403788e-01 4.075452088317271137e-05
2.458829329276190605e+06 9.960263392091172063e-01 4.075777232833714458e-05
2.458829334857142996e+06 9.961336837867952321e-01 4.076102377350157780e-05
2.458829340438095387e+06 9.962483333765493887e-01 4.076427521866600424e-05
2.458829346019047778e+06 9.963798726746389001e-01 4.076677066698280809e-05
2.458829351600000169e+06 9.965283016810640992e-01 4.076860822904751741e-05
2.458829357180952560e+06 9.966876027769762114e-01 4.077044579111222672e-05
2.458829362761904951e+06 9.968383225623491661e-01 4.077228335317692926e-05
2.458829368342857342e+06 9.969789773472748085e-01 4.077362075893637089e-05
2.458829373923809268e+06 9.971095671212772960e-01 4.077483446320714428e-05
2.458829379504761659e+06 9.972326372952478035e-01 4.077604816757917538e-05
2.458829385085714050e+06 9.973514506438461158e-01 4.077750960625354403e-05
2.458829390666666441e+06 9.974660193775778394e-01 4.078232749737247946e-05
2.458829396247618832e+06 9.975767652497160576e-01 4.078714538849142167e-05
2.458829401828571223e+06 9.976973265210824504e-01 4.079196327961035710e-05
2.458829407409523614e+06 9.978342652789833345e-01 4.079584772174513462e-05
2.458829412990476005e+06 9.979875815234189318e-01 4.079788546230108580e-05
2.458829418571428396e+06 9.981545638316517977e-01 4.079992320285704376e-05
2.458829424152380787e+06 9.983167660675753563e-01 4.080196094341298816e-05
2.458829429733333178e+06 9.984707199244563514e-01 4.080422067959903600e-05
2.458829435314285569e+06 9.986164254022950049e-01 4.080662670982840344e-05
2.458829440895237960e+06 9.987449177306947368e-01 4.080903274005777767e-05
2.458829446476190351e+06 9.988332383946990634e-01 4.081143877028714512e-05
2.458829452057142742e+06 9.988802373351852726e-01 4.081163456497993443e-05
2.458829457638095133e+06 9.988859149704272244e-01 4.081149949301127595e-05
2.458829463219047524e+06 9.988888444590985349e-01 4.081136442104261748e-05
2.458829468799999915e+06 9.989270937985474941e-01 4.081152050350044148e-05
2.458829474380952306e+06 9.990006629887741019e-01 4.081351354379924537e-05
2.458829479961904697e+06 9.991075869039138801e-01 4.081550658409804927e-05
2.458829485542857088e+06 9.992103646592971344e-01 4.081749962439685316e-05
2.458829491123809479e+06 9.992946781664714395e-01 4.081881691604744353e-05
2.458829496704761870e+06 9.993605274254367954e-01 4.081913661874320436e-05
2.458829502285714261e+06 9.994098184150064235e-01 4.081945632143895841e-05
2.458829507866666652e+06 9.994524343641458808e-01 4.081977602413471246e-05
2.458829513447619043e+06 9.994897882501856401e-01 4.082023653598005117e-05
2.458829519028571434e+06 9.995218800731257014e-01 4.082076613467058911e-05
2.458829524609523825e+06 9.995520115824967355e-01 4.082129573336112704e-05
2.458829530190476216e+06 9.995868920810357938e-01 4.082182533205166498e-05
2.458829535771428607e+06 9.996267168900697664e-01 4.082406283357323837e-05
2.458829541352380998e+06 9.996714300883348114e-01 4.082641347426156853e-05
2.458829546933333389e+06 9.997086013993202736e-01 4.082876411494989869e-05
2.458829552514285780e+06 9.997287664736548285e-01 4.083023333927564985e-05
2.458829558095238172e+06 9.997319253113385873e-01 4.082828208404759042e-05
2.458829563676190563e+06 9.997206352165844967e-01 4.082633082881953777e-05
2.458829569257142954e+06 9.997272274163665484e-01 4.082437957359147835e-05
2.458829574838095345e+06 9.997614768431161147e-01 4.082552827382777505e-05
2.458829580419047736e+06 9.998233834968329736e-01 4.083014598530012245e-05
2.458829586000000127e+06 9.999031466605073915e-01 4.083476369677246985e-05
2.458829591580952518e+06 9.999612520290623863e-01 4.083938140824481725e-05
2.458829597161904909e+06 9.999935364755599965e-01 4.083738663088589196e-05
2.458829602742857300e+06 1.000000000000000000e+00 4.083305558299611204e-05
2.458829608323809691e+06 9.999827349622905093e-01 4.082872453510633212e-05
2.458829613904762082e+06 9.999451021832961306e-01 4.082441770580217170e-05
2.458829619485714007e+06 9.998871464002964116e-01 4.082415922283356773e-05
2.458829625066666398e+06 9.998092373932151444e-01 4.082390073984339492e-05
2.458829630647618789e+06 9.997349531924744070e-01 4.082364225685322889e-05
2.458829636228571180e+06 9.996783745637290997e-01 4.082325830993750493e-05
2.458829641809523571e+06 9.996395015069795553e-01 4.082254019367636053e-05
2.458829647390475962e+06 9.996180644241898783e-01 4.082182207741520935e-05
2.458829652971428353e+06 9.996116442562651416e-01 4.082110396115406494e-05
2.458829658552380744e+06 9.996196661873620881e-01 4.082121700793769610e-05
2.458829664133333135e+06 9.996421302174804957e-01 4.082203812867803383e-05
2.458829669714285526e+06 9.996660216516748410e-01 4.082285924941835801e-05
2.458829675295237917e+06 9.996500290807089906e-01 4.082368037015869574e-05
2.458829680876190308e+06 9.995910936940091140e-01 4.082249002621105867e-05
2.458829686457142700e+06 9.994892154915757665e-01 4.082081863255211933e-05
2.458829692038095091e+06 9.993816632995042859e-01 4.081914723889317999e-05
2.458829697619047482e+06 9.993152842566230820e-01 4.081779017408440011e-05
2.458829703199999873e+06 9.992902274654372752e-01 4.082036528635021188e-05
2.458829708780952264e+06 9.993048736001365340e-01 4.082294039861602365e-05
2.458829714361904655e+06 9.993092568352581750e-01 4.082551551088183542e-05
2.458829719942857046e+06 9.992797648107969444e-01 4.082563725971612297e-05
2.458829725523809437e+06 9.992163975267531750e-01 4.082101857743225710e-05
2.458829731104761828e+06 9.991239096510986517e-01 4.081639989514838446e-05
2.458829736685714219e+06 9.990339440621858191e-01 4.081178121286451859e-05
2.458829742266666610e+06 9.989523301914128295e-01 4.080878270581662947e-05
2.458829747847619001e+06 9.988790680387795717e-01 4.080682853584708314e-05
2.458829753428571392e+06 9.988121532061224883e-01 4.080487436587753680e-05
2.458829759009523783e+06 9.987465437471211294e-01 4.080292019590799047e-05
2.458829764590476174e+06 9.986819962263058237e-01 4.080209698574707012e-05
2.458829770171428565e+06 9.986185104119250644e-01 4.080143523054094960e-05
2.458829775752380956e+06 9.985528875899625234e-01 4.080077347533482232e-05
2.458829781333333347e+06 9.984820363438002833e-01 4.079986069540101154e-05
2.458829786914285738e+06 9.984059566734378999e-01 4.079743231621871491e-05
2.458829792495238129e+06 9.983252783527128971e-01 4.079500393703642505e-05
2.458829798076190520e+06 9.982516032636707948e-01 4.079257555785412842e-05
2.458829803657142911e+06 9.981892822664455434e-01 4.079113230616750998e-05
2.458829809238095302e+06 9.981383153610365877e-01 4.079111189962021520e-05
2.458829814819047693e+06 9.980942672195405319e-01 4.079109149307292041e-05
2.458829820400000084e+06 9.980345968608896889e-01 4.079107108652562562e-05
2.458829825980952475e+06 9.979561529861019631e-01 4.078960260496288973e-05
2.458829831561904866e+06 9.978589355951772433e-01 4.078744048278670076e-05
2.458829837142857257e+06 9.977555388447505447e-01 4.078527836061050500e-05
2.458829842723809648e+06 9.976710977156160176e-01 4.078311623843431603e-05
2.458829848304762039e+06 9.976063084357128519e-01 4.078250848855908991e-05
2.458829853885714430e+06 9.975611063299363312e-01 4.078199443794981385e-05
2.458829859466666821e+06 9.975229266012376472e-01 4.078148038734053779e-05
2.458829865047619212e+06 9.974823852995685636e-01 4.078121242721389572e-05
2.458829870628571138e+06 9.974394824286069161e-01 4.078186932357516308e-05
2.458829876209523529e+06 9.973940477769430712e-01 4.078252621999124363e-05
2.458829881790475920e+06 9.973439901958864873e-01 4.078318311640731741e-05
2.458829887371428311e+06 9.972886889267942312e-01 4.078215494168626834e-05
2.458829892952380702e+06 9.972281439696657479e-01 4.077928053406005643e-05
2.458829898533333093e+06 9.971644279103409891e-01 4.077640612643384453e-05
2.458829904114285484e+06 9.971057406631246289e-01 4.077353171880763262e-05
2.458829909695237875e+06 9.970529245211809943e-01 4.077295336788234900e-05
2.458829915276190266e+06 9.970059794845097523e-01 4.077316423550943984e-05
2.458829920857142657e+06 9.969607778140594512e-01 4.077337510313653744e-05
2.458829926438095048e+06 9.969108111263272898e-01 4.077357707746657978e-05
2.458829932019047439e+06 9.968559992874200804e-01 4.077299500510260484e-05
2.458829937599999830e+06 9.967965733539175810e-01 4.077241293273862311e-05
2.458829943180952221e+06 9.967462958120582028e-01 4.077183086037464816e-05
2.458829948761904612e+06 9.967132361959353259e-01 4.077090325529076443e-05
2.458829954342857003e+06 9.966973945055489503e-01 4.076907929898494255e-05
2.458829959923809394e+06 9.966955264011124749e-01 4.076725534267912067e-05
2.458829965504761785e+06 9.966792242730397877e-01 4.076543138637330556e-05
2.458829971085714176e+06 9.966418657348143917e-01 4.076413992042633781e-05
2.458829976666666567e+06 9.965834507864366199e-01 4.076329256303285056e-05
2.458829982247618958e+06 9.965163118644779772e-01 4.076244520563936330e-05
2.458829987828571349e+06 9.964788904970972583e-01 4.076159784824586927e-05
2.458829993409523740e+06 9.964739490598838456e-01 4.076210968640664564e-05
2.458829998990476131e+06 9.965014875528377392e-01 4.076293566549880914e-05
2.458830004571428522e+06 9.965429941401866554e-01 4.076376164459096586e-05
2.458830010152380913e+06 9.965756507221428251e-01 4.076459702293144967e-05
2.458830015733333305e+06 9.965993964473378597e-01 4.076554155429572480e-05
2.458830021314285696e+06 9.966140414482886900e-01 4.076648608566000670e-05
2.458830026895238087e+06 9.966139877740070041e-01 4.076743061702429538e-05
2.458830032476190478e+06 9.965966369442481598e-01 4.076792051807785744e-05
2.458830038057142869e+06 9.965619889590123792e-01 4.076755222859323465e-05
2.458830043638095260e+06 9.965146673595778326e-01 4.076718393910860509e-05
2.458830049219047651e+06 9.964847809600002604e-01 4.076681564962396874e-05
2.458830054800000042e+06 9.964777643245137373e-01 4.076769594811724152e-05
2.458830060380952433e+06 9.964936174531182633e-01 4.076936345403149467e-05
2.458830065961904824e+06 9.965239703955037776e-01 4.077103095994574783e-05
2.458830071542857215e+06 9.965481416160566486e-01 4.077269846585998743e-05
2.458830077123809606e+06 9.965651692245250937e-01 4.077264479545340814e-05
2.458830082704761997e+06 9.965750546572201829e-01 4.077235716041345618e-05
2.458830088285714388e+06 9.965854991600660018e-01 4.077206952537351100e-05
2.458830093866666779e+06 9.966037932230095153e-01 4.077198850764864025e-05
2.458830099447619170e+06 9.966299368460508346e-01 4.077310309342844477e-05
2.458830105028571561e+06 9.966637359414576292e-01 4.077421767920824929e-05
2.458830110609523952e+06 9.967017360795948910e-01 4.077533226498805381e-05
2.458830116190475877e+06 9.967426647725727840e-01 4.077592742391034824e-05
2.458830121771428268e+06 9.967865220272212889e-01 4.077578846509658645e-05
2.458830127352380659e+06 9.968312554721969754e-01 4.077564950628282466e-05
2.458830132933333050e+06 9.968666403036443580e-01 4.077551054746905609e-05
2.458830138514285441e+06 9.968912788317373375e-01 4.077512991239396812e-05
2.458830144095237833e+06 9.969051710564762470e-01 4.077463626850715326e-05
2.458830149676190224e+06 9.969165583964592070e-01 4.077414262462034517e-05
2.458830155257142615e+06 9.969415959632981217e-01 4.077364898073353031e-05
2.458830160838095006e+06 9.969807090217477352e-01 4.077764259272351796e-05
2.458830166419047397e+06 9.970338495285884228e-01 4.078188035048389219e-05
2.458830171999999788e+06 9.970927791722040689e-01 4.078611810824425287e-05
2.458830177580952179e+06 9.971514617457161167e-01 4.078918509840606318e-05
2.458830183161904570e+06 9.972098972491250102e-01 4.078798791483331419e-05
2.458830188742856961e+06 9.972678654196057701e-01 4.078679073126055841e-05
2.458830194323809352e+06 9.973227350715093698e-01 4.078559354768780264e-05
2.458830199904761743e+06 9.973737392904367116e-01 4.078576712797352030e-05
2.458830205485714134e+06 9.974208780763882398e-01 4.078741131183273187e-05
2.458830211066666525e+06 9.974695322555819921e-01 4.078905549569194344e-05
2.458830216647618916e+06 9.975405953012835836e-01 4.079069967955115502e-05
2.458830222228571307e+06 9.976361592732803096e-01 4.079312310959708860e-05
2.458830227809523698e+06 9.977562241715718372e-01 4.079580705505668665e-05
2.458830233390476089e+06 9.978754214368948938e-01 4.079849100051627793e-05
2.458830238971428480e+06 9.979544852314686798e-01 4.080112384970196939e-05
2.458830244552380871e+06 9.979929697705087754e-01 4.080070405810648878e-05
2.458830250133333262e+06 9.979916539235582640e-01 4.080028426651100817e-05
2.458830255714285653e+06 9.979939968787560067e-01 4.079986447491552756e-05
2.458830261295238044e+06 9.980250205154663767e-01 4.079987661611804710e-05
2.458830266876190435e+06 9.980847248336898181e-01 4.080098051253579065e-05
2.458830272457142826e+06 9.981687324701186137e-01 4.080208440895353420e-05
2.458830278038095217e+06 9.982396279474935463e-01 4.080318830537127774e-05
2.458830283619047608e+06 9.982888541702236163e-01 4.080426278023499494e-05
2.458830289199999999e+06 9.983164111383089345e-01 4.080531323094001891e-05
2.458830294780952390e+06 9.983353935723489059e-01 4.080636368164504288e-05
2.458830300361904781e+06 9.983858891930090795e-01 4.080741413235006008e-05
2.458830305942857172e+06 9.984706927959643430e-01 4.081053798467821307e-05
2.458830311523809563e+06 9.985898043812148073e-01 4.081412467613573406e-05
2.458830317104761954e+06 9.987079227231849821e-01 4.081771136759325505e-05
2.458830322685714345e+06 9.987823801457356154e-01 4.082111571581543681e-05
2.458830328266666736e+06 9.988130830018501216e-01 4.082254514493984014e-05
2.458830333847619127e+06 9.988018219646512819e-01 4.082397457406424348e-05
2.458830339428571519e+06 9.987991093471084714e-01 4.082540400318863326e-05
2.458830345009523910e+06 9.988279780621560633e-01 4.082659704095820857e-05
2.458830350590476301e+06 9.988884281097941686e-01 4.082735402619811475e-05
2.458830356171428692e+06 9.989734037660283894e-01 4.082811101143802771e-05
2.458830361752380617e+06 9.990379339410129234e-01 4.082886799661477912e-05
2.458830367333333008e+06 9.990740661295615110e-01 4.083048091311027218e-05
2.458830372914285399e+06 9.990818003251052959e-01 4.083262165566000517e-05
2.458830378495237790e+06 9.990739816255899131e-01 4.083476239820974494e-05
2.458830384076190181e+06 9.990817900346309344e-01 4.083690314075949149e-05
2.458830389657142572e+06 9.991066216291600854e-01 4.083619117781038532e-05
2.458830395238094963e+06 9.991484707723714553e-01 4.083511060331700989e-05
2.458830400819047354e+06 9.991912719294255840e-01 4.083403002882364123e-05
2.458830406399999745e+06 9.992201244574513419e-01 4.083297184372305510e-05
2.458830411980952136e+06 9.992350283564486180e-01 4.083203800191718318e-05
2.458830417561904527e+06 9.992367736971549119e-01 4.083110416011131126e-05
2.458830423142856918e+06 9.992389561981743773e-01 4.083017031830543935e-05
2.458830428723809309e+06 9.992464954749549211e-01 4.083010782387060746e-05
2.458830434304761700e+06 9.992593915274968763e-01 4.083125058965064253e-05
2.458830439885714091e+06 9.992760635779091016e-01 4.083239335543067760e-05
2.458830445466666482e+06 9.992887900755731412e-01 4.083353612121071267e-05
2.458830451047618873e+06 9.992965390837319495e-01 4.083346989840950348e-05
2.458830456628571264e+06 9.992993106023856376e-01 4.083285187203206687e-05
2.458830462209523655e+06 9.993008542066093014e-01 4.083223384565463703e-05
2.458830467790476047e+06 9.993083893950225338e-01 4.083161581927721397e-05
2.458830473371428438e+06 9.993220965404612244e-01 4.083214409745519139e-05
2.458830478952380829e+06 9.993418175493065103e-01 4.083272811294706912e-05
2.458830484533333220e+06 9.993434194356622946e-01 4.083331212843894007e-05
2.458830490114285611e+06 9.993095520468614490e-01 4.083347096804683602e-05
2.458830495695238002e+06 9.992402153829040845e-01 4.083212802399742750e-05
2.458830501276190393e+06 9.991408378104256194e-01 4.083078507994801899e-05
2.458830506857142784e+06 9.990744979847113738e-01 4.082944213589860370e-05
2.458830512438095175e+06 9.990592487396805499e-01 4.082930900532021751e-05
2.458830518019047566e+06 9.990950900753330366e-01 4.083044691232589967e-05
2.458830523599999957e+06 9.991619645173105413e-01 4.083158481933158861e-05
2.458830529180952348e+06 9.991834245332568143e-01 4.083272272633727755e-05
2.458830534761904739e+06 9.991520099072196404e-01 4.083147065269302303e-05
2.458830540342857130e+06 9.990677206391992415e-01 4.082944166061645012e-05
2.458830545923809521e+06 9.989647304335994571e-01 4.082741266853987720e-05
2.458830551504761912e+06 9.988949637699706674e-01 4.082543249053810264e-05
2.458830557085714303e+06 9.988589622828217829e-01 4.082565404714416516e-05
2.458830562666666694e+06 9.988559031999384441e-01 4.082587560375022768e-05
2.458830568247619085e+06 9.988426695672505407e-01 4.082609716035629020e-05
2.458830573828571476e+06 9.987948819781821141e-01 4.082574977083695177e-05
2.458830579409523867e+06 9.987125404327327205e-01 4.082400063981465199e-05
2.458830584990476258e+06 9.986009128869645091e-01 4.082225150879235221e-05
2.458830590571428649e+06 9.985039692004462619e-01 4.082050237777005243e-05
2.458830596152381040e+06 9.984315748861301021e-01 4.081922143871276093e-05
2.458830601733333431e+06 9.983837299440160296e-01 4.081831480579953259e-05
2.458830607314285822e+06 9.983549769518325068e-01 4.081740817288631102e-05
2.458830612895237748e+06 9.983289058457472942e-01 4.081650154004872610e-05
2.458830618476190139e+06 9.983044070530286973e-01 4.081622809695942158e-05
2.458830624057142530e+06 9.982814805759174792e-01 4.081609108170213414e-05
2.458830629638094921e+06 9.982473171630300568e-01 4.081595406644484669e-05
2.458830635219047312e+06 9.981867360043346071e-01 4.081561097195654780e-05
2.458830640799999703e+06 9.980997102746158589e-01 4.081317773646541466e-05
2.458830646380952094e+06 9.979873736027390363e-01 4.081074450097426796e-05
2.458830651961904485e+06 9.978803584688152872e-01 4.080831126548312805e-05
2.458830657542856876e+06 9.977923872461588184e-01 4.080678944920778278e-05
2.458830663123809267e+06 9.977234599347696298e-01 4.080691091662902778e-05
2.458830668704761658e+06 9.976700106686260394e-01 4.080703238405027278e-05
2.458830674285714049e+06 9.976097892567935554e-01 4.080715385147151101e-05
2.458830679866666440e+06 9.975389410883594987e-01 4.080561750668271621e-05
2.458830685447618831e+06 9.974574661633233141e-01 4.080308126692713632e-05
2.458830691028571222e+06 9.973658160841017972e-01 4.080054502717155642e-05
2.458830696609523613e+06 9.972650678200789542e-01 4.079800878741597652e-05
2.458830702190476004e+06 9.971552677632773420e-01 4.079593305492740029e-05
2.458830707771428395e+06 9.970364241483494760e-01 4.079391378056177050e-05
2.458830713352380786e+06 9.969231480878079088e-01 4.079189450619614071e-05
2.458830718933333177e+06 9.968287196921152837e-01 4.079025046376683349e-05
2.458830724514285568e+06 9.967531389612717119e-01 4.079060903557030161e-05
2.458830730095237959e+06 9.966946769510142135e-01 4.079096760737376974e-05
2.458830735676190350e+06 9.966245477249171536e-01 4.079132617917724464e-05
2.458830741257142741e+06 9.965325187702284149e-01 4.078899611019375619e-05
2.458830746838095132e+06 9.964185900869482193e-01 4.078302574390509425e-05
2.458830752419047523e+06 9.962862546841938505e-01 4.077705537761643230e-05
2.458830757999999914e+06 9.961522444201554860e-01 4.077108501132777036e-05
2.458830763580952305e+06 9.960187452177216016e-01 4.076827704636252901e-05
2.458830769161904696e+06 9.958857570768918643e-01 4.076687774179490542e-05
2.458830774742857087e+06 9.957561319785862564e-01 4.076547843722727507e-05
2.458830780323809478e+06 9.956352638361211094e-01 4.076407913265965149e-05
2.458830785904761869e+06 9.955232803762626981e-01 4.076172758285911252e-05
2.458830791485714260e+06 9.954201279288352744e-01 4.075933516079766197e-05
2.458830797066666652e+06 9.953184586888296215e-01 4.075694273873620464e-05
2.458830802647619043e+06 9.952130884495123953e-01 4.075514465541889460e-05
2.458830808228571434e+06 9.951040172108834847e-01 4.075538370327184523e-05
2.458830813809523825e+06 9.949914184881281098e-01 4.075562275112479585e-05
2.458830819390476216e+06 9.948772545165701642e-01 4.075586179897774648e-05
2.458830824971428607e+06 9.947620767230164196e-01 4.075384263220874009e-05
2.458830830552380998e+06 9.946458851074672092e-01 4.074949992964386461e-05
2.458830836133333389e+06 9.945267567275191123e-01 4.074515722707900268e-05
2.458830841714285780e+06 9.943974965014853451e-01 4.074081452451413398e-05
2.458830847295238171e+06 9.942574202706300213e-01 4.073788070841406100e-05
2.458830852876190562e+06 9.941065280349530298e-01 4.073539208433259358e-05
2.458830858457142487e+06 9.939581786372606587e-01 4.073290346045878475e-05
2.458830864038094878e+06 9.938322975388171887e-01 4.073039672266655679e-05
2.458830869619047269e+06 9.937290749775932186e-01 4.072723468339281409e-05
2.458830875199999660e+06 9.936479014578379898e-01 4.072407264411905784e-05
2.458830880780952051e+06 9.935587081404132492e-01 4.072091060484530836e-05
2.458830886361904442e+06 9.934447966249024820e-01 4.071829407181519006e-05
2.458830891942856833e+06 9.933061669113057990e-01 4.071698805439389154e-05
2.458830897523809224e+06 9.931474852990769264e-01 4.071568203697258624e-05
2.458830903104761615e+06 9.930067967070408397e-01 4.071437601955127416e-05
2.458830908685714006e+06 9.928924753078450793e-01 4.071275113471096139e-05
2.458830914266666397e+06 9.928045211014894234e-01 4.071087664988529473e-05
2.458830919847618788e+06 9.927323015138114215e-01 4.070900216505962807e-05
2.458830925428571180e+06 9.926444107603066280e-01 4.070712768023396140e-05
2.458830931009523571e+06 9.925387901197250118e-01 4.070482759401127426e-05
2.458830936590475962e+06 9.924154395920664617e-01 4.070243905928057506e-05
2.458830942171428353e+06 9.922807670424826920e-01 4.070005052454986908e-05
2.458830947752380744e+06 9.921422185072329425e-01 4.069755209921501908e-05
2.458830953333333135e+06 9.919998042911252201e-01 4.069400622320511809e-05
2.458830958914285526e+06 9.918542500058230571e-01 4.069046034719522387e-05
2.458830964495237917e+06 9.917243592257403151e-01 4.068691447118532288e-05
2.458830970076190308e+06 9.916184078188758910e-01 4.068463167374741942e-05
2.458830975657142699e+06 9.915363957852297849e-01 4.068457531288159558e-05
2.458830981238095090e+06 9.914740376556772095e-01 4.068451895201577852e-05
2.458830986819047481e+06 9.914051490423250179e-01 4.068446259114994791e-05
2.458830992399999872e+06 9.913252863298699369e-01 4.068272603793660714e-05
2.458830997980952263e+06 9.912344495183117443e-01 4.067999836637869185e-05
2.458831003561904654e+06 9.911355786347414432e-01 4.067727069482076979e-05
2.458831009142857045e+06 9.910355623163681349e-01 4.067454302326285449e-05
2.458831014723809436e+06 9.909346858485754694e-01 4.067420707698177299e-05
2.458831020304761827e+06 9.908329597607411499e-01 4.067414877263912301e-05
2.458831025885714218e+06 9.907431794623355881e-01 4.067409046829646626e-05
2.458831031466666609e+06 9.906767440464191443e-01 4.067383607000426638e-05
2.458831037047619000e+06 9.906336535129917076e-01 4.067257475275314180e-05
2.458831042628571391e+06 9.906121575579724947e-01 4.067131343550201721e-05
2.458831048209523782e+06 9.905840421970962817e-01 4.067005211825089263e-05
2.458831053790476173e+06 9.905394547119654725e-01 4.066825593715609594e-05
2.458831059371428564e+06 9.904783951025801780e-01 4.066575079401225186e-05
2.458831064952380955e+06 9.904061248623459157e-01 4.066324565086839422e-05
2.458831070533333346e+06 9.903473633215702510e-01 4.066074050772454336e-05
2.458831076114285737e+06 9.903052670412348935e-01 4.066047190472309625e-05
2.458831081695238128e+06 9.902798360213399542e-01 4.066117544374389946e-05
2.458831087276190519e+06 9.902612053739922038e-01 4.066187898276468911e-05
2.458831092857142910e+06 9.902310479781143426e-01 4.066258252178547877e-05
2.458831098438095301e+06 9.901889531162566538e-01 4.066103119434572694e-05
2.458831104019047227e+06 9.901349974483255600e-01 4.065939575781707979e-05
2.458831109599999618e+06 9.900786552932268059e-01 4.065776032115197902e-05
2.458831115180952009e+06 9.900264876243908274e-01 4.065596030934459328e-05
2.458831120761904400e+06 9.899784944418176247e-01 4.065361258802381030e-05
2.458831126342856791e+06 9.899352646043407811e-01 4.065126486670302055e-05
2.458831131923809182e+06 9.899032816651477384e-01 4.064891714538223757e-05
2.458831137504761573e+06 9.898843346940437993e-01 4.064801001754975201e-05
2.458831143085713964e+06 9.898784236910289636e-01 4.064855467721095581e-05
2.458831148666666355e+06 9.898855486561033423e-01 4.064909933687215962e-05
2.458831154247618746e+06 9.899057095892667135e-01 4.064964399653337021e-05
2.458831159828571137e+06 9.899352608897015182e-01 4.065018865619457402e-05
2.458831165409523528e+06 9.899657355942540482e-01 4.065073331585578460e-05
2.458831170990475919e+06 9.899967899795613091e-01 4.065127797551699518e-05
2.458831176571428310e+06 9.900284240456233009e-01 4.065186293862557319e-05
2.458831182152380701e+06 9.900606377924400237e-01 4.065366357079267277e-05
2.458831187733333092e+06 9.900935055282067410e-01 4.065546420295976557e-05
2.458831193314285483e+06 9.901304859170896311e-01 4.065726483512686516e-05
2.458831198895237874e+06 9.901734656153674541e-01 4.065884719013015817e-05
2.458831204476190265e+06 9.902224446230400989e-01 4.065991804634140567e-05
2.458831210057142656e+06 9.902760510089806401e-01 4.066098890255265318e-05
2.458831215638095047e+06 9.903233553480434992e-01 4.066205975876389391e-05
2.458831221219047438e+06 9.903619976457092022e-01 4.066249853330225055e-05
2.458831226799999829e+06 9.903919779019777492e-01 4.066245286157534533e-05
