2.458823000000000000e+06 9.991947659048324715e-01 4.078471691722365358e-05
2.458823005580952391e+06 9.991543040339148085e-01 4.078637146039380162e-05
2.458823011161904782e+06 9.991073124104885572e-01 4.078679751000260906e-05
2.458823016742857173e+06 9.990537910345538286e-01 4.078404543708432625e-05
2.458823022323809564e+06 9.989945672079247885e-01 4.078129336416604344e-05
2.458823027904761955e+06 9.989368664506008688e-01 4.077854129124776740e-05
2.458823033485714346e+06 9.988823698083588720e-01 4.077596400183531585e-05
2.458823039066666737e+06 9.988310772811989091e-01 4.077353216312619866e-05
2.458823044647619128e+06 9.987803444099491168e-01 4.077110032441708147e-05
2.458823050228571519e+06 9.987219436822285523e-01 4.076866848570796429e-05
2.458823055809523910e+06 9.986552857312193110e-01 4.076864788629462166e-05
2.458823061390476301e+06 9.985803705569217259e-01 4.076918258028054069e-05
2.458823066971428692e+06 9.985028889659823825e-01 4.076971727426646649e-05
2.458823072552381083e+06 9.984298412811904999e-01 4.077001081476061079e-05
2.458823078133333474e+06 9.983612458129148548e-01 4.076752463334261259e-05
2.458823083714285865e+06 9.982967804366945641e-01 4.076503845192461440e-05
2.458823089295238256e+06 9.982269918040984624e-01 4.076255227050661620e-05
2.458823094876190647e+06 9.981474999392151437e-01 4.076026770028884605e-05
2.458823100457143039e+06 9.980583048420448300e-01 4.075836279239874142e-05
2.458823106038095430e+06 9.979607420051807010e-01 4.075645788450863680e-05
2.458823111619047821e+06 9.978634888577405659e-01 4.075455297661853218e-05
2.458823117200000212e+06 9.977681083422793584e-01 4.075234664830629737e-05
2.458823122780952603e+06 9.976746004587974115e-01 4.074995071474508750e-05
2.458823128361904528e+06 9.975856748936211549e-01 4.074755478138377741e-05
2.458823133942856919e+06 9.975080147694371790e-01 4.074515884782256076e-05
2.458823139523809310e+06 9.974419297176400079e-01 4.074375961736610523e-05
2.458823145104761701e+06 9.973874175269876741e-01 4.074249517777092932e-05
2.458823150685714092e+06 9.973334829497920717e-01 4.074123073817575340e-05
2.458823156266666483e+06 9.972697391548027701e-01 4.074030642147187498e-05
2.458823161847618874e+06 9.971961861420193252e-01 4.074134184512337030e-05
2.458823167428571265e+06 9.971130513370840553e-01 4.074237726877485884e-05
2.458823173009523656e+06 9.970243684344323176e-01 4.074341269242635417e-05
2.458823178590476047e+06 9.969316205815863530e-01 4.074234198721916672e-05
2.458823184171428438e+06 9.968348077785460504e-01 4.073830121497132279e-05
2.458823189752380829e+06 9.967359947437105516e-01 4.073426044272347886e-05
2.458823195333333220e+06 9.966454470167395163e-01 4.073021967047564171e-05
2.458823200914285611e+06 9.965645646293186388e-01 4.072817006543182343e-05
2.458823206495238002e+06 9.964933475814475861e-01 4.072704924604030860e-05
2.458823212076190393e+06 9.964306845606760721e-01 4.072592842664879377e-05
2.458823217657142784e+06 9.963744011128194966e-01 4.072480760725727893e-05
2.458823223238095175e+06 9.963244402982902592e-01 4.072480654129721458e-05
2.458823228819047567e+06 9.962808107713352346e-01 4.072486573608627257e-05
2.458823234399999958e+06 9.962449785610011377e-01 4.072492493087531701e-05
2.458823239980952349e+06 9.962180157509917811e-01 4.072467230626220755e-05
2.458823245561904740e+06 9.961999223413077198e-01 4.072328753636096893e-05
2.458823251142857131e+06 9.961887296909239797e-01 4.072190276645971675e-05
2.458823256723809522e+06 9.961609873254201331e-01 4.072051799655847134e-05
2.458823262304761913e+06 9.961098727579281720e-01 4.071923445909522628e-05
2.458823267885714304e+06 9.960353859884483185e-01 4.071805929699787299e-05
2.458823273466666695e+06 9.959476163517961833e-01 4.071688413490051292e-05
2.458823279047619086e+06 9.958856664159086991e-01 4.071570897280315962e-05
2.458823284628571477e+06 9.958534413779606131e-01 4.071571936615062429e-05
2.458823290209523868e+06 9.958509412379519254e-01 4.071612499599844330e-05
2.458823295790476259e+06 9.958585331953312414e-01 4.071653062584626909e-05
2.458823301371428650e+06 9.958458859648164907e-01 4.071690529275937085e-05
2.458823306952381041e+06 9.958126580657884475e-01 4.071548849954265500e-05
2.458823312533333432e+06 9.957592486596813508e-01 4.071407170632594593e-05
2.458823318114285823e+06 9.957077874880393420e-01 4.071265491310922330e-05
2.458823323695238214e+06 9.956709926343618733e-01 4.071151812899590861e-05
2.458823329276190605e+06 9.956488640986487226e-01 4.071108726859301764e-05
2.458823334857142996e+06 9.956402032850286687e-01 4.071065640819011990e-05
2.458823340438095387e+06 9.956347897585903217e-01 4.071022554778723571e-05
2.458823346019047778e+06 9.956302905383475066e-01 4.071084486141370013e-05
2.458823351600000169e+06 9.956267056243000013e-01 4.071231987897621832e-05
2.458823357180952560e+06 9.956251832935354429e-01 4.071379489653872974e-05
2.458823362761904951e+06 9.956292325203699445e-01 4.071526991410124793e-05
2.458823368342857342e+06 9.956390971956913249e-01 4.071453333784469652e-05
2.458823373923809268e+06 9.956547773179484917e-01 4.071330480361008740e-05
2.458823379504761659e+06 9.956664727350347244e-01 4.071207626927298052e-05
2.458823385085714050e+06 9.956623614475579309e-01 4.071099612360196764e-05
2.458823390666666441e+06 9.956424180368348420e-01 4.071151237973730903e-05
2.458823396247618832e+06 9.956074878263594385e-01 4.071202863587265042e-05
2.458823401828571223e+06 9.955813130495240193e-01 4.071254489200798503e-05
2.458823407409523614e+06 9.955747006889660300e-01 4.071300716870451483e-05
2.458823412990476005e+06 9.955876507446854706e-01 4.071337010064117522e-05
2.458823418571428396e+06 9.956175205542223683e-01 4.071373303257783561e-05
2.458823424152380787e+06 9.956475022517782270e-01 4.071409596451448922e-05
2.458823429733333178e+06 9.956746296523568684e-01 4.071446971001891680e-05
2.458823435314285569e+06 9.956989027559581817e-01 4.071485010925953406e-05
2.458823440895237960e+06 9.957216142302669493e-01 4.071523050850015132e-05
2.458823446476190351e+06 9.957458963634155946e-01 4.071561090774076180e-05
2.458823452057142742e+06 9.957718888702996596e-01 4.071532577067990121e-05
2.458823457638095133e+06 9.957995916419476456e-01 4.071495507550153796e-05
2.458823463219047524e+06 9.958287099872036308e-01 4.071458438032318826e-05
2.458823468799999915e+06 9.958589711319745241e-01 4.071441811990406660e-05
2.458823474380952306e+06 9.958903750762601037e-01 4.071538270367120870e-05
2.458823479961904697e+06 9.959237846609595435e-01 4.071634728743835080e-05
2.458823485542857088e+06 9.959739990927233277e-01 4.071731187120549290e-05
2.458823491123809479e+06 9.960463640625333293e-01 4.071962874164546591e-05
2.458823496704761870e+06 9.961408795703895480e-01 4.072381216269898717e-05
2.458823502285714261e+06 9.962489703902082105e-01 4.072799558375251520e-05
2.458823507866666652e+06 9.963288304095002657e-01 4.073217900480604324e-05
2.458823513447619043e+06 9.963748849509093120e-01 4.073225896662913549e-05
2.458823519028571434e+06 9.963871340144346833e-01 4.073047050807443480e-05
2.458823524609523825e+06 9.963837310926548785e-01 4.072868204951973412e-05
2.458823530190476216e+06 9.963995677887128588e-01 4.072689359096503343e-05
2.458823535771428607e+06 9.964355113102496553e-01 4.072958374535731859e-05
2.458823541352380998e+06 9.964914681294076981e-01 4.073248914140331428e-05
2.458823546933333389e+06 9.965533173098662933e-01 4.073539453744931673e-05
2.458823552514285780e+06 9.966109255357632479e-01 4.073737323577580194e-05
2.458823558095238172e+06 9.966642928070983398e-01 4.073608841804736994e-05
2.458823563676190563e+06 9.967138599161422530e-01 4.073480360031893794e-05
2.458823569257142954e+06 9.967647352452997378e-01 4.073351878259051271e-05
2.458823574838095345e+06 9.968183781803239274e-01 4.073359544861877488e-05
2.458823580419047736e+06 9.968747887212152659e-01 4.073509957810106353e-05
2.458823586000000127e+06 9.969333224577209274e-01 4.073660370758336573e-05
2.458823591580952518e+06 9.969915277102683326e-01 4.073810783706566116e-05
2.458823597161904909e+06 9.970491658325411066e-01 4.074090908605754402e-05
2.458823602742857300e+06 9.971062368245393603e-01 4.074413083436799932e-05
2.458823608323809691e+06 9.971562913073639400e-01 4.074735258267846139e-05
2.458823613904762082e+06 9.971895475911298767e-01 4.075047498247572910e-05
2.458823619485714007e+06 9.972059045003123234e-01 4.074922121790441312e-05
2.458823625066666398e+06 9.972059960922002864e-01 4.074796745322849196e-05
2.458823630647618789e+06 9.972228516275287724e-01 4.074671368855256403e-05
2.458823636228571180e+06 9.972751139035134216e-01 4.074648514811955973e-05
2.458823641809523571e+06 9.973627829201545669e-01 4.074877627686082280e-05
2.458823647390475962e+06 9.974793439709985776e-01 4.075106740560207230e-05
2.458823652971428353e+06 9.975705455444142666e-01 4.075335853434332181e-05
2.458823658552380744e+06 9.976242378583599635e-01 4.075382094248377961e-05
2.458823664133333135e+06 9.976404209128354461e-01 4.075282433544554482e-05
2.458823669714285526e+06 9.976325790408440142e-01 4.075182772840731679e-05
2.458823675295237917e+06 9.976411883363369704e-01 4.075083112136908199e-05
2.458823680876190308e+06 9.976689774271740863e-01 4.075276798482979542e-05
2.458823686457142700e+06 9.977159463133551398e-01 4.075533470883876188e-05
2.458823692038095091e+06 9.977625127347654610e-01 4.075790143284772833e-05
2.458823697619047482e+06 9.977855130915017634e-01 4.076026637107260187e-05
2.458823703199999873e+06 9.977849073572189198e-01 4.076059727952911505e-05
2.458823708780952264e+06 9.977618924599137573e-01 4.076092818798563502e-05
2.458823714361904655e+06 9.977486791450230763e-01 4.076125909644215498e-05
2.458823719942857046e+06 9.977596721232897536e-01 4.076144820794034461e-05
2.458823725523809437e+06 9.977948713947134562e-01 4.076138222033172457e-05
2.458823731104761828e+06 9.978489845108806655e-01 4.076131623272309776e-05
2.458823736685714219e+06 9.978890550234210677e-01 4.076125024511447772e-05
2.458823742266666610e+06 9.979093849073205069e-01 4.076231953220447492e-05
2.458823747847619001e+06 9.979099741625787612e-01 4.076407208545702019e-05
2.458823753428571392e+06 9.978967191819345661e-01 4.076582463870955870e-05
2.458823759009523783e+06 9.978836575890784877e-01 4.076757719196209720e-05
2.458823764590476174e+06 9.978713918039363584e-01 4.076481229922296660e-05
2.458823770171428565e+06 9.978599231289856375e-01 4.076149642196378264e-05
2.458823775752380956e+06 9.978514721632532058e-01 4.075818054470459867e-05
2.458823781333333347e+06 9.978480533142556341e-01 4.075562846142439285e-05
2.458823786914285738e+06 9.978496665819930334e-01 4.075713744273490346e-05
2.458823792495238129e+06 9.978554948171873828e-01 4.075864642404541406e-05
2.458823798076190520e+06 9.978519755575655514e-01 4.076015540535593145e-05
2.458823803657142911e+06 9.978342959911806753e-01 4.076074523677564019e-05
2.458823809238095302e+06 9.978024561180328655e-01 4.076009312398121246e-05
2.458823814819047693e+06 9.977600070815301203e-01 4.075944101118678472e-05
2.458823820400000084e+06 9.977239274905167488e-01 4.075878889839235699e-05
2.458823825980952475e+06 9.976964306648705705e-01 4.075749450567937518e-05
2.458823831561904866e+06 9.976775166045909193e-01 4.075591468480239265e-05
2.458823837142857257e+06 9.976600342687387268e-01 4.075433486392541691e-05
2.458823842723809648e+06 9.976304821213608509e-01 4.075275504304844116e-05
2.458823848304762039e+06 9.975885421110679552e-01 4.075326055413555979e-05
2.458823853885714430e+06 9.975343146572487329e-01 4.075385444257334316e-05
2.458823859466666821e+06 9.974814102967396456e-01 4.075444833101112653e-05
2.458823865047619212e+06 9.974394146883167611e-01 4.075456468584999666e-05
2.458823870628571138e+06 9.974083278341188130e-01 4.075304891195955979e-05
2.458823876209523529e+06 9.973855725668028249e-01 4.075153313794265073e-05
2.458823881790475920e+06 9.973420793468658063e-01 4.075001736392574846e-05
2.458823887371428311e+06 9.972696932846690787e-01 4.074858872555064032e-05
2.458823892952380702e+06 9.971684143802129752e-01 4.074724956540766110e-05
2.458823898533333093e+06 9.970541674507534813e-01 4.074591040526468865e-05
2.458823904114285484e+06 9.969864340088970822e-01 4.074457124512170943e-05
2.458823909695237875e+06 9.969708559306981188e-01 4.074398250684953905e-05
2.458823915276190266e+06 9.970074332161563690e-01 4.074363024951545829e-05
2.458823920857142657e+06 9.970551991990523888e-01 4.074327799218137075e-05
2.458823926438095048e+06 9.970531573729796149e-01 4.074293570333530691e-05
2.458823932019047439e+06 9.970007304373369461e-01 4.074294734820559631e-05
2.458823937599999830e+06 9.968987224607926967e-01 4.074295899307588570e-05
2.458823943180952221e+06 9.967865786779280812e-01 4.074297063794617510e-05
2.458823948761904612e+06 9.966861671989851734e-01 4.074186465126138518e-05
2.458823954342857003e+06 9.965974880239639733e-01 4.073808006841779961e-05
2.458823959923809394e+06 9.965196436199422747e-01 4.073429548557421404e-05
2.458823965504761785e+06 9.964453324733127948e-01 4.073051090273063524e-05
2.458823971085714176e+06 9.963729503532908760e-01 4.072822344030779427e-05
2.458823976666666567e+06 9.963024972598757412e-01 4.072710553278513881e-05
2.458823982247618958e+06 9.962293747588357729e-01 4.072598762526247657e-05
2.458823987828571349e+06 9.961400232371592223e-01 4.072486971773982110e-05
2.458823993409523740e+06 9.960335564595870217e-01 4.072322363868883556e-05
2.458823998990476131e+06 9.959099744261191711e-01 4.072146817453216756e-05
2.458824004571428522e+06 9.957832366521329748e-01 4.071971271037549278e-05
2.458824010152380913e+06 9.956695339766239439e-01 4.071806820333700625e-05
2.458824015733333305e+06 9.955688882562965247e-01 4.071747528539792870e-05
2.458824021314285696e+06 9.954807470417410542e-01 4.071688236745885792e-05
2.458824026895238087e+06 9.953908499239111363e-01 4.071628944951979391e-05
2.458824032476190478e+06 9.952929310547578012e-01 4.071420871847477831e-05
2.458824038057142869e+06 9.951869904342812712e-01 4.070951098403445610e-05
2.458824043638095260e+06 9.950756993394790362e-01 4.070481324959413389e-05
2.458824049219047651e+06 9.949753471520486059e-01 4.070011551515379813e-05
2.458824054800000042e+06 9.948886928611787583e-01 4.069863018358739042e-05
2.458824060380952433e+06 9.948157364668692715e-01 4.069903581319949033e-05
2.458824065961904824e+06 9.947481157218930337e-01 4.069944144281158345e-05
2.458824071542857215e+06 9.946662700399894197e-01 4.069984707242368336e-05
2.458824077123809606e+06 9.945693923785215995e-01 4.069782293381837981e-05
2.458824082704761997e+06 9.944574857365436893e-01 4.069551822016478758e-05
2.458824088285714388e+06 9.943340795472345173e-01 4.069321350651120212e-05
2.458824093866666779e+06 9.942023121799874463e-01 4.069065034621731391e-05
2.458824099447619170e+06 9.940621836348024765e-01 4.068676484159879688e-05
2.458824105028571561e+06 9.939147147136239147e-01 4.068287933698028664e-05
2.458824110609523952e+06 9.937763106410378855e-01 4.067899383236177639e-05
2.458824116190475877e+06 9.936526907894045468e-01 4.067611221387718923e-05
2.458824121771428268e+06 9.935438551380947336e-01 4.067455859430795884e-05
2.458824127352380659e+06 9.934462255659286534e-01 4.067300497473872844e-05
2.458824132933333050e+06 9.933430219567088715e-01 4.067145135516949804e-05
2.458824138514285441e+06 9.932321061718502042e-01 4.066998775977805693e-05
2.458824144095237833e+06 9.931134782113528736e-01 4.066856320417054041e-05
2.458824149676190224e+06 9.929924214487564349e-01 4.066713864856303067e-05
2.458824155257142615e+06 9.928787349383438876e-01 4.066571409295551416e-05
2.458824160838095006e+06 9.927726371273755124e-01 4.066286965050302295e-05
2.458824166419047397e+06 9.926739599175860018e-01 4.065997298953685253e-05
2.458824171999999788e+06 9.925621192851077357e-01 4.065707632857068211e-05
2.458824177580952179e+06 9.924228856905404905e-01 4.065397857221667916e-05
2.458824183161904570e+06 9.922562591338844884e-01 4.065021339816349825e-05
2.458824188742856961e+06 9.920669954067585783e-01 4.064644822411032411e-05
2.458824194323809352e+06 9.919073272813282438e-01 4.064268305005714320e-05
2.458824199904761743e+06 9.917916431748031725e-01 4.064085693595668742e-05
2.458824205485714134e+06 9.917199430871834753e-01 4.064098114788143655e-05
2.458824211066666525e+06 9.916780870086431277e-01 4.064110535980619245e-05
2.458824216647618916e+06 9.916142176221403037e-01 4.064122957173094835e-05
2.458824222228571307e+06 9.915235431569812130e-01 4.063847576152805331e-05
2.458824227809523698e+06 9.914060636131656334e-01 4.063484062191775512e-05
2.458824233390476089e+06 9.912703882668677524e-01 4.063120548230745693e-05
2.458824238971428480e+06 9.911291008487205234e-01 4.062758899328981212e-05
2.458824244552380871e+06 9.909823098580393674e-01 4.062452639315707287e-05
2.458824250133333262e+06 9.908303227191992413e-01 4.062146379302432683e-05
2.458824255714285653e+06 9.906873721612307060e-01 4.061840119289158757e-05
2.458824261295238044e+06 9.905612089812522170e-01 4.061571129671459943e-05
2.458824266876190435e+06 9.904518331792635522e-01 4.061389275658508084e-05
2.458824272457142826e+06 9.903577422311450329e-01 4.061207421645556226e-05
2.458824278038095217e+06 9.902669921002436038e-01 4.061025567632605044e-05
2.458824283619047608e+06 9.901770083390394328e-01 4.060830297761220466e-05
2.458824289199999999e+06 9.900877909475324090e-01 4.060624765851171715e-05
2.458824294780952390e+06 9.899985996401279298e-01 4.060419233941122287e-05
2.458824300361904781e+06 9.899072898634810880e-01 4.060213702031073536e-05
2.458824305942857172e+06 9.898137257815809997e-01 4.060124252986646278e-05
2.458824311523809563e+06 9.897179073944273320e-01 4.060057974285848748e-05
2.458824317104761954e+06 9.896214484059401295e-01 4.059991695585051896e-05
2.458824322685714345e+06 9.895261838655866615e-01 4.059902324178257154e-05
2.458824328266666736e+06 9.894321156390825101e-01 4.059606544558887838e-05
2.458824333847619127e+06 9.893391483896545324e-01 4.059310764939517844e-05
2.458824339428571519e+06 9.892449191599319569e-01 4.059014985320148528e-05
2.458824345009523910e+06 9.891484077855006163e-01 4.058777178056764603e-05
2.458824350590476301e+06 9.890496142663606216e-01 4.058639089346478032e-05
2.458824356171428692e+06 9.889509749359919333e-01 4.058501000636190783e-05
2.458824361752380617e+06 9.888670414323672553e-01 4.058362911937425215e-05
2.458824367333333008e+06 9.888002279854272158e-01 4.058218541433177500e-05
2.458824372914285399e+06 9.887505346028888642e-01 4.058070554586243052e-05
2.458824378495237790e+06 9.887140885190827122e-01 4.057922567739308603e-05
2.458824384076190181e+06 9.886819884961817184e-01 4.057774580892373477e-05
2.458824389657142572e+06 9.886538817212506824e-01 4.057739815350939718e-05
2.458824395238094963e+06 9.886297596954811695e-01 4.057717398983651664e-05
2.458824400819047354e+06 9.886022815905523009e-01 4.057694982616364288e-05
2.458824406399999745e+06 9.885650479259949774e-01 4.057669521893925369e-05
2.458824411980952136e+06 9.885180587018093101e-01 4.057629055984146533e-05
2.458824417561904527e+06 9.884620955828318234e-01 4.057588590074367698e-05
2.458824423142856918e+06 9.884093296228995129e-01 4.057548124164588185e-05
2.458824428723809309e+06 9.883639295936457181e-01 4.057481614753771017e-05
2.458824434304761700e+06 9.883258954950704389e-01 4.057381371866799412e-05
2.458824439885714091e+06 9.882937311194041063e-01 4.057281128979827128e-05
2.458824445466666482e+06 9.882605531391457365e-01 4.057180886092854168e-05
2.458824451047618873e+06 9.882255043729636368e-01 4.057162334004399829e-05
2.458824456628571264e+06 9.881885848208579182e-01 4.057178345694961984e-05
2.458824462209523655e+06 9.881594549887035006e-01 4.057194357385524139e-05
2.458824467790476047e+06 9.881557158425221532e-01 4.057210369076085616e-05
2.458824473371428438e+06 9.881777380992615711e-01 4.057233908783505793e-05
2.458824478952380829e+06 9.882253124664124311e-01 4.057257683717444544e-05
2.458824484533333220e+06 9.882751523356679835e-01 4.057281458651383973e-05
2.458824490114285611e+06 9.883114549038232166e-01 4.057303028411240244e-05
2.458824495695238002e+06 9.883342201708779085e-01 4.057317487452374237e-05
2.458824501276190393e+06 9.883450702251393993e-01 4.057331946493508229e-05
2.458824506857142784e+06 9.883613586644104387e-01 4.057346405534642222e-05
2.458824512438095175e+06 9.883877795156678081e-01 4.057364481802652859e-05
2.458824518019047566e+06 9.884243327789113964e-01 4.057386121843597479e-05
2.458824523599999957e+06 9.884676483192439411e-01 4.057407761884542098e-05
2.458824529180952348e+06 9.885055892841884129e-01 4.057429401925486718e-05
2.458824534761904739e+06 9.885370634096671827e-01 4.057548421571403072e-05
2.458824540342857130e+06 9.885620706956803616e-01 4.057696408398491199e-05
2.458824545923809521e+06 9.885932969183968133e-01 4.057844395225579327e-05
2.458824551504761912e+06 9.886489439955262748e-01 4.057995422058272966e-05
2.458824557085714303e+06 9.887291542045988368e-01 4.058223952525297668e-05
2.458824562666666694e+06 9.888334773528125732e-01 4.058452482992323048e-05
2.458824568247619085e+06 9.889422048477231053e-01 4.058681013459349105e-05
2.458824573828571476e+06 9.890447930370581675e-01 4.058904043252183985e-05
2.458824579409523867e+06 9.891412419208177598e-01 4.059114524179138387e-05
2.458824584990476258e+06 9.892317584122485297e-01 4.059325005106092789e-05
2.458824590571428649e+06 9.893179502067035447e-01 4.059535486033047868e-05
2.458824596152381040e+06 9.894001572398659627e-01 4.059664404926337244e-05
2.458824601733333431e+06 9.894783795117358949e-01 4.059732236262410032e-05
2.458824607314285822e+06 9.895559181373726476e-01 4.059800067598482142e-05
2.458824612895237748e+06 9.896421688148198115e-01 4.059867898928894717e-05
2.458824618476190139e+06 9.897377080559365270e-01 4.060130509034416219e-05
2.458824624057142530e+06 9.898425358539139074e-01 4.060430558364545753e-05
2.458824629638094921e+06 9.899465406569069037e-01 4.060730607694675287e-05
2.458824635219047312e+06 9.900384495939986707e-01 4.061008719581069736e-05
2.458824640799999703e+06 9.901182544466142765e-01 4.061101393290731266e-05
2.458824646380952094e+06 9.901873162267172956e-01 4.061194067000392795e-05
2.458824651961904485e+06 9.902780571186001746e-01 4.061286740710054325e-05
2.458824657542856876e+06 9.904042316272676505e-01 4.061466635659859018e-05
2.458824663123809267e+06 9.905658397527196124e-01 4.061793274096216601e-05
2.458824668704761658e+06 9.907534831430845346e-01 4.062119912532572829e-05
2.458824674285714049e+06 9.909121696059121076e-01 4.062446550968930412e-05
2.458824679866666440e+06 9.910329628795953028e-01 4.062681486580314351e-05
2.458824685447618831e+06 9.911158629641342310e-01 4.062864796140236597e-05
2.458824691028571222e+06 9.911823370436469993e-01 4.063048105700157488e-05
2.458824696609523613e+06 9.912808684394714964e-01 4.063231415260079056e-05
2.458824702190476004e+06 9.914133018338817660e-01 4.063570569347359370e-05
2.458824707771428395e+06 9.915796059764564463e-01 4.063925737684739571e-05
2.458824713352380786e+06 9.917590730643042196e-01 4.064280906022121127e-05
2.458824718933333177e+06 9.919340015868803873e-01 4.064629090866523638e-05
2.458824724514285568e+06 9.921043915441850602e-01 4.064944084410677391e-05
2.458824730095237959e+06 9.922699182235523718e-01 4.065259077954830466e-05
2.458824735676190350e+06 9.924256801431321495e-01 4.065574071498983540e-05
2.458824741257142741e+06 9.925700278854390213e-01 4.065889835070801429e-05
2.458824746838095132e+06 9.927029614504734312e-01 4.066206575351484742e-05
2.458824752419047523e+06 9.928304540656155419e-01 4.066523315632168055e-05
2.458824757999999914e+06 9.929794673158429674e-01 4.066840055912850690e-05
2.458824763580952305e+06 9.931532820482275037e-01 4.067206939850878298e-05
2.458824769161904696e+06 9.933518982627691507e-01 4.067594519699069619e-05
2.458824774742857087e+06 9.935580262999953449e-01 4.067982099547260262e-05
2.458824780323809478e+06 9.937407211002541318e-01 4.068369679395452261e-05
2.458824785904761869e+06 9.938993679219149113e-01 4.068590667315745191e-05
2.458824791485714260e+06 9.940341603286347860e-01 4.068807358803229528e-05
2.458824797066666652e+06 9.941647675534386330e-01 4.069024050290713187e-05
2.458824802647619043e+06 9.943042945332252192e-01 4.069290805482873391e-05
2.458824808228571434e+06 9.944527412679945444e-01 4.069714484396088147e-05
2.458824813809523825e+06 9.946097310097817834e-01 4.070138163309302903e-05
2.458824819390476216e+06 9.947713361603863769e-01 4.070561842222517659e-05
2.458824824971428607e+06 9.949365135257780546e-01 4.070888140184937136e-05
2.458824830552380998e+06 9.951052631059569276e-01 4.071120455186211950e-05
2.458824836133333389e+06 9.952755670967426971e-01 4.071352770187486764e-05
2.458824841714285780e+06 9.954402890704678875e-01 4.071585085188761578e-05
2.458824847295238171e+06 9.955988036731315827e-01 4.071825381201414293e-05
2.458824852876190562e+06 9.957511109047336717e-01 4.072067982492226398e-05
2.458824858457142487e+06 9.959054470166962547e-01 4.072310583762797805e-05
2.458824864038094878e+06 9.960734125211150314e-01 4.072564466367585616e-05
2.458824869619047269e+06 9.962550891671454467e-01 4.073070047457639169e-05
2.458824875199999660e+06 9.964499939001639772e-01 4.073575628547693400e-05
2.458824880780952051e+06 9.966380927920798216e-01 4.074081209637746954e-05
2.458824886361904442e+06 9.968088561876576881e-01 4.074475037157776838e-05
2.458824891942856833e+06 9.969622840868973546e-01 4.074620015685926640e-05
2.458824897523809224e+06 9.970996261606722699e-01 4.074764994214075088e-05
2.458824903104761615e+06 9.972303756018016108e-01 4.074909972742224890e-05
2.458824908685714006e+06 9.973565014101152260e-01 4.075169943187805297e-05
2.458824914266666397e+06 9.974780035856127824e-01 4.075514242924335186e-05
2.458824919847618788e+06 9.975957328020449433e-01 4.075858542660865753e-05
2.458824925428571180e+06 9.977120680545749076e-01 4.076202842397395643e-05
2.458824931009523571e+06 9.978271506813598535e-01 4.076448540389296122e-05
2.458824936590475962e+06 9.979409806823993367e-01 4.076676003349394056e-05
2.458824942171428353e+06 9.980557372336286148e-01 4.076903466309491990e-05
2.458824947752380744e+06 9.981738019321235722e-01 4.077125309740283789e-05
2.458824953333333135e+06 9.982951759396007096e-01 4.077302117545220398e-05
2.458824958914285526e+06 9.984191399476664008e-01 4.077478925350157686e-05
2.458824964495237917e+06 9.985292089763866397e-01 4.077655733155094295e-05
2.458824970076190308e+06 9.986185107527901783e-01 4.077792013849995239e-05
2.458824975657142699e+06 9.986870452768765727e-01 4.077861591893979393e-05
2.458824981238095090e+06 9.987411621069963719e-01 4.077931169937964225e-05
2.458824986819047481e+06 9.988172653507284560e-01 4.078000747981948379e-05
2.458824992399999872e+06 9.989211486402972406e-01 4.078231674935342755e-05
2.458824997980952263e+06 9.990528119757023928e-01 4.078551423400899548e-05
2.458825003561904654e+06 9.991966229697191171e-01 4.078871171866456342e-05
2.458825009142857045e+06 9.993178881145969861e-01 4.079190920332013135e-05
2.458825014723809436e+06 9.994153413519586415e-01 4.079417215344791265e-05
2.458825020304761827e+06 9.994890065293121628e-01 4.079634489031705056e-05
2.458825025885714218e+06 9.995514191962034944e-01 4.079851762718618847e-05
2.458825031466666609e+06 9.996130885806020494e-01 4.080031296178189228e-05
2.458825037047619000e+06 9.996740146825073836e-01 4.080037700851407056e-05
2.458825042628571391e+06 9.997333788407064548e-01 4.080044105524626238e-05
2.458825048209523782e+06 9.997791944051246382e-01 4.080050510197844743e-05
2.458825053790476173e+06 9.998074982959941348e-01 4.080169612133862343e-05
2.458825059371428564e+06 9.998182905133149445e-01 4.080428710271911231e-05
2.458825064952380955e+06 9.998165306595835355e-01 4.080687808409960796e-05
2.458825070533333346e+06 9.998241858981209429e-01 4.080946906548010362e-05
2.458825076114285737e+06 9.998438678633437826e-01 4.080871267190964497e-05
2.458825081695238128e+06 9.998755765552520547e-01 4.080660883389190715e-05
2.458825087276190519e+06 9.999129065453825627e-01 4.080450499587416255e-05
2.458825092857142910e+06 9.999445955876242742e-01 4.080240115785643151e-05
2.458825098438095301e+06 9.999704330497110050e-01 4.080299910890801955e-05
2.458825104019047227e+06 9.999903716174111112e-01 4.080365219139702067e-05
2.458825109599999618e+06 1.000000000000000000e+00 4.080430527394051651e-05
2.458825115180952009e+06 9.999964322730373611e-01 4.080458010798773330e-05
2.458825120761904400e+06 9.999796684365235278e-01 4.080370189149165318e-05
2.458825126342856791e+06 9.999519368795457552e-01 4.080282367499557305e-05
2.458825131923809182e+06 9.999358835042959637e-01 4.080194545849949293e-05
2.458825137504761573e+06 9.999374144678211396e-01 4.080221649596127464e-05
2.458825143085713964e+06 9.999565297701212829e-01 4.080357409248121779e-05
2.458825148666666355e+06 9.999850305717798982e-01 4.080493168900116771e-05
2.458825154247618746e+06 9.999944367734578954e-01 4.080628928552111086e-05
2.458825159828571137e+06 9.999823189947197877e-01 4.080581954900092871e-05
2.458825165409523528e+06 9.999486772355657971e-01 4.080483749921717752e-05
2.458825170990475919e+06 9.999041114259603624e-01 4.080385544943341278e-05
2.458825176571428310e+06 9.998632764476260704e-01 4.080288593957721334e-05
2.458825182152380701e+06 9.998262648745115388e-01 4.080216492873429821e-05
2.458825187733333092e+06 9.997931538731142931e-01 4.080144391789139663e-05
2.458825193314285483e+06 9.997669805985409663e-01 4.080072290704848828e-05
2.458825198895237874e+06 9.997493134686903371e-01 4.080021101108911771e-05
2.458825204476190265e+06 9.997401524835621833e-01 4.080015375720111965e-05
2.458825210057142656e+06 9.997365450591185754e-01 4.080009650331312837e-05
2.458825215638095047e+06 9.997165564344850930e-01 4.080003924942513031e-05
2.458825221219047438e+06 9.996757240242519771e-01 4.079973403512060981e-05
2.458825226799999829e+06 9.996140478284187836e-01 4.079925077348972909e-05
