2.459026000000000000e+06 9.961164538572035987e-01 4.053348174690807820e-05
2.459026005580952391e+06 9.961470221546485648e-01 4.053286809752819884e-05
2.459026011161904782e+06 9.961491616408930660e-01 4.053225444814833304e-05
2.459026016742857173e+06 9.961216322529512501e-01 4.053146599416695517e-05
2.459026022323809564e+06 9.960645463356113671e-01 4.053066397773060555e-05
2.459026027904761955e+06 9.960109635731345668e-01 4.052986196129425593e-05
2.459026033485714346e+06 9.959869820857280009e-01 4.052925529378491619e-05
2.459026039066666737e+06 9.959926018733915587e-01 4.052945434144324295e-05
2.459026044647619128e+06 9.960258010007267959e-01 4.052965338910156972e-05
2.459026050228571519e+06 9.960596084736428324e-01 4.052985243675989648e-05
2.459026055809523910e+06 9.960855918351614324e-01 4.053081364848678170e-05
2.459026061390476301e+06 9.961037510852827070e-01 4.053266139337584876e-05
2.459026066971428692e+06 9.961223392883589156e-01 4.053450913826492938e-05
2.459026072552381083e+06 9.961757973566943702e-01 4.053635688315400322e-05
2.459026078133333474e+06 9.962679220635550781e-01 4.053695953397636943e-05
2.459026083714285865e+06 9.963987134089412612e-01 4.053710032378347563e-05
2.459026089295238256e+06 9.965300336378416501e-01 4.053724111359058860e-05
2.459026094876190647e+06 9.965985654577822483e-01 4.053738190339769480e-05
2.459026100457143039e+06 9.966033476692071069e-01 4.053857160335366984e-05
2.459026106038095430e+06 9.965453217708989397e-01 4.053976491833943596e-05
2.459026111619047821e+06 9.964926677901835284e-01 4.054095823332520886e-05
2.459026117200000212e+06 9.964874513416209778e-01 4.054206141878572615e-05
2.459026122780952603e+06 9.965296724252111771e-01 4.054291295435864941e-05
2.459026128361904528e+06 9.966145376874679940e-01 4.054376448986052355e-05
2.459026133942856919e+06 9.966971323983754294e-01 4.054461602543345359e-05
2.459026139523809310e+06 9.967664237330804422e-01 4.054575259615851481e-05
2.459026145104761701e+06 9.968224116915832544e-01 4.054714107491482166e-05
2.459026150685714092e+06 9.968650962738838661e-01 4.054852955367112852e-05
2.459026156266666483e+06 9.968944774799820552e-01 4.054991803242743537e-05
2.459026161847618874e+06 9.969181777796810584e-01 4.055130651118374222e-05
2.459026167428571265e+06 9.969520266373420592e-01 4.055269498994004907e-05
2.459026173009523656e+06 9.969965125379299797e-01 4.055408346869636269e-05
2.459026178590476047e+06 9.970516354814448201e-01 4.055550805707926345e-05
2.459026184171428438e+06 9.971173954678865803e-01 4.055745095637392568e-05
2.459026189752380829e+06 9.971932440556396937e-01 4.055939385566859469e-05
2.459026195333333220e+06 9.972608669705391726e-01 4.056133675496325692e-05
2.459026200914285611e+06 9.973113451508577310e-01 4.056266892728850203e-05
2.459026206495238002e+06 9.973446785965949246e-01 4.056277379141600851e-05
2.459026212076190393e+06 9.973627308103444333e-01 4.056287865554350822e-05
2.459026217657142784e+06 9.973783625748393611e-01 4.056298351967101471e-05
2.459026223238095175e+06 9.973940240328226237e-01 4.056311923024325021e-05
2.459026228819047567e+06 9.974097151842942210e-01 4.056327555547385608e-05
2.459026234399999958e+06 9.974307435022559121e-01 4.056343188070446194e-05
2.459026239980952349e+06 9.974708545710632146e-01 4.056358820593507458e-05
2.459026245561904740e+06 9.975307527204636537e-01 4.056301336070577539e-05
2.459026251142857131e+06 9.976104379501711250e-01 4.056232591809213832e-05
2.459026256723809522e+06 9.976914894887236596e-01 4.056163847547851481e-05
2.459026262304761913e+06 9.977554957465339935e-01 4.056112485285210355e-05
2.459026267885714304e+06 9.978024567236020159e-01 4.056173753121298202e-05
2.459026273466666695e+06 9.978326832307903294e-01 4.056235020957386049e-05
2.459026279047619086e+06 9.978522307082281495e-01 4.056296288793475251e-05
2.459026284628571477e+06 9.978634353159387960e-01 4.056288007000698458e-05
2.459026290209523868e+06 9.978662970539220467e-01 4.056175763545704364e-05
2.459026295790476259e+06 9.978655445480278940e-01 4.056063520090710269e-05
2.459026301371428650e+06 9.978859746201187431e-01 4.055951276635716174e-05
2.459026306952381041e+06 9.979311765214499141e-01 4.055774434396678486e-05
2.459026312533333432e+06 9.980011502520212963e-01 4.055565482917658081e-05
2.459026318114285823e+06 9.980772812928038196e-01 4.055356531438637676e-05
2.459026323695238214e+06 9.981213793169515514e-01 4.055147579959616594e-05
2.459026329276190605e+06 9.981323032782154492e-01 4.055011265808371130e-05
2.459026334857142996e+06 9.981101569244830163e-01 4.054879991459097821e-05
2.459026340438095387e+06 9.980797424695967424e-01 4.054748717109824511e-05
2.459026346019047778e+06 9.980601317775412706e-01 4.054601103371586644e-05
2.459026351600000169e+06 9.980513248483160460e-01 4.054389044807376382e-05
2.459026357180952560e+06 9.980537232570800832e-01 4.054176986243165443e-05
2.459026362761904951e+06 9.980724760228164572e-01 4.053964927678954504e-05
2.459026368342857342e+06 9.981091538170168143e-01 4.053817269599914718e-05
2.459026373923809268e+06 9.981637566343779522e-01 4.053742408274040244e-05
2.459026379504761659e+06 9.982288150220888223e-01 4.053667546941919409e-05
2.459026385085714050e+06 9.982739478513914522e-01 4.053592685609798575e-05
2.459026390666666441e+06 9.982959166493252656e-01 4.053462828817338165e-05
2.459026396247618832e+06 9.982947214158900406e-01 4.053313300345916416e-05
2.459026401828571223e+06 9.982804033750688477e-01 4.053163771874494667e-05
2.459026407409523614e+06 9.982692232048325787e-01 4.053014546627129160e-05
2.459026412990476005e+06 9.982614046603038860e-01 4.052947355911399197e-05
2.459026418571428396e+06 9.982567989750747994e-01 4.052880165195669234e-05
2.459026424152380787e+06 9.982456389546771058e-01 4.052812974479939949e-05
2.459026429733333178e+06 9.982220466377542678e-01 4.052729795791357756e-05
2.459026435314285569e+06 9.981860220243062853e-01 4.052603570458338498e-05
2.459026440895237960e+06 9.981393489549028608e-01 4.052477345125320596e-05
2.459026446476190351e+06 9.980981900616039404e-01 4.052351119792302694e-05
2.459026452057142742e+06 9.980664149265378038e-01 4.052342056308056806e-05
2.459026457638095133e+06 9.980440235497041179e-01 4.052433618220653740e-05
2.459026463219047524e+06 9.980217693706517901e-01 4.052525180133250673e-05
2.459026468799999915e+06 9.979701027456328033e-01 4.052616742045846930e-05
2.459026474380952306e+06 9.978868114952744728e-01 4.052565325790431604e-05
2.459026479961904697e+06 9.977718956195766875e-01 4.052479298371159321e-05
2.459026485542857088e+06 9.976652235023850679e-01 4.052393270951886361e-05
2.459026491123809479e+06 9.976172521227169021e-01 4.052326674769854658e-05
2.459026496704761870e+06 9.976281516401538374e-01 4.052509604402232673e-05
2.459026502285714261e+06 9.976955208993876223e-01 4.052692534034610009e-05
2.459026507866666652e+06 9.977441456754030380e-01 4.052875463666987346e-05
2.459026513447619043e+06 9.977382740995799359e-01 4.053041455297612774e-05
2.459026519028571434e+06 9.976779061719177610e-01 4.053174477376358486e-05
2.459026524609523825e+06 9.975719390134968334e-01 4.053307499455104199e-05
2.459026530190476216e+06 9.974799761405299670e-01 4.053440521533850589e-05
2.459026535771428607e+06 9.974130658327372556e-01 4.053564297608672467e-05
2.459026541352380998e+06 9.973712080901184773e-01 4.053682075548754665e-05
2.459026546933333389e+06 9.973478966280545643e-01 4.053799853488836185e-05
2.459026552514285780e+06 9.973266835318027601e-01 4.053917631428918383e-05
2.459026558095238172e+06 9.973067664402365251e-01 4.054088937192596007e-05
2.459026563676190563e+06 9.972881446146314444e-01 4.054267982964657603e-05
2.459026569257142954e+06 9.972565212893639286e-01 4.054447028736719876e-05
2.459026574838095345e+06 9.971980056336019471e-01 4.054610925758008253e-05
2.459026580419047736e+06 9.971125976473456110e-01 4.054682388712583461e-05
2.459026586000000127e+06 9.970012907913199385e-01 4.054753851667159347e-05
2.459026591580952518e+06 9.968825356778471258e-01 4.054825314621734555e-05
2.459026597161904909e+06 9.967632803401235142e-01 4.054891232096115332e-05
2.459026602742857300e+06 9.966435247781489926e-01 4.054949101553897257e-05
2.459026608323809691e+06 9.965280361712108848e-01 4.055006971011678504e-05
2.459026613904762082e+06 9.964411433958172415e-01 4.055064840469460428e-05
2.459026619485714007e+06 9.963862636396393357e-01 4.055154763373534818e-05
2.459026625066666398e+06 9.963633968935196039e-01 4.055260112973689714e-05
2.459026630647618789e+06 9.963481119480146475e-01 4.055365462573845965e-05
2.459026636228571180e+06 9.962914871022128249e-01 4.055470812174001539e-05
2.459026641809523571e+06 9.961921545873961836e-01 4.055554662236360481e-05
2.459026647390475962e+06 9.960503347679049435e-01 4.055637194181182511e-05
2.459026652971428353e+06 9.959097513501959931e-01 4.055719726126005218e-05
2.459026658552380744e+06 9.958031608655706357e-01 4.055762941003426928e-05
2.459026664133333135e+06 9.957305633140288714e-01 4.055657688502029967e-05
2.459026669714285526e+06 9.956877707524283139e-01 4.055552436000632328e-05
2.459026675295237917e+06 9.956231269788413663e-01 4.055447183499234689e-05
2.459026680876190308e+06 9.955212589502978604e-01 4.055370200629890612e-05
2.459026686457142700e+06 9.953821666667980184e-01 4.055324274031033802e-05
2.459026692038095091e+06 9.952161186496794043e-01 4.055278347432176314e-05
2.459026697619047482e+06 9.950638289681099646e-01 4.055232420833319504e-05
2.459026703199999873e+06 9.949294920137319309e-01 4.055150896571221224e-05
2.459026708780952264e+06 9.948131077865453031e-01 4.055057101447533737e-05
2.459026714361904655e+06 9.947098574158620421e-01 4.054963306323846250e-05
2.459026719942857046e+06 9.946121298781095410e-01 4.054867882279575682e-05
2.459026725523809437e+06 9.945198307799749671e-01 4.054623199342748075e-05
2.459026731104761828e+06 9.944329262685179804e-01 4.054378516405919791e-05
2.459026736685714219e+06 9.943493907605800430e-01 4.054133833469092185e-05
2.459026742266666610e+06 9.942680350896606623e-01 4.053932733920604682e-05
2.459026747847619001e+06 9.941888592557597271e-01 4.053844861677397536e-05
2.459026753428571392e+06 9.941085776902726101e-01 4.053756989434191744e-05
2.459026759009523783e+06 9.939983905872483705e-01 4.053669117190985275e-05
2.459026764590476174e+06 9.938515784012099674e-01 4.053418923922247260e-05
2.459026770171428565e+06 9.936681411321575119e-01 4.053033257007531976e-05
2.459026775752380956e+06 9.934616742578203930e-01 4.052647590092818048e-05
2.459026781333333347e+06 9.932745725311560303e-01 4.052261923178104120e-05
2.459026786914285738e+06 9.931098843384333907e-01 4.052011191583319361e-05
2.459026792495238129e+06 9.929676096796526963e-01 4.051791656619906269e-05
2.459026798076190520e+06 9.928471365561006845e-01 4.051572121656492499e-05
2.459026803657142911e+06 9.927477106409831054e-01 4.051357055835315733e-05
2.459026809238095302e+06 9.926693299235767043e-01 4.051193836788323933e-05
2.459026814819047693e+06 9.926104622375556685e-01 4.051030617741331456e-05
2.459026820400000084e+06 9.925259867123642499e-01 4.050867398694339656e-05
2.459026825980952475e+06 9.923949686934095960e-01 4.050641703096915982e-05
2.459026831561904866e+06 9.922174081806917068e-01 4.050298176029000702e-05
2.459026837142857257e+06 9.920029294748012871e-01 4.049954648961085423e-05
2.459026842723809648e+06 9.918141395059674181e-01 4.049611121893170144e-05
2.459026848304762039e+06 9.916623271860702804e-01 4.049378179399021587e-05
2.459026853885714430e+06 9.915474925151099850e-01 4.049214863255629993e-05
2.459026859466666821e+06 9.914600564251692116e-01 4.049051547112239075e-05
2.459026865047619212e+06 9.913763806291663316e-01 4.048888230968847481e-05
2.459026870628571138e+06 9.912953687625478683e-01 4.048752709028912675e-05
2.459026876209523529e+06 9.912170188094835410e-01 4.048620949215249188e-05
2.459026881790475920e+06 9.911313326929310774e-01 4.048489189401585024e-05
2.459026887371428311e+06 9.910288644407687642e-01 4.048318463924754755e-05
2.459026892952380702e+06 9.909096140529963792e-01 4.047923281580162734e-05
2.459026898533333093e+06 9.907748760160979273e-01 4.047528099235571391e-05
2.459026904114285484e+06 9.906475955542651812e-01 4.047132916890980726e-05
2.459026909695237875e+06 9.905362066456834258e-01 4.046797903884152457e-05
2.459026915276190266e+06 9.904407092903527721e-01 4.046547686463511362e-05
2.459026920857142657e+06 9.903579839823003494e-01 4.046297469042869590e-05
2.459026926438095048e+06 9.902725338591951143e-01 4.046047251622227140e-05
2.459026932019047439e+06 9.901822474435091337e-01 4.045881356898663894e-05
2.459026937599999830e+06 9.900871247352422966e-01 4.045754743196986115e-05
2.459026943180952221e+06 9.899875056300802001e-01 4.045628129495308336e-05
2.459026948761904612e+06 9.898840543963417504e-01 4.045501515793630557e-05
2.459026954342857003e+06 9.897767883688020074e-01 4.044994945473938993e-05
2.459026959923809394e+06 9.896657479249297840e-01 4.044468100412083281e-05
2.459026965504761785e+06 9.895576997729493840e-01 4.043941255350227569e-05
2.459026971085714176e+06 9.894575838044115113e-01 4.043486171623130880e-05
2.459026976666666567e+06 9.893654000193157216e-01 4.043290813672382892e-05
2.459026982247618958e+06 9.892807790813421542e-01 4.043095455721634225e-05
2.459026987828571349e+06 9.891993354185344423e-01 4.042900097770886237e-05
2.459026993409523740e+06 9.891197957939952268e-01 4.042620543941930340e-05
2.459026998990476131e+06 9.890421602077248409e-01 4.042251092151374897e-05
2.459027004571428522e+06 9.889712124592004994e-01 4.041881640360820810e-05
2.459027010152380913e+06 9.889254449958037041e-01 4.041512188570265367e-05
2.459027015733333305e+06 9.889066981141755308e-01 4.041440737602595496e-05
2.459027021314285696e+06 9.889149718143156464e-01 4.041468215882944027e-05
2.459027026895238087e+06 9.889223762976525611e-01 4.041495694163293236e-05
2.459027032476190478e+06 9.888859533673569624e-01 4.041517240796211181e-05
2.459027038057142869e+06 9.888052259099284758e-01 4.041213426176813798e-05
2.459027043638095260e+06 9.886813013499954339e-01 4.040909611557415738e-05
2.459027049219047651e+06 9.885748518639622118e-01 4.040605796938019032e-05
2.459027054800000042e+06 9.885206281023684038e-01 4.040367216626007636e-05
2.459027060380952433e+06 9.885186300652141211e-01 4.040292258209204521e-05
2.459027065961904824e+06 9.885615969550319848e-01 4.040217299792402762e-05
2.459027071542857215e+06 9.885879269853263818e-01 4.040142341375600326e-05
2.459027077123809606e+06 9.885836151941250760e-01 4.040066578729707881e-05
2.459027082704761997e+06 9.885486615814279565e-01 4.039990163865274760e-05
2.459027088285714388e+06 9.884935155782530458e-01 4.039913749000842316e-05
2.459027093866666779e+06 9.884499744946122490e-01 4.039837334136409195e-05
2.459027099447619170e+06 9.884202325945177225e-01 4.039815413482395850e-05
2.459027105028571561e+06 9.884042898779694664e-01 4.039805509650345192e-05
2.459027110609523952e+06 9.883934618908672975e-01 4.039795605818294533e-05
2.459027116190475877e+06 9.883773257857142447e-01 4.039784157205815490e-05
2.459027121771428268e+06 9.883558603388060693e-01 4.039756387636896410e-05
2.459027127352380659e+06 9.883300278359214985e-01 4.039728618067977330e-05
2.459027132933333050e+06 9.883265256422428813e-01 4.039700848499058251e-05
2.459027138514285441e+06 9.883574447857274015e-01 4.039721661429584955e-05
2.459027144095237833e+06 9.884227852663750591e-01 4.039831283259338207e-05
2.459027149676190224e+06 9.885172029063140631e-01 4.039940905089092136e-05
2.459027155257142615e+06 9.886069298196856758e-01 4.040050526918846066e-05
2.459027160838095006e+06 9.886860443488327821e-01 4.040214393810056458e-05
2.459027166419047397e+06 9.887545464937551598e-01 4.040411402390746420e-05
2.459027171999999788e+06 9.888174524712350921e-01 4.040608410971436383e-05
2.459027177580952179e+06 9.888868458024790975e-01 4.040805419552125668e-05
2.459027183161904570e+06 9.889632586178493945e-01 4.040931218133946663e-05
2.459027188742856961e+06 9.890466835805832302e-01 4.041048025096916806e-05
2.459027194323809352e+06 9.891205168357773969e-01 4.041164832059888305e-05
2.459027199904761743e+06 9.891695001967433232e-01 4.041279637022180717e-05
2.459027205485714134e+06 9.891936336634810090e-01 4.041383530162317918e-05
2.459027211066666525e+06 9.891948957224911965e-01 4.041487423302455120e-05
2.459027216647618916e+06 9.892067949727428866e-01 4.041591316442591644e-05
2.459027222228571307e+06 9.892413534229630434e-01 4.041674714084414791e-05
2.459027227809523698e+06 9.892985710731518889e-01 4.041730059028226179e-05
2.459027233390476089e+06 9.893776033658981950e-01 4.041785403972037566e-05
2.459027238971428480e+06 9.894743654414713818e-01 4.041840748915848954e-05
2.459027244552380871e+06 9.895883175823857458e-01 4.041929491608512430e-05
2.459027250133333262e+06 9.897194597886411760e-01 4.042033287649936420e-05
2.459027255714285653e+06 9.898546530557714718e-01 4.042137083691361087e-05
2.459027261295238044e+06 9.899688371581722990e-01 4.042240879732785077e-05
2.459027266876190435e+06 9.900614033540046099e-01 4.042244192909325517e-05
2.459027272457142826e+06 9.901325471443289672e-01 4.042242930656221014e-05
2.459027278038095217e+06 9.902103469251138934e-01 4.042241668403116512e-05
2.459027283619047608e+06 9.903147804767232776e-01 4.042261182317960326e-05
2.459027289199999999e+06 9.904458477991571197e-01 4.042352841310574760e-05
2.459027294780952390e+06 9.906007675567811699e-01 4.042444500303188517e-05
2.459027300361904781e+06 9.907477239582419548e-01 4.042536159295802951e-05
2.459027305942857172e+06 9.908777067494664026e-01 4.042579026696806226e-05
2.459027311523809563e+06 9.909907159304550683e-01 4.042571258985567324e-05
2.459027317104761954e+06 9.910947202957840485e-01 4.042563491274329100e-05
2.459027322685714345e+06 9.912197569404987973e-01 4.042555723563090198e-05
2.459027328266666736e+06 9.913687118259711939e-01 4.042634714209193659e-05
2.459027333847619127e+06 9.915415849522010161e-01 4.042741423142332322e-05
2.459027339428571519e+06 9.917194713829228236e-01 4.042848132075470985e-05
2.459027345009523910e+06 9.918739767610101898e-01 4.042953966800152558e-05
2.459027350590476301e+06 9.920048207146369146e-01 4.043025721032717857e-05
2.459027356171428692e+06 9.921127191005135737e-01 4.043097475265283833e-05
2.459027361752380617e+06 9.922337347469093460e-01 4.043169229491862303e-05
2.459027367333333008e+06 9.923880214043115933e-01 4.043254145874637136e-05
2.459027372914285399e+06 9.925755790640107268e-01 4.043370952832385490e-05
2.459027378495237790e+06 9.927895093671752491e-01 4.043487759790134522e-05
2.459027384076190181e+06 9.929731385394097165e-01 4.043604566747883555e-05
2.459027389657142572e+06 9.931139136529706368e-01 4.043785616585580787e-05
2.459027395238094963e+06 9.932118347078576770e-01 4.044017288568090197e-05
2.459027400819047354e+06 9.932856750695148174e-01 4.044248960550599607e-05
2.459027406399999745e+06 9.933911855903787558e-01 4.044480632533109694e-05
2.459027411980952136e+06 9.935320553910221841e-01 4.044695373157846589e-05
2.459027417561904527e+06 9.937082844714453245e-01 4.044906557802422411e-05
2.459027423142856918e+06 9.938982743093578431e-01 4.045117742446998911e-05
2.459027428723809309e+06 9.940767891725207361e-01 4.045336985805085013e-05
2.459027434304761700e+06 9.942437915643402846e-01 4.045634294946092390e-05
2.459027439885714091e+06 9.943998132109315158e-01 4.045931604087101122e-05
2.459027445466666482e+06 9.945587787690695070e-01 4.046228913228108498e-05
2.459027451047618873e+06 9.947268442505017294e-01 4.046549092848297145e-05
2.459027456628571264e+06 9.949040096552282941e-01 4.046909805930871474e-05
2.459027462209523655e+06 9.950875739857782953e-01 4.047270519013447158e-05
2.459027467790476047e+06 9.952609547780014720e-01 4.047631232096021486e-05
2.459027473371428438e+06 9.954213245769995000e-01 4.048033094562582192e-05
2.459027478952380829e+06 9.955686833827724902e-01 4.048459347707266889e-05
2.459027484533333220e+06 9.957065018948715318e-01 4.048885600851951587e-05
2.459027490114285611e+06 9.958429415124003814e-01 4.049311853996636284e-05
2.459027495695238002e+06 9.959783429823568790e-01 4.049735152527858046e-05
2.459027501276190393e+06 9.961127169779206980e-01 4.050158104395340020e-05
2.459027506857142784e+06 9.962598736406621525e-01 4.050581056262821995e-05
2.459027512438095175e+06 9.964321603466167465e-01 4.051013453540540257e-05
2.459027518019047566e+06 9.966295770957845912e-01 4.051494663230253263e-05
2.459027523599999957e+06 9.968488499125532920e-01 4.051975872919964913e-05
2.459027529180952348e+06 9.970369400545260330e-01 4.052457082609677919e-05
2.459027534761904739e+06 9.971752744735142837e-01 4.052939667762157477e-05
2.459027540342857130e+06 9.972638531695184883e-01 4.053424081632611746e-05
2.459027545923809521e+06 9.973148149886368330e-01 4.053908495503067371e-05
2.459027551504761912e+06 9.973853346292748112e-01 4.054392909373522318e-05
2.459027557085714303e+06 9.974827349983828029e-01 4.054906061338571044e-05
2.459027562666666694e+06 9.976070160959606969e-01 4.055431741184885785e-05
2.459027568247619085e+06 9.977498957400267043e-01 4.055957421031201204e-05
2.459027573828571476e+06 9.978959579177736350e-01 4.056483100877516623e-05
2.459027579409523867e+06 9.980448550925500317e-01 4.056949839558208560e-05
2.459027584990476258e+06 9.981964381596626357e-01 4.057414348659122181e-05
2.459027590571428649e+06 9.983321274599371575e-01 4.057878857760035803e-05
2.459027596152381040e+06 9.984390369729533310e-01 4.058327508148602624e-05
2.459027601733333431e+06 9.985171666987110450e-01 4.058723273018511555e-05
2.459027607314285822e+06 9.985698843421358939e-01 4.059119037888420486e-05
2.459027612895237748e+06 9.986343259966717900e-01 4.059514802725308006e-05
2.459027618476190139e+06 9.987207497126163736e-01 4.059892682667137938e-05
2.459027624057142530e+06 9.988291554855102117e-01 4.060252521874175040e-05
2.459027629638094921e+06 9.989506297291264048e-01 4.060612361081212141e-05
2.459027635219047312e+06 9.990524069140265251e-01 4.060972200288248565e-05
2.459027640799999703e+06 9.991314493190088797e-01 4.061347414616733479e-05
2.459027646380952094e+06 9.991877569440732465e-01 4.061727352767208432e-05
2.459027651961904485e+06 9.992379802978194059e-01 4.062107290917684062e-05
2.459027657542856876e+06 9.993065025125099643e-01 4.062484033197241934e-05
2.459027663123809267e+06 9.993935358768475385e-01 4.062764447560415228e-05
2.459027668704761658e+06 9.994984689538246592e-01 4.063044861923589878e-05
2.459027674285714049e+06 9.995928695052774815e-01 4.063325276286763172e-05
2.459027679866666440e+06 9.996612327152735178e-01 4.063583375440832075e-05
2.459027685447618831e+06 9.997035585838129901e-01 4.063789219774849900e-05
2.459027691028571222e+06 9.997212761461677921e-01 4.063995064108866370e-05
2.459027696609523613e+06 9.997257589245116538e-01 4.064200908442882839e-05
2.459027702190476004e+06 9.997194608594737186e-01 4.064452728252201952e-05
2.459027707771428395e+06 9.997023819510542086e-01 4.064739745163217880e-05
2.459027713352380786e+06 9.996855335880314719e-01 4.065026762074233808e-05
2.459027718933333177e+06 9.997008305043565413e-01 4.065313778985249737e-05
2.459027724514285568e+06 9.997502959374851006e-01 4.065541795800538006e-05
2.459027730095237959e+06 9.998339298874167058e-01 4.065758029447639847e-05
2.459027735676190350e+06 9.999209400622488531e-01 4.065974263094741689e-05
2.459027741257142741e+06 9.999763086438818727e-01 4.066157555463055555e-05
2.459027746838095132e+06 1.000000000000000000e+00 4.066046574298658352e-05
2.459027752419047523e+06 9.999926821172157032e-01 4.065935593134261148e-05
2.459027757999999914e+06 9.999708965954151596e-01 4.065824611969863945e-05
2.459027763580952305e+06 9.999417821989992072e-01 4.065771879001811394e-05
2.459027769161904696e+06 9.999053389279675130e-01 4.065819262037189883e-05
2.459027774742857087e+06 9.998644575093952325e-01 4.065866645072567016e-05
2.459027780323809478e+06 9.998363868027949630e-01 4.065914028107944149e-05
2.459027785904761869e+06 9.998239857594669600e-01 4.065879784546976781e-05
2.459027791485714260e+06 9.998272543794107792e-01 4.065798611971792006e-05
2.459027797066666652e+06 9.998354988077050587e-01 4.065717439396606553e-05
2.459027802647619043e+06 9.998241710945159344e-01 4.065636266821422455e-05
2.459027808228571434e+06 9.997923010809903754e-01 4.065516905081712352e-05
2.459027813809523825e+06 9.997399122460165488e-01 4.065393398484063120e-05
2.459027819390476216e+06 9.996867363969935694e-01 4.065269891886413210e-05
2.459027824971428607e+06 9.996499422488052122e-01 4.065163063529914322e-05
2.459027830552380998e+06 9.996295298014514774e-01 4.065138109759791764e-05
2.459027836133333389e+06 9.996237511798471420e-01 4.065113155989669207e-05
2.459027841714285780e+06 9.996054943031388307e-01 4.065088202219546649e-05
2.459027847295238171e+06 9.995654928511877868e-01 4.064999820433275293e-05
2.459027852876190562e+06 9.995037468239940104e-01 4.064829513379598409e-05
2.459027858457142487e+06 9.994246934249858549e-01 4.064659206340131349e-05
2.459027864038094878e+06 9.993486888895231068e-01 4.064488899286454465e-05
2.459027869619047269e+06 9.992782596347153934e-01 4.064311283234431517e-05
2.459027875199999660e+06 9.992134056605629366e-01 4.064130586867901687e-05
2.459027880780952051e+06 9.991537274041493166e-01 4.063949890501372534e-05
2.459027886361904442e+06 9.990984991040038343e-01 4.063769194134842703e-05
2.459027891942856833e+06 9.990477056247882848e-01 4.063646553747586002e-05
2.459027897523809224e+06 9.990012971659866237e-01 4.063525668754946400e-05
2.459027903104761615e+06 9.989538328331079020e-01 4.063404783762308153e-05
2.459027908685714006e+06 9.989016336715855759e-01 4.063265335498425035e-05
2.459027914266666397e+06 9.988446996814192014e-01 4.063066385012117102e-05
2.459027919847618788e+06 9.987821644840316759e-01 4.062867434525809169e-05
2.459027925428571180e+06 9.987048126195460229e-01 4.062668484039500558e-05
2.459027931009523571e+06 9.986101614231235324e-01 4.062443843426555295e-05
2.459027936590475962e+06 9.984982108947645374e-01 4.062194014441768185e-05
2.459027942171428353e+06 9.983769653850060877e-01 4.061944185456981075e-05
2.459027947752380744e+06 9.982751222649213219e-01 4.061694356472193965e-05
2.459027953333333135e+06 9.981952473048288921e-01 4.061380881969421609e-05
2.459027958914285526e+06 9.981373405047286873e-01 4.061048618158328633e-05
2.459027964495237917e+06 9.980873391394238237e-01 4.060716354347236335e-05
2.459027970076190308e+06 9.980251670022685095e-01 4.060382700906062974e-05
2.459027975657142699e+06 9.979506714325108163e-01 4.060014996916406496e-05
2.459027981238095090e+06 9.978639190148751448e-01 4.059647292926748662e-05
2.459027986819047481e+06 9.977677777356688260e-01 4.059279588937091506e-05
2.459027992399999872e+06 9.976637738483785656e-01 4.058980448363212290e-05
2.459027997980952263e+06 9.975519073530042524e-01 4.058836551528600533e-05
2.459028003561904654e+06 9.974373898752998402e-01 4.058692654693990130e-05
2.459028009142857045e+06 9.973604209663282649e-01 4.058548757859378373e-05
2.459028014723809436e+06 9.973294480589568467e-01 4.058412935179756643e-05
2.459028020304761827e+06 9.973444711531855855e-01 4.058283117320191904e-05
2.459028025885714218e+06 9.973802840347969489e-01 4.058153299460627166e-05
2.459028031466666609e+06 9.973655814177577739e-01 4.058023481601062427e-05
2.459028037047619000e+06 9.972960366525689402e-01 4.057831467675852415e-05
2.459028042628571391e+06 9.971716497392302259e-01 4.057627662379565298e-05
2.459028048209523782e+06 9.970230996231264076e-01 4.057423857083278181e-05
2.459028053790476173e+06 9.968843366915079995e-01 4.057206019479903933e-05
2.459028059371428564e+06 9.967553824615956737e-01 4.056872007933978529e-05
2.459028064952380955e+06 9.966371855113278500e-01 4.056537996388052448e-05
2.459028070533333346e+06 9.965519956498402054e-01 4.056203984842126367e-05
2.459028076114285737e+06 9.965091865525398385e-01 4.055993886972216980e-05
2.459028081695238128e+06 9.965087582194266380e-01 4.055990391502628696e-05
2.459028087276190519e+06 9.965426525086945597e-01 4.055986896033039735e-05
2.459028092857142910e+06 9.965641241727615229e-01 4.055983400563451452e-05
2.459028098438095301e+06 9.965656436282891439e-01 4.055900794778670481e-05
2.459028104019047227e+06 9.965472108776478599e-01 4.055774084016658892e-05
2.459028109599999618e+06 9.965051130997916173e-01 4.055647373244074299e-05
2.459028115180952009e+06 9.964310303894655663e-01 4.055520662471490383e-05
2.459028120761904400e+06 9.963246520203595802e-01 4.055517983648993169e-05
2.459028126342856791e+06 9.961860632712038477e-01 4.055527693286738552e-05
2.459028131923809182e+06 9.960657252632673098e-01 4.055537402924484612e-05
2.459028137504761573e+06 9.960063773404339571e-01 4.055524855401592489e-05
2.459028143085713964e+06 9.960080195027036787e-01 4.055408339748641124e-05
2.459028148666666355e+06 9.960654761579713634e-01 4.055291824095689758e-05
2.459028154247618746e+06 9.961018051203335277e-01 4.055175308442738393e-05
2.459028159828571137e+06 9.960913410937620727e-01 4.055080882157495865e-05
2.459028165409523528e+06 9.960340840782565541e-01 4.055014176947672891e-05
2.459028170990475919e+06 9.959416604964813624e-01 4.054947471737849240e-05
2.459028176571428310e+06 9.958660313527264440e-01 4.054880766528025588e-05
2.459028182152380701e+06 9.958134431710758960e-01 4.054808403523031798e-05
2.459028187733333092e+06 9.957838959515301624e-01 4.054733736408766467e-05
2.459028193314285483e+06 9.957705103171589078e-01 4.054659069294500457e-05
2.459028198895237874e+06 9.957610932096335743e-01 4.054584402180233771e-05
2.459028204476190265e+06 9.957554102398977758e-01 4.054510114810756842e-05
2.459028210057142656e+06 9.957533621073089147e-01 4.054435836083660074e-05
2.459028215638095047e+06 9.957453498191566332e-01 4.054361557356563983e-05
2.459028221219047438e+06 9.957250446644598796e-01 4.054292414613997679e-05
2.459028226799999829e+06 9.956924466432185428e-01 4.054239108702772460e-05
