2.458990000000000000e+06 1.000000000000000000e+00 4.071939274635122971e-05
2.458990005580952391e+06 9.998367922936708396e-01 4.071460575510876963e-05
2.458990011161904782e+06 9.997187127936023598e-01 4.070981876386630955e-05
2.458990016742857173e+06 9.996509949037953868e-01 4.070606334567621786e-05
2.458990022323809564e+06 9.996336386242493655e-01 4.070251023516162776e-05
2.458990027904761955e+06 9.996320512875508379e-01 4.069895712464705121e-05
2.458990033485714346e+06 9.996072657726936539e-01 4.069549622503579604e-05
2.458990039066666737e+06 9.995592480420979475e-01 4.069283721686175835e-05
2.458990044647619128e+06 9.994888935427014287e-01 4.069017820868772744e-05
2.458990050228571519e+06 9.994179634538424839e-01 4.068751920051369653e-05
2.458990055809523910e+06 9.993557717604790724e-01 4.068413453752348167e-05
2.458990061390476301e+06 9.993023184626120825e-01 4.067951549375128359e-05
2.458990066971428692e+06 9.992549031842385965e-01 4.067489644997908550e-05
2.458990072552381083e+06 9.991975656801224126e-01 4.067027740620688742e-05
2.458990078133333474e+06 9.991276858408536521e-01 4.066615332692491408e-05
2.458990083714285865e+06 9.990452636664323149e-01 4.066231091943400930e-05
2.458990089295238256e+06 9.989519777043450732e-01 4.065846851194310452e-05
2.458990094876190647e+06 9.988516505656199751e-01 4.065462610445219296e-05
2.458990100457143039e+06 9.987444305572152903e-01 4.065126132780812863e-05
2.458990106038095430e+06 9.986303347962284249e-01 4.064794703284421360e-05
2.458990111619047821e+06 9.985221113969786622e-01 4.064463273788029857e-05
2.458990117200000212e+06 9.984307560127179126e-01 4.064138537404240998e-05
2.458990122780952603e+06 9.983562686434460653e-01 4.063846133876670112e-05
2.458990128361904528e+06 9.982972736555568716e-01 4.063553730373495809e-05
2.458990133942856919e+06 9.982327202957749224e-01 4.063261326845923568e-05
2.458990139523809310e+06 9.981554690787514117e-01 4.063033302437709309e-05
2.458990145104761701e+06 9.980655200044863395e-01 4.062887683154324314e-05
2.458990150685714092e+06 9.979674821948879559e-01 4.062742063870940673e-05
2.458990156266666483e+06 9.978823293639851322e-01 4.062596444587555678e-05
2.458990161847618874e+06 9.978126390485103636e-01 4.062500151083159197e-05
2.458990167428571265e+06 9.977584112484629841e-01 4.062424429054107292e-05
2.458990173009523656e+06 9.977084556058022358e-01 4.062348707025054709e-05
2.458990178590476047e+06 9.976425966510485965e-01 4.062272984996002126e-05
2.458990184171428438e+06 9.975604237532628149e-01 4.062128701497658059e-05
2.458990189752380829e+06 9.974620641513999297e-01 4.061982499733871938e-05
2.458990195333333220e+06 9.973609108772609755e-01 4.061836297970085818e-05
2.458990200914285611e+06 9.972659520754849627e-01 4.061735994916689554e-05
2.458990206495238002e+06 9.971771877460720024e-01 4.061781136894538605e-05
2.458990212076190393e+06 9.970949291298240036e-01 4.061826278872387655e-05
2.458990217657142784e+06 9.970224527225481914e-01 4.061871420850236706e-05
2.458990223238095175e+06 9.969606348120123585e-01 4.061898943405753621e-05
2.458990228819047567e+06 9.969094753982165047e-01 4.061909330914867524e-05
2.458990234399999958e+06 9.968667276184283166e-01 4.061919718423980750e-05
2.458990239980952349e+06 9.968243927108545455e-01 4.061930105933095331e-05
2.458990245561904740e+06 9.967817629262297752e-01 4.062110322319418241e-05
2.458990251142857131e+06 9.967388382645538947e-01 4.062340109553735175e-05
2.458990256723809522e+06 9.966990705490219593e-01 4.062569896788052108e-05
2.458990262304761913e+06 9.966673529181775404e-01 4.062785309104138733e-05
2.458990267885714304e+06 9.966437211421977915e-01 4.062665804209570139e-05
2.458990273466666695e+06 9.966279133551688707e-01 4.062546299315001545e-05
2.458990279047619086e+06 9.966088753843181935e-01 4.062426794420432951e-05
2.458990284628571477e+06 9.965807632132925864e-01 4.062296636400877786e-05
2.458990290209523868e+06 9.965435768420923823e-01 4.062142571195613436e-05
2.458990295790476259e+06 9.964983836156381392e-01 4.061988505990349086e-05
2.458990301371428650e+06 9.964533491781281116e-01 4.061834440785084735e-05
2.458990306952381041e+06 9.964101774711676685e-01 4.061765831839280106e-05
2.458990312533333432e+06 9.963688684947566987e-01 4.061760298306387818e-05
2.458990318114285823e+06 9.963282432577147407e-01 4.061754764773494852e-05
2.458990323695238214e+06 9.962849872696533104e-01 4.061749231240602563e-05
2.458990329276190605e+06 9.962389017011643588e-01 4.061340916332654402e-05
2.458990334857142996e+06 9.961899865522477748e-01 4.060857266141963548e-05
2.458990340438095387e+06 9.961497556026271960e-01 4.060373615951271340e-05
2.458990346019047778e+06 9.961308630890163274e-01 4.059920811373705430e-05
2.458990351600000169e+06 9.961333159855767505e-01 4.059718788883374805e-05
2.458990357180952560e+06 9.961563788917009443e-01 4.059516766393044180e-05
2.458990362761904951e+06 9.961830251107414158e-01 4.059314743902712200e-05
2.458990368342857342e+06 9.962061234846263380e-01 4.059027239438108139e-05
2.458990373923809268e+06 9.962256740118725640e-01 4.058598245055462399e-05
2.458990379504761659e+06 9.962395541336834803e-01 4.058169250637022401e-05
2.458990385085714050e+06 9.962355326339038530e-01 4.057740256218583759e-05
2.458990390666666441e+06 9.962116527558007029e-01 4.057233272713056010e-05
2.458990396247618832e+06 9.961679144993741408e-01 4.056683123048132828e-05
2.458990401828571223e+06 9.961180994099841923e-01 4.056132973383208968e-05
2.458990407409523614e+06 9.960929185232013650e-01 4.055582823718285786e-05
2.458990412990476005e+06 9.960935036381031171e-01 4.055400061282225056e-05
2.458990418571428396e+06 9.961198154522996617e-01 4.055253277044573517e-05
2.458990424152380787e+06 9.961501798707188549e-01 4.055106492806921978e-05
2.458990429733333178e+06 9.961663495249046818e-01 4.054924736342650950e-05
2.458990435314285569e+06 9.961683244148570315e-01 4.054581366064755819e-05
2.458990440895237960e+06 9.961577533565483256e-01 4.054237995786860011e-05
2.458990446476190351e+06 9.961589254436740148e-01 4.053894625508964203e-05
2.458990452057142742e+06 9.961798998334682187e-01 4.053736451449892257e-05
2.458990457638095133e+06 9.962206765259309371e-01 4.053809261094839394e-05
2.458990463219047524e+06 9.962753492989274706e-01 4.053882070739785854e-05
2.458990468799999915e+06 9.963176667917441609e-01 4.053954880384733669e-05
2.458990474380952306e+06 9.963444945258836949e-01 4.053835788604348372e-05
2.458990479961904697e+06 9.963558325013464056e-01 4.053639105487860303e-05
2.458990485542857088e+06 9.963635981010299236e-01 4.053442422371372913e-05
2.458990491123809479e+06 9.963888079180402979e-01 4.053245739254885522e-05
2.458990496704761870e+06 9.964318590929297503e-01 4.053562084224136998e-05
2.458990502285714261e+06 9.964924733948700153e-01 4.053889339300978238e-05
2.458990507866666652e+06 9.965443740556149121e-01 4.054216594377818800e-05
2.458990513447619043e+06 9.965703226779504265e-01 4.054541100064260311e-05
2.458990519028571434e+06 9.965703192618768913e-01 4.054857190995791430e-05
2.458990524609523825e+06 9.965503457504875096e-01 4.055173281927323904e-05
2.458990530190476216e+06 9.965714037234542078e-01 4.055489372858855023e-05
2.458990535771428607e+06 9.966494422870519898e-01 4.055888342719007829e-05
2.458990541352380998e+06 9.967844614412812998e-01 4.056365876899660586e-05
2.458990546933333389e+06 9.969475379588943476e-01 4.056843411080313344e-05
2.458990552514285780e+06 9.970379854559334731e-01 4.057320945260965424e-05
2.458990558095238172e+06 9.970471873840975885e-01 4.057677480733129640e-05
2.458990563676190563e+06 9.969751437433866936e-01 4.057999978913273453e-05
2.458990569257142954e+06 9.968944491641117400e-01 4.058322477093417944e-05
2.458990574838095345e+06 9.969056625062467925e-01 4.058663111483576689e-05
2.458990580419047736e+06 9.970094264376262450e-01 4.059367035130924785e-05
2.458990586000000127e+06 9.972030369675877193e-01 4.060070958778273559e-05
2.458990591580952518e+06 9.973795890692083166e-01 4.060774882425622332e-05
2.458990597161904909e+06 9.974837911039731164e-01 4.061505991340638597e-05
2.458990602742857300e+06 9.975156430718824518e-01 4.062296315748992615e-05
2.458990608323809691e+06 9.974849777630693248e-01 4.063086640157345956e-05
2.458990613904762082e+06 9.974649579765779706e-01 4.063876964565699975e-05
2.458990619485714007e+06 9.974704889378787076e-01 4.064650177135218712e-05
2.458990625066666398e+06 9.975015706478947974e-01 4.065411086447671154e-05
2.458990630647618789e+06 9.975530365196316751e-01 4.066171995760124274e-05
2.458990636228571180e+06 9.976106750558492164e-01 4.066932905072576717e-05
2.458990641809523571e+06 9.976736676336194209e-01 4.067593693823969974e-05
2.458990647390475962e+06 9.977420142529422886e-01 4.068236651514244224e-05
2.458990652971428353e+06 9.978094362247234006e-01 4.068879609204519829e-05
2.458990658552380744e+06 9.978692022182839017e-01 4.069511257143284335e-05
2.458990664133333135e+06 9.979213102123161150e-01 4.070056649923701266e-05
2.458990669714285526e+06 9.979657766836171895e-01 4.070602042704118197e-05
2.458990675295237917e+06 9.980029655315166837e-01 4.071147435484535128e-05
2.458990680876190308e+06 9.980330258935454779e-01 4.071626680148817757e-05
2.458990686457142700e+06 9.980559577697032392e-01 4.071999368443089597e-05
2.458990692038095091e+06 9.980722047776958705e-01 4.072372056737361438e-05
2.458990697619047482e+06 9.980842597904183711e-01 4.072744745031633957e-05
2.458990703199999873e+06 9.980925113635492618e-01 4.073072813138001712e-05
2.458990708780952264e+06 9.980969594970887648e-01 4.073376866208505015e-05
2.458990714361904655e+06 9.980979955608991760e-01 4.073680919279007640e-05
2.458990719942857046e+06 9.980964729445808148e-01 4.073984972349510943e-05
2.458990725523809437e+06 9.980924214774267167e-01 4.074078799003180641e-05
2.458990731104761828e+06 9.980858452661862668e-01 4.074153647318185878e-05
2.458990736685714219e+06 9.980784927318470112e-01 4.074228495633191793e-05
2.458990742266666610e+06 9.980718009032994997e-01 4.074242872364094292e-05
2.458990747847619001e+06 9.980657697805433992e-01 4.073989591884866180e-05
2.458990753428571392e+06 9.980611418413274372e-01 4.073736311405638067e-05
2.458990759009523783e+06 9.980684538765171032e-01 4.073483030926410632e-05
2.458990764590476174e+06 9.980911260276309482e-01 4.073171162763458686e-05
2.458990770171428565e+06 9.981291582946691943e-01 4.072788086960072942e-05
2.458990775752380956e+06 9.981749603468609289e-01 4.072405011156686520e-05
2.458990781333333347e+06 9.981955754214163479e-01 4.072021935353300776e-05
2.458990786914285738e+06 9.981871815265789261e-01 4.071698634877782188e-05
2.458990792495238129e+06 9.981497786623483304e-01 4.071398756220126746e-05
2.458990798076190520e+06 9.980905318486541500e-01 4.071098877562471304e-05
2.458990803657142911e+06 9.980217997615917769e-01 4.070798998904815862e-05
2.458990809238095302e+06 9.979437985195604988e-01 4.070560546023439547e-05
2.458990814819047693e+06 9.978569245509414376e-01 4.070322992421858692e-05
2.458990820400000084e+06 9.977949802086439890e-01 4.070085438820277837e-05
2.458990825980952475e+06 9.977796449633662412e-01 4.069839619109893948e-05
2.458990831561904866e+06 9.978109188151081943e-01 4.069569349713891539e-05
2.458990837142857257e+06 9.978815160998135703e-01 4.069299080317889130e-05
2.458990842723809648e+06 9.979194341147544778e-01 4.069028810921886043e-05
2.458990848304762039e+06 9.979062710981333462e-01 4.068743606025160628e-05
2.458990853885714430e+06 9.978420270499499534e-01 4.068444601089927994e-05
2.458990859466666821e+06 9.977420957505870325e-01 4.068145596154695360e-05
2.458990865047619212e+06 9.976588830342778547e-01 4.067846591219462726e-05
2.458990870628571138e+06 9.975967241531726870e-01 4.067620765071266629e-05
2.458990876209523529e+06 9.975556190968989378e-01 4.067414762315829646e-05
2.458990881790475920e+06 9.975242096538509129e-01 4.067208759560392664e-05
2.458990887371428311e+06 9.974871232352877648e-01 4.067004935297252989e-05
2.458990892952380702e+06 9.974442748792871072e-01 4.066839317624879892e-05
2.458990898533333093e+06 9.973955836460667301e-01 4.066673699952506795e-05
2.458990904114285484e+06 9.973380454631789460e-01 4.066508082280133020e-05
2.458990909695237875e+06 9.972701402511862101e-01 4.066325728453912589e-05
2.458990915276190266e+06 9.971918680100881893e-01 4.066107979080624827e-05
2.458990920857142657e+06 9.971049443414361502e-01 4.065890229707336387e-05
2.458990926438095048e+06 9.970217882323455516e-01 4.065672480334048624e-05
2.458990932019047439e+06 9.969448694110418785e-01 4.065416191642875181e-05
2.458990937599999830e+06 9.968741878775253529e-01 4.065132913584267943e-05
2.458990943180952221e+06 9.968135353969951318e-01 4.064849635525660029e-05
2.458990948761904612e+06 9.967731171040115079e-01 4.064566357467052791e-05
2.458990954342857003e+06 9.967534969741546069e-01 4.064375900854390604e-05
2.458990959923809394e+06 9.967546750074237627e-01 4.064201157710423313e-05
2.458990965504761785e+06 9.967499777041443076e-01 4.064026414566456022e-05
2.458990971085714176e+06 9.967115161734656503e-01 4.063828635326367133e-05
2.458990976666666567e+06 9.966392869737190630e-01 4.063465557896897725e-05
2.458990982247618958e+06 9.965338474370266653e-01 4.063102480467427639e-05
2.458990987828571349e+06 9.964069528435547385e-01 4.062739403037958231e-05
2.458990993409523740e+06 9.962633174384152301e-01 4.062297354011867000e-05
2.458990998990476131e+06 9.961029412216082513e-01 4.061731477451338107e-05
2.458991004571428522e+06 9.959314306388189486e-01 4.061165600890808536e-05
2.458991010152380913e+06 9.957795145054625374e-01 4.060599724330280321e-05
2.458991015733333305e+06 9.956518581191278194e-01 4.060139644232638824e-05
2.458991021314285696e+06 9.955484614798145726e-01 4.059734919695305545e-05
2.458991026895238087e+06 9.954667225225796168e-01 4.059330195157972944e-05
2.458991032476190478e+06 9.954010894600932025e-01 4.058925470620639665e-05
2.458991038057142869e+06 9.953513785310691420e-01 4.058662860443116297e-05
2.458991043638095260e+06 9.953175529933911969e-01 4.058412006946392312e-05
2.458991049219047651e+06 9.952871470637499884e-01 4.058161153449667648e-05
2.458991054800000042e+06 9.952501567909335378e-01 4.057863242957393041e-05
2.458991060380952433e+06 9.952065821749415120e-01 4.057365613304061270e-05
2.458991065961904824e+06 9.951549349560204760e-01 4.056867983650729498e-05
2.458991071542857215e+06 9.950748547523781129e-01 4.056370353997398404e-05
2.458991077123809606e+06 9.949598767472817018e-01 4.055884101256609377e-05
2.458991082704761997e+06 9.948100009407313538e-01 4.055411323962086463e-05
2.458991088285714388e+06 9.946329093448960101e-01 4.054938546667563549e-05
2.458991093866666779e+06 9.944611897498808473e-01 4.054465769373039957e-05
2.458991099447619170e+06 9.942985113727231816e-01 4.054048373534071225e-05
2.458991105028571561e+06 9.941448742134227912e-01 4.053651997835839150e-05
2.458991110609523952e+06 9.939963383605543434e-01 4.053255622137606399e-05
2.458991116190475877e+06 9.938462574762869650e-01 4.052859246472447234e-05
2.458991121771428268e+06 9.936945243603820810e-01 4.052378897533663989e-05
2.458991127352380659e+06 9.935413777490906817e-01 4.051897868479380422e-05
2.458991132933333050e+06 9.934052980048067027e-01 4.051416839425096177e-05
2.458991138514285441e+06 9.932978736883459892e-01 4.050975697185600763e-05
2.458991144095237833e+06 9.932191047997085409e-01 4.050648636260497667e-05
2.458991149676190224e+06 9.931644773546838278e-01 4.050321575335395926e-05
2.458991155257142615e+06 9.930907391451533339e-01 4.049994514410293507e-05
2.458991160838095006e+06 9.929870860501208707e-01 4.049748004406479021e-05
2.458991166419047397e+06 9.928535180695862161e-01 4.049574037894819049e-05
2.458991171999999788e+06 9.926954355683080822e-01 4.049400071383158400e-05
2.458991177580952179e+06 9.925308189046176954e-01 4.049226104871497751e-05
2.458991183161904570e+06 9.923611050888123675e-01 4.049069927172042324e-05
2.458991188742856961e+06 9.921862941208920983e-01 4.048918386031025515e-05
2.458991194323809352e+06 9.920156899925853811e-01 4.048766844890009384e-05
2.458991199904761743e+06 9.918615944912322346e-01 4.048619667648392835e-05
2.458991205485714134e+06 9.917240656704304769e-01 4.048540450754690702e-05
2.458991211066666525e+06 9.916024945028928395e-01 4.048461233860987891e-05
2.458991216647618916e+06 9.914756153529491467e-01 4.048382016967285758e-05
2.458991222228571307e+06 9.913329002446240601e-01 4.048270377490202643e-05
2.458991227809523698e+06 9.911743491779171356e-01 4.048092139483355762e-05
2.458991233390476089e+06 9.910051567817893536e-01 4.047913901476509559e-05
2.458991238971428480e+06 9.908619165352513525e-01 4.047735663469663356e-05
2.458991244552380871e+06 9.907517309002691341e-01 4.047553154468731546e-05
2.458991250133333262e+06 9.906745998768428096e-01 4.047367732572932747e-05
2.458991255714285653e+06 9.906209580915205093e-01 4.047182310677133947e-05
2.458991261295238044e+06 9.905656154070222597e-01 4.046996888781335147e-05
2.458991266876190435e+06 9.905072374786869638e-01 4.047132246875331183e-05
2.458991272457142826e+06 9.904458243065142886e-01 4.047319124964028722e-05
2.458991278038095217e+06 9.903740514591944377e-01 4.047506003052726262e-05
2.458991283619047608e+06 9.902844519464811812e-01 4.047634354060408935e-05
2.458991289199999999e+06 9.901770255953765698e-01 4.047366511646529827e-05
2.458991294780952390e+06 9.900525475835794120e-01 4.047098669232651396e-05
2.458991300361904781e+06 9.899266498014374083e-01 4.046830826818772966e-05
2.458991305942857172e+06 9.898054664726139151e-01 4.046535818374168592e-05
2.458991311523809563e+06 9.896889975971084885e-01 4.046199340734986800e-05
2.458991317104761954e+06 9.895789864931509028e-01 4.045862863095804331e-05
2.458991322685714345e+06 9.894847546150357109e-01 4.045526385456622539e-05
2.458991328266666736e+06 9.894076800870252875e-01 4.045170666080201416e-05
2.458991333847619127e+06 9.893477629091192993e-01 4.044805161662566991e-05
2.458991339428571519e+06 9.892969314143642556e-01 4.044439657244931888e-05
2.458991345009523910e+06 9.892383347363288282e-01 4.044074152827298140e-05
2.458991350590476301e+06 9.891714456106787123e-01 4.043573856038632571e-05
2.458991356171428692e+06 9.890962790933142124e-01 4.043063411887790130e-05
2.458991361752380617e+06 9.890170086964618079e-01 4.042552967779537861e-05
2.458991367333333008e+06 9.889369052091487866e-01 4.042039232816190382e-05
2.458991372914285399e+06 9.888559686379543301e-01 4.041512090986773515e-05
2.458991378495237790e+06 9.887754955974500382e-01 4.040984949157357326e-05
2.458991384076190181e+06 9.887125974361098413e-01 4.040457807327939782e-05
2.458991389657142572e+06 9.886725886822418374e-01 4.039962659444314472e-05
2.458991395238094963e+06 9.886554693358460266e-01 4.039504444078780986e-05
2.458991400819047354e+06 9.886489221842791331e-01 4.039046228713246822e-05
2.458991406399999745e+06 9.886018919633492441e-01 4.038588013347712657e-05
2.458991411980952136e+06 9.885087995248734716e-01 4.038109068563422557e-05
2.458991417561904527e+06 9.883696448688519265e-01 4.037622505976123374e-05
2.458991423142856918e+06 9.882204914774531668e-01 4.037135943388823513e-05
2.458991428723809309e+06 9.881208334248849923e-01 4.036649380801522974e-05
2.458991434304761700e+06 9.880715519253463475e-01 4.036488373921014969e-05
2.458991439885714091e+06 9.880722610131166261e-01 4.036327901463551926e-05
2.458991445466666482e+06 9.880956981570149233e-01 4.036167429006088205e-05
2.458991451047618873e+06 9.881251470459531117e-01 4.036009713956046046e-05
2.458991456628571264e+06 9.881606076799311911e-01 4.035859629007927977e-05
2.458991462209523655e+06 9.881994227382931983e-01 4.035709544059811263e-05
2.458991467790476047e+06 9.882168954238076397e-01 4.035559459111693194e-05
2.458991473371428438e+06 9.882069967421035495e-01 4.035458798816223550e-05
2.458991478952380829e+06 9.881697266931810386e-01 4.035401521895532118e-05
2.458991484533333220e+06 9.881165250010632839e-01 4.035344244974840009e-05
2.458991490114285611e+06 9.880846445866604544e-01 4.035286968054148577e-05
2.458991495695238002e+06 9.880769601597803042e-01 4.035391081184331653e-05
2.458991501276190393e+06 9.880934717204225004e-01 4.035535632599432750e-05
2.458991506857142784e+06 9.881279522967185702e-01 4.035680184014533848e-05
2.458991512438095175e+06 9.881723596675738852e-01 4.035828272652790114e-05
2.458991518019047566e+06 9.882266619127553220e-01 4.036025829493829415e-05
2.458991523599999957e+06 9.882903155483439006e-01 4.036223386334868038e-05
2.458991529180952348e+06 9.883454311320304386e-01 4.036420943175907339e-05
2.458991534761904739e+06 9.883833432636190963e-01 4.036690153446558985e-05
2.458991540342857130e+06 9.884040519431096516e-01 4.037102353116486748e-05
2.458991545923809521e+06 9.884137793478661171e-01 4.037514552786413156e-05
2.458991551504761912e+06 9.884551922453652661e-01 4.037926752456340919e-05
2.458991557085714303e+06 9.885363715754569292e-01 4.038522363552187849e-05
2.458991562666666694e+06 9.886573173381411062e-01 4.039239781253733551e-05
2.458991568247619085e+06 9.887988285169518887e-01 4.039957198955278575e-05
2.458991573828571476e+06 9.889114271360951447e-01 4.040674616656824276e-05
2.458991579409523867e+06 9.889926034954765743e-01 4.041302038022407306e-05
2.458991584990476258e+06 9.890423576529480121e-01 4.041915774789548257e-05
2.458991590571428649e+06 9.890845678595269197e-01 4.042529511556688530e-05
2.458991596152381040e+06 9.891429641020554886e-01 4.043147419202359864e-05
2.458991601733333431e+06 9.892175463805338298e-01 4.043792027258958429e-05
2.458991607314285822e+06 9.893082303736832062e-01 4.044436635315556316e-05
2.458991612895237748e+06 9.894133886702914937e-01 4.045081243318370321e-05
2.458991618476190139e+06 9.895323963949053114e-01 4.045791993989107167e-05
2.458991624057142530e+06 9.896652535393278827e-01 4.046601054763759430e-05
2.458991629638094921e+06 9.898072986702096676e-01 4.047410115538411694e-05
2.458991635219047312e+06 9.899342123166952057e-01 4.048219176313063957e-05
2.458991640799999703e+06 9.900424940867459389e-01 4.048868659745357042e-05
2.458991646380952094e+06 9.901321439803615343e-01 4.049439293215444032e-05
2.458991651961904485e+06 9.902102572849478257e-01 4.050009926685531022e-05
2.458991657542856876e+06 9.902913270882108820e-01 4.050580560155618012e-05
2.458991663123809267e+06 9.903757813084657080e-01 4.051287731067514428e-05
2.458991668704761658e+06 9.904636914478589516e-01 4.052004177973793852e-05
2.458991674285714049e+06 9.905715805330764789e-01 4.052720624880073276e-05
2.458991679866666440e+06 9.907120962273179288e-01 4.053434503831067570e-05
2.458991685447618831e+06 9.908852385305834121e-01 4.054138330398889445e-05
2.458991691028571222e+06 9.910873022390372933e-01 4.054842156966711320e-05
2.458991696609523613e+06 9.912710895203045158e-01 4.055545983534533872e-05
2.458991702190476004e+06 9.914222624682357266e-01 4.056065982648593437e-05
2.458991707771428395e+06 9.915408210828312585e-01 4.056379161201392687e-05
2.458991713352380786e+06 9.916367505970541396e-01 4.056692339754191937e-05
2.458991718933333177e+06 9.917504978223623535e-01 4.057005518306991187e-05
2.458991724514285568e+06 9.918863507085372566e-01 4.057326216123096241e-05
2.458991730095237959e+06 9.920443092555787379e-01 4.057649588026188023e-05
2.458991735676190350e+06 9.922123246575951239e-01 4.057972959929279127e-05
2.458991741257142741e+06 9.923709601650548828e-01 4.058295387051927928e-05
2.458991746838095132e+06 9.925199524714972688e-01 4.058420134246392433e-05
2.458991752419047523e+06 9.926593189458344790e-01 4.058544881440856938e-05
2.458991757999999914e+06 9.927901840689101753e-01 4.058669628635321443e-05
2.458991763580952305e+06 9.929132220851529800e-01 4.058745710747078104e-05
2.458991769161904696e+06 9.930284329945627819e-01 4.058691443291711050e-05
2.458991774742857087e+06 9.931390539942880347e-01 4.058637175836343319e-05
2.458991780323809478e+06 9.932742786668854462e-01 4.058582908380976265e-05
2.458991785904761869e+06 9.934410711153675022e-01 4.058559248305154427e-05
2.458991791485714260e+06 9.936394313397337585e-01 4.058561772372845666e-05
2.458991797066666652e+06 9.938590893765451018e-01 4.058564296440536905e-05
2.458991802647619043e+06 9.940673330181897249e-01 4.058566820508228821e-05
2.458991808228571434e+06 9.942617264226903950e-01 4.058588985218381260e-05
2.458991813809523825e+06 9.944422695900471121e-01 4.058615876247248896e-05
2.458991819390476216e+06 9.946164531358976379e-01 4.058642767276115853e-05
2.458991824971428607e+06 9.947937253181191597e-01 4.058671930084150589e-05
2.458991830552380998e+06 9.949741171092664205e-01 4.058729886562824579e-05
2.458991836133333389e+06 9.951570286303746959e-01 4.058787843041497214e-05
2.458991841714285780e+06 9.953238107515512967e-01 4.058845799520170527e-05
2.458991847295238171e+06 9.954656247783260081e-01 4.058926479663057971e-05
2.458991852876190562e+06 9.955824707106986082e-01 4.059051226854734043e-05
2.458991858457142487e+06 9.956810627306237338e-01 4.059175974036002452e-05
2.458991864038094878e+06 9.958062293327850645e-01 4.059300721227677847e-05
2.458991869619047269e+06 9.959662540346918558e-01 4.059439028722298872e-05
2.458991875199999660e+06 9.961611368363442187e-01 4.059586104205091886e-05
2.458991880780952051e+06 9.963689945514124791e-01 4.059733179687884900e-05
2.458991886361904442e+06 9.965346494415519008e-01 4.059880255170677913e-05
2.458991891942856833e+06 9.966554241813720960e-01 4.059986075521154807e-05
2.458991897523809224e+06 9.967313209728662082e-01 4.060085970354022022e-05
2.458991903104761615e+06 9.967976904618127687e-01 4.060185865186889236e-05
2.458991908685714006e+06 9.968887825973701267e-01 4.060303047835235607e-05
2.458991914266666397e+06 9.970045973795380601e-01 4.060525117254806012e-05
2.458991919847618788e+06 9.971451348083172350e-01 4.060747186674376418e-05
2.458991925428571180e+06 9.973103948837067634e-01 4.060969256093947501e-05
2.458991931009523571e+06 9.974972823093392060e-01 4.061191325513517907e-05
2.458991936590475962e+06 9.976782963423240780e-01 4.061413394933088313e-05
2.458991942171428353e+06 9.978469522819328752e-01 4.061635464352658718e-05
2.458991947752380744e+06 9.980032501281652646e-01 4.061857533772229124e-05
2.458991953333333135e+06 9.981471898810216903e-01 4.062117156544580620e-05
2.458991958914285526e+06 9.982787715405019302e-01 4.062394803990645342e-05
2.458991964495237917e+06 9.983921784874147942e-01 4.062672451436710063e-05
2.458991970076190308e+06 9.984757860894085679e-01 4.062950098882775463e-05
2.458991975657142699e+06 9.985292711053987968e-01 4.063069408697709780e-05
2.458991981238095090e+06 9.985528493665897232e-01 4.063179108565215616e-05
2.458991986819047481e+06 9.985887924391592119e-01 4.063288808432720774e-05
2.458991992399999872e+06 9.986687084579333185e-01 4.063418006590708133e-05
2.458991997980952263e+06 9.987925974229117099e-01 4.063620611562713820e-05
2.458992003561904654e+06 9.989551684555794120e-01 4.063823216534720185e-05
2.458992009142857045e+06 9.990913285276625810e-01 4.064025821506726550e-05
2.458992014723809436e+06 9.991817377834107949e-01 4.064133457683562347e-05
2.458992020304761827e+06 9.992263962228239427e-01 4.064136952546519864e-05
2.458992025885714218e+06 9.992393738229440325e-01 4.064140447409476703e-05
2.458992031466666609e+06 9.992763718200459166e-01 4.064143942272434898e-05
2.458992037047619000e+06 9.993431167281360272e-01 4.064196699986177564e-05
2.458992042628571391e+06 9.994396085472146973e-01 4.064266403086274102e-05
2.458992048209523782e+06 9.995372662285197940e-01 4.064336106186369285e-05
2.458992053790476173e+06 9.995910087228701002e-01 4.064403149197959612e-05
2.458992059371428564e+06 9.996002801240142510e-01 4.064234327897435316e-05
2.458992064952380955e+06 9.995661107818248903e-01 4.064065506596911020e-05
2.458992070533333346e+06 9.995498914515695832e-01 4.063896685296386723e-05
2.458992076114285737e+06 9.995876213330981974e-01 4.063733077299369579e-05
2.458992081695238128e+06 9.996793004264111770e-01 4.063582992351252865e-05
2.458992087276190519e+06 9.998152558844418669e-01 4.063432907403134796e-05
2.458992092857142910e+06 9.999108115955750442e-01 4.063282822455017404e-05
2.458992098438095301e+06 9.999462314935626539e-01 4.063108331616247247e-05
2.458992104019047227e+06 9.999215155829755952e-01 4.062913493022626008e-05
2.458992109599999618e+06 9.998524173929302927e-01 4.062718654412747157e-05
2.458992115180952009e+06 9.997880209726558443e-01 4.062523815802868984e-05
2.458992120761904400e+06 9.997318509035498790e-01 4.062438607118815077e-05
2.458992126342856791e+06 9.996839071856127301e-01 4.062378709049566518e-05
2.458992131923809182e+06 9.996527965735224619e-01 4.062318810980317959e-05
2.458992137504761573e+06 9.996491199191076538e-01 4.062266648548732871e-05
2.458992143085713964e+06 9.996729052909359980e-01 4.062304024166472379e-05
2.458992148666666355e+06 9.997232781955726066e-01 4.062341399784212564e-05
2.458992154247618746e+06 9.997745168662739434e-01 4.062378775401951394e-05
2.458992159828571137e+06 9.998146929942349770e-01 4.062476484504708792e-05
2.458992165409523528e+06 9.998438065794558183e-01 4.062687923713635170e-05
2.458992170990475919e+06 9.998627137260036601e-01 4.062899362922561548e-05
2.458992176571428310e+06 9.998769813002400531e-01 4.063110802131487926e-05
2.458992182152380701e+06 9.998876127162817928e-01 4.063181933439392152e-05
2.458992187733333092e+06 9.998946079741287685e-01 4.063164750362800373e-05
2.458992193314285483e+06 9.998902451956579451e-01 4.063147567286208594e-05
2.458992198895237874e+06 9.998554721286667668e-01 4.063130384209617493e-05
2.458992204476190265e+06 9.997894054067094638e-01 4.063125941825243450e-05
2.458992210057142656e+06 9.996920505522157718e-01 4.063123223598499092e-05
2.458992215638095047e+06 9.995909835026471901e-01 4.063120505371754055e-05
2.458992221219047438e+06 9.995122574292170103e-01 4.063117112331359642e-05
2.458992226799999829e+06 9.994558723319248994e-01 4.063109831366863912e-05
