2.458821000000000000e+06 9.956295689504798263e-01 4.069333613463195401e-05
2.458821005580952391e+06 9.956006461103857896e-01 4.069273141329274768e-05
2.458821011161904782e+06 9.955483689182746954e-01 4.069148763361984462e-05
2.458821016742857173e+06 9.954727373741468766e-01 4.068862709797458244e-05
2.458821022323809564e+06 9.953791561784954833e-01 4.068576656232932026e-05
2.458821027904761955e+06 9.953138604836515579e-01 4.068290602668405808e-05
2.458821033485714346e+06 9.952874315288529061e-01 4.068205449790882495e-05
2.458821039066666737e+06 9.952998693140996389e-01 4.068284461533919021e-05
2.458821044647619128e+06 9.953306896577743812e-01 4.068363473276955547e-05
2.458821050228571519e+06 9.953171447639462821e-01 4.068442485019992073e-05
2.458821055809523910e+06 9.952548555327410673e-01 4.068267781982410063e-05
2.458821061390476301e+06 9.951438219641588478e-01 4.068036376593001330e-05
2.458821066971428692e+06 9.950286904597971382e-01 4.067804971203592597e-05
2.458821072552381083e+06 9.949634588731853801e-01 4.067585168273141921e-05
2.458821078133333474e+06 9.949482465201231474e-01 4.067491305432723096e-05
2.458821083714285865e+06 9.949808811986371460e-01 4.067397442592304271e-05
2.458821089295238256e+06 9.950000026724359348e-01 4.067303579751885447e-05
2.458821094876190647e+06 9.949776156050788023e-01 4.067217390908889113e-05
2.458821100457143039e+06 9.949137199965655265e-01 4.067145367922755830e-05
2.458821106038095430e+06 9.948174208673369323e-01 4.067073344936622547e-05
2.458821111619047821e+06 9.947467893635556502e-01 4.067001321950489265e-05
2.458821117200000212e+06 9.947121011032072913e-01 4.067102381813090270e-05
2.458821122780952603e+06 9.947133560862920776e-01 4.067310248683587347e-05
2.458821128361904528e+06 9.947505543082065804e-01 4.067518115536741254e-05
2.458821133942856919e+06 9.948236957751583898e-01 4.067725982407239009e-05
2.458821139523809310e+06 9.949094081896014963e-01 4.067933849277736763e-05
2.458821145104761701e+06 9.949718292057617708e-01 4.068141716148234517e-05
2.458821150685714092e+06 9.950105673968615561e-01 4.068349583018732272e-05
2.458821156266666483e+06 9.950256227629007411e-01 4.068548150334143799e-05
2.458821161847618874e+06 9.950169953038795478e-01 4.068695011211114821e-05
2.458821167428571265e+06 9.949866843845963649e-01 4.068841872088085844e-05
2.458821173009523656e+06 9.949691278441715747e-01 4.068988732965056867e-05
2.458821178590476047e+06 9.949767932733211140e-01 4.069068291927593060e-05
2.458821184171428438e+06 9.950096806720448717e-01 4.069054702685837938e-05
2.458821189752380829e+06 9.950600861167865352e-01 4.069041113444082138e-05
2.458821195333333220e+06 9.950903585519494943e-01 4.069027524202326339e-05
2.458821200914285611e+06 9.950954630570254533e-01 4.068983416775154565e-05
2.458821206495238002e+06 9.950753996320140793e-01 4.068925371302251109e-05
2.458821212076190393e+06 9.950494465720296500e-01 4.068867325829348330e-05
2.458821217657142784e+06 9.950547400303479950e-01 4.068809280356444874e-05
2.458821223238095175e+06 9.950922091053014951e-01 4.068945316764971648e-05
2.458821228819047567e+06 9.951616465539051548e-01 4.069090818711262284e-05
2.458821234399999958e+06 9.952313270472888940e-01 4.069236320657553598e-05
2.458821239980952349e+06 9.952784311580756826e-01 4.069380516915918833e-05
2.458821245561904740e+06 9.953029588862654098e-01 4.069520097835709424e-05
2.458821251142857131e+06 9.953075611377603105e-01 4.069659678755500692e-05
2.458821256723809522e+06 9.953230623452045123e-01 4.069799259675291282e-05
2.458821262304761913e+06 9.953582882184128788e-01 4.069880159718179577e-05
2.458821267885714304e+06 9.954132387573854102e-01 4.069899378786944280e-05
2.458821273466666695e+06 9.954838865812097870e-01 4.069918597855708305e-05
2.458821279047619086e+06 9.955548750463663055e-01 4.069937816924473008e-05
2.458821284628571477e+06 9.956247046610586793e-01 4.070016361879913273e-05
2.458821290209523868e+06 9.956933754252871305e-01 4.070114204411804705e-05
2.458821295790476259e+06 9.957553857961279897e-01 4.070212046943695459e-05
2.458821301371428650e+06 9.958023731461912442e-01 4.070310004666524055e-05
2.458821306952381041e+06 9.958342500758201599e-01 4.070413185826320850e-05
2.458821312533333432e+06 9.958514840949783675e-01 4.070516366986118322e-05
2.458821318114285823e+06 9.958786067518726748e-01 4.070619548145915795e-05
2.458821323695238214e+06 9.959294940978801192e-01 4.070735895379466826e-05
2.458821329276190605e+06 9.960041461330005896e-01 4.070884697560058662e-05
2.458821334857142996e+06 9.960981528048887812e-01 4.071033499740650497e-05
2.458821340438095387e+06 9.961746873881830444e-01 4.071182301921242333e-05
2.458821346019047778e+06 9.962254838902517839e-01 4.071292381309533627e-05
2.458821351600000169e+06 9.962505423110947778e-01 4.071371490099143405e-05
2.458821357180952560e+06 9.962653085595668534e-01 4.071450598888753182e-05
2.458821362761904951e+06 9.963162432250713962e-01 4.071529707678362960e-05
2.458821368342857342e+06 9.964064895939021005e-01 4.071698807409661650e-05
2.458821373923809268e+06 9.965360476536092582e-01 4.071887309560791578e-05
2.458821379504761659e+06 9.966621652092653161e-01 4.072075811727647859e-05
2.458821385085714050e+06 9.967341566873795244e-01 4.072250598734864635e-05
2.458821390666666441e+06 9.967519321523882203e-01 4.072286124889894698e-05
2.458821396247618832e+06 9.967175917821156084e-01 4.072321651044925439e-05
2.458821401828571223e+06 9.966879268225548039e-01 4.072357177199956857e-05
2.458821407409523614e+06 9.966883856193674562e-01 4.072482787289556075e-05
2.458821412990476005e+06 9.967189681725535655e-01 4.072770879163256923e-05
2.458821418571428396e+06 9.967781024152444491e-01 4.073058971036957093e-05
2.458821424152380787e+06 9.968559756935734262e-01 4.073347062910657941e-05
2.458821429733333178e+06 9.969508875090424826e-01 4.073513046508698491e-05
2.458821435314285569e+06 9.970628378616515075e-01 4.073605356268053361e-05
2.458821440895237960e+06 9.971695432154115135e-01 4.073697666027408231e-05
2.458821446476190351e+06 9.972178483331187726e-01 4.073789975786763101e-05
2.458821452057142742e+06 9.972054621393876550e-01 4.073578471941268191e-05
2.458821457638095133e+06 9.971324124620100093e-01 4.073329691806738080e-05
2.458821463219047524e+06 9.970483645466876599e-01 4.073080911672207291e-05
2.458821468799999915e+06 9.969984720171981563e-01 4.072883651576906188e-05
2.458821474380952306e+06 9.969827348735416095e-01 4.072961498500691867e-05
2.458821479961904697e+06 9.970011531157179085e-01 4.073039345424478224e-05
2.458821485542857088e+06 9.970537267437270534e-01 4.073117192348263904e-05
2.458821491123809479e+06 9.971357496024355616e-01 4.073195039272050261e-05
2.458821496704761870e+06 9.972083893265932808e-01 4.073272886195836618e-05
2.458821502285714261e+06 9.972630140884132244e-01 4.073350733119622974e-05
2.458821507866666652e+06 9.972996238878951702e-01 4.073428580043408654e-05
2.458821513447619043e+06 9.973182187250396735e-01 4.073473591815249376e-05
2.458821519028571434e+06 9.973187985998460681e-01 4.073503973469025136e-05
2.458821524609523825e+06 9.973097480636589074e-01 4.073534355122800218e-05
2.458821530190476216e+06 9.973069277500485885e-01 4.073564736776576656e-05
2.458821535771428607e+06 9.973107134548185870e-01 4.073601539986208109e-05
2.458821541352380998e+06 9.973210259704349268e-01 4.073638619193053063e-05
2.458821546933333389e+06 9.973270101763650475e-01 4.073675698399897339e-05
2.458821552514285780e+06 9.973210059074607559e-01 4.073683253359421938e-05
2.458821558095238172e+06 9.973030131637218298e-01 4.073589584684539084e-05
2.458821563676190563e+06 9.972748898917863647e-01 4.073495916009656231e-05
2.458821569257142954e+06 9.972576519748110879e-01 4.073402247334773378e-05
2.458821574838095345e+06 9.972572062183423514e-01 4.073361629884354696e-05
2.458821580419047736e+06 9.972735526223804881e-01 4.073375607385786371e-05
2.458821586000000127e+06 9.972968937845437809e-01 4.073389584887218045e-05
2.458821591580952518e+06 9.972905656374276839e-01 4.073403562388649719e-05
2.458821597161904909e+06 9.972510812200312547e-01 4.073413114562804866e-05
2.458821602742857300e+06 9.971784405323546041e-01 4.073421268105306676e-05
2.458821608323809691e+06 9.970933403917903171e-01 4.073429421647808485e-05
2.458821613904762082e+06 9.970266550108637382e-01 4.073434315270747541e-05
2.458821619485714007e+06 9.969786793151583781e-01 4.073321136347516150e-05
2.458821625066666398e+06 9.969491802632388655e-01 4.073207957414841357e-05
2.458821630647618789e+06 9.969266577342484892e-01 4.073094778482167920e-05
2.458821636228571180e+06 9.969047246430955411e-01 4.073006873924227609e-05
2.458821641809523571e+06 9.968833809897799103e-01 4.072979695450436560e-05
2.458821647390475962e+06 9.968624256536995354e-01 4.072952516976645511e-05
2.458821652971428353e+06 9.968402187104019596e-01 4.072925338502854462e-05
2.458821658552380744e+06 9.968163991620191400e-01 4.072843987425828151e-05
2.458821664133333135e+06 9.967909670085515206e-01 4.072720228304101017e-05
2.458821669714285526e+06 9.967636100107134522e-01 4.072596469182373206e-05
2.458821675295237917e+06 9.967334058448419354e-01 4.072472710060645395e-05
2.458821680876190308e+06 9.967002940445117698e-01 4.072319377260258757e-05
2.458821686457142700e+06 9.966642746097224004e-01 4.072159897865820918e-05
2.458821692038095091e+06 9.966207692019782849e-01 4.072000418471382401e-05
2.458821697619047482e+06 9.965644575034691144e-01 4.071864641921116025e-05
2.458821703199999873e+06 9.964953321472302950e-01 4.071954816212500634e-05
2.458821708780952264e+06 9.964136047910027161e-01 4.072044990503885243e-05
2.458821714361904655e+06 9.963247605806224705e-01 4.072135164795269853e-05
2.458821719942857046e+06 9.962312136922036876e-01 4.072097310204079681e-05
2.458821725523809437e+06 9.961329641257465894e-01 4.071833776091954662e-05
2.458821731104761828e+06 9.960315710837460701e-01 4.071570241979829643e-05
2.458821736685714219e+06 9.959365613334650869e-01 4.071306707867703947e-05
2.458821742266666610e+06 9.958495516089160837e-01 4.071137774729744857e-05
2.458821747847619001e+06 9.957705419100988387e-01 4.071024644341439679e-05
2.458821753428571392e+06 9.956995322370132406e-01 4.070911513953133823e-05
2.458821759009523783e+06 9.956365225896595117e-01 4.070798383564828646e-05
2.458821764590476174e+06 9.955750429095898690e-01 4.070685253176522790e-05
2.458821770171428565e+06 9.955055319727870167e-01 4.070572122788216935e-05
2.458821775752380956e+06 9.954279026086166882e-01 4.070458992399911757e-05
2.458821781333333347e+06 9.953421548170789945e-01 4.070327309027976651e-05
2.458821786914285738e+06 9.952482885981737137e-01 4.070100368792110509e-05
2.458821792495238129e+06 9.951465619918880012e-01 4.069873428556243690e-05
2.458821798076190520e+06 9.950411340071368960e-01 4.069646488320378226e-05
2.458821803657142911e+06 9.949334569390398952e-01 4.069387406864616807e-05
2.458821809238095302e+06 9.948235307875969990e-01 4.069085725845992966e-05
2.458821814819047693e+06 9.947144406612445922e-01 4.068784044827369125e-05
2.458821820400000084e+06 9.946206796112004866e-01 4.068482363808745284e-05
2.458821825980952475e+06 9.945440981494678701e-01 4.068372837881275271e-05
2.458821831561904866e+06 9.944846962760466313e-01 4.068346824202125035e-05
2.458821837142857257e+06 9.944284560177539811e-01 4.068320810522975476e-05
2.458821842723809648e+06 9.943493372492744342e-01 4.068294796843825240e-05
2.458821848304762039e+06 9.942467565880800384e-01 4.068087240597723564e-05
2.458821853885714430e+06 9.941208118688695805e-01 4.067872918952217183e-05
2.458821859466666821e+06 9.939835869628076415e-01 4.067658597306711481e-05
2.458821865047619212e+06 9.938434488810421463e-01 4.067450421774216127e-05
2.458821870628571138e+06 9.937003976356304502e-01 4.067262696222332128e-05
2.458821876209523529e+06 9.935555745553981133e-01 4.067074970654784797e-05
2.458821881790475920e+06 9.934215437119445768e-01 4.066887245087238143e-05
2.458821887371428311e+06 9.933017715246592605e-01 4.066635263118767094e-05
2.458821892952380702e+06 9.931962579935422752e-01 4.066318536882677448e-05
2.458821898533333093e+06 9.931008648388617299e-01 4.066001810646587803e-05
2.458821904114285484e+06 9.930003917311107653e-01 4.065685084410498157e-05
2.458821909695237875e+06 9.928934309800236946e-01 4.065504788164357893e-05
2.458821915276190266e+06 9.927799825856004068e-01 4.065366372107822527e-05
2.458821920857142657e+06 9.926610107275515293e-01 4.065227956051287162e-05
2.458821926438095048e+06 9.925379268801742816e-01 4.065084357299199644e-05
2.458821932019047439e+06 9.924107433109302656e-01 4.064784714685929331e-05
2.458821937599999830e+06 9.922797144947884673e-01 4.064485072072659017e-05
2.458821943180952221e+06 9.921566772296777081e-01 4.064185429459388026e-05
2.458821948761904612e+06 9.920480870227897929e-01 4.063975428985449592e-05
2.458821954342857003e+06 9.919539438741250548e-01 4.063975428985449592e-05
2.458821959923809394e+06 9.918706268074132248e-01 4.063975428985449592e-05
2.458821965504761785e+06 9.917692978013374905e-01 4.063975428985449592e-05
2.458821971085714176e+06 9.916437313498619455e-01 4.063735102268248273e-05
2.458821976666666567e+06 9.914939274529865898e-01 4.063310632842091682e-05
2.458821982247618958e+06 9.913295439835148049e-01 4.062886163415935768e-05
2.458821987828571349e+06 9.911785987128008957e-01 4.062461693989779854e-05
2.458821993409523740e+06 9.910428707714091789e-01 4.062221296761649490e-05
2.458821998990476131e+06 9.909223601593397657e-01 4.062017749460743887e-05
2.458822004571428522e+06 9.908115933588618196e-01 4.061814202159838284e-05
2.458822010152380913e+06 9.907043363704746142e-01 4.061604954432765748e-05
2.458822015733333305e+06 9.906005827026795885e-01 4.061344526484111694e-05
2.458822021314285696e+06 9.905000198253020027e-01 4.061084098535456286e-05
2.458822026895238087e+06 9.903948774056030580e-01 4.060823670586802232e-05
2.458822032476190478e+06 9.902817961737832020e-01 4.060560818708007914e-05
2.458822038057142869e+06 9.901607761298424348e-01 4.060293790274631409e-05
2.458822043638095260e+06 9.900351168970736859e-01 4.060026761841255581e-05
2.458822049219047651e+06 9.899245574062224273e-01 4.059759733407878398e-05
2.458822054800000042e+06 9.898323776970070487e-01 4.059586960033245050e-05
2.458822060380952433e+06 9.897585777694273279e-01 4.059468539577354770e-05
2.458822065961904824e+06 9.896910890454161391e-01 4.059350119121463136e-05
2.458822071542857215e+06 9.896021363284408512e-01 4.059231698665572178e-05
2.458822077123809606e+06 9.894906153616298550e-01 4.059096394049574539e-05
2.458822082704761997e+06 9.893565606072891594e-01 4.058959239865824527e-05
2.458822088285714388e+06 9.892303751644045962e-01 4.058822085682075193e-05
2.458822093866666779e+06 9.891386020047204797e-01 4.058669625536908126e-05
2.458822099447619170e+06 9.890812411282366989e-01 4.058441520565495610e-05
2.458822105028571561e+06 9.890552820876260531e-01 4.058213415594082418e-05
2.458822110609523952e+06 9.890137434089363300e-01 4.057985310622669903e-05
2.458822116190475877e+06 9.889405125593179191e-01 4.057783909805850694e-05
2.458822121771428268e+06 9.888355895265503737e-01 4.057617150511856413e-05
2.458822127352380659e+06 9.887075013920652022e-01 4.057450391217861453e-05
2.458822132933333050e+06 9.885955306380550534e-01 4.057283631923867172e-05
2.458822138514285441e+06 9.885045771538993886e-01 4.057237059327617007e-05
2.458822144095237833e+06 9.884346409395978750e-01 4.057241427294960081e-05
2.458822149676190224e+06 9.883792097958942202e-01 4.057245795262302477e-05
2.458822155257142615e+06 9.883264039930842459e-01 4.057250163229644873e-05
2.458822160838095006e+06 9.882759723048980538e-01 4.057160535294885434e-05
2.458822166419047397e+06 9.882279132396518673e-01 4.057067934385155813e-05
2.458822171999999788e+06 9.881820597569082043e-01 4.056975333475426869e-05
2.458822177580952179e+06 9.881382983552953192e-01 4.056863805123726738e-05
2.458822183161904570e+06 9.880966290348133230e-01 4.056691124818649088e-05
2.458822188742856961e+06 9.880581700538425549e-01 4.056518444513570760e-05
2.458822194323809352e+06 9.880349060092895597e-01 4.056345764208493110e-05
2.458822199904761743e+06 9.880300826504083700e-01 4.056340236169184111e-05
2.458822205485714134e+06 9.880436999771990969e-01 4.056499618440649715e-05
2.458822211066666525e+06 9.880685238453569275e-01 4.056659000712115997e-05
2.458822216647618916e+06 9.880784705533364187e-01 4.056818382983581601e-05
2.458822222228571307e+06 9.880711885443451692e-01 4.056700858864201111e-05
2.458822227809523698e+06 9.880466778183832899e-01 4.056500805968859977e-05
2.458822233390476089e+06 9.880146803571854264e-01 4.056300753073519520e-05
2.458822238971428480e+06 9.879891911233336099e-01 4.056114103222140349e-05
2.458822244552380871e+06 9.879703202289304986e-01 4.056272320695268011e-05
2.458822250133333262e+06 9.879581813122119138e-01 4.056430538168396351e-05
2.458822255714285653e+06 9.879577667763121962e-01 4.056588755641524013e-05
2.458822261295238044e+06 9.879717504751096557e-01 4.056709917979664509e-05
2.458822266876190435e+06 9.880001324086045145e-01 4.056746414771012068e-05
2.458822272457142826e+06 9.880420106204804709e-01 4.056782911562359628e-05
2.458822278038095217e+06 9.880903670220136936e-01 4.056819408353706509e-05
2.458822283619047608e+06 9.881437158996846382e-01 4.056853520028305324e-05
2.458822289199999999e+06 9.882020572534933045e-01 4.056885842983749656e-05
2.458822294780952390e+06 9.882641060771372166e-01 4.056918165939193309e-05
2.458822300361904781e+06 9.883262009964342010e-01 4.056950488894638319e-05
2.458822305942857172e+06 9.883881169164201452e-01 4.057019598358697042e-05
2.458822311523809563e+06 9.884498538370953824e-01 4.057095795113822693e-05
2.458822317104761954e+06 9.885067762341556152e-01 4.057171991868946989e-05
2.458822322685714345e+06 9.885537100126308152e-01 4.057241932957258139e-05
2.458822328266666736e+06 9.885906513174981258e-01 4.057258822429094880e-05
2.458822333847619127e+06 9.886184215752589211e-01 4.057275711900931622e-05
2.458822339428571519e+06 9.886566341372504674e-01 4.057292601372768364e-05
2.458822345009523910e+06 9.887136181858962036e-01 4.057442402731713916e-05
2.458822350590476301e+06 9.887893737211961298e-01 4.057816106554228174e-05
2.458822356171428692e+06 9.888811321915366159e-01 4.058189810376741755e-05
2.458822361752380617e+06 9.889726749512354198e-01 4.058563514168073681e-05
2.458822367333333008e+06 9.890613633148883643e-01 4.058807108998638752e-05
2.458822372914285399e+06 9.891471972747384322e-01 4.058977362632414890e-05
2.458822378495237790e+06 9.892336305913878025e-01 4.059147616266191029e-05
2.458822384076190181e+06 9.893284712450608476e-01 4.059317869899966490e-05
2.458822389657142572e+06 9.894320170051706942e-01 4.059658918210338308e-05
2.458822395238094963e+06 9.895442500853857126e-01 4.060017576806006380e-05
2.458822400819047354e+06 9.896532222395356682e-01 4.060376235401675130e-05
2.458822406399999745e+06 9.897487088059963023e-01 4.060648493696827080e-05
2.458822411980952136e+06 9.898307097847673930e-01 4.060509301162404600e-05
2.458822417561904527e+06 9.899020647979780430e-01 4.060370108627981442e-05
2.458822423142856918e+06 9.900057086287059605e-01 4.060230916093558284e-05
2.458822428723809309e+06 9.901561032055610223e-01 4.060334877818060290e-05
2.458822434304761700e+06 9.903532485285431175e-01 4.060747602115925039e-05
2.458822439885714091e+06 9.905811761298667362e-01 4.061160326413789789e-05
2.458822445466666482e+06 9.907677364487786908e-01 4.061573050711654538e-05
2.458822451047618873e+06 9.909041391701477464e-01 4.061805828443252025e-05
2.458822456628571264e+06 9.909903842939741248e-01 4.061964240027004207e-05
2.458822462209523655e+06 9.910574377491441211e-01 4.062122651610757066e-05
2.458822467790476047e+06 9.911607731490450490e-01 4.062281063194509247e-05
2.458822473371428438e+06 9.913014958772919938e-01 4.062596794756867356e-05
2.458822478952380829e+06 9.914792341398486197e-01 4.062916626953638115e-05
2.458822484533333220e+06 9.916560395797876515e-01 4.063236459150410229e-05
2.458822490114285611e+06 9.918066052526521847e-01 4.063578430412523258e-05
2.458822495695238002e+06 9.919309311584421085e-01 4.063989892844212221e-05
2.458822501276190393e+06 9.920325468142385805e-01 4.064401355275901862e-05
2.458822506857142784e+06 9.921482937223714549e-01 4.064812817707590825e-05
2.458822512438095175e+06 9.922879659425987153e-01 4.065128550522430803e-05
2.458822518019047566e+06 9.924515634749205839e-01 4.065351802126719030e-05
2.458822523599999957e+06 9.926347240126455196e-01 4.065575053731007934e-05
2.458822529180952348e+06 9.928220059855669133e-01 4.065798305335296839e-05
2.458822534761904739e+06 9.930120545450440428e-01 4.066078701139917950e-05
2.458822540342857130e+06 9.932048696910767971e-01 4.066375625773621671e-05
2.458822545923809521e+06 9.933902817330546586e-01 4.066672550407325393e-05
2.458822551504761912e+06 9.935539546834559754e-01 4.066973988818723692e-05
2.458822557085714303e+06 9.936957870013293226e-01 4.067376715290676694e-05
2.458822562666666694e+06 9.938165414039401568e-01 4.067779441762629019e-05
2.458822568247619085e+06 9.939479264401186454e-01 4.068182168234582021e-05
2.458822573828571476e+06 9.941066211271103459e-01 4.068566468376319008e-05
2.458822579409523867e+06 9.942926254649153694e-01 4.068909693443761860e-05
2.458822584990476258e+06 9.945004154828525067e-01 4.069252918511206068e-05
2.458822590571428649e+06 9.946879867251343654e-01 4.069596143578649598e-05
2.458822596152381040e+06 9.948466196077025980e-01 4.069828533287633371e-05
2.458822601733333431e+06 9.949763141305573155e-01 4.069979567841103474e-05
2.458822607314285822e+06 9.950904839795330359e-01 4.070130602394572900e-05
2.458822612895237748e+06 9.952266699229336266e-01 4.070281636935440509e-05
2.458822618476190139e+06 9.953871053984185702e-01 4.070646500925020108e-05
2.458822624057142530e+06 9.955717903956367021e-01 4.071050974565321423e-05
2.458822629638094921e+06 9.957607201176571499e-01 4.071455448205621382e-05
2.458822635219047312e+06 9.959320135208226121e-01 4.071879353993391657e-05
2.458822640799999703e+06 9.960856597339102780e-01 4.072459322796078503e-05
2.458822646380952094e+06 9.962226569874007565e-01 4.073039291598766026e-05
2.458822651961904485e+06 9.963659176452301924e-01 4.073619260401452872e-05
2.458822657542856876e+06 9.965250001164819293e-01 4.074004202550330261e-05
2.458822663123809267e+06 9.966999044011556341e-01 4.074067877783394103e-05
2.458822668704761658e+06 9.968842487631873750e-01 4.074131553016457268e-05
2.458822674285714049e+06 9.970414158278275707e-01 4.074195228249521110e-05
2.458822679866666440e+06 9.971655732967252828e-01 4.074425064502520358e-05
2.458822685447618831e+06 9.972567211698802891e-01 4.074746449718047328e-05
2.458822691028571222e+06 9.973350046317754902e-01 4.075067834933574976e-05
2.458822696609523613e+06 9.974451618979224277e-01 4.075389220149101946e-05
2.458822702190476004e+06 9.975888281670034496e-01 4.075642104537655693e-05
2.458822707771428395e+06 9.977659404148981892e-01 4.075888360730752619e-05
2.458822713352380786e+06 9.979431070886171096e-01 4.076134616923849545e-05
2.458822718933333177e+06 9.980923145925673090e-01 4.076388890934647607e-05
2.458822724514285568e+06 9.982135629267487875e-01 4.076679991574417997e-05
2.458822730095237959e+06 9.983084482965013384e-01 4.076971092214188387e-05
2.458822735676190350e+06 9.984003666751508632e-01 4.077262192853958777e-05
2.458822741257142741e+06 9.984970581187290195e-01 4.077465536403682194e-05
2.458822746838095132e+06 9.985985226272359183e-01 4.077559787390204682e-05
2.458822752419047523e+06 9.987006959903623748e-01 4.077654038376727171e-05
2.458822757999999914e+06 9.987855655052945147e-01 4.077748289363250338e-05
2.458822763580952305e+06 9.988509879914079237e-01 4.077939061587484775e-05
2.458822769161904696e+06 9.988969634487029348e-01 4.078168719506225585e-05
2.458822774742857087e+06 9.989405897991942007e-01 4.078398377424965717e-05
2.458822780323809478e+06 9.990119465424325274e-01 4.078628035343706527e-05
2.458822785904761869e+06 9.991115973586601751e-01 4.078640083907169781e-05
2.458822791485714260e+06 9.992390991227053654e-01 4.078647655047009795e-05
2.458822797066666652e+06 9.993530282251673613e-01 4.078655226186849131e-05
2.458822802647619043e+06 9.994262694871789421e-01 4.078675113383638256e-05
2.458822808228571434e+06 9.994588229087402187e-01 4.078732576393703986e-05
2.458822813809523825e+06 9.994548120794249924e-01 4.078790039403770392e-05
2.458822819390476216e+06 9.994561744807798354e-01 4.078847502413836799e-05
2.458822824971428607e+06 9.994738535620587561e-01 4.078952899446970057e-05
2.458822830552380998e+06 9.995078493232620875e-01 4.079103642782498608e-05
2.458822836133333389e+06 9.995546725430460855e-01 4.079254386118026481e-05
2.458822841714285780e+06 9.996021965923654884e-01 4.079405129453555031e-05
2.458822847295238171e+06 9.996493862586771639e-01 4.079497887750531469e-05
2.458822852876190562e+06 9.996962415419814452e-01 4.079574375672673019e-05
2.458822858457142487e+06 9.997394549283922238e-01 4.079650863588434040e-05
2.458822864038094878e+06 9.997744513237357689e-01 4.079740040347451882e-05
2.458822869619047269e+06 9.998012017344907187e-01 4.080081421086249850e-05
2.458822875199999660e+06 9.998199956087726603e-01 4.080422801825048495e-05
2.458822880780952051e+06 9.998422404487740112e-01 4.080764182563846463e-05
2.458822886361904442e+06 9.998738298981125761e-01 4.080929156948677727e-05
2.458822891942856833e+06 9.999147639567886880e-01 4.080710370435157463e-05
2.458822897523809224e+06 9.999619018362662093e-01 4.080491583921636522e-05
2.458822903104761615e+06 9.999918978200637021e-01 4.080272797408115580e-05
2.458822908685714006e+06 1.000000000000000000e+00 4.080144896574016620e-05
2.458822914266666397e+06 9.999862083760749920e-01 4.080082289075693462e-05
2.458822919847618788e+06 9.999553799606358817e-01 4.080019681577369626e-05
2.458822925428571180e+06 9.999208674548272224e-01 4.079957074079046468e-05
2.458822931009523571e+06 9.998834392257998083e-01 4.079893807351871654e-05
2.458822936590475962e+06 9.998430952735535282e-01 4.079830423329271080e-05
2.458822942171428353e+06 9.998120635796713396e-01 4.079767039306670507e-05
2.458822947752380744e+06 9.998034494725773769e-01 4.079718851007783692e-05
2.458822953333333135e+06 9.998172568516805470e-01 4.079786505930816488e-05
2.458822958914285526e+06 9.998515617701392300e-01 4.079854160853848606e-05
2.458822964495237917e+06 9.998638740984221451e-01 4.079921815776882079e-05
2.458822970076190308e+06 9.998367802801990667e-01 4.079885122799341144e-05
2.458822975657142699e+06 9.997702803154697726e-01 4.079680313787551388e-05
2.458822981238095090e+06 9.996720954726237007e-01 4.079475504775761631e-05
2.458822986819047481e+06 9.995856272567575918e-01 4.079270695763971875e-05
2.458822992399999872e+06 9.995176425470441162e-01 4.079306583630820069e-05
2.458822997980952263e+06 9.994681413434833850e-01 4.079472080960251960e-05
2.458823003561904654e+06 9.994294456223267176e-01 4.079637578289683174e-05
2.458823009142857045e+06 9.993848046964916021e-01 4.079803075619115743e-05
2.458823014723809436e+06 9.993336323206375438e-01 4.079564377183695750e-05
2.458823020304761827e+06 9.992759409180664854e-01 4.079289098347462005e-05
2.458823025885714218e+06 9.992170656912122695e-01 4.079013819511228937e-05
2.458823031466666609e+06 9.991613954123996777e-01 4.078744435292016251e-05
2.458823037047619000e+06 9.991089300816284879e-01 4.078501188201683785e-05
2.458823042628571391e+06 9.990590917459652998e-01 4.078257941111351997e-05
2.458823048209523782e+06 9.990036638676635938e-01 4.078014694021019532e-05
2.458823053790476173e+06 9.989399766194799746e-01 4.077905283977516844e-05
2.458823059371428564e+06 9.988680300014145530e-01 4.077958767276309047e-05
2.458823064952380955e+06 9.987899959532656746e-01 4.078012250575101250e-05
2.458823070533333346e+06 9.987153181602861363e-01 4.078065733873893452e-05
2.458823076114285737e+06 9.986450937412461037e-01 4.077902245541426115e-05
2.458823081695238128e+06 9.985793226961454661e-01 4.077653562767482665e-05
2.458823087276190519e+06 9.985128712273815266e-01 4.077404879993539214e-05
2.458823092857142910e+06 9.984368699945096459e-01 4.077156197219596441e-05
2.458823098438095301e+06 9.983511630068446774e-01 4.076964788794583665e-05
2.458823104019047227e+06 9.982558316744907234e-01 4.076774248500435123e-05
2.458823109599999618e+06 9.981578755973171679e-01 4.076583708190388111e-05
2.458823115180952009e+06 9.980617926389426797e-01 4.076380786694035272e-05
2.458823120761904400e+06 9.979675827993667037e-01 4.076141131051903518e-05
2.458823126342856791e+06 9.978759675489015102e-01 4.075901475409771086e-05
2.458823131923809182e+06 9.977940985780526795e-01 4.075661819767639331e-05
2.458823137504761573e+06 9.977238076887103846e-01 4.075480915108930830e-05
2.458823143085713964e+06 9.976650948808744035e-01 4.075354438278344090e-05
2.458823148666666355e+06 9.976134052422469534e-01 4.075227961447757351e-05
2.458823154247618746e+06 9.975531945260732725e-01 4.075101484617171289e-05
2.458823159828571137e+06 9.974831720420473946e-01 4.075155850152489080e-05
2.458823165409523528e+06 9.974033377901693198e-01 4.075259419435082580e-05
2.458823170990475919e+06 9.973161213728362062e-01 4.075362988717676080e-05
2.458823176571428310e+06 9.972248203874506389e-01 4.075439582061030026e-05
2.458823182152380701e+06 9.971294533951239325e-01 4.075035399790102137e-05
2.458823187733333092e+06 9.970302595902627019e-01 4.074631217519173571e-05
2.458823193314285483e+06 9.969361907390502653e-01 4.074227035248245682e-05
2.458823198895237874e+06 9.968517897400426264e-01 4.073916357473642881e-05
2.458823204476190265e+06 9.967770565932402294e-01 4.073804246397052002e-05
2.458823210057142656e+06 9.967116472473128708e-01 4.073692135320461800e-05
2.458823215638095047e+06 9.966530612038803083e-01 4.073580024243871598e-05
2.458823221219047438e+06 9.966007994374419532e-01 4.073537216587011143e-05
2.458823226799999829e+06 9.965548619479975834e-01 4.073543137604776585e-05
