2.458948000000000000e+06 9.950734376767036427e-01 4.063187854604284507e-05
2.458948005580952391e+06 9.951178295829179454e-01 4.063323776282582112e-05
2.458948011161904782e+06 9.951211249092144495e-01 4.063459697960879039e-05
2.458948016742857173e+06 9.950790065243702021e-01 4.063417996701828189e-05
2.458948022323809564e+06 9.949914744283852031e-01 4.063342905066315031e-05
2.458948027904761955e+06 9.949011769965394603e-01 4.063267813430801874e-05
2.458948033485714346e+06 9.948551144889976605e-01 4.063192859007774691e-05
2.458948039066666737e+06 9.948533143117246347e-01 4.063119028602932216e-05
2.458948044647619128e+06 9.948937699369596599e-01 4.063045198198089741e-05
2.458948050228571519e+06 9.949297574953809287e-01 4.062971367793247266e-05
2.458948055809523910e+06 9.949416571405896859e-01 4.062881676647197242e-05
2.458948061390476301e+06 9.949294688725862645e-01 4.062765643579928853e-05
2.458948066971428692e+06 9.948988989809229855e-01 4.062649610512659109e-05
2.458948072552381083e+06 9.948829373963585798e-01 4.062533577445390719e-05
2.458948078133333474e+06 9.948868795882339633e-01 4.062501491915510894e-05
2.458948083714285865e+06 9.949107255565491359e-01 4.062516044557726633e-05
2.458948089295238256e+06 9.949345618813996150e-01 4.062530597199943050e-05
2.458948094876190647e+06 9.949138789168370245e-01 4.062545149842158789e-05
2.458948100457143039e+06 9.948470244269402851e-01 4.062372295005238303e-05
2.458948106038095430e+06 9.947341121660465690e-01 4.062180879251290570e-05
2.458948111619047821e+06 9.946405500673194400e-01 4.061989463497342836e-05
2.458948117200000212e+06 9.946216030527306184e-01 4.061904000521785303e-05
2.458948122780952603e+06 9.946772711222799934e-01 4.062311474503832773e-05
2.458948128361904528e+06 9.948014701937134552e-01 4.062718948451881696e-05
2.458948133942856919e+06 9.949040365688095466e-01 4.063126422433929166e-05
2.458948139523809310e+06 9.949549495279128575e-01 4.063258804636871982e-05
2.458948145104761701e+06 9.949542090710236097e-01 4.063046627108621035e-05
2.458948150685714092e+06 9.949176397839170072e-01 4.062834449580368732e-05
2.458948156266666483e+06 9.949158554094114093e-01 4.062622272052117785e-05
2.458948161847618874e+06 9.949573285975007453e-01 4.062555291674029766e-05
2.458948167428571265e+06 9.950420593481851261e-01 4.062547336229618350e-05
2.458948173009523656e+06 9.951349628071475273e-01 4.062539380785206935e-05
2.458948178590476047e+06 9.951739218080858373e-01 4.062531425340795520e-05
2.458948184171428438e+06 9.951577466618062306e-01 4.062588275633147091e-05
2.458948189752380829e+06 9.950872496453041505e-01 4.062646583219625614e-05
2.458948195333333220e+06 9.950406828089620737e-01 4.062704890806104815e-05
2.458948200914285611e+06 9.950696010052554330e-01 4.062790394722851453e-05
2.458948206495238002e+06 9.951740042341842285e-01 4.062959690464414776e-05
2.458948212076190393e+06 9.953442409249853018e-01 4.063128986205978777e-05
2.458948217657142784e+06 9.954812714552720987e-01 4.063298281947542100e-05
2.458948223238095175e+06 9.955590851858159285e-01 4.063450090431086555e-05
2.458948228819047567e+06 9.955776821166170132e-01 4.063585235968465725e-05
2.458948234399999958e+06 9.955636775738978539e-01 4.063720381505844895e-05
2.458948239980952349e+06 9.956101539188629834e-01 4.063855527043223388e-05
2.458948245561904740e+06 9.957251325835799749e-01 4.064037989658427364e-05
2.458948251142857131e+06 9.959086135680486063e-01 4.064233868222654573e-05
2.458948256723809522e+06 9.960957120965839851e-01 4.064429746786881104e-05
2.458948262304761913e+06 9.961960970152329287e-01 4.064612306402734239e-05
2.458948267885714304e+06 9.962091734270074328e-01 4.064519460543320980e-05
2.458948273466666695e+06 9.961371845529292113e-01 4.064426614683907721e-05
2.458948279047619086e+06 9.960701263221518609e-01 4.064333768824494463e-05
2.458948284628571477e+06 9.960547766703451433e-01 4.064327481690195229e-05
2.458948290209523868e+06 9.960911355975088366e-01 4.064511039017346437e-05
2.458948295790476259e+06 9.961738037917754474e-01 4.064694596344497644e-05
2.458948301371428650e+06 9.962623428553564198e-01 4.064878153671648851e-05
2.458948306952381041e+06 9.963484674427668386e-01 4.065059121712886830e-05
2.458948312533333432e+06 9.964321775540065929e-01 4.065238216229757884e-05
2.458948318114285823e+06 9.965087744124541125e-01 4.065417310746629616e-05
2.458948323695238214e+06 9.965652637916064815e-01 4.065596405263500671e-05
2.458948329276190605e+06 9.966008896149899376e-01 4.065518145649614664e-05
2.458948334857142996e+06 9.966156518826043698e-01 4.065393478011844236e-05
2.458948340438095387e+06 9.966231287310077791e-01 4.065268810374073809e-05
2.458948346019047778e+06 9.966379702585655975e-01 4.065193979010826359e-05
2.458948351600000169e+06 9.966601817030192878e-01 4.065505502571863756e-05
2.458948357180952560e+06 9.966903395783134334e-01 4.065817026132900476e-05
2.458948362761904951e+06 9.967413356197426522e-01 4.066128549693937873e-05
2.458948368342857342e+06 9.968184838091678213e-01 4.066320591478424050e-05
2.458948373923809268e+06 9.969217841368789301e-01 4.066318748143856355e-05
2.458948379504761659e+06 9.970433140061515376e-01 4.066316904809134160e-05
2.458948385085714050e+06 9.971382446244869691e-01 4.066315061474412644e-05
2.458948390666666441e+06 9.971995382174831946e-01 4.066287996064330381e-05
2.458948396247618832e+06 9.972271947851406582e-01 4.066247248666125769e-05
2.458948401828571223e+06 9.972306965707938842e-01 4.066206501267920480e-05
2.458948407409523614e+06 9.972308482864804535e-01 4.066165753869715869e-05
2.458948412990476005e+06 9.972283883061401344e-01 4.066162038000185528e-05
2.458948418571428396e+06 9.972233071038085761e-01 4.066161746947334084e-05
2.458948424152380787e+06 9.972112436594411378e-01 4.066161455894483318e-05
2.458948429733333178e+06 9.971885882213802343e-01 4.066161819508533484e-05
2.458948435314285569e+06 9.971553407896256438e-01 4.066165118107435645e-05
2.458948440895237960e+06 9.971123297712534139e-01 4.066168416706337130e-05
2.458948446476190351e+06 9.970714449519958444e-01 4.066171715305239969e-05
2.458948452057142742e+06 9.970365715718939592e-01 4.066190840843013886e-05
2.458948457638095133e+06 9.970077096309485354e-01 4.066229356836940023e-05
2.458948463219047524e+06 9.969863003490587738e-01 4.066267872830865482e-05
2.458948468799999915e+06 9.969786474930959486e-01 4.066306388824791619e-05
2.458948474380952306e+06 9.969854888702437412e-01 4.066248915552885142e-05
2.458948479961904697e+06 9.970068244805018187e-01 4.066153450219948159e-05
2.458948485542857088e+06 9.970204369758223217e-01 4.066057984887011176e-05
2.458948491123809479e+06 9.969877279916746771e-01 4.065962519554074193e-05
2.458948496704761870e+06 9.969080051280108101e-01 4.065699507665653613e-05
2.458948502285714261e+06 9.967819988517859775e-01 4.065433679395233320e-05
2.458948507866666652e+06 9.966741130654183101e-01 4.065167851124813027e-05
2.458948513447619043e+06 9.966259663612910824e-01 4.065011993151232471e-05
2.458948519028571434e+06 9.966375587394037394e-01 4.065185169597473349e-05
2.458948524609523825e+06 9.967021559576052514e-01 4.065358346043714905e-05
2.458948530190476216e+06 9.967524876117739296e-01 4.065531522489955783e-05
2.458948535771428607e+06 9.967712262679608859e-01 4.065521635034823663e-05
2.458948541352380998e+06 9.967583719261661201e-01 4.065341085253731306e-05
2.458948546933333389e+06 9.967193968751126842e-01 4.065160535472638271e-05
2.458948552514285780e+06 9.966730779221529835e-01 4.064979985691545236e-05
2.458948558095238172e+06 9.966209871842679480e-01 4.065085785052931265e-05
2.458948563676190563e+06 9.965631246614579108e-01 4.065270215542737798e-05
2.458948569257142954e+06 9.965086005198695585e-01 4.065454646032544330e-05
2.458948574838095345e+06 9.964698492323448287e-01 4.065612143145179273e-05
2.458948580419047736e+06 9.964469433412703747e-01 4.065274521838221846e-05
2.458948586000000127e+06 9.964392371755429467e-01 4.064936900531264418e-05
2.458948591580952518e+06 9.964222021635051885e-01 4.064599279224306990e-05
2.458948597161904909e+06 9.963833251201459351e-01 4.064368736959899416e-05
2.458948602742857300e+06 9.963226060454648536e-01 4.064367184678027988e-05
2.458948608323809691e+06 9.962431397050659498e-01 4.064365632396157237e-05
2.458948613904762082e+06 9.961675646889155411e-01 4.064364080114285808e-05
2.458948619485714007e+06 9.961004249128785348e-01 4.064292413625107285e-05
2.458948625066666398e+06 9.960417203657511154e-01 4.064171141606640308e-05
2.458948630647618789e+06 9.959910627334201960e-01 4.064049869588174009e-05
2.458948636228571180e+06 9.959473979336552762e-01 4.063928597569707032e-05
2.458948641809523571e+06 9.959106667528707657e-01 4.063719471250604436e-05
2.458948647390475962e+06 9.958808691910666644e-01 4.063495166520235538e-05
2.458948652971428353e+06 9.958374528173995488e-01 4.063270861789865961e-05
2.458948658552380744e+06 9.957587107226056888e-01 4.063056986791814930e-05
2.458948664133333135e+06 9.956446388817864479e-01 4.062919803881458864e-05
2.458948669714285526e+06 9.954976194570192005e-01 4.062782620971103475e-05
2.458948675295237917e+06 9.953688509259747130e-01 4.062645438060748086e-05
2.458948680876190308e+06 9.952790497745019893e-01 4.062472009776058431e-05
2.458948686457142700e+06 9.952282160026008073e-01 4.062241107847736808e-05
2.458948692038095091e+06 9.952051781474481329e-01 4.062010205919415186e-05
2.458948697619047482e+06 9.951480602822411203e-01 4.061779303991093563e-05
2.458948703199999873e+06 9.950473633814923557e-01 4.061651155069029501e-05
2.458948708780952264e+06 9.949030874452018391e-01 4.061577421680153928e-05
2.458948714361904655e+06 9.947515853127529839e-01 4.061503688291278355e-05
2.458948719942857046e+06 9.946711503804711585e-01 4.061429954902402782e-05
2.458948725523809437e+06 9.946644362645209458e-01 4.061464673562338292e-05
2.458948731104761828e+06 9.947311466138175629e-01 4.061508719560429656e-05
2.458948736685714219e+06 9.947605357028025397e-01 4.061552765558521021e-05
2.458948742266666610e+06 9.946627905081931731e-01 4.061485538590270839e-05
2.458948747847619001e+06 9.944379110299894631e-01 4.060937195019316293e-05
2.458948753428571392e+06 9.940975655609282091e-01 4.060388851448361070e-05
2.458948759009523783e+06 9.938040281278651689e-01 4.059840507877406524e-05
2.458948764590476174e+06 9.936093379926463909e-01 4.059351960775270808e-05
2.458948770171428565e+06 9.935134951552717641e-01 4.058935076075272579e-05
2.458948775752380956e+06 9.934931277081335832e-01 4.058518191375272996e-05
2.458948781333333347e+06 9.934480242795601379e-01 4.058101306675274768e-05
2.458948786914285738e+06 9.933667466606692642e-01 4.057859374215145638e-05
2.458948792495238129e+06 9.932492948514607400e-01 4.057684839522267853e-05
2.458948798076190520e+06 9.931204594958549237e-01 4.057510304829389390e-05
2.458948803657142911e+06 9.930225003443130527e-01 4.057335770136511605e-05
2.458948809238095302e+06 9.929561256438946826e-01 4.057329904320009374e-05
2.458948814819047693e+06 9.929208226096755130e-01 4.057325926597714897e-05
2.458948820400000084e+06 9.928750390900782374e-01 4.057321948875419743e-05
2.458948825980952475e+06 9.927924360610186350e-01 4.057241287809673289e-05
2.458948831561904866e+06 9.926730135224968166e-01 4.056937719686262234e-05
2.458948837142857257e+06 9.925187928065501985e-01 4.056634151562851179e-05
2.458948842723809648e+06 9.923494362812237402e-01 4.056330583439440803e-05
2.458948848304762039e+06 9.921699108059206518e-01 4.056191004989407873e-05
2.458948853885714430e+06 9.919802163806408224e-01 4.056200997803953543e-05
2.458948859466666821e+06 9.917941794815406942e-01 4.056210990618498534e-05
2.458948865047619212e+06 9.916583484040074614e-01 4.056220983433042848e-05
2.458948870628571138e+06 9.915765081816795279e-01 4.055848589047218527e-05
2.458948876209523529e+06 9.915486588008995961e-01 4.055374560970841086e-05
2.458948881790475920e+06 9.915279625259268981e-01 4.054900532894462967e-05
2.458948887371428311e+06 9.914517491798373605e-01 4.054438864773091079e-05
2.458948892952380702e+06 9.913196977038575275e-01 4.054181477029591301e-05
2.458948898533333093e+06 9.911329976054917834e-01 4.053924089286091523e-05
2.458948904114285484e+06 9.909345077709356131e-01 4.053666701542592423e-05
2.458948909695237875e+06 9.907456880267733190e-01 4.053357466218686134e-05
2.458948915276190266e+06 9.905665383730046791e-01 4.052940096430603296e-05
2.458948920857142657e+06 9.903997641593733636e-01 4.052522726642519103e-05
2.458948926438095048e+06 9.902646985039251781e-01 4.052105356854435587e-05
2.458948932019047439e+06 9.901651423694544096e-01 4.051860778166113425e-05
2.458948937599999830e+06 9.901010957559612802e-01 4.051735722457875988e-05
2.458948943180952221e+06 9.900533353714435769e-01 4.051610666749637873e-05
2.458948948761904612e+06 9.899706413171077690e-01 4.051485611041399758e-05
2.458948954342857003e+06 9.898502375325087810e-01 4.051400434580277585e-05
2.458948959923809394e+06 9.896921240176465018e-01 4.051321850310554560e-05
2.458948965504761785e+06 9.895314250052671401e-01 4.051243266040831535e-05
2.458948971085714176e+06 9.894044487044696412e-01 4.051143077084828507e-05
2.458948976666666567e+06 9.893111975991595308e-01 4.050891898468951324e-05
2.458948982247618958e+06 9.892501444401955446e-01 4.050640719853075496e-05
2.458948987828571349e+06 9.891897146655153072e-01 4.050389541237198312e-05
2.458948993409523740e+06 9.891173669506622135e-01 4.050119603488050522e-05
2.458948998990476131e+06 9.890331012956362633e-01 4.049820595192635476e-05
2.458949004571428522e+06 9.889389148253551198e-01 4.049521586897221785e-05
2.458949010152380913e+06 9.888456368396046914e-01 4.049222578601807416e-05
2.458949015733333305e+06 9.887548927292092449e-01 4.049044194481311604e-05
2.458949021314285696e+06 9.886666824941690024e-01 4.048928161411449939e-05
2.458949026895238087e+06 9.885861240685405171e-01 4.048812128341587596e-05
2.458949032476190478e+06 9.885240370237902141e-01 4.048696095271724576e-05
2.458949038057142869e+06 9.884807711395093843e-01 4.048523537512531092e-05
2.458949043638095260e+06 9.884561987968299990e-01 4.048346480357655321e-05
2.458949049219047651e+06 9.884105995428524860e-01 4.048169423202778195e-05
2.458949054800000042e+06 9.883124087374941524e-01 4.047982257941014838e-05
2.458949060380952433e+06 9.881616263807548872e-01 4.047752908294564644e-05
2.458949065961904824e+06 9.879641947824088222e-01 4.047523558648113772e-05
2.458949071542857215e+06 9.878002298289686456e-01 4.047294209001663578e-05
2.458949077123809606e+06 9.876949443275488960e-01 4.047151812640906551e-05
2.458949082704761997e+06 9.876483382781491294e-01 4.047111356293737344e-05
2.458949088285714388e+06 9.876436997208289936e-01 4.047070899946568815e-05
2.458949093866666779e+06 9.876107794216845148e-01 4.047030443599398931e-05
2.458949099447619170e+06 9.875417599760758502e-01 4.046796563558239049e-05
2.458949105028571561e+06 9.874366413840029999e-01 4.046490181923936580e-05
2.458949110609523952e+06 9.873309205021425505e-01 4.046183800289634112e-05
2.458949116190475877e+06 9.872839673908396785e-01 4.045877418680895776e-05
2.458949121771428268e+06 9.872967091054990485e-01 4.045910527353946537e-05
2.458949127352380659e+06 9.873683410012429329e-01 4.045945550714445465e-05
2.458949132933333050e+06 9.874387072536509047e-01 4.045980574074943716e-05
2.458949138514285441e+06 9.874704016857080990e-01 4.046036014326968058e-05
2.458949144095237833e+06 9.874634242974142939e-01 4.046149136868322065e-05
2.458949149676190224e+06 9.874231691429199431e-01 4.046262259409676073e-05
2.458949155257142615e+06 9.874007466637730879e-01 4.046375381951030758e-05
2.458949160838095006e+06 9.874088175497857112e-01 4.046534390508060771e-05
2.458949166419047397e+06 9.874473818009581461e-01 4.046734343821047146e-05
2.458949171999999788e+06 9.875016474157960467e-01 4.046934297134033520e-05
2.458949177580952179e+06 9.875227513970649129e-01 4.047134250447019895e-05
2.458949183161904570e+06 9.875068366049383206e-01 4.046769198347194464e-05
2.458949188742856961e+06 9.874539030394161587e-01 4.046258885670674283e-05
2.458949194323809352e+06 9.873996264351379004e-01 4.045748572994154103e-05
2.458949199904761743e+06 9.873907972135754774e-01 4.045292500223820185e-05
2.458949205485714134e+06 9.874276237577249704e-01 4.045649816107016830e-05
2.458949211066666525e+06 9.875094283283578633e-01 4.046007131990212797e-05
2.458949216647618916e+06 9.876130151667922297e-01 4.046364447873409441e-05
2.458949222228571307e+06 9.877269845535193715e-01 4.046705873794928228e-05
2.458949227809523698e+06 9.878513364885391779e-01 4.047014971929413588e-05
2.458949233390476089e+06 9.879768623077418432e-01 4.047324070063899626e-05
2.458949238971428480e+06 9.880392606717560700e-01 4.047633168198384309e-05
2.458949244552380871e+06 9.880261502038962806e-01 4.047577516290262452e-05
2.458949250133333262e+06 9.879375309041621422e-01 4.047275209389114770e-05
2.458949255714285653e+06 9.878179725763395203e-01 4.046972902487967088e-05
2.458949261295238044e+06 9.877840444555169297e-01 4.046670595586819406e-05
2.458949266876190435e+06 9.878418379281377337e-01 4.047089678886733855e-05
2.458949272457142826e+06 9.879913529942020434e-01 4.047622693686125375e-05
2.458949278038095217e+06 9.881851061658846191e-01 4.048155708485517572e-05
2.458949283619047608e+06 9.883750655571122978e-01 4.048623907238532699e-05
2.458949289199999999e+06 9.885612307726062697e-01 4.048660773933795157e-05
2.458949294780952390e+06 9.887419473491267929e-01 4.048697640629056937e-05
2.458949300361904781e+06 9.888842870830618637e-01 4.048734507324318717e-05
2.458949305942857172e+06 9.889754113975797178e-01 4.048817941207421618e-05
2.458949311523809563e+06 9.890153202926804665e-01 4.048971908165507888e-05
2.458949317104761954e+06 9.890173328434453959e-01 4.049125875123594159e-05
2.458949322685714345e+06 9.890521639097364925e-01 4.049279842081681107e-05
2.458949328266666736e+06 9.891301884516305876e-01 4.049531378820687559e-05
2.458949333847619127e+06 9.892514064691279030e-01 4.049832133439929931e-05
2.458949339428571519e+06 9.893957759596413437e-01 4.050132888059171626e-05
2.458949345009523910e+06 9.895217081140907922e-01 4.050433642678413320e-05
2.458949350590476301e+06 9.896279221483437194e-01 4.050549992874250666e-05
2.458949356171428692e+06 9.897145607874205941e-01 4.050652831550507425e-05
2.458949361752380617e+06 9.898192398736830322e-01 4.050755670218183401e-05
2.458949367333333008e+06 9.899712535505305055e-01 4.050955716498035264e-05
2.458949372914285399e+06 9.901706018112035323e-01 4.051547620992227219e-05
2.458949378495237790e+06 9.904112075716635655e-01 4.052139525486419175e-05
2.458949384076190181e+06 9.906136046226517999e-01 4.052731429980611130e-05
2.458949389657142572e+06 9.907532522933771846e-01 4.053041031946738831e-05
2.458949395238094963e+06 9.908301505838397194e-01 4.053026867374348390e-05
2.458949400819047354e+06 9.908656076459397832e-01 4.053012702801957949e-05
2.458949406399999745e+06 9.909474424065728426e-01 4.052998538229568863e-05
2.458949411980952136e+06 9.910851799013556951e-01 4.053264139543959232e-05
2.458949417561904527e+06 9.912788201302882296e-01 4.053631739302768531e-05
2.458949423142856918e+06 9.914950676470318802e-01 4.053999339061577152e-05
2.458949428723809309e+06 9.916792868370691849e-01 4.054366938820385774e-05
2.458949434304761700e+06 9.918306851648350797e-01 4.054846771621150328e-05
2.458949439885714091e+06 9.919498448979797711e-01 4.055326620765269233e-05
2.458949445466666482e+06 9.920770677556840500e-01 4.055806469909388815e-05
2.458949451047618873e+06 9.922369390112907306e-01 4.056221717083273800e-05
2.458949456628571264e+06 9.924294586647997019e-01 4.056459507267712859e-05
2.458949462209523655e+06 9.926480399590876802e-01 4.056697297452151917e-05
2.458949467790476047e+06 9.928318707041621227e-01 4.056935087636591653e-05
2.458949473371428438e+06 9.929661800929637794e-01 4.057238559302374175e-05
2.458949478952380829e+06 9.930509681254926502e-01 4.057599367835909549e-05
2.458949484533333220e+06 9.931111921344010218e-01 4.057960176369446279e-05
2.458949490114285611e+06 9.932277490096301786e-01 4.058320984902981653e-05
2.458949495695238002e+06 9.934068352551090886e-01 4.058620794236481169e-05
2.458949501276190393e+06 9.936484508708379737e-01 4.058905443930950615e-05
2.458949506857142784e+06 9.939022609371505057e-01 4.059190093625420740e-05
2.458949512438095175e+06 9.941035622157743390e-01 4.059469473867877458e-05
2.458949518019047566e+06 9.942521071212533368e-01 4.059676606484677330e-05
2.458949523599999957e+06 9.943492718155213517e-01 4.059883739101478558e-05
2.458949529180952348e+06 9.944398595607840674e-01 4.060090871718278430e-05
2.458949534761904739e+06 9.945454828568643935e-01 4.060300539473787640e-05
2.458949540342857130e+06 9.946661417037624409e-01 4.060515239469677812e-05
2.458949545923809521e+06 9.948046704525336237e-01 4.060729939465567985e-05
2.458949551504761912e+06 9.949804113327724853e-01 4.060944639461458157e-05
2.458949557085714303e+06 9.951970115153490060e-01 4.061282289272604340e-05
2.458949562666666694e+06 9.954544710002634078e-01 4.061701211351922047e-05
2.458949568247619085e+06 9.957272378637324062e-01 4.062120133431240432e-05
2.458949573828571476e+06 9.959497120954536875e-01 4.062539055510558817e-05
2.458949579409523867e+06 9.961185910410166322e-01 4.062878974281632034e-05
2.458949584990476258e+06 9.962338749665061721e-01 4.063206990851843397e-05
2.458949590571428649e+06 9.963355562134516008e-01 4.063535007422055438e-05
2.458949596152381040e+06 9.964632163536293330e-01 4.063835057404937022e-05
2.458949601733333431e+06 9.966168553870389246e-01 4.063957590657873455e-05
2.458949607314285822e+06 9.967940584822297945e-01 4.064080123910809210e-05
2.458949612895237748e+06 9.969485227811469841e-01 4.064202657153521617e-05
2.458949618476190139e+06 9.970625270782306204e-01 4.064392930546914241e-05
2.458949624057142530e+06 9.971360713589046965e-01 4.064683498322643789e-05
2.458949629638094921e+06 9.971813921794904223e-01 4.064974066098374014e-05
2.458949635219047312e+06 9.972621095157490068e-01 4.065264633874103562e-05
2.458949640799999703e+06 9.973873456448946184e-01 4.065560403056765905e-05
2.458949646380952094e+06 9.975571005669270352e-01 4.065858732235528986e-05
2.458949651961904485e+06 9.977385466166499572e-01 4.066157061414293422e-05
2.458949657542856876e+06 9.978648208807309183e-01 4.066455390593057858e-05
2.458949663123809267e+06 9.979339644688473010e-01 4.066504223383741708e-05
2.458949668704761658e+06 9.979462017678506491e-01 4.066536336216385533e-05
2.458949674285714049e+06 9.979523094399225247e-01 4.066568449049028680e-05
2.458949679866666440e+06 9.979910438795310812e-01 4.066604841581925272e-05
2.458949685447618831e+06 9.980624050866763186e-01 4.066657910219578933e-05
2.458949691028571222e+06 9.981656263021189135e-01 4.066710978857232593e-05
2.458949696609523613e+06 9.982909786097152738e-01 4.066764047494885576e-05
2.458949702190476004e+06 9.984355138619749326e-01 4.067032229333804273e-05
2.458949707771428395e+06 9.985992320588982230e-01 4.067541765880759648e-05
2.458949713352380786e+06 9.987690607273486121e-01 4.068051302427716379e-05
2.458949718933333177e+06 9.988921719760012197e-01 4.068560838974671754e-05
2.458949724514285568e+06 9.989629827461737888e-01 4.068671700556797220e-05
2.458949730095237959e+06 9.989814930378658753e-01 4.068641237023714929e-05
2.458949735676190350e+06 9.989782794439904245e-01 4.068610773490633994e-05
2.458949741257142741e+06 9.990025647501705741e-01 4.068580745395280194e-05
2.458949746838095132e+06 9.990550101260766702e-01 4.068632164733408234e-05
2.458949752419047523e+06 9.991349259238389013e-01 4.068683584071536953e-05
2.458949757999999914e+06 9.991979765203921060e-01 4.068735003409665671e-05
2.458949763580952305e+06 9.992176271682428057e-01 4.068807587267477509e-05
2.458949769161904696e+06 9.991938778673903343e-01 4.068936717721399044e-05
2.458949774742857087e+06 9.991341030342701934e-01 4.069065848175321934e-05
2.458949780323809478e+06 9.991046610357237068e-01 4.069194978629243469e-05
2.458949785904761869e+06 9.991213548131820943e-01 4.069296897832354602e-05
2.458949791485714260e+06 9.991841843666453560e-01 4.069375579123212108e-05
2.458949797066666652e+06 9.992761140306591905e-01 4.069454260414068935e-05
2.458949802647619043e+06 9.993429572548114814e-01 4.069532941704926440e-05
2.458949808228571434e+06 9.993806883679566821e-01 4.069604034099039993e-05
2.458949813809523825e+06 9.993893073700943486e-01 4.069673304679084178e-05
2.458949819390476216e+06 9.994083918954288492e-01 4.069742575259129041e-05
2.458949824971428607e+06 9.994877994356139439e-01 4.069816270535205565e-05
2.458949830552380998e+06 9.996276916628829001e-01 4.069945789059612406e-05
2.458949836133333389e+06 9.998244607258696126e-01 4.070075307584019924e-05
2.458949841714285780e+06 9.999662223080278967e-01 4.070204826108426765e-05
2.458949847295238171e+06 1.000000000000000000e+00 4.070274755226406641e-05
2.458949852876190562e+06 9.999257938017860337e-01 4.070229253962026535e-05
2.458949858457142487e+06 9.997588460688906498e-01 4.070183752701443170e-05
2.458949864038094878e+06 9.996008322952205649e-01 4.070138251437064420e-05
2.458949869619047269e+06 9.994705244133836874e-01 4.070190941748995145e-05
2.458949875199999660e+06 9.993679224233801284e-01 4.070307071841665705e-05
2.458949880780952051e+06 9.992930263252095546e-01 4.070423201934336943e-05
2.458949886361904442e+06 9.992458361188724103e-01 4.070539332027007503e-05
2.458949891942856833e+06 9.992127098257534978e-01 4.070655462119678064e-05
2.458949897523809224e+06 9.991718960498842117e-01 4.070771592212348624e-05
2.458949903104761615e+06 9.991231140059351201e-01 4.070887722305019862e-05
2.458949908685714006e+06 9.990663636939064451e-01 4.070961825393768228e-05
2.458949914266666397e+06 9.990016451137978537e-01 4.070781081565325390e-05
2.458949919847618788e+06 9.989298859438300315e-01 4.070600337736883230e-05
2.458949925428571180e+06 9.988682352343105642e-01 4.070419593908440392e-05
2.458949931009523571e+06 9.988231355221081076e-01 4.070327804534606492e-05
2.458949936590475962e+06 9.987945868072231059e-01 4.070364768248314609e-05
2.458949942171428353e+06 9.987787478290662824e-01 4.070401731962021370e-05
2.458949947752380744e+06 9.987560590099087143e-01 4.070438695675728809e-05
2.458949953333333135e+06 9.987237799396261329e-01 4.070358197857099324e-05
2.458949958914285526e+06 9.986819106182183159e-01 4.070221305993475058e-05
2.458949964495237917e+06 9.986285786541971854e-01 4.070084414129850791e-05
2.458949970076190308e+06 9.985600408698449559e-01 4.069947522266226524e-05
2.458949975657142699e+06 9.984761930897697590e-01 4.069783834252372446e-05
2.458949981238095090e+06 9.983771256084393864e-01 4.069618516225713406e-05
2.458949986819047481e+06 9.982805901506350832e-01 4.069453198199054366e-05
2.458949992399999872e+06 9.981998678100985067e-01 4.069319087138073782e-05
2.458949997980952263e+06 9.981349585868295460e-01 4.069302594142457086e-05
2.458950003561904654e+06 9.980840123527615626e-01 4.069286101146839713e-05
2.458950009142857045e+06 9.980242407658523884e-01 4.069269608151222339e-05
2.458950014723809436e+06 9.979488680881544171e-01 4.069206309921371623e-05
2.458950020304761827e+06 9.978578943196678708e-01 4.069091635093019944e-05
2.458950025885714218e+06 9.977575284369774034e-01 4.068976960264668265e-05
2.458950031466666609e+06 9.976723753727826383e-01 4.068862285436316585e-05
2.458950037047619000e+06 9.976049680963641197e-01 4.068643921086619996e-05
2.458950042628571391e+06 9.975553066077219588e-01 4.068389831936490916e-05
2.458950048209523782e+06 9.975117698754184525e-01 4.068135742786361836e-05
2.458950053790476173e+06 9.974560060562868147e-01 4.067882995686651713e-05
2.458950059371428564e+06 9.973877876879810866e-01 4.067753380144623884e-05
2.458950064952380955e+06 9.973071876612807918e-01 4.067623764602595378e-05
2.458950070533333346e+06 9.972185711898511329e-01 4.067494149060566194e-05
2.458950076114285737e+06 9.971245015877843176e-01 4.067369250246080626e-05
2.458950081695238128e+06 9.970249788550803460e-01 4.067256612785259082e-05
2.458950087276190519e+06 9.969229178511169742e-01 4.067143975324436861e-05
2.458950092857142910e+06 9.968438899904654704e-01 4.067031337863614640e-05
2.458950098438095301e+06 9.967938654450581026e-01 4.066985831903699938e-05
2.458950104019047227e+06 9.967728442154391022e-01 4.066996406823537174e-05
2.458950109599999618e+06 9.967668149294468538e-01 4.067006981744256681e-05
2.458950115180952009e+06 9.967320425680469276e-01 4.067017556664975509e-05
2.458950120761904400e+06 9.966653771814617535e-01 4.066687861826748322e-05
2.458950126342856791e+06 9.965668187696916647e-01 4.066279320623544027e-05
2.458950131923809182e+06 9.964614022985652797e-01 4.065870779420338376e-05
2.458950137504761573e+06 9.963800307803679646e-01 4.065493402675420209e-05
2.458950143085713964e+06 9.963227877497085050e-01 4.065479820208137699e-05
2.458950148666666355e+06 9.962891258880117729e-01 4.065466237740854511e-05
2.458950154247618746e+06 9.962628571331680893e-01 4.065452655273572678e-05
2.458950159828571137e+06 9.962364577602297322e-01 4.065404101254691563e-05
2.458950165409523528e+06 9.962099277691965904e-01 4.065289426426339884e-05
2.458950170990475919e+06 9.961826205622238417e-01 4.065174751597988204e-05
2.458950176571428310e+06 9.961503192659919570e-01 4.065060076769636525e-05
2.458950182152380701e+06 9.961122616869011459e-01 4.064999280544483932e-05
2.458950187733333092e+06 9.960684478249515195e-01 4.064972503680412349e-05
2.458950193314285483e+06 9.960228948708651497e-01 4.064945726816340766e-05
2.458950198895237874e+06 9.959855405453019728e-01 4.064918949952269861e-05
2.458950204476190265e+06 9.959568481845331167e-01 4.064851449035804628e-05
2.458950210057142656e+06 9.959368155691147306e-01 4.064778394766982027e-05
2.458950215638095047e+06 9.959129661244396914e-01 4.064705340498159426e-05
2.458950221219047438e+06 9.958734735425821549e-01 4.064649075498024972e-05
2.458950226799999829e+06 9.958183378235421213e-01 4.064690210970366618e-05
