2.458984000000000000e+06 9.974615517523850450e-01 4.036633184148420201e-05
2.458984005580952391e+06 9.975045576171802653e-01 4.036886500987610935e-05
2.458984011161904782e+06 9.975388941552526534e-01 4.037139817826800313e-05
2.458984016742857173e+06 9.975643140615544358e-01 4.037411210913844332e-05
2.458984022323809564e+06 9.975808173360859454e-01 4.037686365405435422e-05
2.458984027904761955e+06 9.975930339133529667e-01 4.037961519897025834e-05
2.458984033485714346e+06 9.976063467057068035e-01 4.038237097868697272e-05
2.458984039066666737e+06 9.976207632150670968e-01 4.038516716948158634e-05
2.458984044647619128e+06 9.976363880156694508e-01 4.038796336027619996e-05
2.458984050228571519e+06 9.976559322562803533e-01 4.039075955107081358e-05
2.458984055809523910e+06 9.976805893991231855e-01 4.039315385996800387e-05
2.458984061390476301e+06 9.977103594441977252e-01 4.039483972713276533e-05
2.458984066971428692e+06 9.977438622472781793e-01 4.039652559429752002e-05
2.458984072552381083e+06 9.977726660345891396e-01 4.039821146146228148e-05
2.458984078133333474e+06 9.977953400553720709e-01 4.040100421896859382e-05
2.458984083714285865e+06 9.978118843096268620e-01 4.040444971597557423e-05
2.458984089295238256e+06 9.978253467944041555e-01 4.040789521298256143e-05
2.458984094876190647e+06 9.978428663986403935e-01 4.041134070998954862e-05
2.458984100457143039e+06 9.978647385171082185e-01 4.041305276730852887e-05
2.458984106038095430e+06 9.978909567035327832e-01 4.041456393314513872e-05
2.458984111619047821e+06 9.979137880536783634e-01 4.041607509898174856e-05
2.458984117200000212e+06 9.979263487258496212e-01 4.041758483889180899e-05
2.458984122780952603e+06 9.979286387200467789e-01 4.041908726963220179e-05
2.458984128361904528e+06 9.979203364889454031e-01 4.042058970024723372e-05
2.458984133942856919e+06 9.978962678050422586e-01 4.042209213098761975e-05
2.458984139523809310e+06 9.978546274887368783e-01 4.042324956654941515e-05
2.458984145104761701e+06 9.977954155400294844e-01 4.042395031266992825e-05
2.458984150685714092e+06 9.977213707767892403e-01 4.042465105879044813e-05
2.458984156266666483e+06 9.976453431560160512e-01 4.042535180491096800e-05
2.458984161847618874e+06 9.975689709269902616e-01 4.042605255102055777e-05
2.458984167428571265e+06 9.974922540897113166e-01 4.042675329712541770e-05
2.458984173009523656e+06 9.974236135967612382e-01 4.042745404323027085e-05
2.458984178590476047e+06 9.973786698620609181e-01 4.042815478933511723e-05
2.458984184171428438e+06 9.973577712538356232e-01 4.042883681266842084e-05
2.458984189752380829e+06 9.973607329699061275e-01 4.042951814750860479e-05
2.458984195333333220e+06 9.973649451994346382e-01 4.043019948234878873e-05
2.458984200914285611e+06 9.973547805519568099e-01 4.043040242296900286e-05
2.458984206495238002e+06 9.973302390274724205e-01 4.042901840094565910e-05
2.458984212076190393e+06 9.972910721153418478e-01 4.042763437892232212e-05
2.458984217657142784e+06 9.972345522445810184e-01 4.042625035689898514e-05
2.458984223238095175e+06 9.971599284032546251e-01 4.042539781427704413e-05
2.458984228819047567e+06 9.970672005913628899e-01 4.042507946980043027e-05
2.458984234399999958e+06 9.969660828567022959e-01 4.042476112532381640e-05
2.458984239980952349e+06 9.968921736674937195e-01 4.042444278084719576e-05
2.458984245561904740e+06 9.968487588384572495e-01 4.042371786385018714e-05
2.458984251142857131e+06 9.968358383695929970e-01 4.042286862174405163e-05
2.458984256723809522e+06 9.968317962355598416e-01 4.042201937963791611e-05
2.458984262304761913e+06 9.968050712807251523e-01 4.042110806183697643e-05
2.458984267885714304e+06 9.967553928837500354e-01 4.041837301703513899e-05
2.458984273466666695e+06 9.966834191853052305e-01 4.041563797223330154e-05
2.458984279047619086e+06 9.966194914624659784e-01 4.041290292743146410e-05
2.458984284628571477e+06 9.965801109606085006e-01 4.041103502280723515e-05
2.458984290209523868e+06 9.965652776797324641e-01 4.041119031278541117e-05
2.458984295790476259e+06 9.965698495675385793e-01 4.041134560276359397e-05
2.458984301371428650e+06 9.965530358437553193e-01 4.041150089274176999e-05
2.458984306952381041e+06 9.965060596475164845e-01 4.040920903472699279e-05
2.458984312533333432e+06 9.964289209788224078e-01 4.040504920443648836e-05
2.458984318114285823e+06 9.963270241680123318e-01 4.040088937414597716e-05
2.458984323695238214e+06 9.962159955279674683e-01 4.039672954385547951e-05
2.458984329276190605e+06 9.960968214842429447e-01 4.039520997979118618e-05
2.458984334857142996e+06 9.959695020368388718e-01 4.039421515339070885e-05
2.458984340438095387e+06 9.958429253732631325e-01 4.039322032699022474e-05
2.458984346019047778e+06 9.957271741653159758e-01 4.039201017891564852e-05
2.458984351600000169e+06 9.956222582808428312e-01 4.038888982105607857e-05
2.458984357180952560e+06 9.955274417047904612e-01 4.038576946319650862e-05
2.458984362761904951e+06 9.954245839880665470e-01 4.038264910533693189e-05
2.458984368342857342e+06 9.953058725235335302e-01 4.037965925464616801e-05
2.458984373923809268e+06 9.951713073230805673e-01 4.037689315232610617e-05
2.458984379504761659e+06 9.950230170019962461e-01 4.037412704977525157e-05
2.458984385085714050e+06 9.948736744645189090e-01 4.037136094722439697e-05
2.458984390666666441e+06 9.947253754561657946e-01 4.036875520931265860e-05
2.458984396247618832e+06 9.945781199769371250e-01 4.036624145295942564e-05
2.458984401828571223e+06 9.944403366865782745e-01 4.036372769660619267e-05
2.458984407409523614e+06 9.943313395529387311e-01 4.036121394025295970e-05
2.458984412990476005e+06 9.942518887653156723e-01 4.035920564767705337e-05
2.458984418571428396e+06 9.942019462543880692e-01 4.035725190577008780e-05
2.458984424152380787e+06 9.941503318183532167e-01 4.035529816386311546e-05
2.458984429733333178e+06 9.940699647420803142e-01 4.035342561485245536e-05
2.458984435314285569e+06 9.939608450255693617e-01 4.035195036022461916e-05
2.458984440895237960e+06 9.938244923561347921e-01 4.035047510559677618e-05
2.458984446476190351e+06 9.936844176395979167e-01 4.034899985096893321e-05
2.458984452057142742e+06 9.935486444866102884e-01 4.034743218077667881e-05
2.458984457638095133e+06 9.934171728971721294e-01 4.034574534357720940e-05
2.458984463219047524e+06 9.932874247839564852e-01 4.034405850637774678e-05
2.458984468799999915e+06 9.931475898142629877e-01 4.034237166917828415e-05
2.458984474380952306e+06 9.929962047537886916e-01 4.034178676546452377e-05
2.458984479961904697e+06 9.928332696025334858e-01 4.034166544518262565e-05
2.458984485542857088e+06 9.926804213018538547e-01 4.034154412490072752e-05
2.458984491123809479e+06 9.925769141939767559e-01 4.034142280461883618e-05
2.458984496704761870e+06 9.925235637395704025e-01 4.034272637937359583e-05
2.458984502285714261e+06 9.925198507248027546e-01 4.034407254916131823e-05
2.458984507866666652e+06 9.925093527277367711e-01 4.034541871894904063e-05
2.458984513447619043e+06 9.924539596930472829e-01 4.034583255488747216e-05
2.458984519028571434e+06 9.923536716207341790e-01 4.034326250615070388e-05
2.458984524609523825e+06 9.922127673848599727e-01 4.034069245741394238e-05
2.458984530190476216e+06 9.920767015409521772e-01 4.033812240867717410e-05
2.458984535771428607e+06 9.919577085401699579e-01 4.033736203754290626e-05
2.458984541352380998e+06 9.918557883825132038e-01 4.033837433392977861e-05
2.458984546933333389e+06 9.917635619423297300e-01 4.033938663031665773e-05
2.458984552514285780e+06 9.916545931671290059e-01 4.034039892670353685e-05
2.458984558095238172e+06 9.915265210561031717e-01 4.034104170594774905e-05
2.458984563676190563e+06 9.913793456092520051e-01 4.034157551515229096e-05
2.458984569257142954e+06 9.912219328224433079e-01 4.034210932435683286e-05
2.458984574838095345e+06 9.910669322936628278e-01 4.034268538093631860e-05
2.458984580419047736e+06 9.909144398904963236e-01 4.034429263188715878e-05
2.458984586000000127e+06 9.907647255282705512e-01 4.034589988283799895e-05
2.458984591580952518e+06 9.906293999653247306e-01 4.034750713378883912e-05
2.458984597161904909e+06 9.905146394508688168e-01 4.034844486718183005e-05
2.458984602742857300e+06 9.904204439849029207e-01 4.034786738269165071e-05
2.458984608323809691e+06 9.903428248436806358e-01 4.034728989820146459e-05
2.458984613904762082e+06 9.902510260255018570e-01 4.034671241371127847e-05
2.458984619485714007e+06 9.901385864772354051e-01 4.034664928671207216e-05
2.458984625066666398e+06 9.900055061801176226e-01 4.034696860165832845e-05
2.458984630647618789e+06 9.898676029331814341e-01 4.034728791660459151e-05
2.458984636228571180e+06 9.897696179069572775e-01 4.034760723155084779e-05
2.458984641809523571e+06 9.897142652974026955e-01 4.034993446808256095e-05
2.458984647390475962e+06 9.897015451045179102e-01 4.035264233647182272e-05
2.458984652971428353e+06 9.896939437152029173e-01 4.035535020486107771e-05
2.458984658552380744e+06 9.896499458444683039e-01 4.035788229577590857e-05
2.458984664133333135e+06 9.895695251629581524e-01 4.035895864917251816e-05
2.458984669714285526e+06 9.894540403914164894e-01 4.036003500256914129e-05
2.458984675295237917e+06 9.893353744320627641e-01 4.036111135596575766e-05
2.458984680876190308e+06 9.892269617396819426e-01 4.036183773391015039e-05
2.458984686457142700e+06 9.891288023142738028e-01 4.036198040654253249e-05
2.458984692038095091e+06 9.890457926556459611e-01 4.036212307917490103e-05
2.458984697619047482e+06 9.890063483206793515e-01 4.036226575180727635e-05
2.458984703199999873e+06 9.890150482112876063e-01 4.036368751008027851e-05
2.458984708780952264e+06 9.890718923274708363e-01 4.036582274665981323e-05
2.458984714361904655e+06 9.891481324393835983e-01 4.036795798323934795e-05
2.458984719942857046e+06 9.891793167042944868e-01 4.037009321981887590e-05
2.458984725523809437e+06 9.891630352496040279e-01 4.037204759212666334e-05
2.458984731104761828e+06 9.890993243007322189e-01 4.037398386352275109e-05
2.458984736685714219e+06 9.890098007042877892e-01 4.037592013491883206e-05
2.458984742266666610e+06 9.889127863274955743e-01 4.037761880609914533e-05
2.458984747847619001e+06 9.888082811703554631e-01 4.037820599615851805e-05
2.458984753428571392e+06 9.886986695622577148e-01 4.037879318621789078e-05
2.458984759009523783e+06 9.886194463470282523e-01 4.037938037627726351e-05
2.458984764590476174e+06 9.885824607886122273e-01 4.038072079027976708e-05
2.458984770171428565e+06 9.885877128870098618e-01 4.038300743454403141e-05
2.458984775752380956e+06 9.886235137638911263e-01 4.038529407880829574e-05
2.458984781333333347e+06 9.886375703725719388e-01 4.038758072307256007e-05
2.458984786914285738e+06 9.886235884359101389e-01 4.038920692178802219e-05
2.458984792495238129e+06 9.885815679539058376e-01 4.039056376754777999e-05
2.458984798076190520e+06 9.885276195344880890e-01 4.039192061330753778e-05
2.458984803657142911e+06 9.884903293837737914e-01 4.039327745906729557e-05
2.458984809238095302e+06 9.884702490873866765e-01 4.039614452803709830e-05
2.458984814819047693e+06 9.884673679977721283e-01 4.039904650853137124e-05
2.458984820400000084e+06 9.884806505704405444e-01 4.040194848902564417e-05
2.458984825980952475e+06 9.885094131761962277e-01 4.040452346605963047e-05
2.458984831561904866e+06 9.885536558150388453e-01 4.040608801206523873e-05
2.458984837142857257e+06 9.886120636377145887e-01 4.040765255807084698e-05
2.458984842723809648e+06 9.886711104746960244e-01 4.040921710407645523e-05
2.458984848304762039e+06 9.887272375901765553e-01 4.041066198508850530e-05
2.458984853885714430e+06 9.887804449841562926e-01 4.041199262564291257e-05
2.458984859466666821e+06 9.888301316227071647e-01 4.041332326619730630e-05
2.458984865047619212e+06 9.888741922507575666e-01 4.041465390675170002e-05
2.458984870628571138e+06 9.889124450237483099e-01 4.041632993289272040e-05
2.458984876209523529e+06 9.889448899480627331e-01 4.041810412025892852e-05
2.458984881790475920e+06 9.889887168913675808e-01 4.041987830762512986e-05
2.458984887371428311e+06 9.890678898420125487e-01 4.042158548303811412e-05
2.458984892952380702e+06 9.891825678997105964e-01 4.042189606288340320e-05
2.458984898533333093e+06 9.893319260154382899e-01 4.042220664272869228e-05
2.458984904114285484e+06 9.894827587093101284e-01 4.042251722257398137e-05
2.458984909695237875e+06 9.896177879752084960e-01 4.042319008053344180e-05
2.458984915276190266e+06 9.897370138131337258e-01 4.042465854083162561e-05
2.458984920857142657e+06 9.898394866705270134e-01 4.042612700112980942e-05
2.458984926438095048e+06 9.899180871609639665e-01 4.042759546142797968e-05
2.458984932019047439e+06 9.899713552443319964e-01 4.042845092148573131e-05
2.458984937599999830e+06 9.899992909206313252e-01 4.042886243976233975e-05
2.458984943180952221e+06 9.900172703165081023e-01 4.042927395803894820e-05
2.458984948761904612e+06 9.900678420755866238e-01 4.042968547631556342e-05
2.458984954342857003e+06 9.901534848291984048e-01 4.043154148404243215e-05
2.458984959923809394e+06 9.902741985773436673e-01 4.043365827975316012e-05
2.458984965504761785e+06 9.904086650287690086e-01 4.043577507546388810e-05
2.458984971085714176e+06 9.905338720828199550e-01 4.043776178712274157e-05
2.458984976666666567e+06 9.906498114108351905e-01 4.043873914302969510e-05
2.458984982247618958e+06 9.907570660701288112e-01 4.043971649893664185e-05
2.458984987828571349e+06 9.908686795051520058e-01 4.044069385484358860e-05
2.458984993409523740e+06 9.909900292601220295e-01 4.044264070547105562e-05
2.458984998990476131e+06 9.911211153350389935e-01 4.044616093366893708e-05
2.458985004571428522e+06 9.912586001266467939e-01 4.044968116186681853e-05
2.458985010152380913e+06 9.913835989345023414e-01 4.045320139006470676e-05
2.458985015733333305e+06 9.914931470988144202e-01 4.045596964287660968e-05
2.458985021314285696e+06 9.915872446195825862e-01 4.045833004954251725e-05
2.458985026895238087e+06 9.916772409731682281e-01 4.046069045620842483e-05
2.458985032476190478e+06 9.917880316406590957e-01 4.046305086287433240e-05
2.458985038057142869e+06 9.919204996524374485e-01 4.046566715755602685e-05
2.458985043638095260e+06 9.920746215580059646e-01 4.046830708606395416e-05
2.458985049219047651e+06 9.922397186167160044e-01 4.047094701457187469e-05
2.458985054800000042e+06 9.924069562035794378e-01 4.047369962322004488e-05
2.458985060380952433e+06 9.925763343185961540e-01 4.047695682905627743e-05
2.458985065961904824e+06 9.927492602258242149e-01 4.048021403489252354e-05
2.458985071542857215e+06 9.929459083778372497e-01 4.048347124072875609e-05
2.458985077123809606e+06 9.931728666838205433e-01 4.048684671148297540e-05
2.458985082704761997e+06 9.934301351437740957e-01 4.049036693960217088e-05
2.458985088285714388e+06 9.936979551113259701e-01 4.049388716772137314e-05
2.458985093866666779e+06 9.938899871721287305e-01 4.049740739584057540e-05
2.458985099447619170e+06 9.939961381312566457e-01 4.049951131357124219e-05
2.458985105028571561e+06 9.940164079887097159e-01 4.050105547756695495e-05
2.458985110609523952e+06 9.940049715876015934e-01 4.050259964156267448e-05
2.458985116190475877e+06 9.940558405073531834e-01 4.050414380542954337e-05
2.458985121771428268e+06 9.941706944566698345e-01 4.050824509910909166e-05
2.458985127352380659e+06 9.943490893203259517e-01 4.051238842789457256e-05
2.458985132933333050e+06 9.945521096172610376e-01 4.051653175668006024e-05
2.458985138514285441e+06 9.947546424195486958e-01 4.052079441777285533e-05
2.458985144095237833e+06 9.949566877271890375e-01 4.052541332189328805e-05
2.458985149676190224e+06 9.951558789110024339e-01 4.053003222601372755e-05
2.458985155257142615e+06 9.953286274978109249e-01 4.053465113013415350e-05
2.458985160838095006e+06 9.954688674282745620e-01 4.053763403010452262e-05
2.458985166419047397e+06 9.955765987023932340e-01 4.053909472574349733e-05
2.458985171999999788e+06 9.956673724402087533e-01 4.054055542138247203e-05
2.458985177580952179e+06 9.957944520868867722e-01 4.054201611702144673e-05
2.458985183161904570e+06 9.959622849232671049e-01 4.054441635714957338e-05
2.458985188742856961e+06 9.961708709493498626e-01 4.054707375559442898e-05
2.458985194323809352e+06 9.963828698533807593e-01 4.054973115403929135e-05
2.458985199904761743e+06 9.965474235069150533e-01 4.055229765305638480e-05
2.458985205485714134e+06 9.966642391593620864e-01 4.055321386347710818e-05
2.458985211066666525e+06 9.967349619995470311e-01 4.055413007389783157e-05
2.458985216647618916e+06 9.968216964610001618e-01 4.055504628431856173e-05
2.458985222228571307e+06 9.969560550219662698e-01 4.055648467666994914e-05
2.458985227809523698e+06 9.971380376824455771e-01 4.055903628381215929e-05
2.458985233390476089e+06 9.973592687908131582e-01 4.056158789095436944e-05
2.458985238971428480e+06 9.975586657498497489e-01 4.056413949809657959e-05
2.458985244552380871e+06 9.977240011850062595e-01 4.056475548778683173e-05
2.458985250133333262e+06 9.978552750962823570e-01 4.056400621404405651e-05
2.458985255714285653e+06 9.979594665425671751e-01 4.056325694030128129e-05
2.458985261295238044e+06 9.980554701441836096e-01 4.056250766655849929e-05
2.458985266876190435e+06 9.981443419903142100e-01 4.056262900271700002e-05
2.458985272457142826e+06 9.982260820809585322e-01 4.056289978947724294e-05
2.458985278038095217e+06 9.983021028813059417e-01 4.056317057623748585e-05
2.458985283619047608e+06 9.983738913086800393e-01 4.056325528033934559e-05
2.458985289199999999e+06 9.984414476067551281e-01 4.056198287376320611e-05
2.458985294780952390e+06 9.985055289665974998e-01 4.056071046718706663e-05
2.458985300361904781e+06 9.985823045716727409e-01 4.055943806061093393e-05
2.458985305942857172e+06 9.986782970094690848e-01 4.055883879146415642e-05
2.458985311523809563e+06 9.987935062799870867e-01 4.055930272002509536e-05
2.458985317104761954e+06 9.989216316835110021e-01 4.055976664858603430e-05
2.458985322685714345e+06 9.990279060093764096e-01 4.056023057714697324e-05
2.458985328266666736e+06 9.991070130275392369e-01 4.055851348296646725e-05
2.458985333847619127e+06 9.991589527379998170e-01 4.055564644334641036e-05
2.458985339428571519e+06 9.991939672842188314e-01 4.055277940372635346e-05
2.458985345009523910e+06 9.992340383070312804e-01 4.054991236410628979e-05
2.458985350590476301e+06 9.992799043106127543e-01 4.055004981965264492e-05
2.458985356171428692e+06 9.993315684611880911e-01 4.055044192663720127e-05
2.458985361752380617e+06 9.993901698502867248e-01 4.055083403358904182e-05
2.458985367333333008e+06 9.994566285273945860e-01 4.055096223204717083e-05
2.458985372914285399e+06 9.995309444879498795e-01 4.054995770058459503e-05
2.458985378495237790e+06 9.996127668362189134e-01 4.054895316912202600e-05
2.458985384076190181e+06 9.996972476612073777e-01 4.054794863765945697e-05
2.458985389657142572e+06 9.997828384672979851e-01 4.054706361588669098e-05
2.458985395238094963e+06 9.998695392544907357e-01 4.054632113609341298e-05
2.458985400819047354e+06 9.999502843857156487e-01 4.054557865630014176e-05
2.458985406399999745e+06 9.999949124078050255e-01 4.054483617650686376e-05
2.458985411980952136e+06 1.000000000000000000e+00 4.054345079302811087e-05
2.458985417561904527e+06 9.999655471623004610e-01 4.054181927864300493e-05
2.458985423142856918e+06 9.999096375893324895e-01 4.054018776425790576e-05
2.458985428723809309e+06 9.998629608794642465e-01 4.053855624987279303e-05
2.458985434304761700e+06 9.998260230393262171e-01 4.053782047255477332e-05
2.458985439885714091e+06 9.997988144576749336e-01 4.053709352176687727e-05
2.458985445466666482e+06 9.997805718622820859e-01 4.053636657097899477e-05
2.458985451047618873e+06 9.997708137150684848e-01 4.053608943942080771e-05
2.458985456628571264e+06 9.997695400160333534e-01 4.053711047043397000e-05
2.458985462209523655e+06 9.997763264362822255e-01 4.053813150144713228e-05
2.458985467790476047e+06 9.997870732993202614e-01 4.053915253246029456e-05
2.458985473371428438e+06 9.998007501975395561e-01 4.054036290854003301e-05
2.458985478952380829e+06 9.998173571309396657e-01 4.054174498851174794e-05
2.458985484533333220e+06 9.998300952324340463e-01 4.054312706848346964e-05
2.458985490114285611e+06 9.998161921225242610e-01 4.054450914845518457e-05
2.458985495695238002e+06 9.997738107378650874e-01 4.054457756640984946e-05
2.458985501276190393e+06 9.997029510784563033e-01 4.054429998574136999e-05
2.458985506857142784e+06 9.996205151837924685e-01 4.054402240507289730e-05
2.458985512438095175e+06 9.995489920716370547e-01 4.054377389666561781e-05
2.458985518019047566e+06 9.994884926293888805e-01 4.054399227306564285e-05
2.458985523599999957e+06 9.994390177407614928e-01 4.054421064946566789e-05
2.458985529180952348e+06 9.994005987667435864e-01 4.054442902586569294e-05
2.458985534761904739e+06 9.993732513246207372e-01 4.054545762840205692e-05
2.458985540342857130e+06 9.993569754143927231e-01 4.054816355457833347e-05
2.458985545923809521e+06 9.993508723417470208e-01 4.055086948075461002e-05
2.458985551504761912e+06 9.993485649840981866e-01 4.055357540693089335e-05
2.458985557085714303e+06 9.993488074693004375e-01 4.055512544431839233e-05
2.458985562666666694e+06 9.993515997973537734e-01 4.055588151192646970e-05
2.458985568247619085e+06 9.993443292392263366e-01 4.055663757953455385e-05
2.458985573828571476e+06 9.992935860124062541e-01 4.055739364714262444e-05
2.458985579409523867e+06 9.991975799520917967e-01 4.056016440647468562e-05
2.458985584990476258e+06 9.990563110582826312e-01 4.056326341016222386e-05
2.458985590571428649e+06 9.989045116979129446e-01 4.056636241384976887e-05
2.458985596152381040e+06 9.987778321034120887e-01 4.056917866855741755e-05
2.458985601733333431e+06 9.986762737858090322e-01 4.057005120357624314e-05
2.458985607314285822e+06 9.985985960087246927e-01 4.057092373859506196e-05
2.458985612895237748e+06 9.985194780590603836e-01 4.057179627354108337e-05
2.458985618476190139e+06 9.984289255856593215e-01 4.057365868479178824e-05
2.458985624057142530e+06 9.983269385946463848e-01 4.057704303356000669e-05
2.458985629638094921e+06 9.982199104643423304e-01 4.058042738232821159e-05
2.458985635219047312e+06 9.981422533460461155e-01 4.058381173109643005e-05
2.458985640799999703e+06 9.980990913471392556e-01 4.058702217427672028e-05
2.458985646380952094e+06 9.980904244676219728e-01 4.059014350081487809e-05
2.458985651961904485e+06 9.980966375735341733e-01 4.059326482735304946e-05
2.458985657542856876e+06 9.980765413195434865e-01 4.059638615389120727e-05
2.458985663123809267e+06 9.980288271023326496e-01 4.059893177394281304e-05
2.458985668704761658e+06 9.979535162945722959e-01 4.060143291153263064e-05
2.458985674285714049e+06 9.978568494864974436e-01 4.060393404912244824e-05
2.458985679866666440e+06 9.977437485530861183e-01 4.060616479078065486e-05
2.458985685447618831e+06 9.976142134943380979e-01 4.060728190733706627e-05
2.458985691028571222e+06 9.974702617433350849e-01 4.060839902389348446e-05
2.458985696609523613e+06 9.973387733442732328e-01 4.060951614044989587e-05
2.458985702190476004e+06 9.972281463733837503e-01 4.060986258233982175e-05
2.458985707771428395e+06 9.971383808306664154e-01 4.060931324441037423e-05
2.458985713352380786e+06 9.970651690562788438e-01 4.060876390648092670e-05
2.458985718933333177e+06 9.969905449471924141e-01 4.060821456855147240e-05
2.458985724514285568e+06 9.969125293771415874e-01 4.060816867588241968e-05
2.458985730095237959e+06 9.968311223461271409e-01 4.060830940733392282e-05
2.458985735676190350e+06 9.967474285846655846e-01 4.060845013878542595e-05
2.458985741257142741e+06 9.966632814930473927e-01 4.060859087023692909e-05
2.458985746838095132e+06 9.965787088625873702e-01 4.060787649824014369e-05
2.458985752419047523e+06 9.964939784609394557e-01 4.060715925315040687e-05
2.458985757999999914e+06 9.964284640432039541e-01 4.060644200806067683e-05
2.458985763580952305e+06 9.963941161998810525e-01 4.060620088727082486e-05
2.458985769161904696e+06 9.963909349309706398e-01 4.060728888695089327e-05
2.458985774742857087e+06 9.964132394580396124e-01 4.060837688663094814e-05
2.458985780323809478e+06 9.964078032877913271e-01 4.060946488631100978e-05
2.458985785904761869e+06 9.963615526005995537e-01 4.060974554910010755e-05
2.458985791485714260e+06 9.962744873964642922e-01 4.060931267858587380e-05
2.458985797066666652e+06 9.961597438834718377e-01 4.060887980807163328e-05
2.458985802647619043e+06 9.960603533335432580e-01 4.060844693755739953e-05
2.458985808228571434e+06 9.959796677965356837e-01 4.060880477304987176e-05
2.458985813809523825e+06 9.959176872724486707e-01 4.060936284603473644e-05
2.458985819390476216e+06 9.958722744231721657e-01 4.060992091901960112e-05
2.458985824971428607e+06 9.958406514453688185e-01 4.061048568187544016e-05
2.458985830552380998e+06 9.958228067734056221e-01 4.061114663438708836e-05
2.458985836133333389e+06 9.958180700296829224e-01 4.061180758689873657e-05
2.458985841714285780e+06 9.958040288506004867e-01 4.061246853941039833e-05
2.458985847295238171e+06 9.957697636375485439e-01 4.061275202838258384e-05
2.458985852876190562e+06 9.957152743905272052e-01 4.061227645316456322e-05
2.458985858457142487e+06 9.956445500238454427e-01 4.061180087798623117e-05
2.458985864038094878e+06 9.955851399001420798e-01 4.061132530276821055e-05
2.458985869619047269e+06 9.955422960660603726e-01 4.061077528611635137e-05
2.458985875199999660e+06 9.955160185216004320e-01 4.061017547899124091e-05
2.458985880780952051e+06 9.955077776572024417e-01 4.060957567186613046e-05
2.458985886361904442e+06 9.955213844579765547e-01 4.060897586474102001e-05
2.458985891942856833e+06 9.955570344976151231e-01 4.060804478063819703e-05
2.458985897523809224e+06 9.956147277761180359e-01 4.060706257222874944e-05
2.458985903104761615e+06 9.956657448031991375e-01 4.060608036381928830e-05
2.458985908685714006e+06 9.956813493115120872e-01 4.060500454592957958e-05
2.458985914266666397e+06 9.956615413004442638e-01 4.060332062143313437e-05
2.458985919847618788e+06 9.956083496688954426e-01 4.060163669693668239e-05
2.458985925428571180e+06 9.955613887180613242e-01 4.059995277244023718e-05
2.458985931009523571e+06 9.955359579897634648e-01 4.059823580806004936e-05
2.458985936590475962e+06 9.955320574840019754e-01 4.059646938582169674e-05
2.458985942171428353e+06 9.955437638834924163e-01 4.059470296358335767e-05
2.458985947752380744e+06 9.955399718317409219e-01 4.059293654134500505e-05
2.458985953333333135e+06 9.955161720146977755e-01 4.059096277979917263e-05
2.458985958914285526e+06 9.954723644323633103e-01 4.058888577782660743e-05
2.458985964495237917e+06 9.954244128201727992e-01 4.058680877585404902e-05
2.458985970076190308e+06 9.954049097817391223e-01 4.058473177388148383e-05
2.458985975657142699e+06 9.954148328057670359e-01 4.058456707816889708e-05
2.458985981238095090e+06 9.954540975101249245e-01 4.058453602019616835e-05
2.458985986819047481e+06 9.955022723992102973e-01 4.058450496222343963e-05
2.458985992399999872e+06 9.955436198674788573e-01 4.058420404330630204e-05
2.458985997980952263e+06 9.955781399149302713e-01 4.058283555135241689e-05
2.458986003561904654e+06 9.956048066775261551e-01 4.058146705939853175e-05
2.458986009142857045e+06 9.956104296111120133e-01 4.058009856744465338e-05
2.458986014723809436e+06 9.955909779413448790e-01 4.057893940588313018e-05
2.458986020304761827e+06 9.955464516682250853e-01 4.057801737231778730e-05
2.458986025885714218e+06 9.954909575648491771e-01 4.057709533875244443e-05
2.458986031466666609e+06 9.954819879865617338e-01 4.057617330518710833e-05
2.458986037047619000e+06 9.955256875437268338e-01 4.057668986532399073e-05
2.458986042628571391e+06 9.956220562363448101e-01 4.057772254291717502e-05
2.458986048209523782e+06 9.957386127628060635e-01 4.057875522051035931e-05
2.458986053790476173e+06 9.958226458441473694e-01 4.057978507460435091e-05
2.458986059371428564e+06 9.958734239276297862e-01 4.057989377750646537e-05
2.458986064952380955e+06 9.958914993695200391e-01 4.058000248040857983e-05
2.458986070533333346e+06 9.959134551971172700e-01 4.058011118331069430e-05
2.458986076114285737e+06 9.959613573925538699e-01 4.058040027741511679e-05
2.458986081695238128e+06 9.960352059558293947e-01 4.058117672673329420e-05
2.458986087276190519e+06 9.961299955713547316e-01 4.058195317605148517e-05
2.458986092857142910e+06 9.962002263941250879e-01 4.058272962536966258e-05
2.458986098438095301e+06 9.962349775331870161e-01 4.058361713867997668e-05
2.458986104019047227e+06 9.962342489900812836e-01 4.058460031752511083e-05
2.458986109599999618e+06 9.962155414814665155e-01 4.058558349645228521e-05
2.458986115180952009e+06 9.962349271094927960e-01 4.058656667537945958e-05
2.458986120761904400e+06 9.962966211981237885e-01 4.058654358639773749e-05
2.458986126342856791e+06 9.964006237473589378e-01 4.058627571138895518e-05
2.458986131923809182e+06 9.965077162630955332e-01 4.058600783638016609e-05
2.458986137504761573e+06 9.965681182617607270e-01 4.058581899395227852e-05
2.458986143085713964e+06 9.965816577085155892e-01 4.058665755919717700e-05
2.458986148666666355e+06 9.965504316424439457e-01 4.058749612444206872e-05
2.458986154247618746e+06 9.965406185973398889e-01 4.058833468968696043e-05
2.458986159828571137e+06 9.965837656611595818e-01 4.058930730638087041e-05
2.458986165409523528e+06 9.966798728339028024e-01 4.059054186076918830e-05
2.458986170990475919e+06 9.968198311914601151e-01 4.059177641515749940e-05
2.458986176571428310e+06 9.969423924369932299e-01 4.059301096954581728e-05
2.458986182152380701e+06 9.970361643655678563e-01 4.059501141185556437e-05
2.458986187733333092e+06 9.971011469771838831e-01 4.059751060804260748e-05
2.458986193314285483e+06 9.971407260515730009e-01 4.060000980422964382e-05
2.458986198895237874e+06 9.971634880950664970e-01 4.060250900041668015e-05
2.458986204476190265e+06 9.971698547223405429e-01 4.060166586056892558e-05
2.458986210057142656e+06 9.971598262092917775e-01 4.060033522060937260e-05
2.458986215638095047e+06 9.971405383205292905e-01 4.059900458064981963e-05
2.458986221219047438e+06 9.971189512601090765e-01 4.059785644065510722e-05
2.458986226799999829e+06 9.970950650280312466e-01 4.059783120605283053e-05
