2.459009000000000000e+06 9.899300126075486483e-01 9.496836771149474662e-05
2.459009050822054967e+06 9.899748671531446442e-01 9.498352622322113437e-05
2.459009101644110400e+06 9.904217877780848722e-01 9.497681330995808404e-05
2.459009152466165368e+06 9.902645701427977842e-01 9.500840971727762471e-05
2.459009203288220335e+06 9.904756713821414316e-01 9.500082429411768213e-05
2.459009254110275768e+06 9.907211194746887717e-01 9.501157234169099730e-05
2.459009304932330735e+06 9.903088800134524083e-01 9.498208699963126044e-05
2.459009355754386168e+06 9.904123873164015768e-01 9.501948803659317287e-05
2.459009406576441135e+06 9.905158946184025037e-01 9.505688907321239610e-05
2.459009457398496103e+06 9.906194019204032086e-01 9.509429010983161932e-05
2.459009508220551535e+06 9.907229092233525991e-01 9.513169114679353175e-05
2.459009559042606503e+06 9.908264165253533040e-01 9.516909218341275498e-05
2.459009609864661470e+06 9.909299238273542310e-01 9.520649322003196466e-05
2.459009660686716903e+06 9.910334311303033994e-01 9.524389425699387709e-05
2.459009711508771870e+06 9.911369384323043263e-01 9.528129529361310031e-05
2.459009762330826838e+06 9.912404457343050312e-01 9.531869633023232354e-05
2.459009813152882271e+06 9.913439530372544217e-01 9.535609736719422242e-05
2.459009863974937238e+06 9.914474603392551266e-01 9.539349840381344565e-05
2.459009914796992671e+06 9.915509676422044061e-01 9.543089944077535807e-05
2.459009965619047638e+06 9.916544749442051110e-01 9.546830047739456775e-05
2.459010016441102605e+06 9.917579822462061490e-01 9.550570151401379098e-05
2.459010067263158038e+06 9.918614895491552064e-01 9.554310255097570341e-05
2.459010118085213006e+06 9.919649968511561333e-01 9.558050358759492663e-05
2.459010168907267973e+06 9.920685041531569492e-01 9.561790462421414986e-05
2.459010219729323406e+06 9.921720114561062287e-01 9.565530566117606229e-05
2.459010270551378373e+06 9.924054133814985690e-01 9.570722190392687116e-05
2.459010321373433806e+06 9.917725848309305592e-01 9.567290016551642810e-05
2.459010372195488773e+06 9.919392026295739129e-01 9.571861187298964725e-05
2.459010423017543741e+06 9.914272826422800833e-01 9.573370925923780728e-05
2.459010473839599174e+06 9.915049374295559215e-01 9.578742560986654652e-05
2.459010524661654141e+06 9.921180547281587270e-01 9.590173579597424105e-05
2.459010575483709108e+06 9.916543453688383414e-01 9.591802120350227743e-05
2.459010626305764541e+06 9.920297646844833395e-01 9.595885740042185209e-05
2.459010677127819508e+06 9.916657551866462361e-01 9.591591092857888431e-05
2.459010727949874476e+06 9.911028278123681368e-01 9.584564892264700988e-05
2.459010778771929909e+06 9.912169287451908506e-01 9.586114676754815670e-05
2.459010829593984876e+06 9.909310811334485214e-01 9.584373863281555272e-05
2.459010880416040309e+06 9.911946840716043816e-01 9.585591849186411858e-05
2.459010931238095276e+06 9.909890257973978933e-01 9.581674197429480844e-05
2.459010982060150243e+06 9.908902493941674772e-01 9.578414993039073761e-05
2.459011032882205676e+06 9.909133725725320918e-01 9.575039568952804173e-05
2.459011083704260644e+06 9.907813769034878870e-01 9.574203469125649232e-05
2.459011134526315611e+06 9.903333187390106485e-01 9.567984151955800617e-05
2.459011185348371044e+06 9.898992639336555710e-01 9.562761681570213651e-05
2.459011236170426011e+06 9.899372908055763531e-01 9.562912359883986454e-05
2.459011286992480978e+06 9.899694073970387587e-01 9.560995677659696779e-05
2.459011337814536411e+06 9.885037449027636036e-01 9.545277182668334250e-05
2.459011388636591379e+06 9.896739931923173028e-01 9.555897105956935220e-05
2.459011439458646812e+06 9.888690338617422970e-01 9.548784251143911596e-05
2.459011490280701779e+06 9.889152117470125791e-01 9.550921407665814386e-05
2.459011541102756746e+06 9.888108241993630587e-01 9.553549707264703990e-05
2.459011591924812179e+06 9.886175054144102914e-01 9.553770067254304722e-05
2.459011642746867146e+06 9.881385371992995603e-01 9.552078254668742345e-05
2.459011693568922114e+06 9.879830814510084380e-01 9.551429083606309870e-05
2.459011744390977547e+06 9.875054267541927278e-01 9.547842827489053693e-05
2.459011795213032514e+06 9.873900375528492646e-01 9.549028223298299217e-05
2.459011846035087481e+06 9.871799090862136694e-01 9.547140186879942206e-05
2.459011896857142914e+06 9.871450005605073574e-01 9.545234933179895488e-05
2.459011947679197881e+06 9.867392555188652103e-01 9.541961836936526384e-05
2.459011998501253314e+06 9.864895412175975764e-01 9.539597166600772215e-05
2.459012049323308282e+06 9.865011647166349595e-01 9.537019294986145469e-05
2.459012100145363249e+06 9.853382059943974758e-01 9.527880048020469564e-05
2.459012150967418682e+06 9.855054126030059480e-01 9.528269994560802493e-05
2.459012201789473649e+06 9.851313973067418184e-01 9.524826662737268022e-05
2.459012252611528616e+06 9.847666901127518635e-01 9.522631160032624293e-05
2.459012303433584049e+06 9.847072726184840086e-01 9.521974172176341975e-05
2.459012354255639017e+06 9.844234133004936549e-01 9.517875219004804331e-05
2.459012405077694450e+06 9.839570238855206430e-01 9.515279530537289524e-05
2.459012455899749417e+06 9.831847058248638360e-01 9.508490669314325402e-05
2.459012506721804384e+06 9.830936192509288629e-01 9.509478046652683643e-05
2.459012557543859817e+06 9.832217205079666345e-01 9.514432583465348432e-05
2.459012608365914784e+06 9.829336158398875867e-01 9.514722499033241088e-05
2.459012659187969752e+06 9.820415597310426792e-01 9.509335856809933115e-05
2.459012710010025185e+06 9.824869747866519232e-01 9.514112304938070533e-05
2.459012760832080152e+06 9.814556420406191917e-01 9.505917433704206187e-05
2.459012811654135119e+06 9.815902989245948174e-01 9.508723734789714763e-05
2.459012862476190552e+06 9.810695250574702486e-01 9.505091333819780321e-05
2.459012913298245519e+06 9.809245264344264026e-01 9.504568331226978593e-05
2.459012964120300952e+06 9.808597059813096708e-01 9.502920238306119779e-05
2.459013014942355920e+06 9.802396059090178193e-01 9.498645228857856661e-05
2.459013065764410887e+06 9.804102516460783123e-01 9.499157818693027152e-05
2.459013116586466320e+06 9.799889748174971382e-01 9.494636727824368844e-05
2.459013167408521287e+06 9.794877860411635995e-01 9.491628745533177891e-05
2.459013218230576254e+06 9.790148413584855991e-01 9.487704761683898587e-05
2.459013269052631687e+06 9.790049559842186611e-01 9.487141179157953434e-05
2.459013319874686655e+06 9.788832888061901327e-01 9.487918733553195858e-05
2.459013370696741622e+06 9.780021759849946150e-01 9.479135461828168722e-05
2.459013421518797055e+06 9.785217154656030702e-01 9.483485469656620067e-05
2.459013472340852022e+06 9.779941175613072746e-01 9.480242484401148369e-05
2.459013523162907455e+06 9.782059903191421268e-01 9.483380985308825491e-05
2.459013573984962422e+06 9.777611799495825595e-01 9.481318032340486435e-05
2.459013624807017390e+06 9.775360045831883449e-01 9.480513691805450148e-05
2.459013675629072823e+06 9.772644748169403428e-01 9.480845135818920461e-05
2.459013726451127790e+06 9.774960813004830440e-01 9.483592522138040864e-05
2.459013777273182757e+06 9.769682364844520794e-01 9.479259534377053483e-05
2.459013828095238190e+06 9.769286416965050623e-01 9.480459012083531766e-05
2.459013878917293157e+06 9.771587122503859746e-01 9.481470750422690710e-05
2.459013929739348125e+06 9.763613572042609823e-01 9.477085884184162736e-05
2.459013980561403558e+06 9.764461421726070567e-01 9.475410507231968153e-05
2.459014031383458525e+06 9.763983736338176511e-01 9.474527341429705041e-05
2.459014082205513958e+06 9.763599227594708108e-01 9.474953146045853784e-05
2.459014133027568925e+06 9.763568211269700869e-01 9.472652218268660441e-05
2.459014183849623892e+06 9.762411109215972660e-01 9.472864670823692116e-05
2.459014234671679325e+06 9.757712734091372742e-01 9.467994401794411683e-05
2.459014285493734293e+06 9.759651698998204061e-01 9.470728482353575519e-05
2.459014336315789260e+06 9.746709231389482087e-01 9.459002352039412912e-05
2.459014387137844693e+06 9.760246006095071314e-01 9.470682483381877076e-05
2.459014437959899660e+06 9.759272356443281504e-01 9.467808487263253971e-05
2.459014488781955093e+06 9.760044342393693340e-01 9.468392143639932368e-05
2.459014539604010060e+06 9.757686612281639693e-01 9.468075528724112402e-05
2.459014590426065028e+06 9.755243758881934069e-01 9.467067966677401988e-05
2.459014641248120461e+06 9.757949133574123080e-01 9.469830138358778472e-05
2.459014692070175428e+06 9.759549647246317239e-01 9.471861757111142048e-05
2.459014742892230395e+06 9.757228185855618685e-01 9.469063913560766860e-05
2.459014793714285828e+06 9.758172818607427912e-01 9.470944629017997323e-05
2.459014844536340795e+06 9.752314326857973725e-01 9.463087065533913220e-05
2.459014895358395763e+06 9.758877266354522018e-01 9.470223626359594289e-05
2.459014946180451196e+06 9.761368126860374694e-01 9.470329079241914720e-05
2.459014997002506163e+06 9.760001554257106138e-01 9.470044182077051894e-05
2.459015047824561596e+06 9.760720593779379506e-01 9.468276676540263506e-05
2.459015098646616563e+06 9.765412089000785612e-01 9.471666911235125230e-05
2.459015149468671530e+06 9.766755083238896074e-01 9.473334842868911523e-05
2.459015200290726963e+06 9.763976483222992497e-01 9.468730100204022452e-05
2.459015251112781931e+06 9.768112173808813914e-01 9.471111111129074957e-05
2.459015301934836898e+06 9.755468373432438778e-01 9.456977807760635489e-05
2.459015352756892331e+06 9.772121716236955580e-01 9.472946581582843562e-05
2.459015403578947298e+06 9.772307099648701589e-01 9.471445346566123558e-05
2.459015454401002266e+06 9.776974952646976247e-01 9.475421774206364530e-05
2.459015505223057698e+06 9.775106000857990418e-01 9.473257819220177219e-05
2.459015556045112666e+06 9.780084576553241815e-01 9.475413515181926871e-05
2.459015606867168099e+06 9.778595149691425847e-01 9.473993336480428424e-05
2.459015657689223066e+06 9.782364160267166264e-01 9.476074585418022347e-05
2.459015708511278033e+06 9.782895589133396852e-01 9.476935036618075675e-05
2.459015759333333466e+06 9.786664890397049898e-01 9.479473688911045485e-05
2.459015810155388433e+06 9.788761243491784780e-01 9.481241706084558884e-05
2.459015860977443401e+06 9.795715670527197494e-01 9.485955326642062752e-05
2.459015911799498834e+06 9.792869742934736665e-01 9.482344190769150720e-05
2.459015962621553801e+06 9.800373305923435474e-01 9.486301228525303162e-05
2.459016013443608768e+06 9.805448327211031545e-01 9.488485045511637272e-05
2.459016064265664201e+06 9.807087837141059694e-01 9.488415846574257083e-05
2.459016115087719169e+06 9.810177338809121794e-01 9.489434781146088285e-05
2.459016165909774601e+06 9.807813225207523411e-01 9.485744880887632424e-05
2.459016216731829569e+06 9.813347790128571502e-01 9.488644010773157557e-05
2.459016267553884536e+06 9.821257412619416316e-01 9.495419347118549621e-05
2.459016318375939969e+06 9.826582066652018721e-01 9.497744269184280085e-05
2.459016369197994936e+06 9.832853288970385686e-01 9.501589030950740298e-05
2.459016420020049904e+06 9.834368606225720733e-01 9.500710940582290920e-05
2.459016470842105336e+06 9.837138767516103721e-01 9.502115437652646542e-05
2.459016521664160304e+06 9.842454915063127974e-01 9.505458424241876867e-05
2.459016572486215737e+06 9.844175363887649466e-01 9.504745195376835523e-05
2.459016623308270704e+06 9.844696738980953654e-01 9.504128738182145164e-05
2.459016674130325671e+06 9.848300557243760966e-01 9.506599515723824340e-05
2.459016724952381104e+06 9.856026005941452839e-01 9.513186778792556459e-05
2.459016775774436072e+06 9.859083558260539615e-01 9.513832985623561073e-05
2.459016826596491039e+06 9.862829563710069358e-01 9.515832832762420221e-05
2.459016877418546472e+06 9.869277894895071013e-01 9.519973324934128474e-05
2.459016928240601439e+06 9.874703673539942939e-01 9.522624402901980970e-05
2.459016979062656406e+06 9.875986499091948811e-01 9.521730624268665249e-05
2.459017029884711839e+06 9.881031602750766085e-01 9.523502311734690945e-05
2.459017080706766807e+06 9.883891629951506719e-01 9.525000675275876387e-05
2.459017131528822239e+06 9.887841292877572741e-01 9.526127269330815527e-05
2.459017182350877207e+06 9.888501377289852234e-01 9.525016846176870245e-05
2.459017233172932174e+06 9.895776488948088145e-01 9.530725290430856647e-05
2.459017283994987607e+06 9.897726367243574463e-01 9.530355796161898410e-05
2.459017334817042574e+06 9.900140225144909989e-01 9.529792825670780644e-05
2.459017385639097542e+06 9.905664291952555045e-01 9.532861633838120340e-05
2.459017436461152975e+06 9.907878592462088241e-01 9.532429768208046687e-05
2.459017487283207942e+06 9.913764913679378177e-01 9.536434945585537000e-05
2.459017538105262909e+06 9.907999538310628962e-01 9.529815540269888255e-05
2.459017588927318342e+06 9.916266233590463886e-01 9.535661445905992703e-05
2.459017639749373309e+06 9.921873281558379887e-01 9.540696625336459358e-05
2.459017690571428742e+06 9.928344868487815056e-01 9.545193687341361067e-05
2.459017741393483710e+06 9.932674740811816561e-01 9.547390396324686610e-05
2.459017792215538677e+06 9.934186583487598643e-01 9.548286247639002145e-05
2.459017843037594110e+06 9.935958222674865503e-01 9.548352599032537192e-05
2.459017893859649077e+06 9.937808833003693998e-01 9.550418903867895595e-05
2.459017944681704044e+06 9.943441350810245938e-01 9.551630415961444461e-05
2.459017995503759477e+06 9.948133290724587852e-01 9.554904183031026881e-05
2.459018046325814445e+06 9.948391131384927144e-01 9.553342755287898725e-05
2.459018097147869412e+06 9.955021925626666990e-01 9.556453071457765341e-05
2.459018147969924845e+06 9.955709402876974368e-01 9.556335670493611644e-05
2.459018198791979812e+06 9.951234779655916407e-01 9.551002290098599716e-05
2.459018249614035245e+06 9.954106941929369290e-01 9.552409930955976412e-05
2.459018300436090212e+06 9.963996075593214430e-01 9.560982513019165656e-05
2.459018351258145180e+06 9.966280630336663560e-01 9.559891507346948789e-05
2.459018402080200613e+06 9.964028973809895273e-01 9.558348342632622834e-05
2.459018452902255580e+06 9.970919547953711604e-01 9.561189278207223204e-05
2.459018503724310547e+06 9.974380297069069812e-01 9.564482829820286126e-05
2.459018554546365980e+06 9.975864252271656740e-01 9.564897774108880614e-05
2.459018605368420947e+06 9.981423845493329061e-01 9.568997146974675362e-05
2.459018656190476380e+06 9.979776044625815468e-01 9.568632195504066262e-05
2.459018707012531348e+06 9.982902950619492177e-01 9.570415122398562183e-05
2.459018757834586315e+06 9.984675090391288421e-01 9.571373894804721194e-05
2.459018808656641748e+06 9.982876632292614349e-01 9.570177218694730264e-05
2.459018859478696715e+06 9.986254994305236998e-01 9.571948822142454746e-05
2.459018910300751682e+06 9.986920333538178429e-01 9.571730449396708730e-05
2.459018961122807115e+06 9.984496556200270767e-01 9.567581091222920572e-05
2.459019011944862083e+06 9.992827363045146960e-01 9.575203940578233530e-05
2.459019062766917050e+06 9.993667184083241395e-01 9.574873143318526501e-05
2.459019113588972483e+06 9.996121102777512091e-01 9.575477365032151848e-05
2.459019164411027450e+06 9.992168207988578743e-01 9.571693855068185081e-05
2.459019215233082883e+06 9.994434296969322284e-01 9.574348806688087743e-05
2.459019266055137850e+06 9.993147044809661539e-01 9.572409153219780327e-05
2.459019316877192818e+06 9.997086529894229079e-01 9.574913528226003845e-05
2.459019367699248251e+06 9.993743363885962960e-01 9.571596642366570395e-05
2.459019418521303218e+06 9.992233269242157823e-01 9.569359273845892190e-05
2.459019469343358185e+06 9.997808632735364354e-01 9.573957903550082103e-05
2.459019520165413618e+06 9.996153499918443153e-01 9.573246297263350807e-05
2.459019570987468585e+06 9.997675003104231628e-01 9.574566708029027021e-05
2.459019621809523553e+06 9.993054557563375573e-01 9.570310832304167322e-05
2.459019672631578986e+06 9.998282830860812931e-01 9.576799025300098377e-05
2.459019723453633953e+06 1.000000000000000000e+00 9.577818194064952083e-05
2.459019774275689386e+06 9.996241185434942000e-01 9.576271597118973377e-05
2.459019825097744353e+06 9.999860817264730750e-01 9.579779122098340300e-05
2.459019875919799320e+06 9.997863778568859550e-01 9.578737749863494089e-05
2.459019926741854753e+06 9.993625143731454941e-01 9.575776433316378908e-05
2.459019977563909721e+06 9.990322698678602009e-01 9.571518902365370464e-05
2.459020028385964688e+06 9.992106197271722889e-01 9.573561439233226143e-05
2.459020079208020121e+06 9.991197245291640883e-01 9.572236107896368786e-05
2.459020130030075088e+06 9.982256964926420340e-01 9.565472837974116794e-05
2.459020180852130521e+06 9.992132857735714913e-01 9.574960964010268999e-05
2.459020231674185488e+06 9.986632766882564960e-01 9.571610087949135477e-05
2.459020282496240456e+06 9.981211673290050213e-01 9.566279794850770450e-05
2.459020333318295889e+06 9.982221678300159384e-01 9.569219228818638201e-05
2.459020384140350856e+06 9.982681777815674007e-01 9.569775790769254043e-05
2.459020434962405823e+06 9.977737262979021748e-01 9.565754305066752664e-05
2.459020485784461256e+06 9.967096443632950109e-01 9.556633327089002401e-05
2.459020536606516223e+06 9.976769641484188877e-01 9.566891082033299372e-05
2.459020587428571191e+06 9.966142869597693910e-01 9.557560835978539152e-05
2.459020638250626624e+06 9.969665639257985212e-01 9.562954805838720868e-05
2.459020689072681591e+06 9.961986674310205903e-01 9.558239704951988389e-05
2.459020739894737024e+06 9.961116658372636268e-01 9.559212144521564837e-05
2.459020790716791991e+06 9.962567660224276311e-01 9.563688900984602178e-05
2.459020841538846958e+06 9.955693896532772369e-01 9.558230983398807669e-05
2.459020892360902391e+06 9.956780355318106679e-01 9.562402188212336949e-05
2.459020943182957359e+06 9.950855055938236937e-01 9.557154602921713149e-05
2.459020994005012326e+06 9.950035605108411563e-01 9.557068055305829250e-05
2.459021044827067759e+06 9.946594314359659128e-01 9.555351804931648259e-05
2.459021095649122726e+06 9.935756275780598390e-01 9.546430875807194517e-05
2.459021146471177693e+06 9.938405666569877228e-01 9.550577623274603676e-05
2.459021197293233126e+06 9.928968810914721166e-01 9.541893469996929310e-05
2.459021248115288094e+06 9.931923671751371474e-01 9.547637444869446876e-05
2.459021298937343527e+06 9.920222311630321199e-01 9.539963330479464586e-05
2.459021349759398494e+06 9.921131855781368802e-01 9.543035562346679048e-05
2.459021400581453461e+06 9.915453576585612216e-01 9.540227924423760224e-05
2.459021451403508894e+06 9.911290941971846458e-01 9.534961630629424549e-05
2.459021502225563861e+06 9.910493443339167818e-01 9.536083070308663562e-05
2.459021553047618829e+06 9.906290300881920308e-01 9.532854089165177305e-05
2.459021603869674262e+06 9.899204022176919526e-01 9.526794786809803829e-05
2.459021654691729229e+06 9.894009814569804107e-01 9.523802885525894685e-05
2.459021705513784196e+06 9.888852459412651452e-01 9.518806105816961249e-05
2.459021756335839629e+06 9.884980581867556237e-01 9.515765320260989146e-05
2.459021807157894596e+06 9.876410974627339856e-01 9.507726603073971222e-05
2.459021857979950029e+06 9.864035756538730437e-01 9.498194507949380750e-05
2.459021908802004997e+06 9.863964091099264309e-01 9.500819533487683637e-05
2.459021959624059964e+06 9.864629487982901068e-01 9.502782749261235178e-05
2.459022010446115397e+06 9.853351003408643560e-01 9.493508331982930570e-05
2.459022061268170364e+06 9.843132904507707615e-01 9.488155074356304766e-05
2.459022112090225331e+06 9.850127410816136297e-01 9.497768449199002071e-05
2.459022162912280764e+06 9.842326731707827792e-01 9.492338479451358022e-05
2.459022213734335732e+06 9.840871206041762465e-01 9.494936916899871719e-05
2.459022264556391165e+06 9.835100886809909904e-01 9.492725151949591236e-05
2.459022315378446132e+06 9.829330567630925053e-01 9.490513387019574492e-05
2.459022366200501099e+06 9.823560248451942423e-01 9.488301622089559103e-05
2.459022417022556532e+06 9.817789929220087641e-01 9.486089857139278620e-05
2.459022467844611499e+06 9.812019610041105011e-01 9.483878092209263231e-05
2.459022518666666467e+06 9.806249290862121271e-01 9.481666327279247841e-05
2.459022569488721900e+06 9.800478971630266489e-01 9.479454562328967358e-05
2.459022620310776867e+06 9.794708652451283859e-01 9.477242797398951969e-05
2.459022671132831834e+06 9.788938333272299008e-01 9.475031032468936580e-05
2.459022721954887267e+06 9.783168014040444227e-01 9.472819267518654742e-05
2.459022772776942234e+06 9.777397694861461597e-01 9.470607502588639353e-05
2.459022823598997667e+06 9.771627375629606815e-01 9.468395737638358870e-05
2.459022874421052635e+06 9.765857056450623075e-01 9.466183972708344836e-05
2.459022925243107602e+06 9.760086737271640445e-01 9.463972207778329447e-05
2.459022976065163035e+06 9.754316418039785663e-01 9.461760442828048964e-05
2.459023026887218002e+06 9.748546098860803033e-01 9.459548677898033575e-05
2.459023077709272970e+06 9.742775779681818182e-01 9.457336912968016831e-05
2.459023128531328402e+06 9.745869205260137003e-01 9.464624702379313226e-05
2.459023179353383370e+06 9.739406188367908390e-01 9.470815783407193170e-05
2.459023230175438337e+06 9.729648276615096014e-01 9.469014071330909051e-05
2.459023280997493770e+06 9.728335180772982316e-01 9.473016444534238965e-05
2.459023331819548737e+06 9.720536978707392528e-01 9.468386226340659182e-05
2.459023382641604170e+06 9.709392240430211318e-01 9.462156108241895748e-05
2.459023433463659137e+06 9.718488487343293070e-01 9.474651975087350169e-05
2.459023484285714105e+06 9.710559152319886422e-01 9.474841695350989421e-05
2.459023535107769538e+06 9.705295934311551909e-01 9.477102642349687219e-05
2.459023585929824505e+06 9.702728354657007559e-01 9.481401794592544355e-05
2.459023636751879472e+06 9.695720555408958719e-01 9.477550173895244129e-05
2.459023687573934905e+06 9.694273186428529199e-01 9.476797966005451757e-05
2.459023738395989873e+06 9.685291472778883026e-01 9.469638722914859705e-05
2.459023789218044840e+06 9.680290413704664143e-01 9.465737417226471743e-05
2.459023840040100273e+06 9.678149327598569718e-01 9.466372803124469026e-05
2.459023890862155240e+06 9.673417548806417798e-01 9.462122060896446037e-05
2.459023941684210673e+06 9.672788829461914650e-01 9.460055052677456726e-05
2.459023992506265640e+06 9.665762673528903726e-01 9.451802658878925411e-05
2.459024043328320608e+06 9.661295597984116412e-01 9.448182054978755988e-05
2.459024094150376040e+06 9.656939812844720361e-01 9.447532490055069680e-05
2.459024144972431008e+06 9.657750615133815497e-01 9.449988104769171677e-05
2.459024195794485975e+06 9.656075012230762589e-01 9.449821341844994761e-05
2.459024246616541408e+06 9.649183738513097408e-01 9.444836853273704317e-05
2.459024297438596375e+06 9.644468805882975282e-01 9.438176067114013401e-05
2.459024348260651808e+06 9.644173788307961459e-01 9.434502329092586128e-05
2.459024399082706776e+06 9.644369223285270687e-01 9.434735757542031954e-05
2.459024449904761743e+06 9.637119364248152298e-01 9.428877358066162120e-05
2.459024500726817176e+06 9.636655323620387792e-01 9.430408362451803313e-05
2.459024551548872143e+06 9.633029169693222427e-01 9.429221635313902886e-05
2.459024602370927110e+06 9.636519858131220584e-01 9.435471125103832909e-05
2.459024653192982543e+06 9.634357595620449688e-01 9.436012053228918475e-05
2.459024704015037511e+06 9.631642774723918610e-01 9.433299890349701813e-05
2.459024754837092478e+06 9.630758359576030436e-01 9.432410694077277924e-05
2.459024805659147911e+06 9.631476071025459884e-01 9.432883458611502920e-05
2.459024856481202878e+06 9.629525271480958715e-01 9.431513168446984102e-05
2.459024907303258311e+06 9.628118740134863351e-01 9.429000352078333546e-05
2.459024958125313278e+06 9.628325168791347366e-01 9.427374520567185254e-05
2.459025008947368246e+06 9.625205795710178869e-01 9.423465161176936336e-05
2.459025059769423679e+06 9.626716729969185815e-01 9.423856122466677085e-05
2.459025110591478646e+06 9.622675825161899343e-01 9.418974364777679621e-05
2.459025161413533613e+06 9.628819047273008414e-01 9.425642400297167618e-05
2.459025212235589046e+06 9.623284276324339803e-01 9.420332385306812075e-05
2.459025263057644013e+06 9.626711471075911630e-01 9.422385612000379654e-05
2.459025313879698981e+06 9.625071579657292764e-01 9.419323668961739309e-05
2.459025364701754414e+06 9.629088804843117799e-01 9.420113967152590631e-05
2.459025415523809381e+06 9.626194740949648443e-01 9.415893687873057609e-05
2.459025466345864814e+06 9.627682743145971056e-01 9.416238085952929567e-05
2.459025517167919781e+06 9.625198888343365899e-01 9.414619779720434533e-05
2.459025567989974748e+06 9.633469553219380366e-01 9.422151275879971240e-05
2.459025618812030181e+06 9.631953629665670480e-01 9.423466045223578109e-05
2.459025669634085149e+06 9.633445819563061230e-01 9.422975727250670051e-05
2.459025720456140116e+06 9.636532669995153677e-01 9.425834152976799915e-05
2.459025771278195549e+06 9.627189766520121150e-01 9.416731497189628351e-05
2.459025822100250516e+06 9.638385606736387112e-01 9.424885414938033077e-05
2.459025872922305483e+06 9.640542508969318636e-01 9.424808140664081037e-05
2.459025923744360916e+06 9.641479094751540524e-01 9.425268534170262377e-05
2.459025974566415884e+06 9.645141090611853985e-01 9.424403882660032880e-05
2.459026025388471317e+06 9.646238574541800004e-01 9.424548402081462891e-05
2.459026076210526284e+06 9.653808954775618956e-01 9.429043450622895026e-05
2.459026127032581251e+06 9.653334284513246377e-01 9.428118884744908610e-05
2.459026177854636684e+06 9.652344506329849638e-01 9.425559070221503166e-05
2.459026228676691651e+06 9.657147452194853043e-01 9.427140655854959511e-05
2.459026279498746619e+06 9.661941287283445368e-01 9.428427541907271464e-05
2.459026330320802052e+06 9.664808522078019992e-01 9.430676341977039438e-05
2.459026381142857019e+06 9.670911639698172024e-01 9.430132378693596045e-05
2.459026431964912452e+06 9.676640972516195038e-01 9.434516047894162373e-05
2.459026482786967419e+06 9.682013930537156643e-01 9.437194354578121516e-05
2.459026533609022386e+06 9.678190435284511617e-01 9.432715347119605836e-05
2.459026584431077819e+06 9.677665865585732830e-01 9.431086137137016949e-05
2.459026635253132787e+06 9.689877763916648901e-01 9.441976354871694783e-05
2.459026686075187754e+06 9.689942442882275575e-01 9.440773698704072315e-05
2.459026736897243187e+06 9.699907026861039894e-01 9.448371894226465883e-05
2.459026787719298154e+06 9.703425637253608738e-01 9.448274494455364235e-05
2.459026838541353121e+06 9.703648825608687245e-01 9.448647972330405278e-05
2.459026889363408554e+06 9.712023153559032895e-01 9.451719637819471474e-05
2.459026940185463522e+06 9.716522348679748067e-01 9.455032109882550149e-05
2.459026991007518955e+06 9.722958449427707706e-01 9.456812212521379768e-05
2.459027041829573922e+06 9.727967333830296326e-01 9.458319095851434020e-05
2.459027092651628889e+06 9.727222888462878636e-01 9.456424473086496576e-05
2.459027143473684322e+06 9.732487443871961075e-01 9.459504818768989329e-05
2.459027194295739289e+06 9.738654684017631347e-01 9.462616741912981382e-05
2.459027245117794257e+06 9.741993290749004775e-01 9.463035050632316440e-05
2.459027295939849690e+06 9.745320928735584642e-01 9.463455797756773033e-05
2.459027346761904657e+06 9.751060703296242638e-01 9.464072755928864232e-05
2.459027397583959624e+06 9.754262405925768764e-01 9.465610181559445816e-05
2.459027448406015057e+06 9.761100943953798792e-01 9.469122931065515928e-05
2.459027499228070024e+06 9.761780092702239120e-01 9.468895799924017013e-05
2.459027550050125457e+06 9.767145219577707538e-01 9.472525795591014378e-05
2.459027600872180425e+06 9.773435676507852277e-01 9.475736537043926756e-05
2.459027651694235392e+06 9.774409531062737688e-01 9.476129838515299423e-05
2.459027702516290825e+06 9.784646560435265039e-01 9.482245668029899938e-05
2.459027753338345792e+06 9.781777923853527401e-01 9.479635023938375136e-05
2.459027804160400759e+06 9.795554368531477207e-01 9.489167439403964615e-05
2.459027854982456192e+06 9.798050588000842831e-01 9.489344935340125048e-05
2.459027905804511160e+06 9.799152064436451592e-01 9.488717581173283571e-05
2.459027956626566127e+06 9.807282644117037984e-01 9.493818533170291071e-05
2.459028007448621560e+06 9.805913061251049223e-01 9.489457651473299647e-05
2.459028058270676527e+06 9.814874890952411945e-01 9.494162030470295938e-05
2.459028109092731960e+06 9.810287852478873916e-01 9.489234377833209418e-05
2.459028159914786927e+06 9.816956329133481596e-01 9.490948301022377246e-05
2.459028210736841895e+06 9.822603004850936070e-01 9.495839114832044703e-05
2.459028261558897328e+06 9.826871092204075842e-01 9.497775031161695045e-05
2.459028312380952295e+06 9.832409892171458665e-01 9.499529033872405848e-05
2.459028363203007262e+06 9.840420909084527379e-01 9.505374742702897312e-05
2.459028414025062695e+06 9.846753712591713725e-01 9.508802040168547643e-05
2.459028464847117662e+06 9.845098124828577379e-01 9.505265287236132712e-05
2.459028515669173095e+06 9.847555544977206754e-01 9.504314135782689706e-05
2.459028566491228063e+06 9.846508924460669610e-01 9.504457917060862805e-05
2.459028617313283030e+06 9.852996653335992505e-01 9.507519678377253868e-05
2.459028668135338463e+06 9.858302181151202825e-01 9.513121865259041262e-05
2.459028718957393430e+06 9.861136284609339775e-01 9.514014204917289408e-05
2.459028769779448397e+06 9.867211004418549036e-01 9.518282798856590504e-05
2.459028820601503830e+06 9.868519796405318401e-01 9.518979155825794492e-05
2.459028871423558798e+06 9.873873412648638270e-01 9.520573666087798960e-05
2.459028922245613765e+06 9.877024329375154732e-01 9.523247060629186334e-05
2.459028973067669198e+06 9.879764422076375840e-01 9.523360694783603996e-05
2.459029023889724165e+06 9.881898190284502670e-01 9.521672279677549362e-05
2.459029074711779598e+06 9.881577109505783607e-01 9.521410821348397723e-05
2.459029125533834565e+06 9.888583193015570982e-01 9.525675215678441735e-05
2.459029176355889533e+06 9.889795031823065408e-01 9.526551423597777804e-05
2.459029227177944966e+06 9.896376933465019787e-01 9.531809484214737128e-05
2.459029277999999933e+06 9.900263060745640997e-01 9.534071969953872619e-05
