2.459002000000000000e+06 9.852739653558801880e-01 9.513882598833329584e-05
2.459002050822054967e+06 9.841804316928919327e-01 9.500645889061642882e-05
2.459002101644110400e+06 9.846634676085793680e-01 9.508295294644768594e-05
2.459002152466165368e+06 9.840494801534585001e-01 9.503786489983249031e-05
2.459002203288220335e+06 9.836835203563760732e-01 9.505647625847317591e-05
2.459002254110275768e+06 9.833195916126187264e-01 9.502387692303843102e-05
2.459002304932330735e+06 9.824432343365367970e-01 9.496651606125678237e-05
2.459002355754386168e+06 9.820676104639588511e-01 9.492855087578442458e-05
2.459002406576441135e+06 9.810871315305235152e-01 9.484270474931046145e-05
2.459002457398496103e+06 9.812902051047223129e-01 9.483152403207433976e-05
2.459002508220551535e+06 9.806530161862738737e-01 9.481377425038391398e-05
2.459002559042606503e+06 9.803782131694577240e-01 9.479106135692432335e-05
2.459002609864661470e+06 9.799060183236159016e-01 9.479024185602443039e-05
2.459002660686716903e+06 9.785504943146202672e-01 9.473957795253598352e-05
2.459002711508771870e+06 9.787358725726179598e-01 9.475294663526716635e-05
2.459002762330826838e+06 9.787140340421792706e-01 9.474739199472858025e-05
2.459002813152882271e+06 9.767895011176658260e-01 9.463802663061876889e-05
2.459002863974937238e+06 9.774919683311811269e-01 9.472617928333192832e-05
2.459002914796992671e+06 9.773242023536089507e-01 9.466504253560568255e-05
2.459002965619047638e+06 9.770071913443520994e-01 9.467526883511382199e-05
2.459003016441102605e+06 9.755908455073223351e-01 9.460056166412565909e-05
2.459003067263158038e+06 9.755937338926987668e-01 9.457133420802876431e-05
2.459003118085213006e+06 9.750986949794305803e-01 9.458307704627491716e-05
2.459003168907267973e+06 9.745257366893627093e-01 9.454774732741929623e-05
2.459003219729323406e+06 9.746905767194660175e-01 9.456742962518510935e-05
2.459003270551378373e+06 9.741590042751208101e-01 9.451644961389753274e-05
2.459003321373433806e+06 9.735600504514100306e-01 9.447051879707261176e-05
2.459003372195488773e+06 9.735207493053656957e-01 9.446691253336187593e-05
2.459003423017543741e+06 9.723956146971515224e-01 9.440627680112521035e-05
2.459003473839599174e+06 9.727502951433860678e-01 9.441052408437947650e-05
2.459003524661654141e+06 9.716197872301148841e-01 9.434261638795105509e-05
2.459003575483709108e+06 9.716683411345778953e-01 9.436870443939970432e-05
2.459003626305764541e+06 9.715330525076472101e-01 9.438194630823473817e-05
2.459003677127819508e+06 9.711887698749788189e-01 9.436445944945335640e-05
2.459003727949874476e+06 9.709038824435324289e-01 9.435066260136532577e-05
2.459003778771929909e+06 9.714361534045277136e-01 9.437884240147466374e-05
2.459003829593984876e+06 9.703052711817178322e-01 9.432693945276893243e-05
2.459003880416040309e+06 9.694055962519640968e-01 9.430334975354216298e-05
2.459003931238095276e+06 9.699061297838209583e-01 9.431009845065590873e-05
2.459003982060150243e+06 9.695208887732202907e-01 9.429011667865368424e-05
2.459004032882205676e+06 9.693115499765145859e-01 9.427209483188173534e-05
2.459004083704260644e+06 9.686278028183269440e-01 9.422772168887786563e-05
2.459004134526315611e+06 9.685911715745343376e-01 9.423597355193161153e-05
2.459004185348371044e+06 9.689178258663631027e-01 9.423445225434151293e-05
2.459004236170426011e+06 9.679176051888432886e-01 9.418890699252428496e-05
2.459004286992480978e+06 9.681996196751130324e-01 9.421262996435624567e-05
2.459004337814536411e+06 9.678589675424568162e-01 9.418078991430585010e-05
2.459004388636591379e+06 9.673549806132716311e-01 9.414440457883618385e-05
2.459004439458646812e+06 9.678531815482456224e-01 9.412271652335985517e-05
2.459004490280701779e+06 9.670996917054114350e-01 9.410983047924234449e-05
2.459004541102756746e+06 9.680953082657764996e-01 9.412454182771519060e-05
2.459004591924812179e+06 9.669098713500252629e-01 9.410660182386451644e-05
2.459004642746867146e+06 9.668836985571682696e-01 9.413221775480985624e-05
2.459004693568922114e+06 9.668227188446504305e-01 9.413320968631606867e-05
2.459004744390977547e+06 9.670839615136900269e-01 9.414331126864776183e-05
2.459004795213032514e+06 9.670963361343722919e-01 9.410979014418191177e-05
2.459004846035087481e+06 9.670091772224554960e-01 9.413287449057634664e-05
2.459004896857142914e+06 9.663574031258748143e-01 9.411261482409748625e-05
2.459004947679197881e+06 9.665395971683206078e-01 9.411540504838769616e-05
2.459004998501253314e+06 9.669588053552320428e-01 9.413240077869212020e-05
2.459005049323308282e+06 9.668698680750752450e-01 9.411984012647116944e-05
2.459005100145363249e+06 9.671440324610734995e-01 9.409619138455187128e-05
2.459005150967418682e+06 9.672129235802141567e-01 9.412308815005624438e-05
2.459005201789473649e+06 9.670355215779170566e-01 9.411263758031940122e-05
2.459005252611528616e+06 9.674514691129283417e-01 9.412721770008966018e-05
2.459005303433584049e+06 9.675954084885198814e-01 9.412696394773471635e-05
2.459005354255639017e+06 9.669293588812405416e-01 9.409976521721855080e-05
2.459005405077694450e+06 9.672259600941112145e-01 9.407540479379534917e-05
2.459005455899749417e+06 9.679875703289162470e-01 9.412446725273998071e-05
2.459005506721804384e+06 9.672855730799027052e-01 9.409683797389006778e-05
2.459005557543859817e+06 9.681164591593480750e-01 9.411355163636181854e-05
2.459005608365914784e+06 9.681214288180103322e-01 9.415044257712169113e-05
2.459005659187969752e+06 9.681359386167407433e-01 9.412720366209570769e-05
2.459005710010025185e+06 9.681852110989995763e-01 9.414115351466115298e-05
2.459005760832080152e+06 9.685868168651891041e-01 9.416501958281138279e-05
2.459005811654135119e+06 9.692162060429586612e-01 9.420531954714827377e-05
2.459005862476190552e+06 9.686577365597781597e-01 9.417059750833305500e-05
2.459005913298245519e+06 9.697232448783935643e-01 9.423801314872772700e-05
2.459005964120300952e+06 9.696049022272101858e-01 9.423525489528738054e-05
2.459006014942355920e+06 9.697292541154857171e-01 9.423195697120938816e-05
2.459006065764410887e+06 9.703107081212709595e-01 9.423260391270333496e-05
2.459006116586466320e+06 9.702271708087329971e-01 9.421972123582921161e-05
2.459006167408521287e+06 9.701972349858468680e-01 9.420725383129562383e-05
2.459006218230576254e+06 9.717267042864590199e-01 9.430126252323747338e-05
2.459006269052631687e+06 9.708437317605698169e-01 9.424887458853739792e-05
2.459006319874686655e+06 9.720204343661622559e-01 9.432261286723392748e-05
2.459006370696741622e+06 9.724810257245684042e-01 9.434743160166956133e-05
2.459006421518797055e+06 9.725010165745461288e-01 9.432707370473950264e-05
2.459006472340852022e+06 9.730460868601402691e-01 9.434246003971542740e-05
2.459006523162907455e+06 9.728663876364596064e-01 9.431729892577955419e-05
2.459006573984962422e+06 9.734970136201469559e-01 9.436412871768067219e-05
2.459006624807017390e+06 9.732081481623194863e-01 9.433944292905681415e-05
2.459006675629072823e+06 9.744915909185494218e-01 9.442185230769173159e-05
2.459006726451127790e+06 9.747571360554582176e-01 9.446386780255424265e-05
2.459006777273182757e+06 9.747093961473956014e-01 9.445453398544962199e-05
2.459006828095238190e+06 9.756080601515702000e-01 9.450054854267484492e-05
2.459006878917293157e+06 9.757248054209031185e-01 9.450032591823806949e-05
2.459006929739348125e+06 9.760236458418610761e-01 9.451418346718046368e-05
2.459006980561403558e+06 9.761684839307502859e-01 9.451270191100198334e-05
2.459007031383458525e+06 9.774228883914465316e-01 9.455089040658856995e-05
2.459007082205513958e+06 9.777965486581987609e-01 9.458499142899813063e-05
2.459007133027568925e+06 9.784432495606756319e-01 9.460202705008646806e-05
2.459007183849623892e+06 9.784723067348994885e-01 9.459433031973496660e-05
2.459007234671679325e+06 9.783386168893514201e-01 9.460701163316473860e-05
2.459007285493734293e+06 9.796022009898058824e-01 9.465789189579166282e-05
2.459007336315789260e+06 9.792852453783549294e-01 9.465420151996096153e-05
2.459007387137844693e+06 9.797581895681380937e-01 9.466035186830556157e-05
2.459007437959899660e+06 9.802515819836810085e-01 9.467141306252050998e-05
2.459007488781955093e+06 9.804220200429428766e-01 9.466709866294258243e-05
2.459007539604010060e+06 9.809643269273415900e-01 9.468897243917654511e-05
2.459007590426065028e+06 9.815587462382361350e-01 9.471633603557311199e-05
2.459007641248120461e+06 9.820731834363398693e-01 9.475117533268405531e-05
2.459007692070175428e+06 9.824414312590930010e-01 9.480517558257515619e-05
2.459007742892230395e+06 9.831335762329972416e-01 9.483182712928692421e-05
2.459007793714285828e+06 9.841493016141168448e-01 9.486597601185685910e-05
2.459007844536340795e+06 9.837481867210232656e-01 9.486191269856532402e-05
2.459007895358395763e+06 9.836793246905874977e-01 9.486170501803597467e-05
2.459007946180451196e+06 9.839077226922989805e-01 9.486768993459968394e-05
2.459007997002506163e+06 9.837612163163216294e-01 9.479750483988084423e-05
2.459008047824561596e+06 9.844687223032237977e-01 9.487000357676428288e-05
2.459008098646616563e+06 9.848550987859902017e-01 9.490039325191904139e-05
2.459008149468671530e+06 9.864169768040959019e-01 9.493715823795607965e-05
2.459008200290726963e+06 9.853362108939934805e-01 9.489517169916304436e-05
2.459008251112781931e+06 9.864812478341796753e-01 9.493242024772064760e-05
2.459008301934836898e+06 9.862230381860201955e-01 9.493866404578032265e-05
2.459008352756892331e+06 9.861160741582184475e-01 9.486056849469162581e-05
2.459008403578947298e+06 9.873794647390361501e-01 9.497165424205898882e-05
2.459008454401002266e+06 9.878468553654823348e-01 9.498177995774186966e-05
2.459008505223057698e+06 9.876571177731138240e-01 9.496146515645445248e-05
2.459008556045112666e+06 9.879817188198442013e-01 9.496698916419875022e-05
2.459008606867168099e+06 9.876542621839038416e-01 9.489650495914866708e-05
2.459008657689223066e+06 9.884499217236127899e-01 9.494715967419308162e-05
2.459008708511278033e+06 9.890200390609968917e-01 9.492831994670423144e-05
2.459008759333333466e+06 9.891494051035504276e-01 9.496840073691635033e-05
2.459008810155388433e+06 9.890312983671208924e-01 9.493867830753399304e-05
2.459008860977443401e+06 9.894648033812967203e-01 9.493288266734361278e-05
2.459008911799498834e+06 9.890816893444879243e-01 9.491933769145859449e-05
2.459008962621553801e+06 9.895403381107599206e-01 9.494402449059908763e-05
2.459009013443608768e+06 9.894613371808037572e-01 9.494989530199493695e-05
2.459009064265664201e+06 9.898646497361236474e-01 9.495579064542630115e-05
2.459009115087719169e+06 9.899618009427432197e-01 9.495666312397809544e-05
2.459009165909774601e+06 9.902334655008132591e-01 9.497257379542126349e-05
2.459009216731829569e+06 9.909725827050036573e-01 9.503589374052302319e-05
2.459009267553884536e+06 9.905964478960136432e-01 9.498315002765339511e-05
2.459009318375939969e+06 9.902927296855525974e-01 9.498780504989796469e-05
2.459009369197994936e+06 9.903962324378717819e-01 9.502520444254807452e-05
2.459009420020049904e+06 9.904997351901910774e-01 9.506260383519818434e-05
2.459009470842105336e+06 9.906032379434586144e-01 9.510000322819095627e-05
2.459009521664160304e+06 9.907067406957779099e-01 9.513740262084106609e-05
2.459009572486215737e+06 9.908102434490454469e-01 9.517480201383383802e-05
2.459009623308270704e+06 9.909137462013647424e-01 9.521220140648393429e-05
2.459009674130325671e+06 9.910172489536839269e-01 9.524960079913404412e-05
2.459009724952381104e+06 9.911207517069513528e-01 9.528700019212682959e-05
2.459009775774436072e+06 9.912242544592707594e-01 9.532439958477692587e-05
2.459009826596491039e+06 9.913277572115899439e-01 9.536179897742703569e-05
2.459009877418546472e+06 9.914312599648575919e-01 9.539919837041982117e-05
2.459009928240601439e+06 9.915347627171767764e-01 9.543659776306991744e-05
2.459009979062656406e+06 9.916382654694960719e-01 9.547399715572002727e-05
2.459010029884711839e+06 9.917417682227636089e-01 9.551139654871281274e-05
2.459010080706766807e+06 9.918452709750829044e-01 9.554879594136290902e-05
2.459010131528822239e+06 9.919487737283504414e-01 9.558619533435569449e-05
2.459010182350877207e+06 9.920522764806697369e-01 9.562359472700580432e-05
2.459010233172932174e+06 9.921557792329889214e-01 9.566099411965590059e-05
2.459010283994987607e+06 9.911972944919004158e-01 9.560468235839763814e-05
2.459010334817042574e+06 9.922681138681253010e-01 9.571066637797048067e-05
2.459010385639097542e+06 9.914609566470784507e-01 9.569293635647592162e-05
2.459010436461152975e+06 9.916223352853761330e-01 9.575194614773348256e-05
2.459010487283207942e+06 9.917823102389410339e-01 9.582274065123874988e-05
2.459010538105262909e+06 9.917543524670743293e-01 9.588788667973669865e-05
2.459010588927318342e+06 9.916003367601712304e-01 9.591455986200581247e-05
2.459010639749373309e+06 9.916850539069965720e-01 9.592524053546891698e-05
2.459010690571428742e+06 9.911193012570177485e-01 9.585846384172079970e-05
2.459010741393483710e+06 9.910854364105208258e-01 9.584844574505549820e-05
2.459010792215538677e+06 9.912968973988174337e-01 9.586849624809022543e-05
2.459010843037594110e+06 9.910480671315843315e-01 9.585493694032749508e-05
2.459010893859649077e+06 9.910016777014979406e-01 9.583593198500222721e-05
2.459010944681704044e+06 9.909357661006786833e-01 9.580997258424045623e-05
2.459010995503759477e+06 9.906969751880291275e-01 9.576524916184344911e-05
2.459011046325814445e+06 9.906097700964319186e-01 9.572857108835968278e-05
2.459011097147869412e+06 9.905531461784694569e-01 9.571196197606893111e-05
2.459011147969924845e+06 9.901936285014379946e-01 9.565742863736257881e-05
2.459011198791979812e+06 9.901935195626052622e-01 9.566001933935783556e-05
2.459011249614035245e+06 9.900329228172669582e-01 9.564079265107640717e-05
2.459011300436090212e+06 9.896288015193780430e-01 9.557575049910969575e-05
2.459011351258145180e+06 9.895584151821185115e-01 9.554837031438800075e-05
2.459011402080200613e+06 9.889987554165146078e-01 9.549971840156986930e-05
2.459011452902255580e+06 9.889926612509264414e-01 9.550525932582813304e-05
2.459011503724310547e+06 9.889389764011095041e-01 9.551694449684835163e-05
2.459011554546365980e+06 9.887257059172664952e-01 9.554079328094035003e-05
2.459011605368420947e+06 9.886734028390473661e-01 9.555893105919033943e-05
2.459011656190476380e+06 9.881917733327849618e-01 9.553370727194238304e-05
2.459011707012531348e+06 9.877838764568644958e-01 9.550305827981367044e-05
2.459011757834586315e+06 9.876029719819243713e-01 9.548857691246482639e-05
2.459011808656641748e+06 9.868096855912127374e-01 9.542348757396655026e-05
2.459011859478696715e+06 9.871584041396240794e-01 9.546691339588014120e-05
2.459011910300751682e+06 9.869123632057520412e-01 9.543837972536042531e-05
2.459011961122807115e+06 9.862709923621028052e-01 9.536968095104231291e-05
2.459012011944862083e+06 9.865631137418734431e-01 9.539509144712813996e-05
2.459012062766917050e+06 9.859371974997035437e-01 9.532900489421580542e-05
2.459012113588972483e+06 9.855052261706807037e-01 9.527135699303232019e-05
2.459012164411027450e+06 9.846439710074019747e-01 9.519506463813527035e-05
2.459012215233082883e+06 9.850128953950866295e-01 9.523593845820972138e-05
2.459012266055137850e+06 9.849821253967795398e-01 9.523770718970743867e-05
2.459012316877192818e+06 9.841566399011625332e-01 9.517152588676631769e-05
2.459012367699248251e+06 9.842631020102122763e-01 9.518308114389300992e-05
2.459012418521303218e+06 9.841678056883893522e-01 9.516802154173936083e-05
2.459012469343358185e+06 9.839573368348966120e-01 9.516984715794472936e-05
2.459012520165413618e+06 9.830102035522260140e-01 9.510199081944722326e-05
2.459012570987468585e+06 9.828784140021271654e-01 9.511367638548792465e-05
2.459012621809523553e+06 9.824222923715872913e-01 9.509221812249992411e-05
2.459012672631578986e+06 9.819094796035294781e-01 9.508709601339393762e-05
2.459012723453633953e+06 9.818766902357675130e-01 9.509115647452961041e-05
2.459012774275689386e+06 9.817788539444095575e-01 9.510007033672881278e-05
2.459012825097744353e+06 9.814372639538073706e-01 9.506446426851012104e-05
2.459012875919799320e+06 9.806851451061027181e-01 9.501846529830812026e-05
2.459012926741854753e+06 9.807106399487881543e-01 9.502299566995068864e-05
2.459012977563909721e+06 9.809046291580942878e-01 9.502841695172324155e-05
2.459013028385964688e+06 9.800960782517742498e-01 9.496744402552052182e-05
2.459013079208020121e+06 9.801970219026689968e-01 9.497286999867665463e-05
2.459013130030075088e+06 9.791819112403306047e-01 9.487331768954595959e-05
2.459013180852130521e+06 9.795054745788791539e-01 9.491044158020868926e-05
2.459013231674185488e+06 9.793379043983417853e-01 9.490077663634360384e-05
2.459013282496240456e+06 9.784886579916551863e-01 9.483681221218554045e-05
2.459013333318295889e+06 9.787638803833907941e-01 9.485308929117553585e-05
2.459013384140350856e+06 9.785651619916803101e-01 9.483316462799730169e-05
2.459013434962405823e+06 9.780718760022483194e-01 9.480637603357764830e-05
2.459013485784461256e+06 9.780264633335724600e-01 9.480772287925749969e-05
2.459013536606516223e+06 9.776214012703844380e-01 9.479358650700362039e-05
2.459013587428571191e+06 9.774020773350017288e-01 9.479249941272867026e-05
2.459013638250626624e+06 9.768974228245118629e-01 9.476163734070959630e-05
2.459013689072681591e+06 9.771226489940015858e-01 9.478548503115199618e-05
2.459013739894737024e+06 9.775552908621336634e-01 9.483068169945255501e-05
2.459013790716791991e+06 9.769632918653767817e-01 9.479800306426427884e-05
2.459013841538846958e+06 9.766322461945843303e-01 9.476900777178526357e-05
2.459013892360902391e+06 9.762016504093837810e-01 9.474549698744351032e-05
2.459013943182957359e+06 9.761265326341369564e-01 9.472452930918015491e-05
2.459013994005012326e+06 9.757717851726498415e-01 9.470147067616395116e-05
2.459014044827067759e+06 9.761857461840225403e-01 9.473470349938513445e-05
2.459014095649122726e+06 9.761822870146585895e-01 9.472077874070852939e-05
2.459014146471177693e+06 9.758647836114954233e-01 9.469832249491601933e-05
2.459014197293233126e+06 9.759758616199502024e-01 9.471076743404572098e-05
2.459014248115288094e+06 9.755304217585482052e-01 9.466764932023510578e-05
2.459014298937343527e+06 9.756735864600177832e-01 9.468338060771198808e-05
2.459014349759398494e+06 9.759175954133201270e-01 9.468310999912835113e-05
2.459014400581453461e+06 9.757441962820845305e-01 9.467465518239949918e-05
2.459014451403508894e+06 9.753420932800892507e-01 9.464219746405899930e-05
2.459014502225563861e+06 9.760283079012147534e-01 9.469571096506333881e-05
2.459014553047618829e+06 9.759977706239554296e-01 9.469986024988834143e-05
2.459014603869674262e+06 9.758633719765352765e-01 9.468150037745908226e-05
2.459014654691729229e+06 9.757791555725970900e-01 9.469733427653991139e-05
2.459014705513784196e+06 9.760201281500763271e-01 9.471377885169320824e-05
2.459014756335839629e+06 9.757692560672440729e-01 9.469978321185733056e-05
2.459014807157894596e+06 9.756219410713143914e-01 9.468829464315256712e-05
2.459014857979950029e+06 9.755836692073386329e-01 9.468350131306712300e-05
2.459014908802004997e+06 9.762110763844951133e-01 9.472891744966940885e-05
2.459014959624059964e+06 9.757477449804373704e-01 9.465735351519418089e-05
2.459015010446115397e+06 9.763317941095727148e-01 9.472264718102110044e-05
2.459015061268170364e+06 9.761531064366062438e-01 9.468878373180318207e-05
2.459015112090225331e+06 9.763361265179092419e-01 9.469534784212279524e-05
2.459015162912280764e+06 9.761317242423899199e-01 9.467124310079217070e-05
2.459015213734335732e+06 9.765979885746465250e-01 9.470243385935241814e-05
2.459015264556391165e+06 9.772065962738827327e-01 9.474186163535604764e-05
2.459015315378446132e+06 9.764973456231106352e-01 9.467354624808840824e-05
2.459015366200501099e+06 9.768338516202932365e-01 9.470488067137643423e-05
2.459015417022556532e+06 9.773071428333227617e-01 9.472838050154684740e-05
2.459015467844611499e+06 9.767896447215671518e-01 9.466372049316804137e-05
2.459015518666666467e+06 9.773242899412433182e-01 9.469883266472706542e-05
2.459015569488721900e+06 9.779131344541923676e-01 9.475491597734633439e-05
2.459015620310776867e+06 9.781702380067366365e-01 9.477478579402611836e-05
2.459015671132831834e+06 9.787325903448358400e-01 9.481190479965941466e-05
2.459015721954887267e+06 9.782151561772068904e-01 9.477398132343724626e-05
2.459015772776942234e+06 9.788672828723811170e-01 9.481830103610043841e-05
2.459015823598997667e+06 9.793804222417230587e-01 9.484408846789258666e-05
2.459015874421052635e+06 9.798487651877614280e-01 9.485996603898222835e-05
2.459015925243107602e+06 9.793027178990456605e-01 9.480998441550181214e-05
2.459015976065163035e+06 9.797100250666527232e-01 9.481731640340443671e-05
2.459016026887218002e+06 9.799816237512869455e-01 9.480587345993919451e-05
2.459016077709272970e+06 9.807969268928903306e-01 9.488894836673514917e-05
2.459016128531328402e+06 9.811352324994299101e-01 9.490086911671523112e-05
2.459016179353383370e+06 9.818151067047614644e-01 9.493832560961304814e-05
2.459016230175438337e+06 9.817111475029089984e-01 9.491524506428185076e-05
2.459016280997493770e+06 9.821343336107807298e-01 9.494840169788102628e-05
2.459016331819548737e+06 9.827733648935201849e-01 9.499120386767328453e-05
2.459016382641604170e+06 9.829674492905806638e-01 9.498497185304503139e-05
2.459016433463659137e+06 9.834658640238280736e-01 9.501539079062850594e-05
2.459016484285714105e+06 9.836271103895459778e-01 9.501063996397664160e-05
2.459016535107769538e+06 9.842709534462790177e-01 9.504288909422526060e-05
2.459016585929824505e+06 9.845194877459229055e-01 9.504728493607633385e-05
2.459016636751879472e+06 9.849964555664596499e-01 9.509186583249440699e-05
2.459016687573934905e+06 9.855167851034875026e-01 9.512278129343731026e-05
2.459016738395989873e+06 9.856605656990312658e-01 9.513209882581230331e-05
2.459016789218044840e+06 9.857968327262252028e-01 9.513763253633801249e-05
2.459016840040100273e+06 9.865488575538102767e-01 9.517460143616598696e-05
2.459016890862155240e+06 9.860162553532667573e-01 9.511023489115447594e-05
2.459016941684210673e+06 9.872186099677742188e-01 9.519827276788608329e-05
2.459016992506265640e+06 9.875782098652361451e-01 9.521841355380512850e-05
2.459017043328320608e+06 9.880077150195808455e-01 9.521945346075529808e-05
2.459017094150376040e+06 9.880816843539672600e-01 9.521825614744619884e-05
2.459017144972431008e+06 9.881502732784925858e-01 9.520797315213603488e-05
2.459017195794485975e+06 9.890982721984217241e-01 9.527725483591949977e-05
2.459017246616541408e+06 9.892380447575224167e-01 9.527593036977363824e-05
2.459017297438596375e+06 9.899180859474485672e-01 9.531969481596104629e-05
2.459017348260651808e+06 9.904525205769586504e-01 9.532977161274857117e-05
2.459017399082706776e+06 9.906413016145935169e-01 9.533825429688080855e-05
2.459017449904761743e+06 9.904826561042120447e-01 9.530646050616343350e-05
2.459017500726817176e+06 9.913919257272294505e-01 9.536889210120750714e-05
2.459017551548872143e+06 9.914182652397907081e-01 9.534129394305263156e-05
2.459017602370927110e+06 9.918954019978756254e-01 9.537222329998918421e-05
2.459017653192982543e+06 9.922700628788232446e-01 9.540279191714148767e-05
2.459017704015037511e+06 9.923415814015971170e-01 9.540782130415966747e-05
2.459017754837092478e+06 9.929267783450158591e-01 9.544870988528465468e-05
2.459017805659147911e+06 9.933156040067311343e-01 9.547357499849148694e-05
2.459017856481202878e+06 9.936206550516223368e-01 9.548896483292536438e-05
2.459017907303258311e+06 9.940489139983414990e-01 9.551402658922243552e-05
2.459017958125313278e+06 9.941232932875987416e-01 9.550045103654542368e-05
2.459018008947368246e+06 9.945314261818262169e-01 9.552239021628816705e-05
2.459018059769423679e+06 9.952110463472354507e-01 9.555078938783884612e-05
2.459018110591478646e+06 9.953358673395094058e-01 9.556099594288019539e-05
2.459018161413533613e+06 9.955117559666006866e-01 9.554952729176105204e-05
2.459018212235589046e+06 9.954617438184691913e-01 9.552826853682892002e-05
2.459018263057644013e+06 9.961029151648805868e-01 9.559571245211170593e-05
2.459018313879698981e+06 9.964728655238128674e-01 9.560257904791298210e-05
2.459018364701754414e+06 9.966697007096261274e-01 9.560674089709674493e-05
2.459018415523809381e+06 9.969162750147700924e-01 9.561455047921332926e-05
2.459018466345864814e+06 9.972718076220866701e-01 9.563575466293720482e-05
2.459018517167919781e+06 9.974961512676295827e-01 9.565010639827766056e-05
2.459018567989974748e+06 9.974155817918154421e-01 9.563121803887301455e-05
2.459018618812030181e+06 9.981512446196894039e-01 9.568780757664494116e-05
2.459018669634085149e+06 9.980048499977322018e-01 9.567317408125962429e-05
2.459018720456140116e+06 9.981994000244865939e-01 9.569225608133062459e-05
2.459018771278195549e+06 9.985013595475070725e-01 9.572161584582720214e-05
2.459018822100250516e+06 9.986579538411854973e-01 9.571114392357704139e-05
2.459018872922305483e+06 9.987646570660162482e-01 9.571762676215014691e-05
2.459018923744360916e+06 9.987390954987526159e-01 9.572240015653399618e-05
2.459018974566415884e+06 9.989460619689611853e-01 9.572079972470443955e-05
2.459019025388471317e+06 9.991530743694003736e-01 9.573335670571593570e-05
2.459019076210526284e+06 9.994914662787881543e-01 9.574309327107698652e-05
2.459019127032581251e+06 9.994643582697759765e-01 9.575191617896903335e-05
2.459019177854636684e+06 9.992705710426647014e-01 9.572224750361962560e-05
2.459019228676691651e+06 9.996134923357237190e-01 9.575750232347460288e-05
2.459019279498746619e+06 9.990061486680856806e-01 9.568190746395652550e-05
2.459019330320802052e+06 1.000000000000000000e+00 9.577641795807412825e-05
2.459019381142857019e+06 9.994558986860095917e-01 9.570748834311907283e-05
2.459019431964912452e+06 9.986592381874009883e-01 9.564851408329771716e-05
2.459019482786967419e+06 9.999564760234512795e-01 9.575660441178553649e-05
2.459019533609022386e+06 9.993628017804823127e-01 9.570832013771397200e-05
2.459019584431077819e+06 9.998523999024407916e-01 9.575370342670005638e-05
2.459019635253132787e+06 9.999338703319148314e-01 9.577039929726242256e-05
2.459019686075187754e+06 9.994611706124217898e-01 9.573123187249259669e-05
2.459019736897243187e+06 9.999240181264205107e-01 9.577210384005704034e-05
2.459019787719298154e+06 9.981437482001809247e-01 9.562425689041947733e-05
2.459019838541353121e+06 9.997668309001910281e-01 9.577575535035502837e-05
2.459019889363408554e+06 9.994411525561385234e-01 9.574566447530503228e-05
2.459019940185463522e+06 9.994256417411818694e-01 9.575277263257043158e-05
2.459019991007518955e+06 9.993703871669431527e-01 9.575136276665136589e-05
2.459020041829573922e+06 9.988322177470195795e-01 9.570873070525038858e-05
2.459020092651628889e+06 9.988523138391990353e-01 9.570794192381239555e-05
2.459020143473684322e+06 9.989122650915076562e-01 9.572035930945878496e-05
2.459020194295739289e+06 9.992067933586813444e-01 9.574202187986888073e-05
2.459020245117794257e+06 9.986632078799313472e-01 9.570802147956252609e-05
2.459020295939849690e+06 9.984383079805783101e-01 9.569032051005053419e-05
2.459020346761904657e+06 9.979850779175248876e-01 9.566675217501194751e-05
2.459020397583959624e+06 9.975368011813666724e-01 9.563437099683224014e-05
2.459020448406015057e+06 9.979278184951730912e-01 9.566997422364745490e-05
2.459020499228070024e+06 9.972811282785953857e-01 9.563266667699932679e-05
2.459020550050125457e+06 9.973209313178030833e-01 9.564336967147674443e-05
2.459020600872180425e+06 9.964347991661400838e-01 9.557652040523872592e-05
2.459020651694235392e+06 9.971692697738503419e-01 9.565768460792336626e-05
2.459020702516290825e+06 9.963255477759455081e-01 9.559124179908945875e-05
2.459020753338345792e+06 9.958956565909132808e-01 9.558196713612347034e-05
2.459020804160400759e+06 9.959208138133589516e-01 9.560347660982281514e-05
2.459020854982456192e+06 9.956735567210260873e-01 9.559326593191774010e-05
2.459020905804511160e+06 9.950556603560197777e-01 9.555474499539607595e-05
2.459020956626566127e+06 9.947748753561785895e-01 9.554729575752093007e-05
2.459021007448621560e+06 9.948347573033464730e-01 9.556532522118456124e-05
2.459021058270676527e+06 9.944471032154881263e-01 9.555288310516165241e-05
2.459021109092731960e+06 9.939316823960114844e-01 9.550797734268287749e-05
2.459021159914786927e+06 9.937775663065439025e-01 9.549434084362031340e-05
2.459021210736841895e+06 9.921055636610035533e-01 9.534713505494165676e-05
2.459021261558897328e+06 9.925648310816331810e-01 9.542874632604033791e-05
2.459021312380952295e+06 9.920772976246524655e-01 9.539753567335304107e-05
2.459021363203007262e+06 9.918934008397830571e-01 9.540607555220683930e-05
2.459021414025062695e+06 9.916043554174809316e-01 9.539162808610800724e-05
2.459021464847117662e+06 9.906950404202696792e-01 9.533477218233796105e-05
2.459021515669173095e+06 9.903984516607355904e-01 9.529843108190573498e-05
2.459021566491228063e+06 9.898514518289108777e-01 9.526904760829119588e-05
2.459021617313283030e+06 9.892270256419536389e-01 9.522277083633740502e-05
2.459021668135338463e+06 9.896587505464241596e-01 9.525598199350816483e-05
2.459021718957393430e+06 9.885781111241587205e-01 9.517113601921733381e-05
2.459021769779448397e+06 9.876404555632191107e-01 9.508422869943985165e-05
2.459021820601503830e+06 9.877701104852488756e-01 9.508999742094670891e-05
2.459021871423558798e+06 9.872998333507707613e-01 9.507089530351255677e-05
2.459021922245613765e+06 9.862558291028392654e-01 9.500776677958143240e-05
2.459021973067669198e+06 9.859814965269195763e-01 9.499078562266164880e-05
2.459022023889724165e+06 9.855356800462673483e-01 9.498134082318825241e-05
2.459022074711779598e+06 9.849966359991043641e-01 9.496630103426770232e-05
2.459022125533834565e+06 9.842696771664039002e-01 9.491139638393496594e-05
2.459022176355889533e+06 9.841408369678648071e-01 9.492809615664764993e-05
2.459022227177944966e+06 9.838912333005811472e-01 9.493934528011189556e-05
2.459022277999999933e+06 9.833142267462219310e-01 9.491722860299689685e-05
