2.459003000000000000e+06 9.759255170224584441e-01 9.461262027289642185e-05
2.459003050822054967e+06 9.755891665425416859e-01 9.457971608724977618e-05
2.459003101644110400e+06 9.751545411278503828e-01 9.455285508358469374e-05
2.459003152466165368e+06 9.746167929703737354e-01 9.454227147679529844e-05
2.459003203288220335e+06 9.745527439407304371e-01 9.451520849784730903e-05
2.459003254110275768e+06 9.741354073949131109e-01 9.453360480005771629e-05
2.459003304932330735e+06 9.744070016945473034e-01 9.451960917422120613e-05
2.459003355754386168e+06 9.734492604495754708e-01 9.449515578358536809e-05
2.459003406576441135e+06 9.723819485349841640e-01 9.441889480373267228e-05
2.459003457398496103e+06 9.726095205412949030e-01 9.442140892218593077e-05
2.459003508220551535e+06 9.723442303094750327e-01 9.439287543740803124e-05
2.459003559042606503e+06 9.716648287293276898e-01 9.437555581878455608e-05
2.459003609864661470e+06 9.711503784137551776e-01 9.434217881184898003e-05
2.459003660686716903e+06 9.713603268093881082e-01 9.430763310122079811e-05
2.459003711508771870e+06 9.715046176603089334e-01 9.436637577262347784e-05
2.459003762330826838e+06 9.703372891737473971e-01 9.432916543312765720e-05
2.459003813152882271e+06 9.705927387591057887e-01 9.433945858029035142e-05
2.459003863974937238e+06 9.697049996232618430e-01 9.429936298175908371e-05
2.459003914796992671e+06 9.707547681378914106e-01 9.434566290620770204e-05
2.459003965619047638e+06 9.693843641785473420e-01 9.429486943605386155e-05
2.459004016441102605e+06 9.697134180695906602e-01 9.429329609687851549e-05
2.459004067263158038e+06 9.688842113070611495e-01 9.425473787014029597e-05
2.459004118085213006e+06 9.688706187767044398e-01 9.425394761520029135e-05
2.459004168907267973e+06 9.691651250585396893e-01 9.423108877647443896e-05
2.459004219729323406e+06 9.683921315713709399e-01 9.422920222581214087e-05
2.459004270551378373e+06 9.677464216358363513e-01 9.419064476461479099e-05
2.459004321373433806e+06 9.679471449719030396e-01 9.419650983911540139e-05
2.459004372195488773e+06 9.674585013500595077e-01 9.415068166359260855e-05
2.459004423017543741e+06 9.675380473764580991e-01 9.414501868733760742e-05
2.459004473839599174e+06 9.678769236892704741e-01 9.414158903186488814e-05
2.459004524661654141e+06 9.675659348678201654e-01 9.413445674138103461e-05
2.459004575483709108e+06 9.668508329563153536e-01 9.412651585380532311e-05
2.459004626305764541e+06 9.664994263657065154e-01 9.410215641267469721e-05
2.459004677127819508e+06 9.672681802093693326e-01 9.414549408119562155e-05
2.459004727949874476e+06 9.668269884045490592e-01 9.412853281562924069e-05
2.459004778771929909e+06 9.669708487984598477e-01 9.413943311031239963e-05
2.459004829593984876e+06 9.665846155310713339e-01 9.411379367508013703e-05
2.459004880416040309e+06 9.660208238621529331e-01 9.408290673411830185e-05
2.459004931238095276e+06 9.662718690209047834e-01 9.410098338739809355e-05
2.459004982060150243e+06 9.670297596633038451e-01 9.413356651326906365e-05
2.459005032882205676e+06 9.666846137313521714e-01 9.411587217584856775e-05
2.459005083704260644e+06 9.667640911973953699e-01 9.411382069173378109e-05
2.459005134526315611e+06 9.670830718450685870e-01 9.410909275201534050e-05
2.459005185348371044e+06 9.669144858261692344e-01 9.411713045463252294e-05
2.459005236170426011e+06 9.670798621071621248e-01 9.411975450521871758e-05
2.459005286992480978e+06 9.675049106843628399e-01 9.411526467511022761e-05
2.459005337814536411e+06 9.671782219446702911e-01 9.412155653676203076e-05
2.459005388636591379e+06 9.674181857082123637e-01 9.411456442965102163e-05
2.459005439458646812e+06 9.676371248621959964e-01 9.411650015266671040e-05
2.459005490280701779e+06 9.673301346406180112e-01 9.409479122918476177e-05
2.459005541102756746e+06 9.676520736307984150e-01 9.406619099646852254e-05
2.459005591924812179e+06 9.679017942165271116e-01 9.412479060174456201e-05
2.459005642746867146e+06 9.681446684774109857e-01 9.413513831142702819e-05
2.459005693568922114e+06 9.681346486972346455e-01 9.415867807550012936e-05
2.459005744390977547e+06 9.685633474549367739e-01 9.418346580161506909e-05
2.459005795213032514e+06 9.693551864583457300e-01 9.422623125679626679e-05
2.459005846035087481e+06 9.695622505586503070e-01 9.422159210883522009e-05
2.459005896857142914e+06 9.704598257023790975e-01 9.425563681458545059e-05
2.459005947679197881e+06 9.695623566602188381e-01 9.422209218178461917e-05
2.459005998501253314e+06 9.701989866122874284e-01 9.426054045968531507e-05
2.459006049323308282e+06 9.699398177386535647e-01 9.422486947606301794e-05
2.459006100145363249e+06 9.707477889013910177e-01 9.424658828329808427e-05
2.459006150967418682e+06 9.717308394620545187e-01 9.430126046242792899e-05
2.459006201789473649e+06 9.711529582893234647e-01 9.428692496625660808e-05
2.459006252611528616e+06 9.716541700794473213e-01 9.431260894485728121e-05
2.459006303433584049e+06 9.716832739709674316e-01 9.428764558097078928e-05
2.459006354255639017e+06 9.721497103511861360e-01 9.433360053001164339e-05
2.459006405077694450e+06 9.725217658316512859e-01 9.431775731372553601e-05
2.459006455899749417e+06 9.730626960822754690e-01 9.434512248825125042e-05
2.459006506721804384e+06 9.731201174190331482e-01 9.436120124709959200e-05
2.459006557543859817e+06 9.736318224911073571e-01 9.437299829449731677e-05
2.459006608365914784e+06 9.741562979855461490e-01 9.440315624884171601e-05
2.459006659187969752e+06 9.746649888390334082e-01 9.442472898163683061e-05
2.459006710010025185e+06 9.746542370059245730e-01 9.444371385985965591e-05
2.459006760832080152e+06 9.755598047022663311e-01 9.447407289408076285e-05
2.459006811654135119e+06 9.756308557485753319e-01 9.449762582002171343e-05
2.459006862476190552e+06 9.758637440272481811e-01 9.450700498814033456e-05
2.459006913298245519e+06 9.758872359597937640e-01 9.450927855489433280e-05
2.459006964120300952e+06 9.767062482062945916e-01 9.454998500678572326e-05
2.459007014942355920e+06 9.773655033194498243e-01 9.457284255926279889e-05
2.459007065764410887e+06 9.773577600347433947e-01 9.457700776395698420e-05
2.459007116586466320e+06 9.783273650300400304e-01 9.460114749830578966e-05
2.459007167408521287e+06 9.782306327852415828e-01 9.461655227075973986e-05
2.459007218230576254e+06 9.789660905365142884e-01 9.462378046188926728e-05
2.459007269052631687e+06 9.792165044485676706e-01 9.465185241643116795e-05
2.459007319874686655e+06 9.797544129453027439e-01 9.468153356584620649e-05
2.459007370696741622e+06 9.800948460304195198e-01 9.466542055908026625e-05
2.459007421518797055e+06 9.798184889848282619e-01 9.466764624969790020e-05
2.459007472340852022e+06 9.807618301683973527e-01 9.469602854478703375e-05
2.459007523162907455e+06 9.813500903781133822e-01 9.469642871070429557e-05
2.459007573984962422e+06 9.815280347523771542e-01 9.473677191154065026e-05
2.459007624807017390e+06 9.825394986255405749e-01 9.477469659446975355e-05
2.459007675629072823e+06 9.828439806618308738e-01 9.481630809912926607e-05
2.459007726451127790e+06 9.826365776021773746e-01 9.479266730516554826e-05
2.459007777273182757e+06 9.835492911755914225e-01 9.483770609877702304e-05
2.459007828095238190e+06 9.831384849359892097e-01 9.483015860342623499e-05
2.459007878917293157e+06 9.841508734260109303e-01 9.484705455544292188e-05
2.459007929739348125e+06 9.845705704385858681e-01 9.485440213889859368e-05
2.459007980561403558e+06 9.847223629804853218e-01 9.491934639784781462e-05
2.459008031383458525e+06 9.846187013125045073e-01 9.489631169787423812e-05
2.459008082205513958e+06 9.851961335921701757e-01 9.489682719377896271e-05
2.459008133027568925e+06 9.852046839019394930e-01 9.490075133160568452e-05
2.459008183849623892e+06 9.860670095383906597e-01 9.493969695362345555e-05
2.459008234671679325e+06 9.862301120840951674e-01 9.493924879258261191e-05
2.459008285493734293e+06 9.863025991684957194e-01 9.491950040273611081e-05
2.459008336315789260e+06 9.870809260037786137e-01 9.497550177734454652e-05
2.459008387137844693e+06 9.873809608567341023e-01 9.498599704952365836e-05
2.459008437959899660e+06 9.873144065252896784e-01 9.497172314503767553e-05
2.459008488781955093e+06 9.872498180577828908e-01 9.493332184197573911e-05
2.459008539604010060e+06 9.879903554469023907e-01 9.495392035977344328e-05
2.459008590426065028e+06 9.876782788846198979e-01 9.494467141071348917e-05
2.459008641248120461e+06 9.879410807290684993e-01 9.493340993094019306e-05
2.459008692070175428e+06 9.885830904795558371e-01 9.495210796284291131e-05
2.459008742892230395e+06 9.895016115666944723e-01 9.497229779066509048e-05
2.459008793714285828e+06 9.889767466038061894e-01 9.492306529534826954e-05
2.459008844536340795e+06 9.888506761081754526e-01 9.489037383086782644e-05
2.459008895358395763e+06 9.898344152691388453e-01 9.499340811711276696e-05
2.459008946180451196e+06 9.898923605511550372e-01 9.497335714861715862e-05
2.459008997002506163e+06 9.904367567405094608e-01 9.500293982156494141e-05
2.459009047824561596e+06 9.900337689871739899e-01 9.493651096257791321e-05
2.459009098646616563e+06 9.897698490566672058e-01 9.492534778508926441e-05
2.459009149468671530e+06 9.899952470075360500e-01 9.494404377365625364e-05
2.459009200290726963e+06 9.899404750699070110e-01 9.495531335617884267e-05
2.459009251112781931e+06 9.908387434553123096e-01 9.502960859794339099e-05
2.459009301934836898e+06 9.910192604086519585e-01 9.500750039965805051e-05
2.459009352756892331e+06 9.904176708323286782e-01 9.501837469301244741e-05
2.459009403578947298e+06 9.905211793245300989e-01 9.505577615969534302e-05
2.459009454401002266e+06 9.906246878167312975e-01 9.509317762637825220e-05
2.459009505223057698e+06 9.907281963098811817e-01 9.513057909340386412e-05
2.459009556045112666e+06 9.908317048020823803e-01 9.516798056008677329e-05
2.459009606867168099e+06 9.909352132952321535e-01 9.520538202711237167e-05
2.459009657689223066e+06 9.910387217874334631e-01 9.524278349379528084e-05
2.459009708511278033e+06 9.911422302796346617e-01 9.528018496047819001e-05
2.459009759333333466e+06 9.912457387727844349e-01 9.531758642750380193e-05
2.459009810155388433e+06 9.913492472649856335e-01 9.535498789418669755e-05
2.459009860977443401e+06 9.914527557571871652e-01 9.539238936086960672e-05
2.459009911799498834e+06 9.915562642503367163e-01 9.542979082789521865e-05
2.459009962621553801e+06 9.916597727425381370e-01 9.546719229457812782e-05
2.459010013443608768e+06 9.917632812347393356e-01 9.550459376126103699e-05
2.459010064265664201e+06 9.918667897278892198e-01 9.554199522828663537e-05
2.459010115087719169e+06 9.919702982200904184e-01 9.557939669496954454e-05
2.459010165909774601e+06 9.920738067132401916e-01 9.561679816199515646e-05
2.459010216731829569e+06 9.921773152054415013e-01 9.565419962867805208e-05
2.459010267553884536e+06 9.923318671512630917e-01 9.569882479798565177e-05
2.459010318375939969e+06 9.918718114220740345e-01 9.569691696879093726e-05
2.459010369197994936e+06 9.915508090095846994e-01 9.566552577929350240e-05
2.459010420020049904e+06 9.898701910337719401e-01 9.556946035644612561e-05
2.459010470842105336e+06 9.920424563885433811e-01 9.583965539354098067e-05
2.459010521664160304e+06 9.921493641354796056e-01 9.590634619663403605e-05
2.459010572486215737e+06 9.917584539784827236e-01 9.592729851789656421e-05
2.459010623308270704e+06 9.912221120958283338e-01 9.589181847268176740e-05
2.459010674130325671e+06 9.913684126886077586e-01 9.589371731871507208e-05
2.459010724952381104e+06 9.913477167619300090e-01 9.586867260749502070e-05
2.459010775774436072e+06 9.915782505500795319e-01 9.588948003512870195e-05
2.459010826596491039e+06 9.910605649999858491e-01 9.585627622330415655e-05
2.459010877418546472e+06 9.911475636562407932e-01 9.585340931516447718e-05
2.459010928240601439e+06 9.910432545463008225e-01 9.582172760996124426e-05
2.459010979062656406e+06 9.908146145501267599e-01 9.577556165546571767e-05
2.459011029884711839e+06 9.908556012709248684e-01 9.575194597614671162e-05
2.459011080706766807e+06 9.906322444507752456e-01 9.572735379789258062e-05
2.459011131528822239e+06 9.905733542938972569e-01 9.570408433821944976e-05
2.459011182350877207e+06 9.900269037934987804e-01 9.563960700397187715e-05
2.459011233172932174e+06 9.903542750456564292e-01 9.566580528914221324e-05
2.459011283994987607e+06 9.893546669447929043e-01 9.554805299752048957e-05
2.459011334817042574e+06 9.894127996473711661e-01 9.554594795208130051e-05
2.459011385639097542e+06 9.891495599802603289e-01 9.551451400639802611e-05
2.459011436461152975e+06 9.891175439381948431e-01 9.550899864610067687e-05
2.459011487283207942e+06 9.886726157770434620e-01 9.548036557576537980e-05
2.459011538105262909e+06 9.888575319419773413e-01 9.553744827970220787e-05
2.459011588927318342e+06 9.884971132738737953e-01 9.553339519154724682e-05
2.459011639749373309e+06 9.882660366087613335e-01 9.553620933333246219e-05
2.459011690571428742e+06 9.878523019275848860e-01 9.550045819754848320e-05
2.459011741393483710e+06 9.880133402507569329e-01 9.552779857860394224e-05
2.459011792215538677e+06 9.872015694278675202e-01 9.546474385249868679e-05
2.459011843037594110e+06 9.874851487829008345e-01 9.549198032470372264e-05
2.459011893859649077e+06 9.869787297957917094e-01 9.545100420491808900e-05
2.459011944681704044e+06 9.863531648966372689e-01 9.538983342287704809e-05
2.459011995503759477e+06 9.864707112153167090e-01 9.537378181959190501e-05
2.459012046325814445e+06 9.863766654914696286e-01 9.537095934774893603e-05
2.459012097147869412e+06 9.858119549153101513e-01 9.529886706205013683e-05
2.459012147969924845e+06 9.855340444005231682e-01 9.529098551556007307e-05
2.459012198791979812e+06 9.847533849811439532e-01 9.522125606399795602e-05
2.459012249614035245e+06 9.842844516371592745e-01 9.515770208304871833e-05
2.459012300436090212e+06 9.848829942890711120e-01 9.522759964008445496e-05
2.459012351258145180e+06 9.839317525484696514e-01 9.514580604402065743e-05
2.459012402080200613e+06 9.839180279708870103e-01 9.514155444769427502e-05
2.459012452902255580e+06 9.837105955728228102e-01 9.513711796660642077e-05
2.459012503724310547e+06 9.828735916522169935e-01 9.508607684113403217e-05
2.459012554546365980e+06 9.830396257233402491e-01 9.512524095277564388e-05
2.459012605368420947e+06 9.831950786546157506e-01 9.516106533142227122e-05
2.459012656190476380e+06 9.817720330052867039e-01 9.506758349287192892e-05
2.459012707012531348e+06 9.821425991831556068e-01 9.510904734464181135e-05
2.459012757834586315e+06 9.817809965245827275e-01 9.509166256508153634e-05
2.459012808656641748e+06 9.816265162338176919e-01 9.509274010891239205e-05
2.459012859478696715e+06 9.813399631101207277e-01 9.507838672684693006e-05
2.459012910300751682e+06 9.808929693098529246e-01 9.504119276772378074e-05
2.459012961122807115e+06 9.808531448116292184e-01 9.503378705894202345e-05
2.459013011944862083e+06 9.799915902652822641e-01 9.495311853159158920e-05
2.459013062766917050e+06 9.803674705087150887e-01 9.499425529304773440e-05
2.459013113588972483e+06 9.793769450262689302e-01 9.490154056400378828e-05
2.459013164411027450e+06 9.791705560010041109e-01 9.488561550072973998e-05
2.459013215233082883e+06 9.792624754331042958e-01 9.490108211463525972e-05
2.459013266055137850e+06 9.790627390546616793e-01 9.488385223071767009e-05
2.459013316877192818e+06 9.783823334164535312e-01 9.481953111064405878e-05
2.459013367699248251e+06 9.786679339464434690e-01 9.485871449591710806e-05
2.459013418521303218e+06 9.783127931450301684e-01 9.480916601999068961e-05
2.459013469343358185e+06 9.778661510921351496e-01 9.478691426145767517e-05
2.459013520165413618e+06 9.778334123313596749e-01 9.480473672464496254e-05
2.459013570987468585e+06 9.776344109186484443e-01 9.481500228520007081e-05
2.459013621809523553e+06 9.772580461819935227e-01 9.477611672528270747e-05
2.459013672631578986e+06 9.774043269560269698e-01 9.481430082949062171e-05
2.459013723453633953e+06 9.771744539220288406e-01 9.480414969767147712e-05
2.459013774275689386e+06 9.770268144295609636e-01 9.479609300917108945e-05
2.459013825097744353e+06 9.770604035456024183e-01 9.480589446244165250e-05
2.459013875919799320e+06 9.767250798078047636e-01 9.477192390039866838e-05
2.459013926741854753e+06 9.766538726147258043e-01 9.477526124622853438e-05
2.459013977563909721e+06 9.766613030651798422e-01 9.478006790894811530e-05
2.459014028385964688e+06 9.763569573872714624e-01 9.473604709704720500e-05
2.459014079208020121e+06 9.764786800883861195e-01 9.474968659386555348e-05
2.459014130030075088e+06 9.756911684262785656e-01 9.466677851105041643e-05
2.459014180852130521e+06 9.760832711080976720e-01 9.471711196859473663e-05
2.459014231674185488e+06 9.757801928897837929e-01 9.469614585851985852e-05
2.459014282496240456e+06 9.761111520275527198e-01 9.472024378815715670e-05
2.459014333318295889e+06 9.753743984604633654e-01 9.463798429728573572e-05
2.459014384140350856e+06 9.759719998394925655e-01 9.469848968277026486e-05
2.459014434962405823e+06 9.759527095016247156e-01 9.469265854567672470e-05
2.459014485784461256e+06 9.758582738825333225e-01 9.467469348929173048e-05
2.459014536606516223e+06 9.758754828395217462e-01 9.469007028874843043e-05
2.459014587428571191e+06 9.757223004803357025e-01 9.468600146813920318e-05
2.459014638250626624e+06 9.752610503512382234e-01 9.463383419133979764e-05
2.459014689072681591e+06 9.756826060789874910e-01 9.468749439322516725e-05
2.459014739894737024e+06 9.752164865805148519e-01 9.463726903828106917e-05
2.459014790716791991e+06 9.759528826801013857e-01 9.469917694013526882e-05
2.459014841538846958e+06 9.763101710681588719e-01 9.473582067848813242e-05
2.459014892360902391e+06 9.753234880192521716e-01 9.465531065771909359e-05
2.459014943182957359e+06 9.765390726308881275e-01 9.474475698812963656e-05
2.459014994005012326e+06 9.758575679643377576e-01 9.466993883201496195e-05
2.459015044827067759e+06 9.763493978305134435e-01 9.470973077911013513e-05
2.459015095649122726e+06 9.760961592786677743e-01 9.468073448565414928e-05
2.459015146471177693e+06 9.767176336253253766e-01 9.473086070351091409e-05
2.459015197293233126e+06 9.764159748511151982e-01 9.468943505205389903e-05
2.459015248115288094e+06 9.769770145099905267e-01 9.473459499877844188e-05
2.459015298937343527e+06 9.768969076209105262e-01 9.470602505919083105e-05
2.459015349759398494e+06 9.770395269521219284e-01 9.472541735137595070e-05
2.459015400581453461e+06 9.772921722012266610e-01 9.473393693447503450e-05
2.459015451403508894e+06 9.770177817912730767e-01 9.469453599968477965e-05
2.459015502225563861e+06 9.777193146209575136e-01 9.475587551989662254e-05
2.459015553047618829e+06 9.778968569956931756e-01 9.475099271934657203e-05
2.459015603869674262e+06 9.773435496248321641e-01 9.470701539059918166e-05
2.459015654691729229e+06 9.783395588696942591e-01 9.477015788081039700e-05
2.459015705513784196e+06 9.786429482771400457e-01 9.480214113948374490e-05
2.459015756335839629e+06 9.789154749302257930e-01 9.482661009669841130e-05
2.459015807157894596e+06 9.787520808323602051e-01 9.479077728305442734e-05
2.459015857979950029e+06 9.797383487975876992e-01 9.485460337554055428e-05
2.459015908802004997e+06 9.796707712439532978e-01 9.484432662214572725e-05
2.459015959624059964e+06 9.801962184849231097e-01 9.486807274913248349e-05
2.459016010446115397e+06 9.804016987979131681e-01 9.486334838836545493e-05
2.459016061268170364e+06 9.798070580031508214e-01 9.479214179316428318e-05
2.459016112090225331e+06 9.807190286041682636e-01 9.485488617118624684e-05
2.459016162912280764e+06 9.811186926547693643e-01 9.488386041093721979e-05
2.459016213734335732e+06 9.808336124699654768e-01 9.485339504372561803e-05
2.459016264556391165e+06 9.818047596581876979e-01 9.491767186307071137e-05
2.459016315378446132e+06 9.825929362552738855e-01 9.497663103963919660e-05
2.459016366200501099e+06 9.829921482445820313e-01 9.499032729378231016e-05
2.459016417022556532e+06 9.832447387508752579e-01 9.499374513633532778e-05
2.459016467844611499e+06 9.838699058234490202e-01 9.503605342602757509e-05
2.459016518666666467e+06 9.843533191469537869e-01 9.506084965987255774e-05
2.459016569488721900e+06 9.846471627761979040e-01 9.507560718671709081e-05
2.459016620310776867e+06 9.850885067165792153e-01 9.509802828614935923e-05
2.459016671132831834e+06 9.851009774042740474e-01 9.509514302291311664e-05
2.459016721954887267e+06 9.858384648126361505e-01 9.515705278619588942e-05
2.459016772776942234e+06 9.855953194204164491e-01 9.511711521622960054e-05
2.459016823598997667e+06 9.866012321422800158e-01 9.518993955097919922e-05
2.459016874421052635e+06 9.861903163582234066e-01 9.514040760957443029e-05
2.459016925243107602e+06 9.871972002973087301e-01 9.520686768816309653e-05
2.459016976065163035e+06 9.872526948060300622e-01 9.519513203925397357e-05
2.459017026887218002e+06 9.878709783363157637e-01 9.522341540433639656e-05
2.459017077709272970e+06 9.882427063051831828e-01 9.522650837374945496e-05
2.459017128531328402e+06 9.886228486416086536e-01 9.525628723898666231e-05
2.459017179353383370e+06 9.889642301777721300e-01 9.525920894333454844e-05
2.459017230175438337e+06 9.896024393021485288e-01 9.530423341329633501e-05
2.459017280997493770e+06 9.897910639960509904e-01 9.530939818222965230e-05
2.459017331819548737e+06 9.902080136852636771e-01 9.531205686032907895e-05
2.459017382641604170e+06 9.902981709070640681e-01 9.532244534459051661e-05
2.459017433463659137e+06 9.900429465115672123e-01 9.524843520882564959e-05
2.459017484285714105e+06 9.908601099187036576e-01 9.532046014961819943e-05
2.459017535107769538e+06 9.913335530288368558e-01 9.534486610972781539e-05
2.459017585929824505e+06 9.921093717498976616e-01 9.540288032926699520e-05
2.459017636751879472e+06 9.920852542700971943e-01 9.540034865090167549e-05
2.459017687573934905e+06 9.929587421469291408e-01 9.546015782746016421e-05
2.459017738395989873e+06 9.932328569038443300e-01 9.548716170669015494e-05
2.459017789218044840e+06 9.933395800023192557e-01 9.547634853557522994e-05
2.459017840040100273e+06 9.936030020924205841e-01 9.547386505901416616e-05
2.459017890862155240e+06 9.929400990716372721e-01 9.539753048923832045e-05
2.459017941684210673e+06 9.945917534660921877e-01 9.553552724636451415e-05
2.459017992506265640e+06 9.943056300922484825e-01 9.550663136133543546e-05
2.459018043328320608e+06 9.951914170727066411e-01 9.556395666947964385e-05
2.459018094150376040e+06 9.953820864032427718e-01 9.555940492821217447e-05
2.459018144972431008e+06 9.952741850046543659e-01 9.553709513649174645e-05
2.459018195794485975e+06 9.957532581832343466e-01 9.557771795494081585e-05
2.459018246616541408e+06 9.960689838537141183e-01 9.559140212201305614e-05
2.459018297438596375e+06 9.962716178023314217e-01 9.559245740706478209e-05
2.459018348260651808e+06 9.963824984208412561e-01 9.559141839526990030e-05
2.459018399082706776e+06 9.970857221016538041e-01 9.563452957006440846e-05
2.459018449904761743e+06 9.966363283819063001e-01 9.557508341500158271e-05
2.459018500726817176e+06 9.975020408496758639e-01 9.564536415932721480e-05
2.459018551548872143e+06 9.976277183447822550e-01 9.564229166057587541e-05
2.459018602370927110e+06 9.978208461246789174e-01 9.567062757495814376e-05
2.459018653192982543e+06 9.981091977705548457e-01 9.568459172301947420e-05
2.459018704015037511e+06 9.980465123228522417e-01 9.569542332692049908e-05
2.459018754837092478e+06 9.983613052354057826e-01 9.571224384861909352e-05
2.459018805659147911e+06 9.980822356003067330e-01 9.568607695982218712e-05
2.459018856481202878e+06 9.988403647562896781e-01 9.572255392539761871e-05
2.459018907303258311e+06 9.988545881248124259e-01 9.572399158667074261e-05
2.459018958125313278e+06 9.991103579689820657e-01 9.574664458756274325e-05
2.459019008947368246e+06 9.991016040544380417e-01 9.573500956889617597e-05
2.459019059769423679e+06 9.991044108064989215e-01 9.572245188769358114e-05
2.459019110591478646e+06 9.995621214378245245e-01 9.575103866775501807e-05
2.459019161413533613e+06 9.990121379034319071e-01 9.568666743551511842e-05
2.459019212235589046e+06 9.992209849101973962e-01 9.571874514015558597e-05
2.459019263057644013e+06 9.996082125900730420e-01 9.574925248404484183e-05
2.459019313879698981e+06 9.996149515449481715e-01 9.574186959939687573e-05
2.459019364701754414e+06 9.999120405116815880e-01 9.576556108641210243e-05
2.459019415523809381e+06 9.995735363829062470e-01 9.572198366792115205e-05
2.459019466345864814e+06 9.998177406802458700e-01 9.575321200551479043e-05
2.459019517167919781e+06 9.996308336210407708e-01 9.572599143750247161e-05
2.459019567989974748e+06 1.000000000000000000e+00 9.576921162243542019e-05
2.459019618812030181e+06 9.998134299467406061e-01 9.576862044285056096e-05
2.459019669634085149e+06 9.999928794470775983e-01 9.577401972996873862e-05
2.459019720456140116e+06 9.990671926546230708e-01 9.570571055429809119e-05
2.459019771278195549e+06 9.994942852427874946e-01 9.574564743966759164e-05
2.459019822100250516e+06 9.994998687619079947e-01 9.576516351281189445e-05
2.459019872922305483e+06 9.996177239835684070e-01 9.576687291501069174e-05
2.459019923744360916e+06 9.997937588948472287e-01 9.578937139953142325e-05
2.459019974566415884e+06 9.995883688508370168e-01 9.577647946940073234e-05
2.459020025388471317e+06 9.996360169226875536e-01 9.577279766735208267e-05
2.459020076210526284e+06 9.995517742363349001e-01 9.576302463924586867e-05
2.459020127032581251e+06 9.989812989987778558e-01 9.572410928368680271e-05
2.459020177854636684e+06 9.988841799176090275e-01 9.571540224175964973e-05
2.459020228676691651e+06 9.987380431393960700e-01 9.572251776564116876e-05
2.459020279498746619e+06 9.983563436504525601e-01 9.568380915561405201e-05
2.459020330320802052e+06 9.977932109526633786e-01 9.565596408266472544e-05
2.459020381142857019e+06 9.980724127777493848e-01 9.567706776848370828e-05
2.459020431964912452e+06 9.981972216494826577e-01 9.568615764820058347e-05
2.459020482786967419e+06 9.974108877289179498e-01 9.562350582648998986e-05
2.459020533609022386e+06 9.974004325982264163e-01 9.564729450703971436e-05
2.459020584431077819e+06 9.973229079846812617e-01 9.565004773740480267e-05
2.459020635253132787e+06 9.969286667781428468e-01 9.562469062641054326e-05
2.459020686075187754e+06 9.967781115853582286e-01 9.563451630213986188e-05
2.459020736897243187e+06 9.963138323347490166e-01 9.561766771436028690e-05
2.459020787719298154e+06 9.962971384993736246e-01 9.563310385037687657e-05
2.459020838541353121e+06 9.956665285048881264e-01 9.559739495175470438e-05
2.459020889363408554e+06 9.948899662954132639e-01 9.554529545109460040e-05
2.459020940185463522e+06 9.948633093962518936e-01 9.553832604328929676e-05
2.459020991007518955e+06 9.949182399268938770e-01 9.557166883435320038e-05
2.459021041829573922e+06 9.943511364191741642e-01 9.553570505647896545e-05
2.459021092651628889e+06 9.942923396302596473e-01 9.554242758644261298e-05
2.459021143473684322e+06 9.936396264638406306e-01 9.548339570759335445e-05
2.459021194295739289e+06 9.894519362958873465e-01 9.509674060146706054e-05
2.459021245117794257e+06 9.930504152620055480e-01 9.546951599691318332e-05
2.459021295939849690e+06 9.926853992550583872e-01 9.545297357842250465e-05
2.459021346761904657e+06 9.913621121201618980e-01 9.536448042213896436e-05
2.459021397583959624e+06 9.915401254144534660e-01 9.538269961772378254e-05
2.459021448406015057e+06 9.912546702340029325e-01 9.535975158693660075e-05
2.459021499228070024e+06 9.908835750833033806e-01 9.534535004934072643e-05
2.459021550050125457e+06 9.904697731600999866e-01 9.531185172376559493e-05
2.459021600872180425e+06 9.900087320402406466e-01 9.527468053721593183e-05
2.459021651694235392e+06 9.896132398637832450e-01 9.525203680656603011e-05
2.459021702516290825e+06 9.885946314654695533e-01 9.515274305916027642e-05
2.459021753338345792e+06 9.880137931057462186e-01 9.511662274713138460e-05
2.459021804160400759e+06 9.874888427303840643e-01 9.508504114772727651e-05
2.459021854982456192e+06 9.871831568989068995e-01 9.503139145362342788e-05
2.459021905804511160e+06 9.866737741935586170e-01 9.503783762446271560e-05
2.459021956626566127e+06 9.864846265307605222e-01 9.502735182601688437e-05
2.459022007448621560e+06 9.859667731848761330e-01 9.501825003524931796e-05
2.459022058270676527e+06 9.857396071638406809e-01 9.501195847239313035e-05
2.459022109092731960e+06 9.841709507458618056e-01 9.489486157904563279e-05
2.459022159914786927e+06 9.837146172019385348e-01 9.486225090563533979e-05
2.459022210736841895e+06 9.841324701734071034e-01 9.495176548218342441e-05
2.459022261558897328e+06 9.835554316150987297e-01 9.492964757835615824e-05
2.459022312380952295e+06 9.829783930620774601e-01 9.490752967473157012e-05
2.459022363203007262e+06 9.824013545090561905e-01 9.488541177110696844e-05
2.459022414025062695e+06 9.818243159507478168e-01 9.486329386727971583e-05
2.459022464847117662e+06 9.812472773977265472e-01 9.484117596365512770e-05
2.459022515669173095e+06 9.806702388394180625e-01 9.481905805982787509e-05
2.459022566491228063e+06 9.800932002863969039e-01 9.479694015620327341e-05
2.459022617313283030e+06 9.795161617333757453e-01 9.477482225257867173e-05
2.459022668135338463e+06 9.789391231750672606e-01 9.475270434875141911e-05
2.459022718957393430e+06 9.783620846220459910e-01 9.473058644512681744e-05
2.459022769779448397e+06 9.777850460690247214e-01 9.470846854150222931e-05
2.459022820601503830e+06 9.772080075107163477e-01 9.468635063767497670e-05
2.459022871423558798e+06 9.766309689576950781e-01 9.466423273405037502e-05
2.459022922245613765e+06 9.760539304046738085e-01 9.464211483042578690e-05
2.459022973067669198e+06 9.754768918463654348e-01 9.461999692659852073e-05
2.459023023889724165e+06 9.748998532933441652e-01 9.459787902297391905e-05
2.459023074711779598e+06 9.743228147350357915e-01 9.457576111914666643e-05
2.459023125533834565e+06 9.745592058668314239e-01 9.463565745261623798e-05
2.459023176355889533e+06 9.743274514889331828e-01 9.471773615015714363e-05
2.459023227177944966e+06 9.729749444934591152e-01 9.468394288731022258e-05
2.459023277999999933e+06 9.732525174904059773e-01 9.475870755557529038e-05
