2.458958000000000000e+06 9.985390778646682231e-01 9.761756979434997854e-05
2.458958050822054967e+06 9.987009019800954235e-01 9.753983376725550256e-05
2.458958101644110400e+06 9.989342008498343084e-01 9.748017609196726961e-05
2.458958152466165368e+06 9.988530309143691666e-01 9.740672315111930388e-05
2.458958203288220335e+06 9.993074107525614647e-01 9.742409144787564693e-05
2.458958254110275768e+06 9.983855794718629051e-01 9.731410513911213514e-05
2.458958304932330735e+06 9.994174142792270343e-01 9.736632228215905160e-05
2.458958355754386168e+06 9.994694031901689701e-01 9.728000108548007111e-05
2.458958406576441135e+06 9.991541855199792543e-01 9.713914680938514376e-05
2.458958457398496103e+06 9.994176074913664332e-01 9.708877456328594954e-05
2.458958508220551535e+06 9.994383274697655750e-01 9.706959568600073143e-05
2.458958559042606503e+06 9.999253614571527171e-01 9.712199403057403344e-05
2.458958609864661470e+06 9.997942552307685915e-01 9.716697597913175185e-05
2.458958660686716903e+06 9.990305162845599662e-01 9.711592172992148124e-05
2.458958711508771870e+06 9.997033711055725025e-01 9.715715792541714695e-05
2.458958762330826838e+06 1.000000000000000000e+00 9.716050336081463008e-05
2.458958813152882271e+06 9.998264532536238480e-01 9.711185817009402731e-05
2.458958863974937238e+06 9.997472002431074811e-01 9.714097394073985996e-05
2.458958914796992671e+06 9.998337618392716397e-01 9.719050546030374906e-05
2.458958965619047638e+06 9.995822198302990458e-01 9.721373490348868285e-05
2.458959016441102605e+06 9.989983692229386092e-01 9.710319703490187136e-05
2.458959067263158038e+06 9.994451786462432707e-01 9.709095030215438493e-05
2.458959118085213006e+06 9.996047355528038247e-01 9.702554517289176182e-05
2.458959168907267973e+06 9.994717048527477221e-01 9.694499642458117715e-05
2.458959219729323406e+06 9.994003241898969936e-01 9.690352881974971251e-05
2.458959270551378373e+06 9.988267687233620684e-01 9.682884819658538471e-05
2.458959321373433806e+06 9.983149917234980242e-01 9.674713576086671463e-05
2.458959372195488773e+06 9.984788260396999515e-01 9.669774756499813109e-05
2.458959423017543741e+06 9.987375984939594886e-01 9.664027105552680204e-05
2.458959473839599174e+06 9.985748869209040146e-01 9.661603820740087762e-05
2.458959524661654141e+06 9.983081004196464603e-01 9.660896989713972812e-05
2.458959575483709108e+06 9.979044056232885263e-01 9.661542505125018758e-05
2.458959626305764541e+06 9.974934965483381877e-01 9.660331552500940968e-05
2.458959677127819508e+06 9.971954119555596074e-01 9.659828876586873262e-05
2.458959727949874476e+06 9.972766584553590663e-01 9.660415753643578584e-05
2.458959778771929909e+06 9.969316507875742861e-01 9.656452924594266323e-05
2.458959829593984876e+06 9.969793394234920392e-01 9.660658598760163928e-05
2.458959880416040309e+06 9.962055734114177996e-01 9.656935442222663716e-05
2.458959931238095276e+06 9.960930965796910286e-01 9.661317812330864245e-05
2.458959982060150243e+06 9.957047760968810168e-01 9.661985499940710734e-05
2.458960032882205676e+06 9.956054478402946994e-01 9.658120797709606451e-05
2.458960083704260644e+06 9.948345615117253349e-01 9.645691579688479096e-05
2.458960134526315611e+06 9.939033070441132267e-01 9.634366158376206682e-05
2.458960185348371044e+06 9.945577766524510421e-01 9.634244231038361164e-05
2.458960236170426011e+06 9.943433904869443118e-01 9.631677379599849927e-05
2.458960286992480978e+06 9.941626187131016312e-01 9.629980955184887735e-05
2.458960337814536411e+06 9.930598186202649336e-01 9.619311730799748209e-05
2.458960388636591379e+06 9.929650107225557187e-01 9.619147227002853239e-05
2.458960439458646812e+06 9.927433599599201353e-01 9.612718364436520046e-05
2.458960490280701779e+06 9.917654964983005916e-01 9.604626710304470087e-05
2.458960541102756746e+06 9.918817840848647149e-01 9.608204678130580461e-05
2.458960591924812179e+06 9.913612965629502449e-01 9.606543583230061083e-05
2.458960642746867146e+06 9.910154800051462765e-01 9.606575073420418193e-05
2.458960693568922114e+06 9.906104474725341280e-01 9.604938449839051193e-05
2.458960744390977547e+06 9.900210797577284616e-01 9.602488122852325921e-05
2.458960795213032514e+06 9.894987537796049448e-01 9.598682186385336618e-05
2.458960846035087481e+06 9.895110099900933376e-01 9.599058880426019843e-05
2.458960896857142914e+06 9.884462050692978119e-01 9.597526352458658067e-05
2.458960947679197881e+06 9.879917936535868028e-01 9.598218634370011756e-05
2.458960998501253314e+06 9.878830936828716380e-01 9.598457061207216776e-05
2.458961049323308282e+06 9.867524591530869582e-01 9.587452821975895928e-05
2.458961100145363249e+06 9.868440211666709150e-01 9.585074907630678691e-05
2.458961150967418682e+06 9.862657840958736211e-01 9.577316045669489347e-05
2.458961201789473649e+06 9.856760267125979080e-01 9.572135960438210686e-05
2.458961252611528616e+06 9.848993859967334341e-01 9.566406439903263998e-05
2.458961303433584049e+06 9.847994758147964323e-01 9.569256645781784490e-05
2.458961354255639017e+06 9.842922691888686959e-01 9.562889701386543498e-05
2.458961405077694450e+06 9.818255315691264418e-01 9.540496523584048440e-05
2.458961455899749417e+06 9.829913673629485649e-01 9.556029328791366267e-05
2.458961506721804384e+06 9.819076601666574255e-01 9.545494862883211460e-05
2.458961557543859817e+06 9.818820748339833759e-01 9.547879311001135057e-05
2.458961608365914784e+06 9.814322206658209202e-01 9.547136849650190223e-05
2.458961659187969752e+06 9.808534570509429562e-01 9.545219153511450374e-05
2.458961710010025185e+06 9.802243906303493848e-01 9.543474576073599663e-05
2.458961760832080152e+06 9.786128894433785419e-01 9.529840887791489175e-05
2.458961811654135119e+06 9.795591563072917340e-01 9.541179018303255722e-05
2.458961862476190552e+06 9.783585734315065618e-01 9.533385872140443971e-05
2.458961913298245519e+06 9.778998926323544394e-01 9.532861301205486067e-05
2.458961964120300952e+06 9.777800778046575880e-01 9.534204481587004603e-05
2.458962014942355920e+06 9.766344396959096841e-01 9.526007704944391182e-05
2.458962065764410887e+06 9.761999969156238688e-01 9.522290615841446238e-05
2.458962116586466320e+06 9.758882602731688838e-01 9.518870967693056784e-05
2.458962167408521287e+06 9.754917125259660038e-01 9.516871292051942027e-05
2.458962218230576254e+06 9.747871253560206339e-01 9.512445113840546109e-05
2.458962269052631687e+06 9.743147688264519601e-01 9.509103909622757249e-05
2.458962319874686655e+06 9.737989635840825775e-01 9.505474737754265424e-05
2.458962370696741622e+06 9.735242111611513982e-01 9.504252851883107872e-05
2.458962421518797055e+06 9.724412277114813374e-01 9.496910464708375522e-05
2.458962472340852022e+06 9.722447406064292919e-01 9.493836500795462517e-05
2.458962523162907455e+06 9.714027699719466336e-01 9.491063177263404254e-05
2.458962573984962422e+06 9.705267705329674310e-01 9.483744102849006824e-05
2.458962624807017390e+06 9.703348831716439582e-01 9.482792984074353776e-05
2.458962675629072823e+06 9.704078544366410153e-01 9.489044459510170880e-05
2.458962726451127790e+06 9.696380057304704314e-01 9.484277747995583383e-05
2.458962777273182757e+06 9.693892954406123641e-01 9.486129725175005485e-05
2.458962828095238190e+06 9.688054149531193371e-01 9.480134950155897624e-05
2.458962878917293157e+06 9.680476818423128238e-01 9.477169014919401024e-05
2.458962929739348125e+06 9.677414688699291778e-01 9.474227010967232218e-05
2.458962980561403558e+06 9.676259642408937545e-01 9.476232118131125448e-05
2.458963031383458525e+06 9.663130314003810506e-01 9.464051403958084123e-05
2.458963082205513958e+06 9.667748065522560053e-01 9.468507025675839740e-05
2.458963133027568925e+06 9.665008810451202192e-01 9.466839527153494038e-05
2.458963183849623892e+06 9.659928368384068653e-01 9.464066253973889373e-05
2.458963234671679325e+06 9.658344959731421930e-01 9.463009137519338889e-05
2.458963285493734293e+06 9.649841845518473127e-01 9.458080511778875520e-05
2.458963336315789260e+06 9.652813931223346300e-01 9.461439154119140880e-05
2.458963387137844693e+06 9.651557664511409840e-01 9.460145881152238242e-05
2.458963437959899660e+06 9.646472608289332618e-01 9.455240748527045966e-05
2.458963488781955093e+06 9.639570135625581404e-01 9.449172483401695882e-05
2.458963539604010060e+06 9.639289272657266539e-01 9.451118030467978669e-05
2.458963590426065028e+06 9.637560981342017108e-01 9.450960517152447767e-05
2.458963641248120461e+06 9.634349603704067677e-01 9.448946798256437193e-05
2.458963692070175428e+06 9.620827856786342558e-01 9.440473447683598533e-05
2.458963742892230395e+06 9.626751468366226971e-01 9.445550660535016155e-05
2.458963793714285828e+06 9.622080756422798364e-01 9.442058552066468901e-05
2.458963844536340795e+06 9.627559499935594012e-01 9.448670467798329963e-05
2.458963895358395763e+06 9.614247537736343441e-01 9.435416201654403209e-05
2.458963946180451196e+06 9.621658930047392033e-01 9.442840084738814415e-05
2.458963997002506163e+06 9.616426629833340067e-01 9.441407188064647590e-05
2.458964047824561596e+06 9.619326820359110908e-01 9.444385325518577553e-05
2.458964098646616563e+06 9.617865411342823023e-01 9.439896816015866453e-05
2.458964149468671530e+06 9.614652273699090257e-01 9.437008941501095116e-05
2.458964200290726963e+06 9.615252250484301877e-01 9.435715510798101579e-05
2.458964251112781931e+06 9.618127434905173745e-01 9.438288576049737072e-05
2.458964301934836898e+06 9.608188278471347932e-01 9.430062836184812433e-05
2.458964352756892331e+06 9.619530566018675843e-01 9.441283799205343744e-05
2.458964403578947298e+06 9.608720462661155537e-01 9.430275823793797833e-05
2.458964454401002266e+06 9.618997104869166925e-01 9.437419592883270261e-05
2.458964505223057698e+06 9.614082484316464061e-01 9.431198419995857711e-05
2.458964556045112666e+06 9.612926492167784831e-01 9.429983898405685583e-05
2.458964606867168099e+06 9.610267701172078292e-01 9.427472625773190373e-05
2.458964657689223066e+06 9.617904098353242670e-01 9.432695756936996590e-05
2.458964708511278033e+06 9.617873353963649619e-01 9.435484546436103564e-05
2.458964759333333466e+06 9.619696115318973062e-01 9.435234975020890440e-05
2.458964810155388433e+06 9.616733083927919701e-01 9.433994513511342135e-05
2.458964860977443401e+06 9.623372351585207651e-01 9.438622461683987184e-05
2.458964911799498834e+06 9.630263298024884788e-01 9.443602810315802681e-05
2.458964962621553801e+06 9.614897703626191783e-01 9.429283871838116187e-05
2.458965013443608768e+06 9.627340874303927931e-01 9.438336787536295153e-05
2.458965064265664201e+06 9.630784526695216341e-01 9.442240590659418259e-05
2.458965115087719169e+06 9.635542518589070848e-01 9.443614260317037643e-05
2.458965165909774601e+06 9.636431349408791647e-01 9.444501886506466979e-05
2.458965216731829569e+06 9.642977729300922229e-01 9.446219424903960109e-05
2.458965267553884536e+06 9.641898884721205043e-01 9.444254706953981700e-05
2.458965318375939969e+06 9.645479246342238966e-01 9.443014093654695390e-05
2.458965369197994936e+06 9.639530578299019270e-01 9.440041866719980326e-05
2.458965420020049904e+06 9.639731718250150738e-01 9.434469962419195731e-05
2.458965470842105336e+06 9.647672386384457122e-01 9.442870967537021168e-05
2.458965521664160304e+06 9.652459377656834594e-01 9.445978166081334451e-05
2.458965572486215737e+06 9.659191978508033793e-01 9.446956401350936486e-05
2.458965623308270704e+06 9.658313535388471927e-01 9.446776711587309087e-05
2.458965674130325671e+06 9.665479004639995209e-01 9.451844276352395656e-05
2.458965724952381104e+06 9.674479089333362092e-01 9.458613686912438381e-05
2.458965775774436072e+06 9.674802617429839602e-01 9.456428271135364715e-05
2.458965826596491039e+06 9.654409831690692334e-01 9.435907525202507945e-05
2.458965877418546472e+06 9.674929827695221141e-01 9.454637809625430990e-05
2.458965928240601439e+06 9.682963813598274294e-01 9.456308558171711020e-05
2.458965979062656406e+06 9.694299898783840241e-01 9.464147616980052020e-05
2.458966029884711839e+06 9.690262076849376349e-01 9.459865278790496683e-05
2.458966080706766807e+06 9.697660565166692503e-01 9.465966433904390311e-05
2.458966131528822239e+06 9.703427741807021389e-01 9.470532393005956973e-05
2.458966182350877207e+06 9.702660383754122542e-01 9.463133279044778261e-05
2.458966233172932174e+06 9.715639666010515985e-01 9.476494955218456491e-05
2.458966283994987607e+06 9.711651803516654358e-01 9.469019741439132869e-05
2.458966334817042574e+06 9.717938525447714637e-01 9.474036584881954579e-05
2.458966385639097542e+06 9.727258872490293085e-01 9.480338926630130149e-05
2.458966436461152975e+06 9.734583344948656292e-01 9.483412078703218459e-05
2.458966487283207942e+06 9.736528619370895532e-01 9.484424604331547078e-05
2.458966538105262909e+06 9.726235854559278637e-01 9.469901386638701114e-05
2.458966588927318342e+06 9.745963920926683510e-01 9.487960021458328693e-05
2.458966639749373309e+06 9.753046105181859549e-01 9.487632959736238744e-05
2.458966690571428742e+06 9.750561376727288065e-01 9.485909666702001817e-05
2.458966741393483710e+06 9.763899215086715433e-01 9.498588532728863873e-05
2.458966792215538677e+06 9.763872043055558114e-01 9.494231616196221113e-05
2.458966843037594110e+06 9.762845978947731762e-01 9.493613022936704486e-05
2.458966893859649077e+06 9.776614785744276448e-01 9.501688689129670371e-05
2.458966944681704044e+06 9.776360759377128451e-01 9.498466381250103108e-05
2.458966995503759477e+06 9.780496045470762345e-01 9.502487755155829307e-05
2.458967046325814445e+06 9.782601464268807501e-01 9.501081596260927439e-05
2.458967097147869412e+06 9.796519711965911981e-01 9.511203729201605324e-05
2.458967147969924845e+06 9.794628330360113377e-01 9.506045703610189069e-05
2.458967198791979812e+06 9.799563958055323987e-01 9.507337816508343829e-05
2.458967249614035245e+06 9.804135122098653898e-01 9.512010520328762061e-05
2.458967300436090212e+06 9.808292964127552915e-01 9.515712543195484533e-05
2.458967351258145180e+06 9.816868665659180815e-01 9.520065031555839891e-05
2.458967402080200613e+06 9.807687314204514006e-01 9.507500866427491168e-05
2.458967452902255580e+06 9.820053017792585992e-01 9.518356126562241162e-05
2.458967503724310547e+06 9.821536218845018373e-01 9.515906427629344994e-05
2.458967554546365980e+06 9.828650010177700791e-01 9.521391614988701708e-05
2.458967605368420947e+06 9.826085167702556245e-01 9.518495588508388424e-05
2.458967656190476380e+06 9.838903304954044193e-01 9.528699011958780820e-05
2.458967707012531348e+06 9.835088320774419968e-01 9.525070518937139960e-05
2.458967757834586315e+06 9.841276071392258684e-01 9.526173726623454849e-05
2.458967808656641748e+06 9.846801170059125141e-01 9.530014997195775724e-05
2.458967859478696715e+06 9.850985998662328269e-01 9.527402037681575011e-05
2.458967910300751682e+06 9.850608752328166018e-01 9.528178412839552686e-05
2.458967961122807115e+06 9.854691696714773519e-01 9.530145951777729179e-05
2.458968011944862083e+06 9.867835709642478470e-01 9.540465919531772646e-05
2.458968062766917050e+06 9.852930685348558759e-01 9.523902259824222085e-05
2.458968113588972483e+06 9.871943612585994954e-01 9.541491056275718495e-05
2.458968164411027450e+06 9.872324023608634036e-01 9.539519901638074471e-05
2.458968215233082883e+06 9.878569791951322676e-01 9.544878454004241286e-05
2.458968266055137850e+06 9.871931151226323031e-01 9.537601380101244631e-05
2.458968316877192818e+06 9.882643655871514721e-01 9.544951140516374122e-05
2.458968367699248251e+06 9.875046225160050151e-01 9.534970599284175433e-05
2.458968418521303218e+06 9.877542421754788027e-01 9.536662091347334160e-05
2.458968469343358185e+06 9.880038618349525903e-01 9.538353583410494243e-05
2.458968520165413618e+06 9.882534814967136594e-01 9.540045075489152996e-05
2.458968570987468585e+06 9.885031011561873360e-01 9.541736567552313079e-05
2.458968621809523553e+06 9.887527208156611236e-01 9.543428059615470451e-05
2.458968672631578986e+06 9.890023404774221927e-01 9.545119551694130559e-05
2.458968723453633953e+06 9.892519601368959803e-01 9.546811043757289286e-05
2.458968774275689386e+06 9.895015797986568273e-01 9.548502535835946684e-05
2.458968825097744353e+06 9.897511994581307260e-01 9.550194027899106767e-05
2.458968875919799320e+06 9.900008191176045136e-01 9.551885519962266850e-05
2.458968926741854753e+06 9.902504387793653606e-01 9.553577012040924247e-05
2.458968977563909721e+06 9.905000584388391482e-01 9.555268504104084330e-05
2.458969028385964688e+06 9.907496780983131579e-01 9.556959996167244413e-05
2.458969079208020121e+06 9.909992977600738939e-01 9.558651488245901811e-05
2.458969130030075088e+06 9.912489174195476815e-01 9.560342980309061893e-05
2.458969180852130521e+06 9.914985370813087506e-01 9.562034472387720646e-05
2.458969231674185488e+06 9.917481567407825382e-01 9.563725964450879374e-05
2.458969282496240456e+06 9.919769543263644573e-01 9.565558432747838966e-05
2.458969333318295889e+06 9.921275036752983389e-01 9.564764019539929800e-05
2.458969384140350856e+06 9.921343832728749534e-01 9.565456158534822761e-05
2.458969434962405823e+06 9.924608882353262995e-01 9.568412559516070997e-05
2.458969485784461256e+06 9.925354740419198851e-01 9.567884227794692042e-05
2.458969536606516223e+06 9.925298110242311012e-01 9.568275366678850641e-05
2.458969587428571191e+06 9.921616727995695717e-01 9.565724049343016548e-05
2.458969638250626624e+06 9.926235750781559064e-01 9.569114967560229132e-05
2.458969689072681591e+06 9.919436628239943765e-01 9.563914625883427787e-05
2.458969739894737024e+06 9.924403782439055188e-01 9.569064250116463086e-05
2.458969790716791991e+06 9.923056551472084763e-01 9.567318575856596297e-05
2.458969841538846958e+06 9.921091004891545717e-01 9.565594087114667710e-05
2.458969892360902391e+06 9.921440533681206153e-01 9.566039484459994342e-05
2.458969943182957359e+06 9.918534532362769385e-01 9.563842602156076979e-05
2.458969994005012326e+06 9.918522403835389190e-01 9.566900824715390416e-05
2.458970044827067759e+06 9.919246831172849888e-01 9.574834830481965698e-05
2.458970095649122726e+06 9.915821848911438030e-01 9.585962563193080180e-05
2.458970146471177693e+06 9.917596284541765339e-01 9.605977771276527752e-05
2.458970197293233126e+06 9.918327148977341690e-01 9.632848644562021115e-05
2.458970248115288094e+06 9.911315342679134499e-01 9.655245744061229205e-05
2.458970298937343527e+06 9.912119383698518860e-01 9.681850584729929010e-05
2.458970349759398494e+06 9.911782006487053209e-01 9.703530510650853450e-05
2.458970400581453461e+06 9.906516254024260171e-01 9.717786608909438509e-05
2.458970451403508894e+06 9.910787170109323085e-01 9.739578748483536852e-05
2.458970502225563861e+06 9.904566077225972487e-01 9.749532101835060177e-05
2.458970553047618829e+06 9.907482233146968076e-01 9.770760272257600929e-05
2.458970603869674262e+06 9.903967271589187993e-01 9.781168043194496235e-05
2.458970654691729229e+06 9.901285097464870288e-01 9.788728285070782801e-05
2.458970705513784196e+06 9.897095374770521481e-01 9.788718675473734581e-05
2.458970756335839629e+06 9.897527809822159739e-01 9.794044280044267574e-05
2.458970807157894596e+06 9.895931268526541036e-01 9.796624899916201812e-05
2.458970857979950029e+06 9.892246387194065793e-01 9.793840271538122120e-05
2.458970908802004997e+06 9.891401919146901589e-01 9.789800944388963005e-05
2.458970959624059964e+06 9.888611237967915857e-01 9.778451579828080693e-05
2.458971010446115397e+06 9.885318257415965926e-01 9.763716321764964203e-05
2.458971061268170364e+06 9.884404168255405132e-01 9.754999224034023629e-05
2.458971112090225331e+06 9.877597602831080792e-01 9.741350661096448004e-05
2.458971162912280764e+06 9.876764088023390897e-01 9.736304174844082776e-05
2.458971213734335732e+06 9.875944411075004981e-01 9.730404087676027144e-05
2.458971264556391165e+06 9.872770500138938754e-01 9.725632746462974500e-05
2.458971315378446132e+06 9.870813726510752062e-01 9.712502910009189992e-05
2.458971366200501099e+06 9.866434591810081534e-01 9.698483309556031617e-05
2.458971417022556532e+06 9.857576914576992033e-01 9.680754845901875746e-05
2.458971467844611499e+06 9.859313136331304683e-01 9.681905518708359070e-05
2.458971518666666467e+06 9.852390049464181399e-01 9.678662704260419174e-05
2.458971569488721900e+06 9.855439888901805778e-01 9.686225336593997216e-05
2.458971620310776867e+06 9.852500826185041083e-01 9.690307260875256456e-05
2.458971671132831834e+06 9.849142442563050270e-01 9.689528169575548034e-05
2.458971721954887267e+06 9.844471578102083065e-01 9.683872784261370417e-05
2.458971772776942234e+06 9.841554892434094537e-01 9.680530524336410569e-05
2.458971823598997667e+06 9.838990527548233667e-01 9.679565742934860171e-05
2.458971874421052635e+06 9.833123741262210782e-01 9.680466353185637567e-05
2.458971925243107602e+06 9.834290120221818032e-01 9.681940866167844037e-05
2.458971976065163035e+06 9.830199203040762557e-01 9.673844020006512796e-05
2.458972026887218002e+06 9.825151827309396291e-01 9.665360709513633999e-05
2.458972077709272970e+06 9.823849680685939889e-01 9.659359314711500361e-05
2.458972128531328402e+06 9.820379995855902377e-01 9.654481585098097327e-05
2.458972179353383370e+06 9.819251191698901149e-01 9.651011424055542013e-05
2.458972230175438337e+06 9.814241113287733853e-01 9.646465696719432644e-05
2.458972280997493770e+06 9.813829829986929765e-01 9.643576581739741940e-05
2.458972331819548737e+06 9.806203572363854093e-01 9.629700422915062931e-05
2.458972382641604170e+06 9.805624694470967961e-01 9.621886597528479996e-05
2.458972433463659137e+06 9.806618297841055432e-01 9.617900785892869256e-05
2.458972484285714105e+06 9.801193908831098422e-01 9.614449179326574487e-05
2.458972535107769538e+06 9.794295654976646892e-01 9.610631227683551171e-05
2.458972585929824505e+06 9.797628030844555136e-01 9.616762692788605887e-05
2.458972636751879472e+06 9.788484198518992985e-01 9.613021761559262235e-05
2.458972687573934905e+06 9.786446681065927855e-01 9.612894232146915814e-05
2.458972738395989873e+06 9.786992468449726701e-01 9.613734270741345061e-05
2.458972789218044840e+06 9.782858223644523843e-01 9.610598830754500329e-05
2.458972840040100273e+06 9.782679855807664415e-01 9.608519455236149765e-05
2.458972890862155240e+06 9.778864903537142217e-01 9.609710477945820656e-05
2.458972941684210673e+06 9.778122400891698929e-01 9.609235600706597733e-05
2.458972992506265640e+06 9.777144402697717229e-01 9.604869723294667035e-05
2.458973043328320608e+06 9.770719296072220006e-01 9.595369003414146050e-05
2.458973094150376040e+06 9.774261380629034601e-01 9.597303034440672653e-05
2.458973144972431008e+06 9.769185011883846359e-01 9.589103800972403771e-05
2.458973195794485975e+06 9.772321534388035413e-01 9.589055879175664590e-05
2.458973246616541408e+06 9.766038552702921427e-01 9.584647622486729710e-05
2.458973297438596375e+06 9.764960775169441165e-01 9.581633781912861976e-05
2.458973348260651808e+06 9.761640823908195319e-01 9.573072342288297873e-05
2.458973399082706776e+06 9.764016856126668253e-01 9.569475265749200453e-05
2.458973449904761743e+06 9.757838278084185468e-01 9.560054664853480768e-05
2.458973500726817176e+06 9.759357700839971228e-01 9.564813095867922025e-05
2.458973551548872143e+06 9.761319672581828533e-01 9.567125200200044313e-05
2.458973602370927110e+06 9.760770842875848841e-01 9.570231745314206084e-05
2.458973653192982543e+06 9.758827563555054763e-01 9.572266045599631937e-05
2.458973704015037511e+06 9.756784310942360205e-01 9.569650852978456605e-05
2.458973754837092478e+06 9.756103851629214230e-01 9.566444833071547249e-05
2.458973805659147911e+06 9.756472883034860155e-01 9.567213911712618625e-05
2.458973856481202878e+06 9.758140219765032430e-01 9.567072117814900229e-05
2.458973907303258311e+06 9.755411386282804020e-01 9.567043883800567191e-05
2.458973958125313278e+06 9.752142791875947347e-01 9.564605332104806929e-05
2.458974008947368246e+06 9.756839010106225230e-01 9.564715707203631377e-05
2.458974059769423679e+06 9.753695157450595898e-01 9.558584864797725037e-05
2.458974110591478646e+06 9.744267664500905202e-01 9.545302029286476919e-05
2.458974161413533613e+06 9.756811897375120557e-01 9.556174307160945403e-05
2.458974212235589046e+06 9.756122976622375598e-01 9.554380467874876712e-05
2.458974263057644013e+06 9.756669860192969113e-01 9.554075527039891256e-05
2.458974313879698981e+06 9.756716552125040964e-01 9.550555074954030789e-05
2.458974364701754414e+06 9.760431571658523264e-01 9.550155599228060948e-05
2.458974415523809381e+06 9.759290259351665053e-01 9.544591662351457700e-05
2.458974466345864814e+06 9.763666682902183425e-01 9.544153560532916839e-05
2.458974517167919781e+06 9.759600409863158355e-01 9.541795821474840405e-05
2.458974567989974748e+06 9.766026489637253949e-01 9.545979471197145059e-05
2.458974618812030181e+06 9.763204542432338817e-01 9.546537581540636406e-05
2.458974669634085149e+06 9.761648026094935648e-01 9.544739063427702382e-05
2.458974720456140116e+06 9.769280970978428957e-01 9.551759228143548539e-05
2.458974771278195549e+06 9.770372509284446227e-01 9.548664086864049104e-05
2.458974822100250516e+06 9.767300853677998163e-01 9.545815823616439889e-05
2.458974872922305483e+06 9.772580026759529748e-01 9.549673544235073137e-05
2.458974923744360916e+06 9.772995568666380528e-01 9.551483038498469864e-05
2.458974974566415884e+06 9.776999473656471373e-01 9.552870663938128415e-05
2.458975025388471317e+06 9.778611807428211344e-01 9.549849079130372893e-05
2.458975076210526284e+06 9.780597246397199074e-01 9.549195414784851065e-05
2.458975127032581251e+06 9.782547972961377347e-01 9.544002391465405120e-05
2.458975177854636684e+06 9.786754837881197489e-01 9.548927188798451830e-05
2.458975228676691651e+06 9.789407198538976340e-01 9.547673744400479257e-05
2.458975279498746619e+06 9.789531633909597241e-01 9.548339947946616962e-05
2.458975330320802052e+06 9.791894996415874131e-01 9.541776489487623580e-05
2.458975381142857019e+06 9.794310886833218488e-01 9.541745035036261783e-05
2.458975431964912452e+06 9.803645182455188456e-01 9.547108846660266315e-05
2.458975482786967419e+06 9.798534874713036302e-01 9.539802259166151651e-05
2.458975533609022386e+06 9.806246837674221783e-01 9.548960006479877399e-05
2.458975584431077819e+06 9.810148581742816898e-01 9.552960173232149480e-05
2.458975635253132787e+06 9.814313027284515822e-01 9.556038963191073330e-05
2.458975686075187754e+06 9.820187602450379805e-01 9.561093837115799965e-05
2.458975736897243187e+06 9.814893246316886977e-01 9.555355931152305186e-05
2.458975787719298154e+06 9.826818964209514951e-01 9.561968262097753231e-05
2.458975838541353121e+06 9.824543309155263637e-01 9.558699946979257579e-05
2.458975889363408554e+06 9.831269007686962436e-01 9.563898663861257455e-05
2.458975940185463522e+06 9.835587272963612904e-01 9.565853504135609373e-05
2.458975991007518955e+06 9.840683123589614167e-01 9.566937648177969273e-05
2.458976041829573922e+06 9.846755517729166574e-01 9.569068442857944507e-05
2.458976092651628889e+06 9.848227826071653812e-01 9.566831283716907205e-05
2.458976143473684322e+06 9.853011928582960932e-01 9.568851648069718187e-05
2.458976194295739289e+06 9.853986136593484435e-01 9.568784926872207287e-05
2.458976245117794257e+06 9.864606802444341183e-01 9.572456159003167370e-05
2.458976295939849690e+06 9.861030192909524539e-01 9.571061099691665253e-05
2.458976346761904657e+06 9.869289948500693521e-01 9.571618417840689022e-05
2.458976397583959624e+06 9.866632106922734735e-01 9.564694050381886646e-05
2.458976448406015057e+06 9.872714385966617767e-01 9.569101127287938811e-05
2.458976499228070024e+06 9.877694365951678046e-01 9.571184316463897130e-05
2.458976550050125457e+06 9.880820838720816290e-01 9.571665729855661023e-05
2.458976600872180425e+06 9.886980417284774170e-01 9.577573985947777067e-05
2.458976651694235392e+06 9.884931150013329670e-01 9.574093752765144752e-05
2.458976702516290825e+06 9.892399660417038332e-01 9.582343189762804756e-05
2.458976753338345792e+06 9.898636242068679092e-01 9.585003486290607209e-05
2.458976804160400759e+06 9.901847928393870957e-01 9.586679353181627250e-05
2.458976854982456192e+06 9.905060203697676480e-01 9.586859387655067644e-05
2.458976905804511160e+06 9.906564568599073306e-01 9.587925519864895073e-05
2.458976956626566127e+06 9.913509070480804874e-01 9.592028353770613446e-05
2.458977007448621560e+06 9.915497122449169476e-01 9.591777956668378583e-05
2.458977058270676527e+06 9.918047374054664855e-01 9.590978736186226566e-05
2.458977109092731960e+06 9.922252294427249542e-01 9.592194773018274893e-05
2.458977159914786927e+06 9.927682922125850018e-01 9.597035325002752754e-05
2.458977210736841895e+06 9.931227222207762440e-01 9.598378014026679199e-05
2.458977261558897328e+06 9.935547238279227589e-01 9.600311811838148563e-05
2.458977312380952295e+06 9.935808287229276337e-01 9.598005577728123048e-05
2.458977363203007262e+06 9.939231391539559146e-01 9.598501369340071228e-05
2.458977414025062695e+06 9.938658138383993368e-01 9.593702012054008087e-05
2.458977464847117662e+06 9.946810936270382708e-01 9.598864723635011696e-05
2.458977515669173095e+06 9.946908628545669817e-01 9.597093141179735716e-05
2.458977566491228063e+06 9.950214151537294383e-01 9.599147003496861206e-05
2.458977617313283030e+06 9.957857667141140068e-01 9.605213759729851273e-05
2.458977668135338463e+06 9.958070251853795574e-01 9.603481047711860045e-05
2.458977718957393430e+06 9.958447391823429529e-01 9.607578622812485911e-05
2.458977769779448397e+06 9.963501938877946662e-01 9.610490762493706753e-05
2.458977820601503830e+06 9.967108998921937468e-01 9.610287067663855710e-05
2.458977871423558798e+06 9.971120225512221102e-01 9.612655968618009970e-05
2.458977922245613765e+06 9.967685988455242674e-01 9.608674115941849374e-05
2.458977973067669198e+06 9.973238095532054315e-01 9.612284003674865661e-05
2.458978023889724165e+06 9.977348969581311122e-01 9.616229299570291380e-05
2.458978074711779598e+06 9.977061055654472543e-01 9.613908684581289879e-05
2.458978125533834565e+06 9.977959071287676451e-01 9.613467356468801848e-05
2.458978176355889533e+06 9.980702060422247390e-01 9.612893110992566442e-05
2.458978227177944966e+06 9.985354809219637584e-01 9.617573376129614192e-05
2.458978277999999933e+06 9.985372554401285017e-01 9.616921341862193402e-05
