2.458999000000000000e+06 9.994281160655806850e-01 9.653104849577880510e-05
2.458999050822054967e+06 9.991890040729911604e-01 9.651267105782271338e-05
2.458999101644110400e+06 9.992835713890789728e-01 9.648724956515104226e-05
2.458999152466165368e+06 1.000000000000000000e+00 9.650711900317527746e-05
2.458999203288220335e+06 9.992437366360328310e-01 9.638338333614218211e-05
2.458999254110275768e+06 9.993122497809294735e-01 9.638538365609267350e-05
2.458999304932330735e+06 9.992820827215563861e-01 9.631760326140573376e-05
2.458999355754386168e+06 9.993323878366039414e-01 9.619691127530038922e-05
2.458999406576441135e+06 9.995518207439371139e-01 9.613223158007275237e-05
2.458999457398496103e+06 9.991054256448833604e-01 9.608889428832484945e-05
2.458999508220551535e+06 9.992180219406986419e-01 9.605849100102688580e-05
2.458999559042606503e+06 9.994101476412219354e-01 9.612897000818626709e-05
2.458999609864661470e+06 9.995448906817021584e-01 9.618893181838680936e-05
2.458999660686716903e+06 9.991174181608315497e-01 9.620386870064940590e-05
2.458999711508771870e+06 9.989752882920059918e-01 9.619667585849761104e-05
2.458999762330826838e+06 9.988017036037314389e-01 9.620222132840948253e-05
2.458999813152882271e+06 9.986155633788459385e-01 9.619441474885381241e-05
2.458999863974937238e+06 9.986178928880307115e-01 9.619187122463577057e-05
2.458999914796992671e+06 9.991632674192716390e-01 9.621603449026366059e-05
2.458999965619047638e+06 9.984689778733266685e-01 9.617426331582966208e-05
2.459000016441102605e+06 9.980866915122914573e-01 9.611518609789726194e-05
2.459000067263158038e+06 9.979980236407508531e-01 9.609328298121527290e-05
2.459000118085213006e+06 9.977912584992484346e-01 9.607712557870565955e-05
2.459000168907267973e+06 9.974401514642979860e-01 9.600788285708343722e-05
2.459000219729323406e+06 9.971672191222672454e-01 9.596960459774727596e-05
2.459000270551378373e+06 9.973345390478527417e-01 9.598847000330834351e-05
2.459000321373433806e+06 9.970123623197092444e-01 9.590669881846950785e-05
2.459000372195488773e+06 9.961292326102516581e-01 9.581576814938387999e-05
2.459000423017543741e+06 9.964763674127178339e-01 9.577674068846273839e-05
2.459000473839599174e+06 9.958055765845759133e-01 9.573595945531993912e-05
2.459000524661654141e+06 9.955028847759350707e-01 9.572400153075971121e-05
2.459000575483709108e+06 9.958366923576369434e-01 9.574284556886502749e-05
2.459000626305764541e+06 9.949249851965492608e-01 9.572261036013560501e-05
2.459000677127819508e+06 9.946959839637993239e-01 9.572618483459277897e-05
2.459000727949874476e+06 9.952938524832620759e-01 9.573586539431205519e-05
2.459000778771929909e+06 9.941345672458046234e-01 9.569241393957596666e-05
2.459000829593984876e+06 9.937276554723483146e-01 9.568571963479695981e-05
2.459000880416040309e+06 9.937859713701613362e-01 9.569146610108925945e-05
2.459000931238095276e+06 9.922755818398505401e-01 9.553876672352473655e-05
2.459000982060150243e+06 9.931129863033196781e-01 9.561660058142645629e-05
2.459001032882205676e+06 9.924010153175156779e-01 9.555273617349765959e-05
2.459001083704260644e+06 9.924963316242202405e-01 9.553998517630444870e-05
2.459001134526315611e+06 9.922659970112488459e-01 9.551650581895614934e-05
2.459001185348371044e+06 9.909110834256348310e-01 9.543327091672930960e-05
2.459001236170426011e+06 9.904519351202314414e-01 9.540753491340496896e-05
2.459001286992480978e+06 9.909087850961529886e-01 9.540584505225001711e-05
2.459001337814536411e+06 9.903186581704043201e-01 9.535759822286110176e-05
2.459001388636591379e+06 9.898314779075408909e-01 9.531693131317190619e-05
2.459001439458646812e+06 9.895286663454569975e-01 9.526932650362273476e-05
2.459001490280701779e+06 9.883919993907201995e-01 9.518465102132598861e-05
2.459001541102756746e+06 9.882838243111861098e-01 9.519646655829639282e-05
2.459001591924812179e+06 9.882608616444539251e-01 9.519169490023471629e-05
2.459001642746867146e+06 9.872974177437391363e-01 9.519687477929753049e-05
2.459001693568922114e+06 9.873152168993402089e-01 9.518141577096094960e-05
2.459001744390977547e+06 9.861241312978289431e-01 9.510501840434107163e-05
2.459001795213032514e+06 9.854843210780228624e-01 9.510803419503937629e-05
2.459001846035087481e+06 9.855840667847082237e-01 9.512676252603205951e-05
2.459001896857142914e+06 9.854320113841374962e-01 9.509041191928072100e-05
2.459001947679197881e+06 9.850753076658225194e-01 9.506699965281372052e-05
2.459001998501253314e+06 9.838837856612664412e-01 9.496565833845735350e-05
2.459002049323308282e+06 9.833695273958468208e-01 9.494472168102919066e-05
2.459002100145363249e+06 9.834743119773357023e-01 9.494935710106790184e-05
2.459002150967418682e+06 9.824006961826391437e-01 9.490259309708557053e-05
2.459002201789473649e+06 9.822568212608511207e-01 9.490337208722653150e-05
2.459002252611528616e+06 9.809306083600830561e-01 9.481219804984646038e-05
2.459002303433584049e+06 9.805456662867424455e-01 9.480634629880885613e-05
2.459002354255639017e+06 9.802744270725702869e-01 9.475216244021303119e-05
2.459002405077694450e+06 9.800474424849092703e-01 9.472821349685041207e-05
2.459002455899749417e+06 9.799101609047770056e-01 9.471435698166479761e-05
2.459002506721804384e+06 9.780803744647016407e-01 9.457438717520908172e-05
2.459002557543859817e+06 9.787339773288625810e-01 9.465172785254270782e-05
2.459002608365914784e+06 9.782609698876357784e-01 9.464958756110482643e-05
2.459002659187969752e+06 9.774762660925081503e-01 9.458211991475971858e-05
2.459002710010025185e+06 9.776607658954763469e-01 9.461704051591572845e-05
2.459002760832080152e+06 9.767485562405361366e-01 9.459346800435116829e-05
2.459002811654135119e+06 9.760942175153579647e-01 9.453127173913117656e-05
2.459002862476190552e+06 9.760264728341102591e-01 9.457848060570620767e-05
2.459002913298245519e+06 9.756725197923503679e-01 9.450885370027812334e-05
2.459002964120300952e+06 9.752027936936130681e-01 9.450681656580236741e-05
2.459003014942355920e+06 9.761750825880562976e-01 9.447989274804415179e-05
2.459003065764410887e+06 9.738081747249347497e-01 9.442799048393099408e-05
2.459003116586466320e+06 9.733969915539106843e-01 9.441530428510466430e-05
2.459003167408521287e+06 9.728328921296068854e-01 9.436737446210342818e-05
2.459003218230576254e+06 9.731431125016909434e-01 9.441075745108151067e-05
2.459003269052631687e+06 9.726097002073392783e-01 9.437447320497780779e-05
2.459003319874686655e+06 9.721441208052746807e-01 9.432724747246163787e-05
2.459003370696741622e+06 9.721374483693220325e-01 9.427740402856587165e-05
2.459003421518797055e+06 9.714555903255088776e-01 9.427477250064058949e-05
2.459003472340852022e+06 9.710747826343087974e-01 9.425165513332020876e-05
2.459003523162907455e+06 9.702102016195641720e-01 9.421609143528429165e-05
2.459003573984962422e+06 9.700791237522600197e-01 9.422119201507502808e-05
2.459003624807017390e+06 9.696193285618396329e-01 9.421525828776992060e-05
2.459003675629072823e+06 9.695219780093885520e-01 9.420657437156881961e-05
2.459003726451127790e+06 9.695094463916393845e-01 9.420663874445946390e-05
2.459003777273182757e+06 9.687906962171817238e-01 9.417950405970861223e-05
2.459003828095238190e+06 9.684696733818980441e-01 9.417054850280216630e-05
2.459003878917293157e+06 9.687024816367758584e-01 9.417264453218334070e-05
2.459003929739348125e+06 9.681411820505934074e-01 9.413860141325823680e-05
2.459003980561403558e+06 9.678229864859307918e-01 9.412688807425854043e-05
2.459004031383458525e+06 9.674574951536927259e-01 9.410526556499284212e-05
2.459004082205513958e+06 9.670348623476390237e-01 9.408005356803413033e-05
2.459004133027568925e+06 9.664256563666862032e-01 9.404321117185968277e-05
2.459004183849623892e+06 9.670429576184302878e-01 9.406868877266197381e-05
2.459004234671679325e+06 9.665150674569439326e-01 9.405417752256776303e-05
2.459004285493734293e+06 9.661603518392345435e-01 9.403891696125091758e-05
2.459004336315789260e+06 9.666455027553263468e-01 9.403184805046937511e-05
2.459004387137844693e+06 9.654759773811305568e-01 9.397559883516763159e-05
2.459004437959899660e+06 9.660136534550299858e-01 9.396575656985236614e-05
2.459004488781955093e+06 9.659193834384789401e-01 9.398129262137723658e-05
2.459004539604010060e+06 9.650212027617771637e-01 9.393624314049198263e-05
2.459004590426065028e+06 9.652293995747771582e-01 9.395435736099285037e-05
2.459004641248120461e+06 9.652846714802648664e-01 9.395550460060669157e-05
2.459004692070175428e+06 9.654122904309971887e-01 9.398797979388555791e-05
2.459004742892230395e+06 9.651376405688426585e-01 9.397348491488515876e-05
2.459004793714285828e+06 9.651031733879378294e-01 9.394663980634567835e-05
2.459004844536340795e+06 9.654298866461935580e-01 9.398812657824390758e-05
2.459004895358395763e+06 9.653484656731038394e-01 9.394739819947208045e-05
2.459004946180451196e+06 9.650679872007095206e-01 9.396610849803831373e-05
2.459004997002506163e+06 9.657300252133448337e-01 9.396249756034927823e-05
2.459005047824561596e+06 9.653619287957279083e-01 9.397036725081361864e-05
2.459005098646616563e+06 9.655306420318867655e-01 9.395652982757320560e-05
2.459005149468671530e+06 9.647111064397055902e-01 9.393334109383054517e-05
2.459005200290726963e+06 9.654032711949686041e-01 9.395145325599876904e-05
2.459005251112781931e+06 9.647924781211058010e-01 9.391437910120574537e-05
2.459005301934836898e+06 9.659368332133692059e-01 9.396291046149522384e-05
2.459005352756892331e+06 9.659247887869474303e-01 9.397051769300473979e-05
2.459005403578947298e+06 9.656349317156927015e-01 9.394854093329597477e-05
2.459005454401002266e+06 9.662271643516723296e-01 9.395549726777473166e-05
2.459005505223057698e+06 9.669283585988399654e-01 9.398251336223189742e-05
2.459005556045112666e+06 9.666670379335575713e-01 9.395238370120048959e-05
2.459005606867168099e+06 9.661929753786882014e-01 9.397668736625523246e-05
2.459005657689223066e+06 9.666378518121718777e-01 9.398297398075732923e-05
2.459005708511278033e+06 9.675799994114959723e-01 9.404112196759733405e-05
2.459005759333333466e+06 9.672185484464012051e-01 9.398739133145681576e-05
2.459005810155388433e+06 9.676151115774764833e-01 9.405350465970279599e-05
2.459005860977443401e+06 9.676396642337026233e-01 9.403897085222636711e-05
2.459005911799498834e+06 9.679649579116947899e-01 9.408121757360394534e-05
2.459005962621553801e+06 9.682951621002615639e-01 9.408296565168087588e-05
2.459006013443608768e+06 9.686610736996164039e-01 9.409901564529699655e-05
2.459006064265664201e+06 9.687565991484893280e-01 9.409056340427125026e-05
2.459006115087719169e+06 9.689971768186098622e-01 9.410232580711997243e-05
2.459006165909774601e+06 9.695781718271074823e-01 9.410916289378342596e-05
2.459006216731829569e+06 9.700036957964015549e-01 9.415125415088355281e-05
2.459006267553884536e+06 9.698086417713396301e-01 9.415122050393322814e-05
2.459006318375939969e+06 9.701923706284359961e-01 9.415794174968349875e-05
2.459006369197994936e+06 9.711801772595440863e-01 9.417032344257293772e-05
2.459006420020049904e+06 9.712495858035824492e-01 9.417506041488487201e-05
2.459006470842105336e+06 9.711755393629092348e-01 9.418089680996928647e-05
2.459006521664160304e+06 9.715953971208546314e-01 9.418938682774277292e-05
2.459006572486215737e+06 9.721076831464333656e-01 9.422247986916440412e-05
2.459006623308270704e+06 9.719349729798513193e-01 9.422038067839278233e-05
2.459006674130325671e+06 9.727533642766713617e-01 9.427598101821954113e-05
2.459006724952381104e+06 9.735005275163429728e-01 9.432109287333459967e-05
2.459006775774436072e+06 9.742372747214295137e-01 9.434615888117765835e-05
2.459006826596491039e+06 9.740601967166057085e-01 9.435415974032251667e-05
2.459006877418546472e+06 9.741117211355132532e-01 9.434410786708851500e-05
2.459006928240601439e+06 9.748813503315206797e-01 9.435408507154625479e-05
2.459006979062656406e+06 9.750754649081806447e-01 9.437605037664409196e-05
2.459007029884711839e+06 9.753639485423936106e-01 9.437769956713873637e-05
2.459007080706766807e+06 9.761047392468941153e-01 9.442590430293309122e-05
2.459007131528822239e+06 9.761196664014708535e-01 9.441880932084649469e-05
2.459007182350877207e+06 9.771998955865528469e-01 9.447025151663986716e-05
2.459007233172932174e+06 9.765106513437726843e-01 9.437385614155311797e-05
2.459007283994987607e+06 9.775418434762579434e-01 9.449021468397984726e-05
2.459007334817042574e+06 9.779050894768513968e-01 9.450144312395766159e-05
2.459007385639097542e+06 9.784960892282537070e-01 9.452069368387773745e-05
2.459007436461152975e+06 9.788725995363857235e-01 9.452066606103389228e-05
2.459007487283207942e+06 9.796092745079610919e-01 9.456579112742947687e-05
2.459007538105262909e+06 9.793631579004283827e-01 9.454570540773771226e-05
2.459007588927318342e+06 9.801656315094471328e-01 9.458463808151491327e-05
2.459007639749373309e+06 9.803342859689377908e-01 9.460111856327804887e-05
2.459007690571428742e+06 9.807912292660379006e-01 9.463610876713435748e-05
2.459007741393483710e+06 9.807722687277871110e-01 9.464086703826307375e-05
2.459007792215538677e+06 9.817508542337489708e-01 9.468506035931585846e-05
2.459007843037594110e+06 9.816680388378340449e-01 9.467504157594986065e-05
2.459007893859649077e+06 9.827145968833228551e-01 9.474289576774080749e-05
2.459007944681704044e+06 9.824540297994198701e-01 9.472262652541811286e-05
2.459007995503759477e+06 9.827509014356600181e-01 9.472207947273295189e-05
2.459008046325814445e+06 9.828220094135864393e-01 9.471120675068414065e-05
2.459008097147869412e+06 9.834361396718447335e-01 9.474072570741666325e-05
2.459008147969924845e+06 9.839306230472283366e-01 9.476508357735775379e-05
2.459008198791979812e+06 9.837972001363404217e-01 9.469821700926133010e-05
2.459008249614035245e+06 9.847018892152669123e-01 9.478896661079120646e-05
2.459008300436090212e+06 9.846976413677527296e-01 9.478755539891014332e-05
2.459008351258145180e+06 9.849677997076818903e-01 9.477779824443142856e-05
2.459008402080200613e+06 9.860017820636222119e-01 9.480982807333786569e-05
2.459008452902255580e+06 9.859083198420216521e-01 9.477756161773543504e-05
2.459008503724310547e+06 9.861304195768424430e-01 9.480001500266770119e-05
2.459008554546365980e+06 9.863235581043443556e-01 9.479241469750674515e-05
2.459008605368420947e+06 9.874714003356795944e-01 9.475924043957603714e-05
2.459008656190476380e+06 9.866831629402740278e-01 9.476424363907861421e-05
2.459008707012531348e+06 9.874527036313411887e-01 9.481072332615601947e-05
2.459008757834586315e+06 9.871661703204031024e-01 9.477728470211548397e-05
2.459008808656641748e+06 9.875573456296083963e-01 9.478728449058907151e-05
2.459008859478696715e+06 9.879305495723319508e-01 9.479729577231318352e-05
2.459008910300751682e+06 9.880599980683342221e-01 9.478283727140134128e-05
2.459008961122807115e+06 9.877014394119714158e-01 9.478375626643278213e-05
2.459009011944862083e+06 9.876269120288651004e-01 9.477736240427772044e-05
2.459009062766917050e+06 9.884511924489959300e-01 9.481304714212425823e-05
2.459009113588972483e+06 9.890602376467264589e-01 9.475805469761987678e-05
2.459009164411027450e+06 9.886604099738911522e-01 9.482783894424491719e-05
2.459009215233082883e+06 9.890061645771317522e-01 9.483841478098846173e-05
2.459009266055137850e+06 9.893095696196894107e-01 9.486679383652065714e-05
2.459009316877192818e+06 9.886797669209471673e-01 9.483228258945865848e-05
2.459009367699248251e+06 9.887831014101515770e-01 9.486962118238928836e-05
2.459009418521303218e+06 9.888864358984088554e-01 9.490695977497779824e-05
2.459009469343358185e+06 9.889897703866662448e-01 9.494429836756630812e-05
2.459009520165413618e+06 9.890931048758705435e-01 9.498163696049693799e-05
2.459009570987468585e+06 9.891964393641279329e-01 9.501897555308546142e-05
2.459009621809523553e+06 9.892997738523855444e-01 9.505631414567397130e-05
2.459009672631578986e+06 9.894031083415896211e-01 9.509365273860460118e-05
2.459009723453633953e+06 9.895064428298472325e-01 9.513099133119311105e-05
2.459009774275689386e+06 9.896097773190513092e-01 9.516832992412374093e-05
2.459009825097744353e+06 9.897131118073089207e-01 9.520566851671226436e-05
2.459009875919799320e+06 9.898164462955663101e-01 9.524300710930077424e-05
2.459009926741854753e+06 9.899197807847706088e-01 9.528034570223139056e-05
2.459009977563909721e+06 9.900231152730279982e-01 9.531768429481990044e-05
2.459010028385964688e+06 9.901264497612854987e-01 9.535502288740842387e-05
2.459010079208020121e+06 9.902297842504896863e-01 9.539236148033905375e-05
2.459010130030075088e+06 9.903331187387471868e-01 9.542970007292756363e-05
2.459010180852130521e+06 9.904364532279513744e-01 9.546703866585819350e-05
2.459010231674185488e+06 9.905397877162089859e-01 9.550437725844670338e-05
2.459010282496240456e+06 9.902157612977371404e-01 9.550655404025794337e-05
2.459010333318295889e+06 9.905176267221861286e-01 9.555571709275887326e-05
2.459010384140350856e+06 9.897960505053510216e-01 9.551358671698266100e-05
2.459010434962405823e+06 9.898972688203158121e-01 9.557095049155835262e-05
2.459010485784461256e+06 9.897425793501429814e-01 9.564393134681847949e-05
2.459010536606516223e+06 9.901258165395081523e-01 9.573215440980610579e-05
2.459010587428571191e+06 9.900958509185707745e-01 9.576741811386872943e-05
2.459010638250626624e+06 9.898277272937787696e-01 9.575401292150635864e-05
2.459010689072681591e+06 9.900667925224597710e-01 9.575149960871617220e-05
2.459010739894737024e+06 9.899038969472824245e-01 9.573962124222546788e-05
2.459010790716791991e+06 9.896316456036399201e-01 9.570655285806405196e-05
2.459010841538846958e+06 9.886885943429974954e-01 9.563761717983533409e-05
2.459010892360902391e+06 9.892610133191387378e-01 9.566783465132412006e-05
2.459010943182957359e+06 9.895491717086505323e-01 9.567445689670073651e-05
2.459010994005012326e+06 9.891826809468567960e-01 9.561045904955244046e-05
2.459011044827067759e+06 9.885964270802318765e-01 9.552928908356368666e-05
2.459011095649122726e+06 9.882595929264618162e-01 9.548301489484633631e-05
2.459011146471177693e+06 9.887251615880391364e-01 9.552392063534341840e-05
2.459011197293233126e+06 9.883725565917280687e-01 9.547988285330619304e-05
2.459011248115288094e+06 9.884701925112994170e-01 9.547238936420096621e-05
2.459011298937343527e+06 9.882002449354414519e-01 9.543400311737450367e-05
2.459011349759398494e+06 9.879438485098480660e-01 9.538738857660740064e-05
2.459011400581453461e+06 9.877234348070709213e-01 9.537257229313743443e-05
2.459011451403508894e+06 9.875306893383430928e-01 9.536515121000173334e-05
2.459011502225563861e+06 9.870141880415543856e-01 9.533357484447034090e-05
2.459011553047618829e+06 9.869855425944262795e-01 9.536797649090102103e-05
2.459011603869674262e+06 9.858470165179437084e-01 9.528924014972469313e-05
2.459011654691729229e+06 9.863313719865772766e-01 9.535503445003883430e-05
2.459011705513784196e+06 9.864260746193271867e-01 9.535721508672485413e-05
2.459011756335839629e+06 9.861788939504259055e-01 9.533462282802472880e-05
2.459011807157894596e+06 9.856429167080055231e-01 9.531381586578998005e-05
2.459011857979950029e+06 9.856461488231832435e-01 9.531921619899811661e-05
2.459011908802004997e+06 9.852044890565980761e-01 9.527568890210185283e-05
2.459011959624059964e+06 9.843298512059007743e-01 9.518695686759596109e-05
2.459012010446115397e+06 9.848997746664860387e-01 9.523730114442892933e-05
2.459012061268170364e+06 9.842092342281851813e-01 9.516322471825729113e-05
2.459012112090225331e+06 9.841192289108807723e-01 9.516090688927389960e-05
2.459012162912280764e+06 9.829110305352026788e-01 9.502917020754312921e-05
2.459012213734335732e+06 9.832423915637261702e-01 9.507980167158138862e-05
2.459012264556391165e+06 9.830300903462076967e-01 9.505107842979275249e-05
2.459012315378446132e+06 9.829042328466151002e-01 9.503630850543531221e-05
2.459012366200501099e+06 9.823228471400505812e-01 9.499642000051645844e-05
2.459012417022556532e+06 9.823174693462080054e-01 9.499323704936887998e-05
2.459012467844611499e+06 9.822773545954257557e-01 9.497308420416112717e-05
2.459012518666666467e+06 9.812924296674803148e-01 9.493206552718890477e-05
2.459012569488721900e+06 9.814407117676384740e-01 9.498241782571821730e-05
2.459012620310776867e+06 9.805380516461982277e-01 9.492231728906311619e-05
2.459012671132831834e+06 9.805640234851796810e-01 9.495095495365296905e-05
2.459012721954887267e+06 9.804472656458391722e-01 9.496181932613276505e-05
2.459012772776942234e+06 9.797349971805809909e-01 9.488905173409701969e-05
2.459012823598997667e+06 9.800889680712799867e-01 9.494379016372747398e-05
2.459012874421052635e+06 9.797466835778051442e-01 9.492355558068401016e-05
2.459012925243107602e+06 9.793623888396510990e-01 9.489270072678733048e-05
2.459012976065163035e+06 9.791408402967842761e-01 9.487255924152859701e-05
2.459013026887218002e+06 9.784763979779387277e-01 9.480469910093746832e-05
2.459013077709272970e+06 9.784761718480357029e-01 9.480600078702218080e-05
2.459013128531328402e+06 9.780324176914828582e-01 9.477340003539785548e-05
2.459013179353383370e+06 9.779546592718115772e-01 9.476982631099846650e-05
2.459013230175438337e+06 9.775358249618222306e-01 9.472905565433671019e-05
2.459013280997493770e+06 9.770245350135419171e-01 9.470357345343286947e-05
2.459013331819548737e+06 9.762105476228419842e-01 9.461864982916081269e-05
2.459013382641604170e+06 9.767223999936799350e-01 9.466562742034658254e-05
2.459013433463659137e+06 9.766354615297897501e-01 9.466837865590588816e-05
2.459013484285714105e+06 9.766905444347205867e-01 9.467154498316717132e-05
2.459013535107769538e+06 9.765172447733281302e-01 9.468768504944929259e-05
2.459013585929824505e+06 9.762164372959480918e-01 9.467341108797834831e-05
2.459013636751879472e+06 9.755134311729044549e-01 9.462398733507404187e-05
2.459013687573934905e+06 9.755919971963926685e-01 9.464435183907669630e-05
2.459013738395989873e+06 9.757545016078180700e-01 9.466802157389969891e-05
2.459013789218044840e+06 9.754024791662589955e-01 9.465013232178330150e-05
2.459013840040100273e+06 9.742797970705106003e-01 9.454618475111310240e-05
2.459013890862155240e+06 9.739934825457219336e-01 9.453168277313485780e-05
2.459013941684210673e+06 9.748517946903518805e-01 9.459397484740125566e-05
2.459013992506265640e+06 9.737451705999068396e-01 9.449338402013972131e-05
2.459014043328320608e+06 9.746606556723876880e-01 9.458255938067456280e-05
2.459014094150376040e+06 9.747390819179798660e-01 9.458267189458988882e-05
2.459014144972431008e+06 9.745634681470295435e-01 9.457140953832083089e-05
2.459014195794485975e+06 9.739299257289346645e-01 9.451246679695532991e-05
2.459014246616541408e+06 9.744247632960866268e-01 9.454494945939181287e-05
2.459014297438596375e+06 9.742589516896752455e-01 9.453032301555693386e-05
2.459014348260651808e+06 9.741244522090760638e-01 9.451341634144959185e-05
2.459014399082706776e+06 9.743911558623999936e-01 9.453845941610344872e-05
2.459014449904761743e+06 9.742009877069618407e-01 9.452603081612520088e-05
2.459014500726817176e+06 9.737017820158299086e-01 9.447624776918690304e-05
2.459014551548872143e+06 9.738286312474443429e-01 9.449294754045305805e-05
2.459014602370927110e+06 9.739971954634103479e-01 9.451872053689478967e-05
2.459014653192982543e+06 9.741692379923869716e-01 9.454678075121621377e-05
2.459014704015037511e+06 9.741909494268438108e-01 9.454468113087276791e-05
2.459014754837092478e+06 9.745911666457898193e-01 9.457627068221763117e-05
2.459014805659147911e+06 9.742343720896462500e-01 9.454847576984205153e-05
2.459014856481202878e+06 9.734988194835726416e-01 9.448087041608702898e-05
2.459014907303258311e+06 9.744829132231613844e-01 9.455471512863238058e-05
2.459014958125313278e+06 9.744319197357749207e-01 9.453617585262857859e-05
2.459015008947368246e+06 9.748039588251165011e-01 9.457500324626509516e-05
2.459015059769423679e+06 9.740888880908686875e-01 9.450422938853834454e-05
2.459015110591478646e+06 9.745125132485764619e-01 9.453661232365044716e-05
2.459015161413533613e+06 9.748549447473338070e-01 9.454416383940537558e-05
2.459015212235589046e+06 9.750104114529207777e-01 9.455880129792921206e-05
2.459015263057644013e+06 9.748613724194834518e-01 9.452606572679128790e-05
2.459015313879698981e+06 9.732811418692867145e-01 9.437282546904217080e-05
2.459015364701754414e+06 9.754637960592514867e-01 9.457922792967478527e-05
2.459015415523809381e+06 9.751833513605133730e-01 9.452259540959784690e-05
2.459015466345864814e+06 9.763740379963702365e-01 9.461400573979177899e-05
2.459015517167919781e+06 9.759040484504756252e-01 9.456591811554769923e-05
2.459015567989974748e+06 9.766082560883379005e-01 9.463044614960337960e-05
2.459015618812030181e+06 9.768010410976277758e-01 9.463240665898435718e-05
2.459015669634085149e+06 9.768205053624494649e-01 9.464081776424431640e-05
2.459015720456140116e+06 9.747892645257225652e-01 9.443238239211778707e-05
2.459015771278195549e+06 9.772212547040072250e-01 9.465767744062048505e-05
2.459015822100250516e+06 9.779584692953309233e-01 9.471171342457495863e-05
2.459015872922305483e+06 9.777838219044219237e-01 9.467900233580057220e-05
2.459015923744360916e+06 9.778132495160065663e-01 9.464425085838831266e-05
2.459015974566415884e+06 9.788514850114765631e-01 9.474584942089203773e-05
2.459016025388471317e+06 9.790070222194849903e-01 9.471757133015269725e-05
2.459016076210526284e+06 9.792343088242059235e-01 9.473581887182603981e-05
2.459016127032581251e+06 9.791909877004337792e-01 9.471409785893828012e-05
2.459016177854636684e+06 9.802215280209023440e-01 9.479714004603246311e-05
2.459016228676691651e+06 9.793858572199539703e-01 9.471212857798430281e-05
2.459016279498746619e+06 9.807193082164071818e-01 9.481192499115354835e-05
2.459016330320802052e+06 9.815555083581914975e-01 9.485739760812569442e-05
2.459016381142857019e+06 9.816832376891856393e-01 9.485881678357545907e-05
2.459016431964912452e+06 9.821108553094204385e-01 9.488225122567203761e-05
2.459016482786967419e+06 9.823080642701382814e-01 9.488194562774033896e-05
2.459016533609022386e+06 9.825362989437314010e-01 9.487186778472849543e-05
2.459016584431077819e+06 9.830353449559875445e-01 9.491163902492973255e-05
2.459016635253132787e+06 9.834226097296733249e-01 9.493501329708189896e-05
2.459016686075187754e+06 9.838378051384205625e-01 9.497215875860627555e-05
2.459016736897243187e+06 9.843098170758114440e-01 9.499415928810503700e-05
2.459016787719298154e+06 9.842636185083480926e-01 9.498901664525016852e-05
2.459016838541353121e+06 9.848200107063181941e-01 9.502838683807547366e-05
2.459016889363408554e+06 9.851230143380707016e-01 9.502173523324986253e-05
2.459016940185463522e+06 9.857314381426613981e-01 9.504622215059219028e-05
2.459016991007518955e+06 9.859900440396229815e-01 9.505964570931503619e-05
2.459017041829573922e+06 9.861886403817090585e-01 9.506265180833604347e-05
2.459017092651628889e+06 9.865932292449597352e-01 9.507401567673601011e-05
2.459017143473684322e+06 9.871277007343537413e-01 9.510302028384246388e-05
2.459017194295739289e+06 9.876906893575130297e-01 9.513828944948169949e-05
2.459017245117794257e+06 9.873564471374011164e-01 9.508657384425151275e-05
2.459017295939849690e+06 9.880944184470756841e-01 9.514675533320213999e-05
2.459017346761904657e+06 9.888768276444029892e-01 9.518186552775063556e-05
2.459017397583959624e+06 9.889248762722977482e-01 9.517614271933747200e-05
2.459017448406015057e+06 9.889953753142800563e-01 9.515793108742601496e-05
2.459017499228070024e+06 9.897564923162089912e-01 9.520800434933663302e-05
2.459017550050125457e+06 9.895258941977644884e-01 9.516942210671149168e-05
2.459017600872180425e+06 9.902708734781898725e-01 9.521923015541520444e-05
2.459017651694235392e+06 9.907195638641831392e-01 9.525806290661825715e-05
2.459017702516290825e+06 9.910819051114230227e-01 9.527979711134189193e-05
2.459017753338345792e+06 9.915965391781285110e-01 9.531660861242401465e-05
2.459017804160400759e+06 9.916869564938373127e-01 9.531523935823117048e-05
2.459017854982456192e+06 9.913836746523677634e-01 9.527727330277605661e-05
2.459017905804511160e+06 9.925932241617012597e-01 9.537001618818759393e-05
2.459017956626566127e+06 9.924002874637170013e-01 9.533668269115315778e-05
2.459018007448621560e+06 9.930556944024341304e-01 9.537810144380758515e-05
2.459018058270676527e+06 9.927003614894853722e-01 9.531531912763381521e-05
2.459018109092731960e+06 9.934058151745535081e-01 9.536953325014427838e-05
2.459018159914786927e+06 9.938491893795481369e-01 9.540706303344485416e-05
2.459018210736841895e+06 9.941345830734226174e-01 9.542034451677669732e-05
2.459018261558897328e+06 9.944719952743372726e-01 9.543690009084477926e-05
2.459018312380952295e+06 9.945747479821009929e-01 9.542492700462235598e-05
2.459018363203007262e+06 9.949322822626176510e-01 9.545168535999806097e-05
2.459018414025062695e+06 9.952807732389312712e-01 9.546288322520320830e-05
2.459018464847117662e+06 9.953227055952391655e-01 9.545118517918030354e-05
2.459018515669173095e+06 9.956660075490236794e-01 9.548023219116489593e-05
2.459018566491228063e+06 9.956407415319704635e-01 9.546732675371846929e-05
2.459018617313283030e+06 9.962718866384216998e-01 9.551075110778076127e-05
2.459018668135338463e+06 9.961387886561543503e-01 9.550402041779953023e-05
2.459018718957393430e+06 9.962357385837288248e-01 9.551427087693240990e-05
2.459018769779448397e+06 9.969040365092208811e-01 9.556765842953283507e-05
2.459018820601503830e+06 9.965788771538439672e-01 9.552612007707914586e-05
2.459018871423558798e+06 9.971063236208745906e-01 9.556268316780508650e-05
2.459018922245613765e+06 9.967990703064811830e-01 9.553673756819914457e-05
2.459018973067669198e+06 9.971070264458373744e-01 9.554570904976921006e-05
2.459019023889724165e+06 9.972634170174279333e-01 9.555538254024866656e-05
2.459019074711779598e+06 9.975951523464099413e-01 9.556939607720303740e-05
2.459019125533834565e+06 9.977678651987612612e-01 9.559546618448283074e-05
2.459019176355889533e+06 9.975637745788816790e-01 9.556582841461262149e-05
2.459019227177944966e+06 9.980094254757375660e-01 9.559561864810078749e-05
2.459019277999999933e+06 9.973288632400579834e-01 9.551650455166958069e-05
