2.459010000000000000e+06 9.917466397581943260e-01 9.549573426326654158e-05
2.459010050822054967e+06 9.918501493712269523e-01 9.553313613494749377e-05
2.459010101644110400e+06 9.919536589852081532e-01 9.557053800697116227e-05
2.459010152466165368e+06 9.920571685982407795e-01 9.560793987865211447e-05
2.459010203288220335e+06 9.921606782112736278e-01 9.564534175033306666e-05
2.459010254110275768e+06 9.922641878252546066e-01 9.568274362235672161e-05
2.459010304932330735e+06 9.925307313393773034e-01 9.573109726056138933e-05
2.459010355754386168e+06 9.919836608676184664e-01 9.571123372138516032e-05
2.459010406576441135e+06 9.910787703839056828e-01 9.566261354433987913e-05
2.459010457398496103e+06 9.921948355518338536e-01 9.582638922921972392e-05
2.459010508220551535e+06 9.922593536996480168e-01 9.589762423598409110e-05
2.459010559042606503e+06 9.917028413908587359e-01 9.590475302182169151e-05
2.459010609864661470e+06 9.919155545596173296e-01 9.595014863524505011e-05
2.459010660686716903e+06 9.913340513361423856e-01 9.589050370940403994e-05
2.459010711508771870e+06 9.911420478340412510e-01 9.586287625346254194e-05
2.459010762330826838e+06 9.917992013308754018e-01 9.591658905302732441e-05
2.459010813152882271e+06 9.916377139757138748e-01 9.589552765408729609e-05
2.459010863974937238e+06 9.913381606362406950e-01 9.587159719539437735e-05
2.459010914796992671e+06 9.914380836054913493e-01 9.585495500976661497e-05
2.459010965619047638e+06 9.906014226099694175e-01 9.576280141737664360e-05
2.459011016441102605e+06 9.906823378439740813e-01 9.574352320801653854e-05
2.459011067263158038e+06 9.909501839521872579e-01 9.574144174556242868e-05
2.459011118085213006e+06 9.897367827925183104e-01 9.562979913781588688e-05
2.459011168907267973e+06 9.896718805082039827e-01 9.563155530157232292e-05
2.459011219729323406e+06 9.900744559878520423e-01 9.564793912912999952e-05
2.459011270551378373e+06 9.897695204848904194e-01 9.561026622317874346e-05
2.459011321373433806e+06 9.896649486803286155e-01 9.556662442518336646e-05
2.459011372195488773e+06 9.897706244565198652e-01 9.556822314914199075e-05
2.459011423017543741e+06 9.894689683898580945e-01 9.553483320680750113e-05
2.459011473839599174e+06 9.891178691121060851e-01 9.552116546577689936e-05
2.459011524661654141e+06 9.889901689334485990e-01 9.553443226609711360e-05
2.459011575483709108e+06 9.886642547562063399e-01 9.554314260911836519e-05
2.459011626305764541e+06 9.883890080246898746e-01 9.554441443616360169e-05
2.459011677127819508e+06 9.879109376209488369e-01 9.550643607522167166e-05
2.459011727949874476e+06 9.879268952969358919e-01 9.551038268847007729e-05
2.459011778771929909e+06 9.874320529548024084e-01 9.547560967870960698e-05
2.459011829593984876e+06 9.873462872586074024e-01 9.548207398638794408e-05
2.459011880416040309e+06 9.871449132011275163e-01 9.546956668612723994e-05
2.459011931238095276e+06 9.864668684957754730e-01 9.540450203572840187e-05
2.459011982060150243e+06 9.865121386818286320e-01 9.538782223119124132e-05
2.459012032882205676e+06 9.865673701019647135e-01 9.538548748720236138e-05
2.459012083704260644e+06 9.861748216650663146e-01 9.534834604574233619e-05
2.459012134526315611e+06 9.857041298794900763e-01 9.530700377089674938e-05
2.459012185348371044e+06 9.853742891402409443e-01 9.528044016727976371e-05
2.459012236170426011e+06 9.847724422227874808e-01 9.522732715405214134e-05
2.459012286992480978e+06 9.843887984844940098e-01 9.518070399699766722e-05
2.459012337814536411e+06 9.846597768282384644e-01 9.520233388743557705e-05
2.459012388636591379e+06 9.829575437301634189e-01 9.505129727689686035e-05
2.459012439458646812e+06 9.836743764518459665e-01 9.513904637134304302e-05
2.459012490280701779e+06 9.834874854804641631e-01 9.513226877932985757e-05
2.459012541102756746e+06 9.831353608578905501e-01 9.512400045563359737e-05
2.459012591924812179e+06 9.828090800742242950e-01 9.513110038008051699e-05
2.459012642746867146e+06 9.817797372780801002e-01 9.505640992964055856e-05
2.459012693568922114e+06 9.822935642949263135e-01 9.513503825989320863e-05
2.459012744390977547e+06 9.819172525282017228e-01 9.509968716381667140e-05
2.459012795213032514e+06 9.815707434097118433e-01 9.509693654263548881e-05
2.459012846035087481e+06 9.814386273938857652e-01 9.506759487200666463e-05
2.459012896857142914e+06 9.809751459028147602e-01 9.504693324471938886e-05
2.459012947679197881e+06 9.808632634256863048e-01 9.503961406370148096e-05
2.459012998501253314e+06 9.806996105710307221e-01 9.501844705006081955e-05
2.459013049323308282e+06 9.797533087894695347e-01 9.493567405292920708e-05
2.459013100145363249e+06 9.794460990147518809e-01 9.490948931578554451e-05
2.459013150967418682e+06 9.786321243750188970e-01 9.484595675065804596e-05
2.459013201789473649e+06 9.792640823348875978e-01 9.490221082327486048e-05
2.459013252611528616e+06 9.787181132265099226e-01 9.485308625384826953e-05
2.459013303433584049e+06 9.791388617502341241e-01 9.488753209343688542e-05
2.459013354255639017e+06 9.781175234666933394e-01 9.479869197801997851e-05
2.459013405077694450e+06 9.780625622650587214e-01 9.480204650881043883e-05
2.459013455899749417e+06 9.782872186654347768e-01 9.482135690025233175e-05
2.459013506721804384e+06 9.771797701613536002e-01 9.473072262905953271e-05
2.459013557543859817e+06 9.778835675913122305e-01 9.483309182610697168e-05
2.459013608365914784e+06 9.774756855015133139e-01 9.479887415650306592e-05
2.459013659187969752e+06 9.772384137772658352e-01 9.480345548371456798e-05
2.459013710010025185e+06 9.772815453816325881e-01 9.481848587873233460e-05
2.459013760832080152e+06 9.773125869022644130e-01 9.481742549716926094e-05
2.459013811654135119e+06 9.770863847154026560e-01 9.480914222103368962e-05
2.459013862476190552e+06 9.765215403012544870e-01 9.476361666901167251e-05
2.459013913298245519e+06 9.761833641185214683e-01 9.473650549883205177e-05
2.459013964120300952e+06 9.762818615962882696e-01 9.475643168493375621e-05
2.459014014942355920e+06 9.768490542918032427e-01 9.478615955814597576e-05
2.459014065764410887e+06 9.760278770749496458e-01 9.470894888820215879e-05
2.459014116586466320e+06 9.763729683461208619e-01 9.474259464628950668e-05
2.459014167408521287e+06 9.754098309230836428e-01 9.464251043392977601e-05
2.459014218230576254e+06 9.757157266097510329e-01 9.468564706974834746e-05
2.459014269052631687e+06 9.755640987837539413e-01 9.468318607114567531e-05
2.459014319874686655e+06 9.755449438067913537e-01 9.466477911267078232e-05
2.459014370696741622e+06 9.760781616390156179e-01 9.470247620274294435e-05
2.459014421518797055e+06 9.753539259710019005e-01 9.462590368945042918e-05
2.459014472340852022e+06 9.759157277275060105e-01 9.468549210982628327e-05
2.459014523162907455e+06 9.760177705962906902e-01 9.471526249642873128e-05
2.459014573984962422e+06 9.758347274689480599e-01 9.469435868805106096e-05
2.459014624807017390e+06 9.755624397476247989e-01 9.467320420234353110e-05
2.459014675629072823e+06 9.758482571741567968e-01 9.470937986235525232e-05
2.459014726451127790e+06 9.761513099242580260e-01 9.472971861174082626e-05
2.459014777273182757e+06 9.760656007803818479e-01 9.473916294564291556e-05
2.459014828095238190e+06 9.762455931423330568e-01 9.472977720931062941e-05
2.459014878917293157e+06 9.760891980260293366e-01 9.470458071261434103e-05
2.459014929739348125e+06 9.758629319672330604e-01 9.470462112378278470e-05
2.459014980561403558e+06 9.755884800952251412e-01 9.465926430504089620e-05
2.459015031383458525e+06 9.764752689058024959e-01 9.472633359807636916e-05
2.459015082205513958e+06 9.760059425674232347e-01 9.467330141999568609e-05
2.459015133027568925e+06 9.764003850549957120e-01 9.469996795029676101e-05
2.459015183849623892e+06 9.763192702210051754e-01 9.468130150337446922e-05
2.459015234671679325e+06 9.769133648620523802e-01 9.472513163952062598e-05
2.459015285493734293e+06 9.765428039105278346e-01 9.469633847676011827e-05
2.459015336315789260e+06 9.774818051314994038e-01 9.476118494080021913e-05
2.459015387137844693e+06 9.773529228035287009e-01 9.472442722260697836e-05
2.459015437959899660e+06 9.772506826045463946e-01 9.470393553113718203e-05
2.459015488781955093e+06 9.777107534306177516e-01 9.474692256130149966e-05
2.459015539604010060e+06 9.778977781009461356e-01 9.475309216827621785e-05
2.459015590426065028e+06 9.779318386573448985e-01 9.474574369338600974e-05
2.459015641248120461e+06 9.784628253983760349e-01 9.480208306887314177e-05
2.459015692070175428e+06 9.781137718269637960e-01 9.476598100121059478e-05
2.459015742892230395e+06 9.784695371663822971e-01 9.478507534215262307e-05
2.459015793714285828e+06 9.787222031880434825e-01 9.479179051631720883e-05
2.459015844536340795e+06 9.792165750129678825e-01 9.483354691389431809e-05
2.459015895358395763e+06 9.798850779684334933e-01 9.486799126527254084e-05
2.459015946180451196e+06 9.800321654062418286e-01 9.487146520700714654e-05
2.459015997002506163e+06 9.796265333128654218e-01 9.480300155713038102e-05
2.459016047824561596e+06 9.807331243117148878e-01 9.488506799478421141e-05
2.459016098646616563e+06 9.812021124704587427e-01 9.491302461602344365e-05
2.459016149468671530e+06 9.812888684922412841e-01 9.492244087970318472e-05
2.459016200290726963e+06 9.816356995144659425e-01 9.491704853282249496e-05
2.459016251112781931e+06 9.818354029529742233e-01 9.491806366768152075e-05
2.459016301934836898e+06 9.822353917059143402e-01 9.495762766776466579e-05
2.459016352756892331e+06 9.828980024961542217e-01 9.498783624365025782e-05
2.459016403578947298e+06 9.833080211884068778e-01 9.500633904254817807e-05
2.459016454401002266e+06 9.839758142777597083e-01 9.504305437053429744e-05
2.459016505223057698e+06 9.838156326350324665e-01 9.502510094265106716e-05
2.459016556045112666e+06 9.844752668269475260e-01 9.506122394289133394e-05
2.459016606867168099e+06 9.849519974882547935e-01 9.509218352908005282e-05
2.459016657689223066e+06 9.852993654598508622e-01 9.510865410791495241e-05
2.459016708511278033e+06 9.857591393983142769e-01 9.514273892994500135e-05
2.459016759333333466e+06 9.856720468705495453e-01 9.512847603991446595e-05
2.459016810155388433e+06 9.864619138105787943e-01 9.517892960726439177e-05
2.459016860977443401e+06 9.863792939737907606e-01 9.516578244579371822e-05
2.459016911799498834e+06 9.870678269907522395e-01 9.520500752987988468e-05
2.459016962621553801e+06 9.869119585560072183e-01 9.516869830799131380e-05
2.459017013443608768e+06 9.878171793773773413e-01 9.523159410809614416e-05
2.459017064265664201e+06 9.881754385742830271e-01 9.522632557913702763e-05
2.459017115087719169e+06 9.885184881163463499e-01 9.523669078617508189e-05
2.459017165909774601e+06 9.887668578894343030e-01 9.526146307682705524e-05
2.459017216731829569e+06 9.893205332157773979e-01 9.529120253996065310e-05
2.459017267553884536e+06 9.895907940484428567e-01 9.529863454253648385e-05
2.459017318375939969e+06 9.899877049107805860e-01 9.530917474004440648e-05
2.459017369197994936e+06 9.899193686869678377e-01 9.529331504895174052e-05
2.459017420020049904e+06 9.907956569594906782e-01 9.533840920627218037e-05
2.459017470842105336e+06 9.912340102859803492e-01 9.535874972217406309e-05
2.459017521664160304e+06 9.911699361079424619e-01 9.533296714694583702e-05
2.459017572486215737e+06 9.919502509464612761e-01 9.539261333832202276e-05
2.459017623308270704e+06 9.922360911507386305e-01 9.540777505816940810e-05
2.459017674130325671e+06 9.926364476651634572e-01 9.544154553737404676e-05
2.459017724952381104e+06 9.927420883510919003e-01 9.543511491585247896e-05
2.459017775774436072e+06 9.932371577897931569e-01 9.547002979739700463e-05
2.459017826596491039e+06 9.935286100303044599e-01 9.549380411953945727e-05
2.459017877418546472e+06 9.939681063552973095e-01 9.551258003659021353e-05
2.459017928240601439e+06 9.940261528437495109e-01 9.549565622916632323e-05
2.459017979062656406e+06 9.946132445124430399e-01 9.552216690644261708e-05
2.459018029884711839e+06 9.945137557236131132e-01 9.550703603038899158e-05
2.459018080706766807e+06 9.948739534072427171e-01 9.551935190283376842e-05
2.459018131528822239e+06 9.952720952289046963e-01 9.554358998776115027e-05
2.459018182350877207e+06 9.956460525711304799e-01 9.556490101373985003e-05
2.459018233172932174e+06 9.961045160414848665e-01 9.559709949850592387e-05
2.459018283994987607e+06 9.960809883757628658e-01 9.557538624843654707e-05
2.459018334817042574e+06 9.967012862085062874e-01 9.561879559308871532e-05
2.459018385639097542e+06 9.966380409788284656e-01 9.560968715734668836e-05
2.459018436461152975e+06 9.968152628329810527e-01 9.559290800410262718e-05
2.459018487283207942e+06 9.965874984949084636e-01 9.557018042381924437e-05
2.459018538105262909e+06 9.971777180687428910e-01 9.561903020018547219e-05
2.459018588927318342e+06 9.976518301053632909e-01 9.566127242251808789e-05
2.459018639749373309e+06 9.981317302459283836e-01 9.569211686535253716e-05
2.459018690571428742e+06 9.983476442154256558e-01 9.570977181607582803e-05
2.459018741393483710e+06 9.976040194328922306e-01 9.564488862222819080e-05
2.459018792215538677e+06 9.983165399012615682e-01 9.569850274124365919e-05
2.459018843037594110e+06 9.979177060472852467e-01 9.563940407634915998e-05
2.459018893859649077e+06 9.989137179514950837e-01 9.573883944311966775e-05
2.459018944681704044e+06 9.992093495208084208e-01 9.575135207957233654e-05
2.459018995503759477e+06 9.988991866165726208e-01 9.571021571223215136e-05
2.459019046325814445e+06 9.992865379913472568e-01 9.573507222378904659e-05
2.459019097147869412e+06 9.987648344832195102e-01 9.568746633274216368e-05
2.459019147969924845e+06 9.993179631901820681e-01 9.573206574004770755e-05
2.459019198791979812e+06 9.990591084914836051e-01 9.569223246199064735e-05
2.459019249614035245e+06 9.994762211798732254e-01 9.573610788017936470e-05
2.459019300436090212e+06 9.993117207008590519e-01 9.573013160057522474e-05
2.459019351258145180e+06 9.995707789948756750e-01 9.573690160014087906e-05
2.459019402080200613e+06 9.997138690141004203e-01 9.574755957977841862e-05
2.459019452902255580e+06 9.997804055391048550e-01 9.575555656033828307e-05
2.459019503724310547e+06 1.000000000000000000e+00 9.576406771617632129e-05
2.459019554546365980e+06 9.996368406516255023e-01 9.573348187438592016e-05
2.459019605368420947e+06 9.995344890699722207e-01 9.571828415654343625e-05
2.459019656190476380e+06 9.991503480848725749e-01 9.571109150043531318e-05
2.459019707012531348e+06 9.999933062375667703e-01 9.578688979803857539e-05
2.459019757834586315e+06 9.998074749214269641e-01 9.576435244647315648e-05
2.459019808656641748e+06 9.995538198283239195e-01 9.575638891742348994e-05
2.459019859478696715e+06 9.997085442842380543e-01 9.577002791789951841e-05
2.459019910300751682e+06 9.990395322037779469e-01 9.571837325967512888e-05
2.459019961122807115e+06 9.988280386023554724e-01 9.571448818640288186e-05
2.459020011944862083e+06 9.993928402342762141e-01 9.574999452286786148e-05
2.459020062766917050e+06 9.990096895233889773e-01 9.571781160160302681e-05
2.459020113588972483e+06 9.987251590355945563e-01 9.569794537231791996e-05
2.459020164411027450e+06 9.990921816205413641e-01 9.572557202582041079e-05
2.459020215233082883e+06 9.989023014060343097e-01 9.572874822664617081e-05
2.459020266055137850e+06 9.984293132768915502e-01 9.571036929536097776e-05
2.459020316877192818e+06 9.983911517809381797e-01 9.569933698970132781e-05
2.459020367699248251e+06 9.981850459783015994e-01 9.567120180016804661e-05
2.459020418521303218e+06 9.977592263887851143e-01 9.564718245131477231e-05
2.459020469343358185e+06 9.979745948839650049e-01 9.568309337235986417e-05
2.459020520165413618e+06 9.973575127461619116e-01 9.563118937260464019e-05
2.459020570987468585e+06 9.971442899173081909e-01 9.562657356395191694e-05
2.459020621809523553e+06 9.968801254569273906e-01 9.561949202202207703e-05
2.459020672631578986e+06 9.942802723938449772e-01 9.540322088999353303e-05
2.459020723453633953e+06 9.963594916965679005e-01 9.560748069738446615e-05
2.459020774275689386e+06 9.959995540302919448e-01 9.559676131246625896e-05
2.459020825097744353e+06 9.960070897550623581e-01 9.562522107401824308e-05
2.459020875919799320e+06 9.958145877894608589e-01 9.561365923727258042e-05
2.459020926741854753e+06 9.952932964198764054e-01 9.558202682696098889e-05
2.459020977563909721e+06 9.949683412341048250e-01 9.556860999164438499e-05
2.459021028385964688e+06 9.936433329245492052e-01 9.545168170229294073e-05
2.459021079208020121e+06 9.941831202934938716e-01 9.552046805536012911e-05
2.459021130030075088e+06 9.938671397662993678e-01 9.550443206708946224e-05
2.459021180852130521e+06 9.925285121214958428e-01 9.539118799743377772e-05
2.459021231674185488e+06 9.932606430781156792e-01 9.548378704731248887e-05
2.459021282496240456e+06 9.926153956202998785e-01 9.544650797407932500e-05
2.459021333318295889e+06 9.915358065150500222e-01 9.536341351194606753e-05
2.459021384140350856e+06 9.916682122550461997e-01 9.538697661857038150e-05
2.459021434962405823e+06 9.910333268230467896e-01 9.533691601567140619e-05
2.459021485784461256e+06 9.908863609132559924e-01 9.534864996279363795e-05
2.459021536606516223e+06 9.906784034468658628e-01 9.532713395796236177e-05
2.459021587428571191e+06 9.899753319841801957e-01 9.528185280517153068e-05
2.459021638250626624e+06 9.896572009982932405e-01 9.525164093016911312e-05
2.459021689072681591e+06 9.889369192200893055e-01 9.519137795841347194e-05
2.459021739894737024e+06 9.882777846445852665e-01 9.513840843633462213e-05
2.459021790716791991e+06 9.881322133695105148e-01 9.513072884748210209e-05
2.459021841538846958e+06 9.876153328749140980e-01 9.507798649380429939e-05
2.459021892360902391e+06 9.871421817859554748e-01 9.505981028288524833e-05
2.459021943182957359e+06 9.865272417127317617e-01 9.503795044466446416e-05
2.459021994005012326e+06 9.861491126862781398e-01 9.502161380798219471e-05
2.459022044827067759e+06 9.849628281214539705e-01 9.493407746841771733e-05
2.459022095649122726e+06 9.850799548280931850e-01 9.496850772468179902e-05
2.459022146471177693e+06 9.844491660724268289e-01 9.493747203539876765e-05
2.459022197293233126e+06 9.842957684474217261e-01 9.495864441822408593e-05
2.459022248115288094e+06 9.837187236459958850e-01 9.493652627509797752e-05
2.459022298937343527e+06 9.831416788392831618e-01 9.491440813176921817e-05
2.459022349759398494e+06 9.825646340378574317e-01 9.489228998864310976e-05
2.459022400581453461e+06 9.819875892364319236e-01 9.487017184551700135e-05
2.459022451403508894e+06 9.814105444297189784e-01 9.484805370218821489e-05
2.459022502225563861e+06 9.808334996282934704e-01 9.482593555906210648e-05
2.459022553047618829e+06 9.802564548268677402e-01 9.480381741593599807e-05
2.459022603869674262e+06 9.796794100201549060e-01 9.478169927260723872e-05
2.459022654691729229e+06 9.791023652187292869e-01 9.475958112948113031e-05
2.459022705513784196e+06 9.785253204173036679e-01 9.473746298635502190e-05
2.459022756335839629e+06 9.779482756105908337e-01 9.471534484302626255e-05
2.459022807157894596e+06 9.773712308091652146e-01 9.469322669990015413e-05
2.459022857979950029e+06 9.767941860024523804e-01 9.467110855657136768e-05
2.459022908802004997e+06 9.762171412010266502e-01 9.464899041344525927e-05
2.459022959624059964e+06 9.756400963996011422e-01 9.462687227031915086e-05
2.459023010446115397e+06 9.750630515928881970e-01 9.460475412699039151e-05
2.459023061268170364e+06 9.744860067914626889e-01 9.458263598386428309e-05
2.459023112090225331e+06 9.739089619900369588e-01 9.456051784073817468e-05
2.459023162912280764e+06 9.744346234013314678e-01 9.469637876586107182e-05
2.459023213734335732e+06 9.737655993166299817e-01 9.472741473641809005e-05
2.459023264556391165e+06 9.729688809128990146e-01 9.471058656137067502e-05
2.459023315378446132e+06 9.724683297603573529e-01 9.471217745588423990e-05
2.459023366200501099e+06 9.720355435774704622e-01 9.470672832183053662e-05
2.459023417022556532e+06 9.716503411295815962e-01 9.472189397923454224e-05
2.459023467844611499e+06 9.706054429783188553e-01 9.469431326271604511e-05
2.459023518666666467e+06 9.701494879993342035e-01 9.471421796555248244e-05
2.459023569488721900e+06 9.701782278210098198e-01 9.478960142116143810e-05
2.459023620310776867e+06 9.697749477641216531e-01 9.479115149210509596e-05
2.459023671132831834e+06 9.692963080116071550e-01 9.475996346068244250e-05
2.459023721954887267e+06 9.685312301351858277e-01 9.470580425887550305e-05
2.459023772776942234e+06 9.685355899647429823e-01 9.471172531043472737e-05
2.459023823598997667e+06 9.676938633503128218e-01 9.464260709582529129e-05
2.459023874421052635e+06 9.676129715075981741e-01 9.464582194444455358e-05
2.459023925243107602e+06 9.675962199179459766e-01 9.462856426763741925e-05
2.459023976065163035e+06 9.670282467953696948e-01 9.457237671719757248e-05
2.459024026887218002e+06 9.667433588117387844e-01 9.452619036856923867e-05
2.459024077709272970e+06 9.665410573308799158e-01 9.452811285209842109e-05
2.459024128531328402e+06 9.660818590313688947e-01 9.451578956196199344e-05
2.459024179353383370e+06 9.656805254940052929e-01 9.450476593875506307e-05
2.459024230175438337e+06 9.653310078642994840e-01 9.447087609956494663e-05
2.459024280997493770e+06 9.649903302524435178e-01 9.443058594936808907e-05
2.459024331819548737e+06 9.644498690464160529e-01 9.436260818743341433e-05
2.459024382641604170e+06 9.644560427719526263e-01 9.434247060604828382e-05
2.459024433463659137e+06 9.634750621358396661e-01 9.425933876884163968e-05
2.459024484285714105e+06 9.640629387055086319e-01 9.433894062980071097e-05
2.459024535107769538e+06 9.628535974406421394e-01 9.423826540840506659e-05
2.459024585929824505e+06 9.635339803738727227e-01 9.434713546608677654e-05
2.459024636751879472e+06 9.633111458442096264e-01 9.435311665411796130e-05
2.459024687573934905e+06 9.631945482485809729e-01 9.433316190510358812e-05
2.459024738395989873e+06 9.632749811321442701e-01 9.434224948170695285e-05
2.459024789218044840e+06 9.627301411961675104e-01 9.429922756341267969e-05
2.459024840040100273e+06 9.629290502131702123e-01 9.430648806848672318e-05
2.459024890862155240e+06 9.625610997377205269e-01 9.428366813761938675e-05
2.459024941684210673e+06 9.624124081252657392e-01 9.425635453494008863e-05
2.459024992506265640e+06 9.613429230630119449e-01 9.412567233467988425e-05
2.459025043328320608e+06 9.623954565133207018e-01 9.421449003551562724e-05
2.459025094150376040e+06 9.629938907056363462e-01 9.425820474699612257e-05
2.459025144972431008e+06 9.625351998864910552e-01 9.423644512838895220e-05
2.459025195794485975e+06 9.617746816173531332e-01 9.415891775324758623e-05
2.459025246616541408e+06 9.626163587712673886e-01 9.422994405093942732e-05
2.459025297438596375e+06 9.606812680749923228e-01 9.402062727580493180e-05
2.459025348260651808e+06 9.626134042730672968e-01 9.418362568813738516e-05
2.459025399082706776e+06 9.628993567699963840e-01 9.418745448656015999e-05
2.459025449904761743e+06 9.630857077924686038e-01 9.419420471253483302e-05
2.459025500726817176e+06 9.628271882018143435e-01 9.417567685086972997e-05
2.459025551548872143e+06 9.632560025853158514e-01 9.422206601653588631e-05
2.459025602370927110e+06 9.628588329659550915e-01 9.419749335846923724e-05
2.459025653192982543e+06 9.633871634820171392e-01 9.424100243502533383e-05
2.459025704015037511e+06 9.638023760169296406e-01 9.427395738201728838e-05
2.459025754837092478e+06 9.637297361637962023e-01 9.424429235558115124e-05
2.459025805659147911e+06 9.637460400359655344e-01 9.424666411907168531e-05
2.459025856481202878e+06 9.634808388509432664e-01 9.421173439602367229e-05
2.459025907303258311e+06 9.634199713762844342e-01 9.418797478552103075e-05
2.459025958125313278e+06 9.643162859683512833e-01 9.423617920208215255e-05
2.459026008947368246e+06 9.647136365387317669e-01 9.425283576942979677e-05
2.459026059769423679e+06 9.648586053675757279e-01 9.425559944667251454e-05
2.459026110591478646e+06 9.654349903066998806e-01 9.428713314093007108e-05
2.459026161413533613e+06 9.658557636599248708e-01 9.430737936359959259e-05
2.459026212235589046e+06 9.663162846988978538e-01 9.432863769946477604e-05
2.459026263057644013e+06 9.661137342393609773e-01 9.429052680973576135e-05
2.459026313879698981e+06 9.660910760634316974e-01 9.425952855298408840e-05
2.459026364701754414e+06 9.666642740233456488e-01 9.428563571946451999e-05
2.459026415523809381e+06 9.666550688467592245e-01 9.425770596367449763e-05
2.459026466345864814e+06 9.679772426849504452e-01 9.435716446487549323e-05
2.459026517167919781e+06 9.679149101063654337e-01 9.434007716440750806e-05
2.459026567989974748e+06 9.686946959647143585e-01 9.440190463876365864e-05
2.459026618812030181e+06 9.681068928720745204e-01 9.434840636789241890e-05
2.459026669634085149e+06 9.680806217347661669e-01 9.431931401458016955e-05
2.459026720456140116e+06 9.699975939589466911e-01 9.449095700653903623e-05
2.459026771278195549e+06 9.701589851486285276e-01 9.449276697511246512e-05
2.459026822100250516e+06 9.702818474264865989e-01 9.446221838061162656e-05
2.459026872922305483e+06 9.711471724645002190e-01 9.453787324410332265e-05
2.459026923744360916e+06 9.713924011967001171e-01 9.451974629080125913e-05
2.459026974566415884e+06 9.718533388409654750e-01 9.455398896703263024e-05
2.459027025388471317e+06 9.720380846325715751e-01 9.453595435340611834e-05
2.459027076210526284e+06 9.725439237258013403e-01 9.455427921977072080e-05
2.459027127032581251e+06 9.731648544635005393e-01 9.460752894548483526e-05
2.459027177854636684e+06 9.731510920253163555e-01 9.456587068934022033e-05
2.459027228676691651e+06 9.741795983595019637e-01 9.464505505220491375e-05
2.459027279498746619e+06 9.742325982941684170e-01 9.461967729810487218e-05
2.459027330320802052e+06 9.750795652654909995e-01 9.466141062909864295e-05
2.459027381142857019e+06 9.752303634992576242e-01 9.463891090176053899e-05
2.459027431964912452e+06 9.753746835908688739e-01 9.464107146274304875e-05
2.459027482786967419e+06 9.763203564379993038e-01 9.470278177597466081e-05
2.459027533609022386e+06 9.769270380091430450e-01 9.472568071841166375e-05
2.459027584431077819e+06 9.771683126324496316e-01 9.475240403140765841e-05
2.459027635253132787e+06 9.779429999789637229e-01 9.481115615942826774e-05
2.459027686075187754e+06 9.779127508776276345e-01 9.479384451500981554e-05
2.459027736897243187e+06 9.783206840018326966e-01 9.480385225582829462e-05
2.459027787719298154e+06 9.793655061653266936e-01 9.487150879543925885e-05
2.459027838541353121e+06 9.797003311190564112e-01 9.489199341822877865e-05
2.459027889363408554e+06 9.799063872308076961e-01 9.489321156923561545e-05
2.459027940185463522e+06 9.801695209667049546e-01 9.487452956933125790e-05
2.459027991007518955e+06 9.807894443126576878e-01 9.491603413940631921e-05
2.459028041829573922e+06 9.812877265834213381e-01 9.492934852055196220e-05
2.459028092651628889e+06 9.815903297288776086e-01 9.494101904138951603e-05
2.459028143473684322e+06 9.818117333326437102e-01 9.492870952929586843e-05
2.459028194295739289e+06 9.823543690443719001e-01 9.497062632994372701e-05
2.459028245117794257e+06 9.823948271822371403e-01 9.494086347693477901e-05
2.459028295939849690e+06 9.834039553338405071e-01 9.503845749589313224e-05
2.459028346761904657e+06 9.838585794353590375e-01 9.503547808034544053e-05
2.459028397583959624e+06 9.841569759106260085e-01 9.504888004820224209e-05
2.459028448406015057e+06 9.846981284136194779e-01 9.506950100529544447e-05
2.459028499228070024e+06 9.843358987752947042e-01 9.500607216152365535e-05
2.459028550050125457e+06 9.851788923517078578e-01 9.508586850135277357e-05
2.459028600872180425e+06 9.854353358928229500e-01 9.509263211284689184e-05
2.459028651694235392e+06 9.861166145979901598e-01 9.515834083429209049e-05
2.459028702516290825e+06 9.860065380268111523e-01 9.513238826718512311e-05
2.459028753338345792e+06 9.861948244712116507e-01 9.513216330994046419e-05
2.459028804160400759e+06 9.871077700945735112e-01 9.520496270767969335e-05
2.459028854982456192e+06 9.871957711566716753e-01 9.519350572707616456e-05
2.459028905804511160e+06 9.874946083414930520e-01 9.521816215989866350e-05
2.459028956626566127e+06 9.881608593872767132e-01 9.523944311661943440e-05
2.459029007448621560e+06 9.880247400245798506e-01 9.522217284638175635e-05
2.459029058270676527e+06 9.887690019952380949e-01 9.527208235941952833e-05
2.459029109092731960e+06 9.887442876743341991e-01 9.525339805216968044e-05
2.459029159914786927e+06 9.889635781774630541e-01 9.527686167726700150e-05
2.459029210736841895e+06 9.888442600736000454e-01 9.527739952280527675e-05
2.459029261558897328e+06 9.899267511212911375e-01 9.533210052875780492e-05
2.459029312380952295e+06 9.900768327145355041e-01 9.533192500443886212e-05
2.459029363203007262e+06 9.904793031096273959e-01 9.534492701315670836e-05
2.459029414025062695e+06 9.903964734936103742e-01 9.532291562336620927e-05
2.459029464847117662e+06 9.904355866321604696e-01 9.532474311774128957e-05
2.459029515669173095e+06 9.907569434416453324e-01 9.534846590361387522e-05
2.459029566491228063e+06 9.910944462962979484e-01 9.536680134707527972e-05
2.459029617313283030e+06 9.910602333898759220e-01 9.537039621473626227e-05
2.459029668135338463e+06 9.916311415548825225e-01 9.541333492237625321e-05
2.459029718957393430e+06 9.914539752415638674e-01 9.540506670593332413e-05
2.459029769779448397e+06 9.919306826464130422e-01 9.544226445341657487e-05
2.459029820601503830e+06 9.919395338812800889e-01 9.543169482933668750e-05
2.459029871423558798e+06 9.919617750902327558e-01 9.543877684224397824e-05
2.459029922245613765e+06 9.919215812489451389e-01 9.542149072637280617e-05
2.459029973067669198e+06 9.923768007622589815e-01 9.545584870898685115e-05
2.459030023889724165e+06 9.919554042850282638e-01 9.541728378056806644e-05
2.459030074711779598e+06 9.923996746022392124e-01 9.544743314803167972e-05
2.459030125533834565e+06 9.921281291162878935e-01 9.541103779644210842e-05
2.459030176355889533e+06 9.926888545466450164e-01 9.545154709931371966e-05
2.459030227177944966e+06 9.928697685401902673e-01 9.547301963861679498e-05
2.459030277999999933e+06 9.924256740974877200e-01 9.542086917916469530e-05
