2.458997000000000000e+06 9.904061447860076361e-01 9.536001560882358195e-05
2.458997050822054967e+06 9.905993912449276850e-01 9.554247750367413474e-05
2.458997101644110400e+06 9.908531170083881845e-01 9.571882585835016547e-05
2.458997152466165368e+06 9.909105593092075726e-01 9.589555678847661447e-05
2.458997203288220335e+06 9.914502402311693441e-01 9.602046094155394730e-05
2.458997254110275768e+06 9.916939529911497075e-01 9.607787009559735989e-05
2.458997304932330735e+06 9.924547216069368183e-01 9.612923147585290394e-05
2.458997355754386168e+06 9.922344469119537269e-01 9.610162806499395426e-05
2.458997406576441135e+06 9.927147576874444379e-01 9.615893969758933723e-05
2.458997457398496103e+06 9.931902375383648840e-01 9.625601633794046231e-05
2.458997508220551535e+06 9.932619788696869234e-01 9.633441234128026394e-05
2.458997559042606503e+06 9.935458934696692612e-01 9.646156868446667467e-05
2.458997609864661470e+06 9.940440209082628265e-01 9.655108441520281898e-05
2.458997660686716903e+06 9.945495131338771833e-01 9.661557371583519738e-05
2.458997711508771870e+06 9.953387174204815224e-01 9.664130811119200828e-05
2.458997762330826838e+06 9.954272771462658875e-01 9.670363375528470045e-05
2.458997813152882271e+06 9.953538913357048434e-01 9.674782507933020286e-05
2.458997863974937238e+06 9.956844051540512108e-01 9.676017626922952055e-05
2.458997914796992671e+06 9.962515471742651174e-01 9.677067208394766855e-05
2.458997965619047638e+06 9.962298438834262804e-01 9.674713864265042061e-05
2.458998016441102605e+06 9.966781871979927265e-01 9.671481549619757097e-05
2.458998067263158038e+06 9.970304937595573236e-01 9.672170984731268215e-05
2.458998118085213006e+06 9.975425327020516209e-01 9.671127990705988124e-05
2.458998168907267973e+06 9.973422750801496095e-01 9.669827931826436088e-05
2.458998219729323406e+06 9.973880634921932220e-01 9.665844518009777747e-05
2.458998270551378373e+06 9.973239377852599619e-01 9.659385856389382302e-05
2.458998321373433806e+06 9.978589885440405371e-01 9.649032691197788174e-05
2.458998372195488773e+06 9.984554513404321208e-01 9.641540870208299121e-05
2.458998423017543741e+06 9.981115152059112372e-01 9.634137550504153521e-05
2.458998473839599174e+06 9.982793033602347377e-01 9.633891550579939662e-05
2.458998524661654141e+06 9.987004347191563713e-01 9.640365004916607130e-05
2.458998575483709108e+06 9.989067473012454013e-01 9.645522017108898569e-05
2.458998626305764541e+06 9.986532949950289728e-01 9.650539786690131574e-05
2.458998677127819508e+06 9.986100666751558386e-01 9.653162832303079934e-05
2.458998727949874476e+06 9.992092125696582228e-01 9.654423209141743071e-05
2.458998778771929909e+06 9.992748745083657180e-01 9.659751419999987754e-05
2.458998829593984876e+06 9.986415797386611892e-01 9.656587107355978062e-05
2.458998880416040309e+06 9.988158624060088364e-01 9.656525272120489232e-05
2.458998931238095276e+06 9.995937499359570655e-01 9.658866406812277442e-05
2.458998982060150243e+06 9.994145243416766577e-01 9.655657361852582239e-05
2.458999032882205676e+06 1.000000000000000000e+00 9.654801339076790319e-05
2.458999083704260644e+06 9.997996152869546016e-01 9.651584494247397240e-05
2.458999134526315611e+06 9.989529158167326228e-01 9.645331869998412060e-05
2.458999185348371044e+06 9.996309087402956983e-01 9.647276410809475723e-05
2.458999236170426011e+06 9.994021845190418363e-01 9.642921504708764843e-05
2.458999286992480978e+06 9.996804148418875213e-01 9.636777179401366175e-05
2.458999337814536411e+06 9.995626193130380255e-01 9.623634684154653662e-05
2.458999388636591379e+06 9.996173233337432018e-01 9.617305564843574512e-05
2.458999439458646812e+06 9.994142223850490669e-01 9.609737744698704806e-05
2.458999490280701779e+06 9.997471320314499366e-01 9.611776015154759815e-05
2.458999541102756746e+06 9.993731753995954703e-01 9.612719578936353214e-05
2.458999591924812179e+06 9.991003531239300850e-01 9.615936462978902127e-05
2.458999642746867146e+06 9.991954129621918312e-01 9.621053696794947712e-05
2.458999693568922114e+06 9.983415623550588869e-01 9.616664592902241437e-05
2.458999744390977547e+06 9.994059956652088239e-01 9.624737786424107872e-05
2.458999795213032514e+06 9.992141919365347125e-01 9.621315923883322840e-05
2.458999846035087481e+06 9.988662537839699818e-01 9.623502413396639382e-05
2.458999896857142914e+06 9.985023799093034613e-01 9.620908000332758462e-05
2.458999947679197881e+06 9.991481699694065854e-01 9.621016890464609034e-05
2.458999998501253314e+06 9.973783830570452924e-01 9.606419912812420750e-05
2.459000049323308282e+06 9.980365549895392485e-01 9.611951991854928627e-05
2.459000100145363249e+06 9.981910074303286251e-01 9.607149897765847660e-05
2.459000150967418682e+06 9.977534932928681100e-01 9.603324911675809928e-05
2.459000201789473649e+06 9.978396397577957710e-01 9.602611046539614005e-05
2.459000252611528616e+06 9.964868065119742990e-01 9.594567631074192387e-05
2.459000303433584049e+06 9.967128634182936819e-01 9.585641064062791798e-05
2.459000354255639017e+06 9.966263575673345310e-01 9.586285928473755995e-05
2.459000405077694450e+06 9.961127658455752876e-01 9.574213947596097872e-05
2.459000455899749417e+06 9.961657951417978163e-01 9.574420888627998758e-05
2.459000506721804384e+06 9.961318821632036968e-01 9.575080436742349453e-05
2.459000557543859817e+06 9.958046073557960121e-01 9.574494723634345008e-05
2.459000608365914784e+06 9.954617950840295437e-01 9.571531557201911928e-05
2.459000659187969752e+06 9.954386726699060439e-01 9.572962434229092480e-05
2.459000710010025185e+06 9.947884467535595965e-01 9.573078825196168885e-05
2.459000760832080152e+06 9.946724160735338494e-01 9.572856613627351056e-05
2.459000811654135119e+06 9.939454078381334545e-01 9.570237946574536520e-05
2.459000862476190552e+06 9.935362650815523500e-01 9.568073128394661132e-05
2.459000913298245519e+06 9.935436727217510366e-01 9.566413181487078360e-05
2.459000964120300952e+06 9.930155099611676084e-01 9.557697276742959042e-05
2.459001014942355920e+06 9.922577950335357277e-01 9.558318416930718792e-05
2.459001065764410887e+06 9.927488017035460688e-01 9.556504814542424945e-05
2.459001116586466320e+06 9.920281463030716784e-01 9.551447085522719784e-05
2.459001167408521287e+06 9.910187708841498022e-01 9.545913481181330566e-05
2.459001218230576254e+06 9.909458535577881921e-01 9.545766188458467490e-05
2.459001269052631687e+06 9.899080199862229090e-01 9.536050032026345839e-05
2.459001319874686655e+06 9.900900252956643666e-01 9.536745878543872697e-05
2.459001370696741622e+06 9.894746170460616552e-01 9.530003822175852084e-05
2.459001421518797055e+06 9.894475444612637061e-01 9.528347841118092602e-05
2.459001472340852022e+06 9.885763466665157262e-01 9.521361437596463780e-05
2.459001523162907455e+06 9.879221550608108249e-01 9.518686138455399650e-05
2.459001573984962422e+06 9.881587359871653042e-01 9.518299322077896231e-05
2.459001624807017390e+06 9.877119803888643190e-01 9.517930597842429717e-05
2.459001675629072823e+06 9.871368730223092358e-01 9.516879033178151314e-05
2.459001726451127790e+06 9.865300378555622585e-01 9.516071204492577843e-05
2.459001777273182757e+06 9.859346287391449470e-01 9.507505872936732364e-05
2.459001828095238190e+06 9.850914879954693060e-01 9.509771854558655751e-05
2.459001878917293157e+06 9.847023157576731967e-01 9.503379521193754120e-05
2.459001929739348125e+06 9.846928819475762040e-01 9.504928369362665940e-05
2.459001980561403558e+06 9.841317968666503102e-01 9.501851249720497008e-05
2.459002031383458525e+06 9.837448342853110095e-01 9.498593611109432046e-05
2.459002082205513958e+06 9.831296785935346172e-01 9.493113770156356079e-05
2.459002133027568925e+06 9.826236460890409585e-01 9.494026891001522265e-05
2.459002183849623892e+06 9.829035813994416726e-01 9.492099034363222110e-05
2.459002234671679325e+06 9.817918799828988519e-01 9.489274588102707987e-05
2.459002285493734293e+06 9.815561606431530972e-01 9.486090019690442826e-05
2.459002336315789260e+06 9.812564167937455339e-01 9.482207589789018063e-05
2.459002387137844693e+06 9.804149047760705171e-01 9.474113079095397431e-05
2.459002437959899660e+06 9.799273177590114292e-01 9.472638776454531389e-05
2.459002488781955093e+06 9.794295597333388947e-01 9.466406933785137881e-05
2.459002539604010060e+06 9.795717563558959950e-01 9.469293311981993183e-05
2.459002590426065028e+06 9.785298838564195911e-01 9.465481017848315852e-05
2.459002641248120461e+06 9.777879672527245436e-01 9.461030488166141130e-05
2.459002692070175428e+06 9.777878205561052471e-01 9.464203051860285568e-05
2.459002742892230395e+06 9.774119365052922337e-01 9.461827798760145177e-05
2.459002793714285828e+06 9.768641701050294612e-01 9.458343009493560367e-05
2.459002844536340795e+06 9.757352143237300046e-01 9.456735875273181754e-05
2.459002895358395763e+06 9.753326558888218978e-01 9.451643384196583913e-05
2.459002946180451196e+06 9.752939309350060482e-01 9.452733507716685752e-05
2.459002997002506163e+06 9.748293928857447721e-01 9.448965374510307836e-05
2.459003047824561596e+06 9.750129360981941717e-01 9.448935035616680390e-05
2.459003098646616563e+06 9.738290864016391213e-01 9.440355458776336466e-05
2.459003149468671530e+06 9.725995349530299761e-01 9.435478321033084412e-05
2.459003200290726963e+06 9.724928674435491249e-01 9.435281513863585099e-05
2.459003251112781931e+06 9.728178964080151925e-01 9.439511284341700397e-05
2.459003301934836898e+06 9.729109629300896067e-01 9.435682382553429613e-05
2.459003352756892331e+06 9.718232564920762373e-01 9.433594483180311144e-05
2.459003403578947298e+06 9.712625346179390995e-01 9.427854071753737606e-05
2.459003454401002266e+06 9.710063038544015646e-01 9.425631789716369842e-05
2.459003505223057698e+06 9.705145784567280609e-01 9.421824705467203348e-05
2.459003556045112666e+06 9.700977625636852952e-01 9.421408855955750383e-05
2.459003606867168099e+06 9.699474310332452109e-01 9.420225043296225390e-05
2.459003657689223066e+06 9.691757392848298069e-01 9.418439807051733623e-05
2.459003708511278033e+06 9.691956162182143730e-01 9.419774771220343834e-05
2.459003759333333466e+06 9.688514547263981092e-01 9.417090292422868611e-05
2.459003810155388433e+06 9.687367023203862226e-01 9.418210828043786635e-05
2.459003860977443401e+06 9.679777835481012671e-01 9.415006913146019805e-05
2.459003911799498834e+06 9.676027419801115359e-01 9.413484478480624003e-05
2.459003962621553801e+06 9.678616929678006686e-01 9.413395353988775703e-05
2.459004013443608768e+06 9.673379213686784661e-01 9.411765372377454226e-05
2.459004064265664201e+06 9.673458294792501855e-01 9.409425953150492685e-05
2.459004115087719169e+06 9.669221825157637840e-01 9.407946061464651387e-05
2.459004165909774601e+06 9.673286562308136549e-01 9.408614026401983395e-05
2.459004216731829569e+06 9.666109324638056943e-01 9.405589877746337642e-05
2.459004267553884536e+06 9.658928592293497539e-01 9.401877534456389571e-05
2.459004318375939969e+06 9.661982776716124821e-01 9.403230360915549994e-05
2.459004369197994936e+06 9.667718652019221537e-01 9.402845349793672821e-05
2.459004420020049904e+06 9.661753363748744050e-01 9.399735758437576677e-05
2.459004470842105336e+06 9.654823548100744945e-01 9.396794363085290329e-05
2.459004521664160304e+06 9.653180590726655463e-01 9.395195943411353227e-05
2.459004572486215737e+06 9.656349117646590985e-01 9.397812185081841688e-05
2.459004623308270704e+06 9.658719270787513578e-01 9.398509668859854967e-05
2.459004674130325671e+06 9.658617065288825909e-01 9.400346529479492277e-05
2.459004724952381104e+06 9.655812178441037785e-01 9.399103193058935932e-05
2.459004775774436072e+06 9.651296829575748415e-01 9.396974115769310095e-05
2.459004826596491039e+06 9.654109700437640829e-01 9.399066287070697320e-05
2.459004877418546472e+06 9.654763528569334508e-01 9.397526447195465188e-05
2.459004928240601439e+06 9.654668160465680327e-01 9.399277860875650649e-05
2.459004979062656406e+06 9.649766053403902033e-01 9.396196578754050757e-05
2.459005029884711839e+06 9.650450938876804496e-01 9.395846901086804960e-05
2.459005080706766807e+06 9.650564925334281785e-01 9.395329627746135896e-05
2.459005131528822239e+06 9.653145745250694132e-01 9.395328575153686658e-05
2.459005182350877207e+06 9.655184748741519885e-01 9.397288139510246623e-05
2.459005233172932174e+06 9.655371794435370081e-01 9.394605100982520026e-05
2.459005283994987607e+06 9.652409090707235739e-01 9.394951100237218934e-05
2.459005334817042574e+06 9.658598432637824915e-01 9.395770400420749141e-05
2.459005385639097542e+06 9.660861121586741262e-01 9.396868493449654950e-05
2.459005436461152975e+06 9.659450358851033869e-01 9.395542967194838867e-05
2.459005487283207942e+06 9.663515776837364735e-01 9.396228883519249094e-05
2.459005538105262909e+06 9.662504908755005228e-01 9.396808429853388436e-05
2.459005588927318342e+06 9.662880818633270419e-01 9.398594403959876099e-05
2.459005639749373309e+06 9.670014721349511344e-01 9.400962668159820344e-05
2.459005690571428742e+06 9.669369263992079189e-01 9.400941598067304454e-05
2.459005741393483710e+06 9.671493814583987936e-01 9.403564146429515050e-05
2.459005792215538677e+06 9.676941252289472661e-01 9.405224540728075982e-05
2.459005843037594110e+06 9.672735124413484042e-01 9.401426105882571861e-05
2.459005893859649077e+06 9.682206811078131192e-01 9.408569190219251356e-05
2.459005944681704044e+06 9.680555446587194579e-01 9.408190269415700881e-05
2.459005995503759477e+06 9.688179940453597316e-01 9.411795247933802972e-05
2.459006046325814445e+06 9.688480195420137164e-01 9.409973126973487847e-05
2.459006097147869412e+06 9.689082849057271130e-01 9.409192540606665424e-05
2.459006147969924845e+06 9.696263867654747459e-01 9.413374094003910193e-05
2.459006198791979812e+06 9.696629640297295127e-01 9.413048530910836538e-05
2.459006249614035245e+06 9.697311356579374486e-01 9.412903843708342419e-05
2.459006300436090212e+06 9.700199445361363804e-01 9.413421077766012700e-05
2.459006351258145180e+06 9.705520411333955488e-01 9.415734863782965170e-05
2.459006402080200613e+06 9.713792902630633552e-01 9.420920995546754083e-05
2.459006452902255580e+06 9.710108014771706708e-01 9.415081370828191887e-05
2.459006503724310547e+06 9.711193874885913901e-01 9.417505761800663735e-05
2.459006554546365980e+06 9.721219046746003567e-01 9.422602308872517489e-05
2.459006605368420947e+06 9.722645610580570308e-01 9.421936303558972234e-05
2.459006656190476380e+06 9.726588339788498905e-01 9.425069442919329417e-05
2.459006707012531348e+06 9.735586921165392260e-01 9.430175506390537905e-05
2.459006757834586315e+06 9.736081484587332247e-01 9.433541913228226370e-05
2.459006808656641748e+06 9.738364129400290947e-01 9.430249702071278695e-05
2.459006859478696715e+06 9.743593124362949220e-01 9.435532306737534245e-05
2.459006910300751682e+06 9.751563425276784658e-01 9.437406264176189622e-05
2.459006961122807115e+06 9.754155594450127920e-01 9.439892947287738072e-05
2.459007011944862083e+06 9.769268608085486250e-01 9.446148221099543373e-05
2.459007062766917050e+06 9.757845485185361323e-01 9.439819673139771960e-05
2.459007113588972483e+06 9.766168808043499405e-01 9.446072039275697676e-05
2.459007164411027450e+06 9.768434028281505199e-01 9.445963128428630452e-05
2.459007215233082883e+06 9.775198362650185935e-01 9.447464411430214152e-05
2.459007266055137850e+06 9.777837433679045231e-01 9.449599965372013544e-05
2.459007316877192818e+06 9.775022803299839858e-01 9.449241940081186603e-05
2.459007367699248251e+06 9.783310210240554472e-01 9.453385965142344863e-05
2.459007418521303218e+06 9.790533875301078437e-01 9.455416499879543211e-05
2.459007469343358185e+06 9.797034159970284817e-01 9.456494338528977930e-05
2.459007520165413618e+06 9.796370067783343183e-01 9.455202035447956156e-05
2.459007570987468585e+06 9.795780960580603436e-01 9.453381675428083701e-05
2.459007621809523553e+06 9.805863164909917051e-01 9.457970135062775151e-05
2.459007672631578986e+06 9.805835995239381431e-01 9.463160353945960243e-05
2.459007723453633953e+06 9.812815581846093815e-01 9.466444678297347888e-05
2.459007774275689386e+06 9.811427405255371825e-01 9.467438917078832312e-05
2.459007825097744353e+06 9.824066278993085488e-01 9.469613878998899860e-05
2.459007875919799320e+06 9.826579571867947172e-01 9.472531971125119194e-05
2.459007926741854753e+06 9.824960924939067919e-01 9.472765844372890525e-05
2.459007977563909721e+06 9.831499656996776082e-01 9.475585475553608176e-05
2.459008028385964688e+06 9.831310771580586971e-01 9.472027928362128217e-05
2.459008079208020121e+06 9.833216296222350161e-01 9.473766273744104155e-05
2.459008130030075088e+06 9.837101249588300345e-01 9.477013387990491304e-05
2.459008180852130521e+06 9.841198677726478161e-01 9.476125913383268769e-05
2.459008231674185488e+06 9.841895278476309183e-01 9.477467969238863267e-05
2.459008282496240456e+06 9.847047155046155797e-01 9.476345465127157389e-05
2.459008333318295889e+06 9.853415246076085987e-01 9.482840696176491322e-05
2.459008384140350856e+06 9.853809317156539960e-01 9.478182015827058883e-05
2.459008434962405823e+06 9.859913622775547948e-01 9.481305864746711993e-05
2.459008485784461256e+06 9.863063574198908112e-01 9.481347405773260528e-05
2.459008536606516223e+06 9.865792246574990321e-01 9.480410111580799654e-05
2.459008587428571191e+06 9.867645987560923482e-01 9.482590762232816629e-05
2.459008638250626624e+06 9.864447741501468636e-01 9.479600735850145438e-05
2.459008689072681591e+06 9.873537816672511847e-01 9.482028085751667687e-05
2.459008739894737024e+06 9.870873624286624626e-01 9.478733228674155115e-05
2.459008790716791991e+06 9.868399904930290623e-01 9.472187283197212068e-05
2.459008841538846958e+06 9.880831631339148657e-01 9.480421612549782434e-05
2.459008892360902391e+06 9.879861616037218797e-01 9.482135633457909108e-05
2.459008943182957359e+06 9.883884679707818366e-01 9.481746822813247864e-05
2.459008994005012326e+06 9.885930043110315868e-01 9.485433282423133365e-05
2.459009044827067759e+06 9.883146740315091883e-01 9.481353714526145860e-05
2.459009095649122726e+06 9.892461650389557937e-01 9.484950705011501565e-05
2.459009146471177693e+06 9.885882654744585496e-01 9.481581445666907831e-05
2.459009197293233126e+06 9.890443688926037202e-01 9.484450689205564807e-05
2.459009248115288094e+06 9.890653083365831266e-01 9.485505886385042491e-05
2.459009298937343527e+06 9.891297233807915257e-01 9.485462073138157537e-05
2.459009349759398494e+06 9.887979670215284456e-01 9.486136645454941604e-05
2.459009400581453461e+06 9.889013068755686531e-01 9.489870698599475653e-05
2.459009451403508894e+06 9.890046467305558808e-01 9.493604751778223058e-05
2.459009502225563861e+06 9.891079865845959773e-01 9.497338804922757108e-05
2.459009553047618829e+06 9.892113264386364069e-01 9.501072858067291158e-05
2.459009603869674262e+06 9.893146662936234126e-01 9.504806911246038562e-05
2.459009654691729229e+06 9.894180061476637311e-01 9.508540964390572612e-05
2.459009705513784196e+06 9.895213460017038276e-01 9.512275017535106662e-05
2.459009756335839629e+06 9.896246858566910554e-01 9.516009070713852712e-05
2.459009807157894596e+06 9.897280257107312629e-01 9.519743123858386761e-05
2.459009857979950029e+06 9.898313655657184906e-01 9.523477177037134166e-05
2.459009908802004997e+06 9.899347054197585871e-01 9.527211230181668216e-05
2.459009959624059964e+06 9.900380452737989057e-01 9.530945283326202266e-05
2.459010010446115397e+06 9.901413851287859114e-01 9.534679336504949670e-05
2.459010061268170364e+06 9.902447249828263409e-01 9.538413389649483720e-05
2.459010112090225331e+06 9.903480648368664374e-01 9.542147442794017770e-05
2.459010162912280764e+06 9.904514046918536652e-01 9.545881495972765175e-05
2.459010213734335732e+06 9.905547445458938727e-01 9.549615549117299225e-05
2.459010264556391165e+06 9.906580844008809894e-01 9.553349602296046629e-05
2.459010315378446132e+06 9.904448210546773490e-01 9.553290206531711635e-05
2.459010366200501099e+06 9.900124579601927710e-01 9.552595174597610175e-05
2.459010417022556532e+06 9.894693584340110704e-01 9.553071352413661406e-05
2.459010467844611499e+06 9.896092029806146106e-01 9.562098170169504243e-05
2.459010518666666467e+06 9.901636800728503829e-01 9.571108105690697397e-05
2.459010569488721900e+06 9.903943419230921696e-01 9.578280960318849774e-05
2.459010620310776867e+06 9.903925105011037733e-01 9.579657999501078847e-05
2.459010671132831834e+06 9.898599212878899101e-01 9.573854630065459952e-05
2.459010721954887267e+06 9.900910844168772096e-01 9.574668471197933636e-05
2.459010772776942234e+06 9.898921212540935377e-01 9.573008205553441168e-05
2.459010823598997667e+06 9.900827300410128817e-01 9.575095618472686577e-05
2.459010874421052635e+06 9.888933786352293032e-01 9.563377344179807235e-05
2.459010925243107602e+06 9.895881731883264809e-01 9.568851392111124294e-05
2.459010976065163035e+06 9.893360683838462455e-01 9.564114901281491954e-05
2.459011026887218002e+06 9.891233876242376821e-01 9.559120058332775240e-05
2.459011077709272970e+06 9.890605201445771266e-01 9.557147033523147902e-05
2.459011128531328402e+06 9.888015381156036732e-01 9.552616192180946335e-05
2.459011179353383370e+06 9.887949908618536288e-01 9.551775009657036055e-05
2.459011230175438337e+06 9.883282021679182794e-01 9.548642149773332280e-05
2.459011280997493770e+06 9.882235210153348381e-01 9.544991419512457716e-05
2.459011331819548737e+06 9.878960314960210098e-01 9.539143080189764967e-05
2.459011382641604170e+06 9.878393759387302797e-01 9.536913065728295418e-05
2.459011433463659137e+06 9.876790870235413466e-01 9.536285990201229311e-05
2.459011484285714105e+06 9.870059112158295900e-01 9.531958910350904349e-05
2.459011535107769538e+06 9.871816030632254435e-01 9.537433269716004902e-05
2.459011585929824505e+06 9.872112494161496832e-01 9.541143034688998503e-05
2.459011636751879472e+06 9.859401399638090258e-01 9.532719346469594108e-05
2.459011687573934905e+06 9.859992199140010793e-01 9.532648792723190433e-05
2.459011738395989873e+06 9.857538867358469625e-01 9.531328910605069095e-05
2.459011789218044840e+06 9.861149968776932173e-01 9.535335091671125044e-05
2.459011840040100273e+06 9.855257736044666927e-01 9.530393934803195423e-05
2.459011890862155240e+06 9.853947851917324030e-01 9.529598214455395951e-05
2.459011941684210673e+06 9.849625903277717809e-01 9.525551915650032299e-05
2.459011992506265640e+06 9.847572815483172093e-01 9.521173017467264468e-05
2.459012043328320608e+06 9.848688649180524779e-01 9.521965184484795298e-05
2.459012094150376040e+06 9.844556369476183955e-01 9.516516284744611391e-05
2.459012144972431008e+06 9.842966772407423237e-01 9.516691266291810300e-05
2.459012195794485975e+06 9.832234824502718018e-01 9.507127940705650403e-05
2.459012246616541408e+06 9.832314034430409411e-01 9.507396821651693287e-05
2.459012297438596375e+06 9.830543020894283446e-01 9.505398935525750860e-05
2.459012348260651808e+06 9.825525445274949643e-01 9.501131020800314007e-05
2.459012399082706776e+06 9.820248279220656906e-01 9.496976100143915639e-05
2.459012449904761743e+06 9.822009698384351895e-01 9.498073948152521012e-05
2.459012500726817176e+06 9.816575135473857294e-01 9.495552588576184575e-05
2.459012551548872143e+06 9.813397364051367200e-01 9.496352854721778493e-05
2.459012602370927110e+06 9.807063472293261475e-01 9.493923592348524972e-05
2.459012653192982543e+06 9.810672408518869014e-01 9.498696781227739666e-05
2.459012704015037511e+06 9.805430737749855075e-01 9.494770516226849982e-05
2.459012754837092478e+06 9.801599347604774692e-01 9.494007394287806126e-05
2.459012805659147911e+06 9.799690061907911920e-01 9.493277233292830256e-05
2.459012856481202878e+06 9.796951356721509407e-01 9.490632232490425063e-05
2.459012907303258311e+06 9.785691860466305680e-01 9.481455720453318221e-05
2.459012958125313278e+06 9.790384367748332650e-01 9.485887736375829700e-05
2.459013008947368246e+06 9.785541568110925903e-01 9.480722555292615133e-05
2.459013059769423679e+06 9.782300108616868162e-01 9.477226041387884926e-05
2.459013110591478646e+06 9.785001980818934797e-01 9.481373097074418136e-05
2.459013161413533613e+06 9.781491668731049360e-01 9.478712746920492230e-05
2.459013212235589046e+06 9.781240052189100753e-01 9.478210270850705188e-05
2.459013263057644013e+06 9.772347530451037656e-01 9.471136501827162569e-05
2.459013313879698981e+06 9.768169540633439007e-01 9.467808139744549620e-05
2.459013364701754414e+06 9.768951115202795243e-01 9.468669850702333480e-05
2.459013415523809381e+06 9.754659416288969931e-01 9.454793728743657614e-05
2.459013466345864814e+06 9.761624428970344658e-01 9.461049861583673351e-05
2.459013517167919781e+06 9.761486586301438839e-01 9.463871680418931215e-05
2.459013567989974748e+06 9.762587522981730492e-01 9.467265111684940637e-05
2.459013618812030181e+06 9.761110496233855738e-01 9.467602252970841795e-05
2.459013669634085149e+06 9.755666325848989517e-01 9.464475596369875492e-05
2.459013720456140116e+06 9.757032195047811163e-01 9.467436665293633307e-05
2.459013771278195549e+06 9.758117603001781326e-01 9.467500228297399164e-05
2.459013822100250516e+06 9.753785124051891353e-01 9.465175873145102487e-05
2.459013872922305483e+06 9.752323521046095678e-01 9.464162223116542741e-05
2.459013923744360916e+06 9.750436511344752200e-01 9.462696567364322069e-05
2.459013974566415884e+06 9.746533171045659305e-01 9.457589408696767859e-05
2.459014025388471317e+06 9.748100020501722085e-01 9.459817676566641283e-05
2.459014076210526284e+06 9.746546471887231888e-01 9.457570482535501677e-05
2.459014127032581251e+06 9.746527247249969772e-01 9.457338847725754152e-05
2.459014177854636684e+06 9.747011846820867742e-01 9.458757415536818154e-05
2.459014228676691651e+06 9.747509974285981649e-01 9.457192877718852630e-05
2.459014279498746619e+06 9.737814101423185598e-01 9.448959260922342156e-05
2.459014330320802052e+06 9.746317340865396917e-01 9.455695260870225504e-05
2.459014381142857019e+06 9.743140193299644203e-01 9.453182253458018106e-05
2.459014431964912452e+06 9.735972640925346644e-01 9.446618614541056819e-05
2.459014482786967419e+06 9.740269238800468576e-01 9.450650291138837540e-05
2.459014533609022386e+06 9.738185900672932105e-01 9.449151215546266634e-05
2.459014584431077819e+06 9.743633950578751701e-01 9.455910097209530940e-05
2.459014635253132787e+06 9.740235012561571093e-01 9.453163466827031074e-05
2.459014686075187754e+06 9.738836982932874697e-01 9.452269019294291927e-05
2.459014736897243187e+06 9.738163023501222870e-01 9.451310374796839490e-05
2.459014787719298154e+06 9.743542020176565455e-01 9.456256132360197307e-05
2.459014838541353121e+06 9.748945637210839621e-01 9.458063119293916223e-05
2.459014889363408554e+06 9.742257340283178024e-01 9.454105388519735834e-05
2.459014940185463522e+06 9.748963465556202967e-01 9.459689301695354375e-05
2.459014991007518955e+06 9.744296107759402581e-01 9.454937819049468719e-05
2.459015041829573922e+06 9.749774923157616957e-01 9.456096464423305249e-05
2.459015092651628889e+06 9.744866257699210665e-01 9.451926997804121914e-05
2.459015143473684322e+06 9.750313125603589093e-01 9.456525886353606201e-05
2.459015194295739289e+06 9.743200247718816209e-01 9.449922322950888394e-05
2.459015245117794257e+06 9.747538255149543751e-01 9.452286175952212717e-05
2.459015295939849690e+06 9.751650125130116864e-01 9.456261993619137799e-05
2.459015346761904657e+06 9.753651024278158221e-01 9.456029604112300133e-05
2.459015397583959624e+06 9.750710112869233059e-01 9.451370517064889177e-05
2.459015448406015057e+06 9.757867276014530189e-01 9.457368021741963983e-05
2.459015499228070024e+06 9.764437274304299530e-01 9.461515415600625298e-05
2.459015550050125457e+06 9.759978919031820910e-01 9.458211782642264695e-05
2.459015600872180425e+06 9.766671167736744597e-01 9.462754785336521324e-05
2.459015651694235392e+06 9.764455223497386926e-01 9.460032885320516062e-05
2.459015702516290825e+06 9.770385806837553755e-01 9.465738802303309580e-05
2.459015753338345792e+06 9.770863692631295283e-01 9.463518968332052808e-05
2.459015804160400759e+06 9.779924872016224624e-01 9.472284255544716983e-05
2.459015854982456192e+06 9.779971439118191334e-01 9.470201471258679626e-05
2.459015905804511160e+06 9.782140076096912384e-01 9.471118617825259210e-05
2.459015956626566127e+06 9.782579066299760262e-01 9.470130128239676308e-05
2.459016007448621560e+06 9.782690501524143878e-01 9.467938388670566017e-05
2.459016058270676527e+06 9.787468567311152778e-01 9.469761173089851251e-05
2.459016109092731960e+06 9.789022890590393100e-01 9.468999156886850487e-05
2.459016159914786927e+06 9.787702497465636808e-01 9.464618053382455845e-05
2.459016210736841895e+06 9.802886238170324118e-01 9.477866932167957562e-05
2.459016261558897328e+06 9.808024326647689639e-01 9.480689800690927124e-05
2.459016312380952295e+06 9.811398239753016393e-01 9.483790527163493060e-05
2.459016363203007262e+06 9.813041343331632138e-01 9.482458930321219779e-05
2.459016414025062695e+06 9.819075799041658836e-01 9.486407670912917972e-05
2.459016464847117662e+06 9.818179776852895557e-01 9.484838376849197132e-05
2.459016515669173095e+06 9.822907608510704769e-01 9.485623727501545977e-05
2.459016566491228063e+06 9.828558925511621247e-01 9.490156598342106464e-05
2.459016617313283030e+06 9.834901329014816840e-01 9.494684070112353945e-05
2.459016668135338463e+06 9.835029360861340386e-01 9.494446425711248073e-05
2.459016718957393430e+06 9.839019778250487347e-01 9.497858896150621728e-05
2.459016769779448397e+06 9.843147306232790106e-01 9.498407132138743251e-05
2.459016820601503830e+06 9.847955070053233673e-01 9.500721889468916547e-05
2.459016871423558798e+06 9.848357830077609787e-01 9.500997910380333468e-05
2.459016922245613765e+06 9.855095061989685989e-01 9.505179914505889249e-05
2.459016973067669198e+06 9.858834990555186417e-01 9.505662974244397513e-05
2.459017023889724165e+06 9.863288929207894018e-01 9.507650788153078586e-05
2.459017074711779598e+06 9.868824542825173074e-01 9.509692010723658922e-05
2.459017125533834565e+06 9.869997074758468658e-01 9.509136163315594456e-05
2.459017176355889533e+06 9.875095367538225810e-01 9.511959800048174255e-05
2.459017227177944966e+06 9.879712433377000336e-01 9.514875539768742673e-05
2.459017277999999933e+06 9.884136402657875964e-01 9.517129631564408721e-05
