2.459000000000000000e+06 9.998959625141426999e-01 9.628598740029868099e-05
2.459000050822054967e+06 9.996614393088457673e-01 9.628512281205501742e-05
2.459000101644110400e+06 9.996494241198898845e-01 9.621410605380049095e-05
2.459000152466165368e+06 9.995028026681340716e-01 9.614213834987062437e-05
2.459000203288220335e+06 9.993826620023998908e-01 9.619253232053410476e-05
2.459000254110275768e+06 9.983048192835990431e-01 9.607597030195510698e-05
2.459000304932330735e+06 9.983825126801874061e-01 9.603161738124012790e-05
2.459000355754386168e+06 9.986646641684636672e-01 9.602739482492350870e-05
2.459000406576441135e+06 9.983856791288931998e-01 9.596464048498169264e-05
2.459000457398496103e+06 9.973931051541223836e-01 9.586803822009735911e-05
2.459000508220551535e+06 9.975206205332557419e-01 9.590009555608916439e-05
2.459000559042606503e+06 9.976367013966289665e-01 9.590784975069827491e-05
2.459000609864661470e+06 9.969709715641525971e-01 9.587657443443697641e-05
2.459000660686716903e+06 9.970743778456291340e-01 9.589998398204104099e-05
2.459000711508771870e+06 9.965109171078568862e-01 9.587521652416879255e-05
2.459000762330826838e+06 9.962097159376530620e-01 9.587082415738013377e-05
2.459000813152882271e+06 9.958459872231482102e-01 9.586215206967281077e-05
2.459000863974937238e+06 9.949589560543565803e-01 9.577570497484771462e-05
2.459000914796992671e+06 9.953017599924548486e-01 9.583624491962789522e-05
2.459000965619047638e+06 9.945473229180217256e-01 9.574133416277621610e-05
2.459001016441102605e+06 9.944859709699003236e-01 9.576482579050105701e-05
2.459001067263158038e+06 9.938931756681643748e-01 9.567787797378026523e-05
2.459001118085213006e+06 9.934178402411680819e-01 9.565638280341780990e-05
2.459001168907267973e+06 9.930778608058684620e-01 9.561785346609903864e-05
2.459001219729323406e+06 9.926968025030800113e-01 9.563141107051977951e-05
2.459001270551378373e+06 9.926180760730265451e-01 9.560423950958355432e-05
2.459001321373433806e+06 9.917785363619255889e-01 9.553522412723485055e-05
2.459001372195488773e+06 9.911789004699697037e-01 9.547051970274708372e-05
2.459001423017543741e+06 9.909646643811604871e-01 9.545107950189815225e-05
2.459001473839599174e+06 9.907857516492659666e-01 9.539928242906823652e-05
2.459001524661654141e+06 9.910211489036891974e-01 9.535974420705811347e-05
2.459001575483709108e+06 9.891801750755794265e-01 9.532432526917933194e-05
2.459001626305764541e+06 9.894155770239583259e-01 9.536243025230746820e-05
2.459001677127819508e+06 9.891079057466556357e-01 9.535271671736075783e-05
2.459001727949874476e+06 9.879622130435878891e-01 9.529317592221497088e-05
2.459001778771929909e+06 9.879892615427494640e-01 9.531613684830835410e-05
2.459001829593984876e+06 9.874198170685459797e-01 9.529941594868227321e-05
2.459001880416040309e+06 9.866168559756945955e-01 9.522329452137899824e-05
2.459001931238095276e+06 9.859350182429905685e-01 9.519281530221624841e-05
2.459001982060150243e+06 9.858220030186769511e-01 9.517753706339440820e-05
2.459002032882205676e+06 9.861564862418610300e-01 9.514865060579917936e-05
2.459002083704260644e+06 9.848299674632516876e-01 9.509121964468187922e-05
2.459002134526315611e+06 9.844541255099711341e-01 9.509065618020550782e-05
2.459002185348371044e+06 9.839550375482229994e-01 9.506245658988191625e-05
2.459002236170426011e+06 9.832099331004172660e-01 9.502578219127165221e-05
2.459002286992480978e+06 9.827708277687349225e-01 9.498447820632188265e-05
2.459002337814536411e+06 9.826385200863231306e-01 9.498039432237949267e-05
2.459002388636591379e+06 9.817022889925797191e-01 9.489901987228025425e-05
2.459002439458646812e+06 9.818615363788665285e-01 9.490293555235975104e-05
2.459002490280701779e+06 9.812498281371934139e-01 9.486013238826752707e-05
2.459002541102756746e+06 9.798166490528874562e-01 9.473182871353088826e-05
2.459002591924812179e+06 9.811245320548183102e-01 9.484482148492845053e-05
2.459002642746867146e+06 9.792672794100755196e-01 9.476427149161907864e-05
2.459002693568922114e+06 9.788158417595456129e-01 9.477314613505590163e-05
2.459002744390977547e+06 9.780509310260216971e-01 9.469743248808521233e-05
2.459002795213032514e+06 9.780079166401237645e-01 9.473197508849554114e-05
2.459002846035087481e+06 9.775337627025809661e-01 9.469855145467762406e-05
2.459002896857142914e+06 9.770021672081100617e-01 9.468810100916660584e-05
2.459002947679197881e+06 9.770078911401582911e-01 9.470088521448488217e-05
2.459002998501253314e+06 9.760926546793331493e-01 9.462843888390262530e-05
2.459003049323308282e+06 9.760564623344050172e-01 9.463207930397688969e-05
2.459003100145363249e+06 9.753488129582525978e-01 9.452814303889636087e-05
2.459003150967418682e+06 9.747516064576378092e-01 9.454087016752366166e-05
2.459003201789473649e+06 9.737786730686111003e-01 9.451495059756023179e-05
2.459003252611528616e+06 9.739108951564960925e-01 9.451614722546149161e-05
2.459003303433584049e+06 9.741216900509106491e-01 9.447387880538411027e-05
2.459003354255639017e+06 9.737628337269366163e-01 9.450856652673018813e-05
2.459003405077694450e+06 9.729845025166830030e-01 9.444185691100160133e-05
2.459003455899749417e+06 9.723829769246410404e-01 9.441234211742900782e-05
2.459003506721804384e+06 9.720492999028896852e-01 9.439146022521863698e-05
2.459003557543859817e+06 9.719345542451299780e-01 9.439056577847097134e-05
2.459003608365914784e+06 9.716973359834054635e-01 9.437210037912097365e-05
2.459003659187969752e+06 9.713305421266541506e-01 9.434578208103746959e-05
2.459003710010025185e+06 9.711375883944025622e-01 9.435599833773495042e-05
2.459003760832080152e+06 9.705228427931440471e-01 9.434359782358512465e-05
2.459003811654135119e+06 9.702340776954848645e-01 9.432917530553091288e-05
2.459003862476190552e+06 9.701590335760653661e-01 9.432550079264749273e-05
2.459003913298245519e+06 9.700464471147987044e-01 9.431989824252811727e-05
2.459003964120300952e+06 9.693080029425653610e-01 9.430197569153528695e-05
2.459004014942355920e+06 9.703373162505077865e-01 9.429650387547086794e-05
2.459004065764410887e+06 9.686190102055716178e-01 9.424832396689932380e-05
2.459004116586466320e+06 9.688105874930573735e-01 9.425489353963626641e-05
2.459004167408521287e+06 9.685238432246059403e-01 9.422846978030423651e-05
2.459004218230576254e+06 9.681471219916185644e-01 9.422378307081390343e-05
2.459004269052631687e+06 9.688344028753972381e-01 9.424712616806343109e-05
2.459004319874686655e+06 9.676494447820148670e-01 9.418009160728470165e-05
2.459004370696741622e+06 9.673629599006198232e-01 9.415875569717457112e-05
2.459004421518797055e+06 9.673731132486678153e-01 9.412993307892988265e-05
2.459004472340852022e+06 9.671974446825596372e-01 9.412774022846096705e-05
2.459004523162907455e+06 9.670017937153283505e-01 9.411595854619322769e-05
2.459004573984962422e+06 9.670340948314560814e-01 9.413612348729659537e-05
2.459004624807017390e+06 9.676381448975855948e-01 9.414907274283548701e-05
2.459004675629072823e+06 9.668168810640930255e-01 9.413358293253454702e-05
2.459004726451127790e+06 9.672796769927577420e-01 9.414865729948882498e-05
2.459004777273182757e+06 9.670570651232762716e-01 9.415213545677633201e-05
2.459004828095238190e+06 9.672719717520863458e-01 9.416040956781849582e-05
2.459004878917293157e+06 9.665914422005766893e-01 9.411624231776623988e-05
2.459004929739348125e+06 9.668954940113624330e-01 9.413594728028495354e-05
2.459004980561403558e+06 9.671345012094306748e-01 9.414418349436768881e-05
2.459005031383458525e+06 9.672027101340043842e-01 9.413391554519216472e-05
2.459005082205513958e+06 9.669929940105397304e-01 9.412299819155132508e-05
2.459005133027568925e+06 9.669966605609742194e-01 9.411799835345090127e-05
2.459005183849623892e+06 9.671955147699147215e-01 9.413493568135126446e-05
2.459005234671679325e+06 9.672856746188511767e-01 9.413224819982574933e-05
2.459005285493734293e+06 9.671097309996294911e-01 9.411622510135310318e-05
2.459005336315789260e+06 9.673620149534448709e-01 9.410189322278406663e-05
2.459005387137844693e+06 9.666304823205947860e-01 9.410036395835493330e-05
2.459005437959899660e+06 9.677055394441913538e-01 9.411754864715260536e-05
2.459005488781955093e+06 9.675515128221745531e-01 9.411092638139786698e-05
2.459005539604010060e+06 9.680702280837292228e-01 9.413563519677975628e-05
2.459005590426065028e+06 9.683695444961583076e-01 9.414970448727040921e-05
2.459005641248120461e+06 9.684424180601182153e-01 9.415097112419650504e-05
2.459005692070175428e+06 9.682718287240286159e-01 9.415931858603503938e-05
2.459005742892230395e+06 9.686408603033153097e-01 9.419497077586305690e-05
2.459005793714285828e+06 9.690425395990283075e-01 9.421902960193861715e-05
2.459005844536340795e+06 9.692410890040141780e-01 9.420766028545071973e-05
2.459005895358395763e+06 9.694911876753524727e-01 9.422790895218712210e-05
2.459005946180451196e+06 9.702780940776208896e-01 9.424692940424000259e-05
2.459005997002506163e+06 9.701221935572239552e-01 9.425373477113207468e-05
2.459006047824561596e+06 9.707177336003963708e-01 9.426671365714021423e-05
2.459006098646616563e+06 9.707746164762575125e-01 9.425042899573863220e-05
2.459006149468671530e+06 9.710753500292031992e-01 9.426021459444903106e-05
2.459006200290726963e+06 9.709533592890090548e-01 9.426416837637351695e-05
2.459006251112781931e+06 9.719018735946705068e-01 9.431353746398560593e-05
2.459006301934836898e+06 9.718672679022779537e-01 9.431203721121959383e-05
2.459006352756892331e+06 9.726713608621433416e-01 9.434499202770759655e-05
2.459006403578947298e+06 9.729596451015930514e-01 9.434761078468980287e-05
2.459006454401002266e+06 9.736413250132744945e-01 9.436714175425255503e-05
2.459006505223057698e+06 9.737369659374006670e-01 9.440384932430661452e-05
2.459006556045112666e+06 9.737965298822215399e-01 9.438998797624162341e-05
2.459006606867168099e+06 9.738613769790509522e-01 9.440030342041480125e-05
2.459006657689223066e+06 9.745952984301887723e-01 9.444924991311578555e-05
2.459006708511278033e+06 9.742750080220878850e-01 9.443423148404631138e-05
2.459006759333333466e+06 9.740923791106774754e-01 9.440694541847739546e-05
2.459006810155388433e+06 9.757593694781976357e-01 9.447636778105046845e-05
2.459006860977443401e+06 9.759275333038115452e-01 9.451739483838695092e-05
2.459006911799498834e+06 9.761874447020152390e-01 9.452481063049486358e-05
2.459006962621553801e+06 9.767544127447356228e-01 9.453854136713742032e-05
2.459007013443608768e+06 9.766030432921867233e-01 9.455036102073389125e-05
2.459007064265664201e+06 9.775346636727996197e-01 9.457611743290274102e-05
2.459007115087719169e+06 9.773870861379748698e-01 9.456201386232618387e-05
2.459007165909774601e+06 9.787127025236995737e-01 9.463385413605376884e-05
2.459007216731829569e+06 9.788524407849000797e-01 9.461412840503377012e-05
2.459007267553884536e+06 9.793376404924912793e-01 9.465257139771918030e-05
2.459007318375939969e+06 9.798101081297596604e-01 9.467685764398347343e-05
2.459007369197994936e+06 9.796489970735531294e-01 9.465469756496497074e-05
2.459007420020049904e+06 9.802537758331569817e-01 9.469050627795757560e-05
2.459007470842105336e+06 9.806823388927365936e-01 9.470507804962262778e-05
2.459007521664160304e+06 9.816924060631744275e-01 9.474049443101608531e-05
2.459007572486215737e+06 9.816059229990220514e-01 9.472680717209180749e-05
2.459007623308270704e+06 9.824631254384806889e-01 9.476393853440165816e-05
2.459007674130325671e+06 9.820638972135576905e-01 9.479935736007520490e-05
2.459007724952381104e+06 9.822434432955313710e-01 9.476382334436625086e-05
2.459007775774436072e+06 9.829639615066969593e-01 9.485237337668908338e-05
2.459007826596491039e+06 9.833286320642290468e-01 9.485374022607987560e-05
2.459007877418546472e+06 9.834457532616281972e-01 9.482951437621128506e-05
2.459007928240601439e+06 9.842260275839441741e-01 9.489268023806720785e-05
2.459007979062656406e+06 9.845251260514266134e-01 9.489642057023963903e-05
2.459008029884711839e+06 9.848108502665940955e-01 9.490810648274314841e-05
2.459008080706766807e+06 9.852558699500474360e-01 9.492180699525148817e-05
2.459008131528822239e+06 9.853435976904415527e-01 9.492200591659980782e-05
2.459008182350877207e+06 9.855808624070814261e-01 9.491853659968466398e-05
2.459008233172932174e+06 9.860999055813538527e-01 9.494098966152817929e-05
2.459008283994987607e+06 9.862208195861374982e-01 9.492887400102617090e-05
2.459008334817042574e+06 9.869461989552562597e-01 9.498014125356567673e-05
2.459008385639097542e+06 9.867679682406871322e-01 9.494888980705664945e-05
2.459008436461152975e+06 9.873998608666583188e-01 9.498005140969583836e-05
2.459008487283207942e+06 9.876053201485390787e-01 9.497615350327452428e-05
2.459008538105262909e+06 9.882424294975210577e-01 9.496535340915545210e-05
2.459008588927318342e+06 9.884524016945465119e-01 9.499341960338249311e-05
2.459008639749373309e+06 9.883858399239141557e-01 9.495217402734054733e-05
2.459008690571428742e+06 9.888281462286077073e-01 9.497510909228557051e-05
2.459008741393483710e+06 9.891313123626093162e-01 9.496374695543251655e-05
2.459008792215538677e+06 9.887444812816257311e-01 9.491454209422684081e-05
2.459008843037594110e+06 9.890701803502258693e-01 9.492883176479329497e-05
2.459008893859649077e+06 9.896635181596675768e-01 9.498100314169761321e-05
2.459008944681704044e+06 9.899616803406561250e-01 9.496326674487860504e-05
2.459008995503759477e+06 9.900100123682293862e-01 9.499941220989981604e-05
2.459009046325814445e+06 9.901333723626014605e-01 9.498385207138872871e-05
2.459009097147869412e+06 9.898457395990534202e-01 9.495122185337842070e-05
2.459009147969924845e+06 9.900607627329796046e-01 9.498260966301034917e-05
2.459009198791979812e+06 9.905704835602443525e-01 9.500201509212819969e-05
2.459009249614035245e+06 9.908594958777346973e-01 9.502945227417351716e-05
2.459009300436090212e+06 9.914088324156704601e-01 9.503543471750078059e-05
2.459009351258145180e+06 9.904688487488075843e-01 9.502247441392142253e-05
2.459009402080200613e+06 9.905723629095899430e-01 9.505987792887337035e-05
2.459009452902255580e+06 9.906758770694236160e-01 9.509728144348261541e-05
2.459009503724310547e+06 9.907793912292575111e-01 9.513468495809186047e-05
2.459009554546365980e+06 9.908829053900396477e-01 9.517208847304382184e-05
2.459009605368420947e+06 9.909864195498736539e-01 9.520949198765308046e-05
2.459009656190476380e+06 9.910899337106557905e-01 9.524689550260504183e-05
2.459009707012531348e+06 9.911934478704896856e-01 9.528429901721428689e-05
2.459009757834586315e+06 9.912969620303233587e-01 9.532170253182353195e-05
2.459009808656641748e+06 9.914004761911057173e-01 9.535910604677549332e-05
2.459009859478696715e+06 9.915039903509393904e-01 9.539650956138475194e-05
2.459009910300751682e+06 9.916075045107733965e-01 9.543391307599399700e-05
2.459009961122807115e+06 9.917110186715555331e-01 9.547131659094595837e-05
2.459010011944862083e+06 9.918145328313894282e-01 9.550872010555520343e-05
2.459010062766917050e+06 9.919180469912231013e-01 9.554612362016444850e-05
2.459010113588972483e+06 9.920215611520054599e-01 9.558352713511640987e-05
2.459010164411027450e+06 9.921250753118392440e-01 9.562093064972566848e-05
2.459010215233082883e+06 9.922285894726216027e-01 9.565833416467762985e-05
2.459010266055137850e+06 9.923321036324552757e-01 9.569573767928687491e-05
2.459010316877192818e+06 9.922219832520287053e-01 9.571375194992567579e-05
2.459010367699248251e+06 9.923855852840017810e-01 9.575347515989124044e-05
2.459010418521303218e+06 9.911410076496635080e-01 9.569413641446268852e-05
2.459010469343358185e+06 9.922666674451001700e-01 9.585758237576363526e-05
2.459010520165413618e+06 9.918540213713803455e-01 9.588878904014963859e-05
2.459010570987468585e+06 9.918970120407794022e-01 9.594647843120001805e-05
2.459010621809523553e+06 9.916160270803034971e-01 9.592764252068383896e-05
2.459010672631578986e+06 9.917835280384563745e-01 9.591822737395916420e-05
2.459010723453633953e+06 9.913923810239516632e-01 9.589075331159586046e-05
2.459010774275689386e+06 9.916984645840598578e-01 9.590123719531897103e-05
2.459010825097744353e+06 9.913973145092137562e-01 9.589594017612002410e-05
2.459010875919799320e+06 9.905549346860034188e-01 9.581256794828875098e-05
2.459010926741854753e+06 9.912369095454737211e-01 9.584301835374953388e-05
2.459010977563909721e+06 9.911067799593179517e-01 9.580383689047304986e-05
2.459011028385964688e+06 9.906819125952702754e-01 9.573799753740464327e-05
2.459011079208020121e+06 9.910074915620040725e-01 9.575167146340608836e-05
2.459011130030075088e+06 9.907164811270654514e-01 9.571397343764015669e-05
2.459011180852130521e+06 9.902501768342220068e-01 9.566557227687938112e-05
2.459011231674185488e+06 9.905218519625271778e-01 9.567400901678852886e-05
2.459011282496240456e+06 9.897727418315394043e-01 9.559113501127052828e-05
2.459011333318295889e+06 9.897710501918450809e-01 9.557403637477502169e-05
2.459011384140350856e+06 9.894645626458747900e-01 9.553951519018519874e-05
2.459011434962405823e+06 9.888546531182910160e-01 9.548369066422156802e-05
2.459011485784461256e+06 9.890275125805992884e-01 9.551286164265134241e-05
2.459011536606516223e+06 9.887796261594082869e-01 9.553221295231430373e-05
2.459011587428571191e+06 9.886893599194920279e-01 9.555868213629450741e-05
2.459011638250626624e+06 9.882487757949030005e-01 9.552623086048610290e-05
2.459011689072681591e+06 9.881071076507980111e-01 9.552906723812825925e-05
2.459011739894737024e+06 9.879041498936800281e-01 9.551937684933051393e-05
2.459011790716791991e+06 9.875125505580679697e-01 9.549114144432811725e-05
2.459011841538846958e+06 9.874817415341934357e-01 9.548664394656528759e-05
2.459011892360902391e+06 9.869891725451148679e-01 9.546569408424401316e-05
2.459011943182957359e+06 9.867824210891497083e-01 9.542552540437334414e-05
2.459011994005012326e+06 9.865127956024443145e-01 9.539389245184378937e-05
2.459012044827067759e+06 9.866581244927835614e-01 9.538867317986948920e-05
2.459012095649122726e+06 9.856873103787561208e-01 9.530504738064798540e-05
2.459012146471177693e+06 9.857630340183397566e-01 9.531203652447208430e-05
2.459012197293233126e+06 9.849112245174309610e-01 9.524250181941876280e-05
2.459012248115288094e+06 9.851020668963241800e-01 9.525010260518045329e-05
2.459012298937343527e+06 9.847522182057752982e-01 9.522624079171196766e-05
2.459012349759398494e+06 9.836214936261286068e-01 9.512268107471706549e-05
2.459012400581453461e+06 9.839807666663932251e-01 9.514514614623528896e-05
2.459012451403508894e+06 9.837751797681022481e-01 9.513423232449792451e-05
2.459012502225563861e+06 9.834336666198532084e-01 9.513343379949176944e-05
2.459012553047618829e+06 9.830836157327319524e-01 9.512833774347693170e-05
2.459012603869674262e+06 9.830043493695627133e-01 9.515858447536976747e-05
2.459012654691729229e+06 9.822556900282094494e-01 9.510377091295646478e-05
2.459012705513784196e+06 9.823852268103423491e-01 9.513548036794833003e-05
2.459012756335839629e+06 9.814314358004571082e-01 9.505357090795067459e-05
2.459012807157894596e+06 9.816970249368295320e-01 9.509635444740488367e-05
2.459012857979950029e+06 9.812818289070349698e-01 9.506323895831704941e-05
2.459012908802004997e+06 9.807380270708484504e-01 9.502256531893723721e-05
2.459012959624059964e+06 9.806490897826458664e-01 9.502493990741137228e-05
2.459013010446115397e+06 9.801992539724858622e-01 9.496574183761708843e-05
2.459013061268170364e+06 9.802410077163841162e-01 9.497187435907561653e-05
2.459013112090225331e+06 9.801553970707249652e-01 9.496665745866593098e-05
2.459013162912280764e+06 9.792638761723443386e-01 9.489796283211568179e-05
2.459013213734335732e+06 9.791571057662875610e-01 9.489354929515493521e-05
2.459013264556391165e+06 9.789927007786114466e-01 9.488245817881292771e-05
2.459013315378446132e+06 9.784650326787096564e-01 9.484435793524276714e-05
2.459013366200501099e+06 9.787911306594726524e-01 9.485715702045417817e-05
2.459013417022556532e+06 9.781795266980892745e-01 9.480193409280716129e-05
2.459013467844611499e+06 9.779963333359121824e-01 9.481104386078963143e-05
2.459013518666666467e+06 9.777387815890922207e-01 9.479727245748045307e-05
2.459013569488721900e+06 9.778818449249073730e-01 9.482950775766528246e-05
2.459013620310776867e+06 9.778818666331652310e-01 9.483002047458085075e-05
2.459013671132831834e+06 9.771646136981566588e-01 9.480150836836570322e-05
2.459013721954887267e+06 9.771176280820638160e-01 9.480093816618026764e-05
2.459013772776942234e+06 9.773153636154345847e-01 9.482230629475670990e-05
2.459013823598997667e+06 9.770747594514225254e-01 9.480459593229905466e-05
2.459013874421052635e+06 9.767719091429520883e-01 9.479491301639167140e-05
2.459013925243107602e+06 9.766649042826752725e-01 9.478441355259984509e-05
2.459013976065163035e+06 9.761615436500561405e-01 9.473123097819089052e-05
2.459014026887218002e+06 9.765301820229648211e-01 9.475342906016476295e-05
2.459014077709272970e+06 9.763175148707041728e-01 9.474393520811064367e-05
2.459014128531328402e+06 9.763117857505612118e-01 9.472859548409458881e-05
2.459014179353383370e+06 9.760105432721337682e-01 9.471797071175322858e-05
2.459014230175438337e+06 9.763562010951238879e-01 9.474772305831786990e-05
2.459014280997493770e+06 9.754463148846572729e-01 9.465365603461464283e-05
2.459014331819548737e+06 9.758242401034826763e-01 9.469180991636470639e-05
2.459014382641604170e+06 9.759781108001104322e-01 9.469320124160174800e-05
2.459014433463659137e+06 9.757428853194777263e-01 9.468059465259148560e-05
2.459014484285714105e+06 9.760143798118416925e-01 9.469640490572577224e-05
2.459014535107769538e+06 9.757803969766492003e-01 9.468682749065628610e-05
2.459014585929824505e+06 9.758391046357629550e-01 9.468552403915459165e-05
2.459014636751879472e+06 9.755914035069169765e-01 9.466297071399796214e-05
2.459014687573934905e+06 9.753228655549538439e-01 9.465810246125763228e-05
2.459014738395989873e+06 9.753611168929474662e-01 9.465628376145973329e-05
2.459014789218044840e+06 9.761654414397035184e-01 9.472790259793334119e-05
2.459014840040100273e+06 9.757037130404668801e-01 9.468161218732472893e-05
2.459014890862155240e+06 9.755421466110343331e-01 9.467177568201289961e-05
2.459014941684210673e+06 9.762765933191716039e-01 9.472517684949293424e-05
2.459014992506265640e+06 9.757692642207578260e-01 9.466817218543346869e-05
2.459015043328320608e+06 9.761481442374663198e-01 9.468534631982700189e-05
2.459015094150376040e+06 9.763643255825453782e-01 9.469728128348462782e-05
2.459015144972431008e+06 9.767720862537104809e-01 9.473623301998649422e-05
2.459015195794485975e+06 9.765368796071536295e-01 9.470388106672515704e-05
2.459015246616541408e+06 9.768723144999699182e-01 9.472521696914098935e-05
2.459015297438596375e+06 9.768248069538912892e-01 9.471239873024830599e-05
2.459015348260651808e+06 9.768788091522448980e-01 9.469558500980967909e-05
2.459015399082706776e+06 9.774152271821162641e-01 9.474333498938814131e-05
2.459015449904761743e+06 9.771699618469891213e-01 9.471073544364883078e-05
2.459015500726817176e+06 9.781009517843629597e-01 9.478274364788403660e-05
2.459015551548872143e+06 9.775911928443031806e-01 9.473547304703190490e-05
2.459015602370927110e+06 9.781410720886730692e-01 9.476915700102498741e-05
2.459015653192982543e+06 9.784199900877282863e-01 9.478036776894142347e-05
2.459015704015037511e+06 9.788708541380720662e-01 9.483372998048405101e-05
2.459015754837092478e+06 9.789305745428269478e-01 9.481514634992648709e-05
2.459015805659147911e+06 9.795020359928368059e-01 9.485501313790576066e-05
2.459015856481202878e+06 9.799187569062898229e-01 9.487088962680813829e-05
2.459015907303258311e+06 9.802967297253533108e-01 9.490180154691502795e-05
2.459015958125313278e+06 9.802156002657813616e-01 9.487933517465925134e-05
2.459016008947368246e+06 9.803449340970098458e-01 9.486869113252580316e-05
2.459016059769423679e+06 9.796741371165343937e-01 9.478352034374188013e-05
2.459016110591478646e+06 9.799727941789562191e-01 9.478929879161595066e-05
2.459016161413533613e+06 9.806134872583124329e-01 9.483283216827088631e-05
2.459016212235589046e+06 9.815558643327615407e-01 9.489215288428625719e-05
2.459016263057644013e+06 9.822089107026665822e-01 9.494273010689640864e-05
2.459016313879698981e+06 9.829480781183493887e-01 9.500203205077098240e-05
2.459016364701754414e+06 9.828498880610981869e-01 9.498032415016705087e-05
2.459016415523809381e+06 9.834140559745061516e-01 9.501488099321483104e-05
2.459016466345864814e+06 9.839178902591733111e-01 9.502919289217049911e-05
2.459016517167919781e+06 9.842468991241122289e-01 9.504144374983459391e-05
2.459016567989974748e+06 9.845690213542147573e-01 9.505877996912102490e-05
2.459016618812030181e+06 9.847691933247758600e-01 9.508008973907938538e-05
2.459016669634085149e+06 9.850039688086286160e-01 9.508937102280461248e-05
2.459016720456140116e+06 9.857506419165077416e-01 9.514729472435069400e-05
2.459016771278195549e+06 9.856834113238370776e-01 9.512198765454868031e-05
2.459016822100250516e+06 9.865217624748869873e-01 9.518148285204133189e-05
2.459016872922305483e+06 9.865279765591472572e-01 9.516683934263934022e-05
2.459016923744360916e+06 9.872856144740095319e-01 9.521438288785119910e-05
2.459016974566415884e+06 9.876719397236520814e-01 9.522766843747503668e-05
2.459017025388471317e+06 9.879470387128869158e-01 9.523219671248156211e-05
2.459017076210526284e+06 9.883635703145857709e-01 9.525159069142911938e-05
2.459017127032581251e+06 9.888996347888324712e-01 9.527166385117488083e-05
2.459017177854636684e+06 9.890080155123108785e-01 9.526633826058751467e-05
2.459017228676691651e+06 9.897843064499620702e-01 9.531426632842376770e-05
2.459017279498746619e+06 9.899314069987612541e-01 9.531855847899214863e-05
2.459017330320802052e+06 9.904326487425559877e-01 9.534214306714273719e-05
2.459017381142857019e+06 9.905758643473907554e-01 9.533035582580282009e-05
2.459017431964912452e+06 9.906912861098053913e-01 9.531771296563406346e-05
2.459017482786967419e+06 9.912723883974059458e-01 9.536386431711566935e-05
2.459017533609022386e+06 9.914189122058856274e-01 9.535388389300016704e-05
2.459017584431077819e+06 9.915628166058426674e-01 9.536156233894444996e-05
2.459017635253132787e+06 9.920855819299118084e-01 9.539518813914632880e-05
2.459017686075187754e+06 9.924283924298555881e-01 9.542157532152529024e-05
2.459017736897243187e+06 9.929775989299103323e-01 9.545895202595402194e-05
2.459017787719298154e+06 9.935784615749054804e-01 9.548781701397222584e-05
2.459017838541353121e+06 9.938684298497654224e-01 9.551029029546445040e-05
2.459017889363408554e+06 9.935951311537614128e-01 9.547003968774895623e-05
2.459017940185463522e+06 9.941825812540924234e-01 9.551024673494452671e-05
2.459017991007518955e+06 9.947907664722646093e-01 9.554744605864660143e-05
2.459018041829573922e+06 9.951056623500209586e-01 9.555541717346470714e-05
2.459018092651628889e+06 9.951331360190162068e-01 9.554280387650307101e-05
2.459018143473684322e+06 9.954231055509442649e-01 9.554611559053942859e-05
2.459018194295739289e+06 9.956645299607091992e-01 9.556461904693328425e-05
2.459018245117794257e+06 9.958664160783822217e-01 9.556912104708955354e-05
2.459018295939849690e+06 9.963181053879629490e-01 9.560009874960906850e-05
2.459018346761904657e+06 9.969897152407974916e-01 9.564457353665741066e-05
2.459018397583959624e+06 9.970486328709141644e-01 9.563000029173957786e-05
2.459018448406015057e+06 9.965764919604642724e-01 9.558593298277709546e-05
2.459018499228070024e+06 9.973438247663911627e-01 9.563729266979785373e-05
2.459018550050125457e+06 9.975328311952459392e-01 9.564441111027304290e-05
2.459018600872180425e+06 9.973545635089160477e-01 9.563443941209099567e-05
2.459018651694235392e+06 9.981288079414386560e-01 9.569623232329482504e-05
2.459018702516290825e+06 9.987415782132629261e-01 9.571973007806055720e-05
2.459018753338345792e+06 9.983879513519147153e-01 9.571136143171927600e-05
2.459018804160400759e+06 9.982295355113460777e-01 9.568674305067087038e-05
2.459018854982456192e+06 9.983823129875327718e-01 9.568011435222109780e-05
2.459018905804511160e+06 9.990141951899607076e-01 9.574199190568911271e-05
2.459018956626566127e+06 9.991427287874647956e-01 9.574617833054367894e-05
2.459019007448621560e+06 9.990513476318449992e-01 9.572867518942535469e-05
2.459019058270676527e+06 9.994176896312543246e-01 9.575552409368952886e-05
2.459019109092731960e+06 9.993565262663761661e-01 9.573474159662207178e-05
2.459019159914786927e+06 9.995982969157564124e-01 9.574186295033926914e-05
2.459019210736841895e+06 9.996994037938595756e-01 9.575868110361793672e-05
2.459019261558897328e+06 9.996041859066850943e-01 9.575374927327600879e-05
2.459019312380952295e+06 9.996494416244557923e-01 9.575816859088079878e-05
2.459019363203007262e+06 9.996932730859366956e-01 9.574742053872396471e-05
2.459019414025062695e+06 9.996849081892539290e-01 9.573756319993278455e-05
2.459019464847117662e+06 9.998180346556888587e-01 9.575247811224711376e-05
2.459019515669173095e+06 9.997153389510448074e-01 9.573739817509499550e-05
2.459019566491228063e+06 9.999756087894873247e-01 9.576963513217368528e-05
2.459019617313283030e+06 9.996181572287169415e-01 9.574151153337089536e-05
2.459019668135338463e+06 1.000000000000000000e+00 9.577706994692073404e-05
2.459019718957393430e+06 9.980287002321230894e-01 9.559272461942068912e-05
2.459019769779448397e+06 9.994229825963069080e-01 9.573711549706463882e-05
2.459019820601503830e+06 9.995892038484516240e-01 9.576466171583115016e-05
2.459019871423558798e+06 9.992192845725063055e-01 9.574443797499077112e-05
2.459019922245613765e+06 9.994250005208239473e-01 9.574997369053211353e-05
2.459019973067669198e+06 9.992628282342580492e-01 9.575388390764015870e-05
2.459020023889724165e+06 9.995346112738340283e-01 9.577126793126391482e-05
2.459020074711779598e+06 9.991489877941139852e-01 9.572311146067186030e-05
2.459020125533834565e+06 9.991060341064912365e-01 9.572963625514384464e-05
2.459020176355889533e+06 9.991399384652215332e-01 9.572917953214458064e-05
2.459020227177944966e+06 9.985259734457070380e-01 9.569488992376793280e-05
2.459020277999999933e+06 9.985142144871125280e-01 9.571093192732012072e-05
