2.458953000000000000e+06 9.771625003209077898e-01 9.526418120277030561e-05
2.458953050822054967e+06 9.769907129993524730e-01 9.525412249303549675e-05
2.458953101644110400e+06 9.770380016334648809e-01 9.526236723843166442e-05
2.458953152466165368e+06 9.769199182414103344e-01 9.524775036313869419e-05
2.458953203288220335e+06 9.767600700640652889e-01 9.524629414796779937e-05
2.458953254110275768e+06 9.764945313757473766e-01 9.522237273228350500e-05
2.458953304932330735e+06 9.763108118638944566e-01 9.521770112834531633e-05
2.458953355754386168e+06 9.763965165912789068e-01 9.522670432035565857e-05
2.458953406576441135e+06 9.764325921516121554e-01 9.521697043212925832e-05
2.458953457398496103e+06 9.762410554980788246e-01 9.521958222724280171e-05
2.458953508220551535e+06 9.759170333956586063e-01 9.519729787680524316e-05
2.458953559042606503e+06 9.740072847155877289e-01 9.501172649597854460e-05
2.458953609864661470e+06 9.758156619321741720e-01 9.517604655728444725e-05
2.458953660686716903e+06 9.757170630496914132e-01 9.517947534029024578e-05
2.458953711508771870e+06 9.761993219807340028e-01 9.520686632770081659e-05
2.458953762330826838e+06 9.761407816970024687e-01 9.520663813437116015e-05
2.458953813152882271e+06 9.762470078485450120e-01 9.521914971774731189e-05
2.458953863974937238e+06 9.761033903601356032e-01 9.519245737992922487e-05
2.458953914796992671e+06 9.755431036321713378e-01 9.513674549653834017e-05
2.458953965619047638e+06 9.755788114678255463e-01 9.514393820701444525e-05
2.458954016441102605e+06 9.761249731164054477e-01 9.520123352468712167e-05
2.458954067263158038e+06 9.756938563504087281e-01 9.515221897261075474e-05
2.458954118085213006e+06 9.757704253545355089e-01 9.515565848941014084e-05
2.458954168907267973e+06 9.761264392897150977e-01 9.518141320152460026e-05
2.458954219729323406e+06 9.765971510873447947e-01 9.522725898396738409e-05
2.458954270551378373e+06 9.769349439714727357e-01 9.524763227568058799e-05
2.458954321373433806e+06 9.768345108474625338e-01 9.524664701133898513e-05
2.458954372195488773e+06 9.769353746814365413e-01 9.522804181230226791e-05
2.458954423017543741e+06 9.769476267719114926e-01 9.522997442555565821e-05
2.458954473839599174e+06 9.772103316941602724e-01 9.525013587741641252e-05
2.458954524661654141e+06 9.771504036469728094e-01 9.523113771995170469e-05
2.458954575483709108e+06 9.772081982773715980e-01 9.522796136937122433e-05
2.458954626305764541e+06 9.772728053163491913e-01 9.522756569342283827e-05
2.458954677127819508e+06 9.775265958776904185e-01 9.525383823708181476e-05
2.458954727949874476e+06 9.778907284530221622e-01 9.526446424896083587e-05
2.458954778771929909e+06 9.783687880551823479e-01 9.529920359184241045e-05
2.458954829593984876e+06 9.780727522729470991e-01 9.525403484856054010e-05
2.458954880416040309e+06 9.787857076799976186e-01 9.530858870431893897e-05
2.458954931238095276e+06 9.791164829678966619e-01 9.531065894835949448e-05
2.458954982060150243e+06 9.794472582557955942e-01 9.531272919240006355e-05
2.458955032882205676e+06 9.797780335467255464e-01 9.531479943645957905e-05
2.458955083704260644e+06 9.801088088346244787e-01 9.531686968050014812e-05
2.458955134526315611e+06 9.804395841225235220e-01 9.531893992454070364e-05
2.458955185348371044e+06 9.807703594134532521e-01 9.532101016860023270e-05
2.458955236170426011e+06 9.811011347013524064e-01 9.532308041264078821e-05
2.458955286992480978e+06 9.814319099892514497e-01 9.532515065668135728e-05
2.458955337814536411e+06 9.817626852801811799e-01 9.532722090074087279e-05
2.458955388636591379e+06 9.820934605680803342e-01 9.532929114478144185e-05
2.458955439458646812e+06 9.824242358590100643e-01 9.533136138884097091e-05
2.458955490280701779e+06 9.827550111469089966e-01 9.533343163288152643e-05
2.458955541102756746e+06 9.830857864348080399e-01 9.533550187692208194e-05
2.458955591924812179e+06 9.834165617257378811e-01 9.533757212098161100e-05
2.458955642746867146e+06 9.837473370136369244e-01 9.533964236502216652e-05
2.458955693568922114e+06 9.840781123015359677e-01 9.534171260906273559e-05
2.458955744390977547e+06 9.844088875924656978e-01 9.534378285312227819e-05
2.458955795213032514e+06 9.848967570915174718e-01 9.535461388439382127e-05
2.458955846035087481e+06 9.850781560254708857e-01 9.535783746837626505e-05
2.458955896857142914e+06 9.858535137766850642e-01 9.541021211830345481e-05
2.458955947679197881e+06 9.859057049862520739e-01 9.541217745576976517e-05
2.458955998501253314e+06 9.864043368752289931e-01 9.543636819404404607e-05
2.458956049323308282e+06 9.866234753639812061e-01 9.544015509297186603e-05
2.458956100145363249e+06 9.870305150528805305e-01 9.544921636175899443e-05
2.458956150967418682e+06 9.876382897252219406e-01 9.548367960271613732e-05
2.458956201789473649e+06 9.879618258460330926e-01 9.549920717199391717e-05
2.458956252611528616e+06 9.883553474407085204e-01 9.551004324959829156e-05
2.458956303433584049e+06 9.887574765910299712e-01 9.553138943339399732e-05
2.458956354255639017e+06 9.890989609845801667e-01 9.558848365572410665e-05
2.458956405077694450e+06 9.895698084155990504e-01 9.569294218978573608e-05
2.458956455899749417e+06 9.897402168188018656e-01 9.583275431364854412e-05
2.458956506721804384e+06 9.902837563528419373e-01 9.607960516971119041e-05
2.458956557543859817e+06 9.907762727786124657e-01 9.641617098951159174e-05
2.458956608365914784e+06 9.911013698730927191e-01 9.679694358973281085e-05
2.458956659187969752e+06 9.914529826535600776e-01 9.721279822974936559e-05
2.458956710010025185e+06 9.917926195843868031e-01 9.757926778255537534e-05
2.458956760832080152e+06 9.923265532636977859e-01 9.792221297806693355e-05
2.458956811654135119e+06 9.924759860176922688e-01 9.814860686318468703e-05
2.458956862476190552e+06 9.928417326985851110e-01 9.831512784464652730e-05
2.458956913298245519e+06 9.933675731478427418e-01 9.837787707358686400e-05
2.458956964120300952e+06 9.936537041283699523e-01 9.837928094867122962e-05
2.458957014942355920e+06 9.934103351452197028e-01 9.831294175379098855e-05
2.458957065764410887e+06 9.941462797638574989e-01 9.830699512928721829e-05
2.458957116586466320e+06 9.947631713926922137e-01 9.826756434701666828e-05
2.458957167408521287e+06 9.947441728222778945e-01 9.820361115879304252e-05
2.458957218230576254e+06 9.951391094818963223e-01 9.813490892664519089e-05
2.458957269052631687e+06 9.955062889944624738e-01 9.802800126445630356e-05
2.458957319874686655e+06 9.953662443351571909e-01 9.781027840381976003e-05
2.458957370696741622e+06 9.958456051822159871e-01 9.763064845805558846e-05
2.458957421518797055e+06 9.961772446873059517e-01 9.753059062717802101e-05
2.458957472340852022e+06 9.967066605062152584e-01 9.749687814000633816e-05
2.458957523162907455e+06 9.969734890521873005e-01 9.748756553786146520e-05
2.458957573984962422e+06 9.963552961745182346e-01 9.744122507775689252e-05
2.458957624807017390e+06 9.973247999448467960e-01 9.754540004925465709e-05
2.458957675629072823e+06 9.972339938043984775e-01 9.753684078494272212e-05
2.458957726451127790e+06 9.978155578334571008e-01 9.754801803540772993e-05
2.458957777273182757e+06 9.978604114446778528e-01 9.754232285084064803e-05
2.458957828095238190e+06 9.981896648518640003e-01 9.757654892935545049e-05
2.458957878917293157e+06 9.982079476269801743e-01 9.760863359569159651e-05
2.458957929739348125e+06 9.985439408826296548e-01 9.764277340409963156e-05
2.458957980561403558e+06 9.986842502145613087e-01 9.763814666544242109e-05
2.458958031383458525e+06 9.985493080280202216e-01 9.756777383037729524e-05
2.458958082205513958e+06 9.988891107772642775e-01 9.750748340033667293e-05
2.458958133027568925e+06 9.987866379890510959e-01 9.743270057839168406e-05
2.458958183849623892e+06 9.993988840375382932e-01 9.744083766406169277e-05
2.458958234671679325e+06 9.991013163711391920e-01 9.738819560798973624e-05
2.458958285493734293e+06 9.992686535863729569e-01 9.737341369936392769e-05
2.458958336315789260e+06 9.992077161977114264e-01 9.727527352926841479e-05
2.458958387137844693e+06 9.997087430080372483e-01 9.720867899703307304e-05
2.458958437959899660e+06 9.993669456254922201e-01 9.711062280377549480e-05
2.458958488781955093e+06 9.992156503645674981e-01 9.705949296904559651e-05
2.458958539604010060e+06 9.994387041929326809e-01 9.709512194038344098e-05
2.458958590426065028e+06 9.996413879948647940e-01 9.713041687474411603e-05
2.458958641248120461e+06 9.998493014112433963e-01 9.718438705168501045e-05
2.458958692070175428e+06 9.995998985743588250e-01 9.716360459242746428e-05
2.458958742892230395e+06 9.999271983394165675e-01 9.716617139693238406e-05
2.458958793714285828e+06 9.996822445637342236e-01 9.712025159004898385e-05
2.458958844536340795e+06 1.000000000000000000e+00 9.714995499333828929e-05
2.458958895358395763e+06 9.996810584051036841e-01 9.719391263478395048e-05
2.458958946180451196e+06 9.999432241897338036e-01 9.723954696788993460e-05
2.458958997002506163e+06 9.993256784195554410e-01 9.718249031149739565e-05
2.458959047824561596e+06 9.996470866759438190e-01 9.713626013737996633e-05
2.458959098646616563e+06 9.998898107232812027e-01 9.707403536525156579e-05
2.458959149468671530e+06 9.993347284828539845e-01 9.694682287597168396e-05
2.458959200290726963e+06 9.994110984012315457e-01 9.692185819372545045e-05
2.458959251112781931e+06 9.993963992464199864e-01 9.688518867921251762e-05
2.458959301934836898e+06 9.992274849842445184e-01 9.683280766703267065e-05
2.458959352756892331e+06 9.989772221922520457e-01 9.675620508424265861e-05
2.458959403578947298e+06 9.986103269215822476e-01 9.666203209191993211e-05
2.458959454401002266e+06 9.984252220538120115e-01 9.661777461725518633e-05
2.458959505223057698e+06 9.982684620171092815e-01 9.661755716496107298e-05
2.458959556045112666e+06 9.985160846806827584e-01 9.664071692880910785e-05
2.458959606867168099e+06 9.973362995112029505e-01 9.655895054739651077e-05
2.458959657689223066e+06 9.976479925536434479e-01 9.663645780479683978e-05
2.458959708511278033e+06 9.974923555157384492e-01 9.664065162630889770e-05
2.458959759333333466e+06 9.972856138438509488e-01 9.657837932510562374e-05
2.458959810155388433e+06 9.969934829683735344e-01 9.658981496647081990e-05
2.458959860977443401e+06 9.967995783155029210e-01 9.661597605464095594e-05
2.458959911799498834e+06 9.956392134565816843e-01 9.653894231612786779e-05
2.458959962621553801e+06 9.962845024297917185e-01 9.665061648078453009e-05
2.458960013443608768e+06 9.955159985988344395e-01 9.660106047687450407e-05
2.458960064265664201e+06 9.956939152899656476e-01 9.656089767059254625e-05
2.458960115087719169e+06 9.950477244825519652e-01 9.643892134464964925e-05
2.458960165909774601e+06 9.950294161101945756e-01 9.641618251299155658e-05
2.458960216731829569e+06 9.942980612393180762e-01 9.633552886959977123e-05
2.458960267553884536e+06 9.943941905378858026e-01 9.632590901290282923e-05
2.458960318375939969e+06 9.933087449566687654e-01 9.621423090780327849e-05
2.458960369197994936e+06 9.932693660571733085e-01 9.617076003624827499e-05
2.458960420020049904e+06 9.931289622870423939e-01 9.615715590030536847e-05
2.458960470842105336e+06 9.925072579157799835e-01 9.611675448325674028e-05
2.458960521664160304e+06 9.923145751224115019e-01 9.610083391657444382e-05
2.458960572486215737e+06 9.916833142209983132e-01 9.608572615805730855e-05
2.458960623308270704e+06 9.910925331386528647e-01 9.605624475729067791e-05
2.458960674130325671e+06 9.905123215680999849e-01 9.603890075073798595e-05
2.458960724952381104e+06 9.902838030821071724e-01 9.604223095880843361e-05
2.458960775774436072e+06 9.899283688303669448e-01 9.602120133660355203e-05
2.458960826596491039e+06 9.893754457271326519e-01 9.599122860237442611e-05
2.458960877418546472e+06 9.888047326893488753e-01 9.599261536093770062e-05
2.458960928240601439e+06 9.883976068753214106e-01 9.600054703141677596e-05
2.458960979062656406e+06 9.881723514014914000e-01 9.600063347963020473e-05
2.458961029884711839e+06 9.873538896251987662e-01 9.593005573734035964e-05
2.458961080706766807e+06 9.869076539852023044e-01 9.586916142404757705e-05
2.458961131528822239e+06 9.862478275771551228e-01 9.579744448668711242e-05
2.458961182350877207e+06 9.859489576926538934e-01 9.575430654064850142e-05
2.458961233172932174e+06 9.859086346647395471e-01 9.575382599322797403e-05
2.458961283994987607e+06 9.847064248690415855e-01 9.567380087904513316e-05
2.458961334817042574e+06 9.846167215822668739e-01 9.566505834808332266e-05
2.458961385639097542e+06 9.834119996070641578e-01 9.555345273783906490e-05
2.458961436461152975e+06 9.834940761337359616e-01 9.558100030976804493e-05
2.458961487283207942e+06 9.828507957498603398e-01 9.552988255077630184e-05
2.458961538105262909e+06 9.820901598381289732e-01 9.548457004365775368e-05
2.458961588927318342e+06 9.817211484584273951e-01 9.548076201622773341e-05
2.458961639749373309e+06 9.806605502841957422e-01 9.540220373777534069e-05
2.458961690571428742e+06 9.810007956750441682e-01 9.549036269165483526e-05
2.458961741393483710e+06 9.799205101881108826e-01 9.542335590920085801e-05
2.458961792215538677e+06 9.795343009827883751e-01 9.540761355847280332e-05
2.458961843037594110e+06 9.784835414653704211e-01 9.535674205943462430e-05
2.458961893859649077e+06 9.783788533370075813e-01 9.536903821406529549e-05
2.458961944681704044e+06 9.781572344409282804e-01 9.536808467343105321e-05
2.458961995503759477e+06 9.771113637119264173e-01 9.530721705239567022e-05
2.458962046325814445e+06 9.767097717291891579e-01 9.526396857591302243e-05
2.458962097147869412e+06 9.764640545677221173e-01 9.523507009988355857e-05
2.458962147969924845e+06 9.753818127298117258e-01 9.514998719231077353e-05
2.458962198791979812e+06 9.750160411083838019e-01 9.513004360027294741e-05
2.458962249614035245e+06 9.745142017441807969e-01 9.511148282657275437e-05
2.458962300436090212e+06 9.739088009825640491e-01 9.506437996028478947e-05
2.458962351258145180e+06 9.739588645540552259e-01 9.509415044641091183e-05
2.458962402080200613e+06 9.732138203496313311e-01 9.503758082382414104e-05
2.458962452902255580e+06 9.724289793540104032e-01 9.495136045803056330e-05
2.458962503724310547e+06 9.723733575640887139e-01 9.498973123513748565e-05
2.458962554546365980e+06 9.716191305532335676e-01 9.491250130097103241e-05
2.458962605368420947e+06 9.712740302786546653e-01 9.492314927327269675e-05
2.458962656190476380e+06 9.701894048435043549e-01 9.486148385089190047e-05
2.458962707012531348e+06 9.703057862241378784e-01 9.490658613767693043e-05
2.458962757834586315e+06 9.690733746678633631e-01 9.480243458950830587e-05
2.458962808656641748e+06 9.689604532314430863e-01 9.483049575022361284e-05
2.458962859478696715e+06 9.688869847239608424e-01 9.483680956958943757e-05
2.458962910300751682e+06 9.682364780755950973e-01 9.479571800168950580e-05
2.458962961122807115e+06 9.673345258503824873e-01 9.472918395196891256e-05
2.458963011944862083e+06 9.676842253363543422e-01 9.477283108615003359e-05
2.458963062766917050e+06 9.669559668544280839e-01 9.472921137597669294e-05
2.458963113588972483e+06 9.663712713941566834e-01 9.465512606456007085e-05
2.458963164411027450e+06 9.659266941286713815e-01 9.463077541400773628e-05
2.458963215233082883e+06 9.659459403104945219e-01 9.463543878496508599e-05
2.458963266055137850e+06 9.656406699466969501e-01 9.461931101679684018e-05
2.458963316877192818e+06 9.653572638464203992e-01 9.461171534516680203e-05
2.458963367699248251e+06 9.650687244442096580e-01 9.459628611716961626e-05
2.458963418521303218e+06 9.646397116582987596e-01 9.456381514997304328e-05
2.458963469343358185e+06 9.645009588506759934e-01 9.455535435716830176e-05
2.458963520165413618e+06 9.634032424316184562e-01 9.446963166367841440e-05
2.458963570987468585e+06 9.638532824459371540e-01 9.451081784577481499e-05
2.458963621809523553e+06 9.634267166329548715e-01 9.449304382867082714e-05
2.458963672631578986e+06 9.635539569790971814e-01 9.451423709379922075e-05
2.458963723453633953e+06 9.632201000006463953e-01 9.446545905077327577e-05
2.458963774275689386e+06 9.629412148305123154e-01 9.448216533302329439e-05
2.458963825097744353e+06 9.626670500003784436e-01 9.446493131273422938e-05
2.458963875919799320e+06 9.627360315818096481e-01 9.447137415765582372e-05
2.458963926741854753e+06 9.617622492458262062e-01 9.441335865765086602e-05
2.458963977563909721e+06 9.623330416796850306e-01 9.446575484890527656e-05
2.458964028385964688e+06 9.614935988905884967e-01 9.439505643729608679e-05
2.458964079208020121e+06 9.618157470248837049e-01 9.440134791228890982e-05
2.458964130030075088e+06 9.620952446526491730e-01 9.442680896164955999e-05
2.458964180852130521e+06 9.617871159479922660e-01 9.438019423892399121e-05
2.458964231674185488e+06 9.619045821582596911e-01 9.441429337377952821e-05
2.458964282496240456e+06 9.611992451852791053e-01 9.433294441783677186e-05
2.458964333318295889e+06 9.613803101674319729e-01 9.435893996448388638e-05
2.458964384140350856e+06 9.609472112302788194e-01 9.432821468024020072e-05
2.458964434962405823e+06 9.618871457833266803e-01 9.437842561957496756e-05
2.458964485784461256e+06 9.619178395994699704e-01 9.435944805588854288e-05
2.458964536606516223e+06 9.618488826775244416e-01 9.437072814249471034e-05
2.458964587428571191e+06 9.620322523636397616e-01 9.437507220935526582e-05
2.458964638250626624e+06 9.615465175462698522e-01 9.434377357133062357e-05
2.458964689072681591e+06 9.612851849612263910e-01 9.430133093094466591e-05
2.458964739894737024e+06 9.626550431354021775e-01 9.438980260904177575e-05
2.458964790716791991e+06 9.620433459334372106e-01 9.436411325762047888e-05
2.458964841538846958e+06 9.623051303544146728e-01 9.438829805021606376e-05
2.458964892360902391e+06 9.620752872838392866e-01 9.436980148029261949e-05
2.458964943182957359e+06 9.626280065706270817e-01 9.438836951451248553e-05
2.458964994005012326e+06 9.621000770468314256e-01 9.429253152354980807e-05
2.458965044827067759e+06 9.634464488927024783e-01 9.443991145176227156e-05
2.458965095649122726e+06 9.630085400527336192e-01 9.440210792583022799e-05
2.458965146471177693e+06 9.630465146273410326e-01 9.438738730565044452e-05
2.458965197293233126e+06 9.640607136736527583e-01 9.444168585548507540e-05
2.458965248115288094e+06 9.628374266868983122e-01 9.432873041318996874e-05
2.458965298937343527e+06 9.643389376608064723e-01 9.445886728720147014e-05
2.458965349759398494e+06 9.650023320511257330e-01 9.445397897175640111e-05
2.458965400581453461e+06 9.654409749287906628e-01 9.448847582813867118e-05
2.458965451403508894e+06 9.642062275068171706e-01 9.439336054953689759e-05
2.458965502225563861e+06 9.661657556300256022e-01 9.453950348118377088e-05
2.458965553047618829e+06 9.658297661766457320e-01 9.448094557753978779e-05
2.458965603869674262e+06 9.664158302740070150e-01 9.450713315202995124e-05
2.458965654691729229e+06 9.663522381788303139e-01 9.451723617640353774e-05
2.458965705513784196e+06 9.681119230798148623e-01 9.463048735199908223e-05
2.458965756335839629e+06 9.675091468929768457e-01 9.458635190080282799e-05
2.458965807157894596e+06 9.674862911816954902e-01 9.457169183940752628e-05
2.458965857979950029e+06 9.679513879287335865e-01 9.458354834985754456e-05
2.458965908802004997e+06 9.684276582880020356e-01 9.461660778502699526e-05
2.458965959624059964e+06 9.681582176904006687e-01 9.456408781511792749e-05
2.458966010446115397e+06 9.692954801008978327e-01 9.464689410766944147e-05
2.458966061268170364e+06 9.701378535843091511e-01 9.470642854023512860e-05
2.458966112090225331e+06 9.701221915576899724e-01 9.466671198134465393e-05
2.458966162912280764e+06 9.709051835379134410e-01 9.474117587490791907e-05
2.458966213734335732e+06 9.709417679748244545e-01 9.469228387009551466e-05
2.458966264556391165e+06 9.714346842319805386e-01 9.472125851477075067e-05
2.458966315378446132e+06 9.721572712465160748e-01 9.476701743066610493e-05
2.458966366200501099e+06 9.732909851032818249e-01 9.484850742266071706e-05
2.458966417022556532e+06 9.734465259869361509e-01 9.483323562815253324e-05
2.458966467844611499e+06 9.730813633395425377e-01 9.479398964854778855e-05
2.458966518666666467e+06 9.742012509564058620e-01 9.486248424060730292e-05
2.458966569488721900e+06 9.742069178980156119e-01 9.484230014105266124e-05
2.458966620310776867e+06 9.756689131837742446e-01 9.496777830021290714e-05
2.458966671132831834e+06 9.753149432276281283e-01 9.489640310985316307e-05
2.458966721954887267e+06 9.748405648789754130e-01 9.487152013619985129e-05
2.458966772776942234e+06 9.762694429739973145e-01 9.494022457603636534e-05
2.458966823598997667e+06 9.762308193984757798e-01 9.496257742337551537e-05
2.458966874421052635e+06 9.776398111297343041e-01 9.500697443315129294e-05
2.458966925243107602e+06 9.775154427798182777e-01 9.500685975608673633e-05
2.458966976065163035e+06 9.753275202057786197e-01 9.471230885888095924e-05
2.458967026887218002e+06 9.785788018693578616e-01 9.507904312013876885e-05
2.458967077709272970e+06 9.793226297236485856e-01 9.509504619130467059e-05
2.458967128531328402e+06 9.796185964385835110e-01 9.508452235589324010e-05
2.458967179353383370e+06 9.791905021468459980e-01 9.504741087204520821e-05
2.458967230175438337e+06 9.795686015428896054e-01 9.501487626741845734e-05
2.458967280997493770e+06 9.812180228226573542e-01 9.519068001614791250e-05
2.458967331819548737e+06 9.808156508414318520e-01 9.512846465248898529e-05
2.458967382641604170e+06 9.816128887605432007e-01 9.518381735099097987e-05
2.458967433463659137e+06 9.814442285248985431e-01 9.514559458360420598e-05
2.458967484285714105e+06 9.830041042051732569e-01 9.524598106586820647e-05
2.458967535107769538e+06 9.827547743480360420e-01 9.522244922865896895e-05
2.458967585929824505e+06 9.823892487187868561e-01 9.517282868154947680e-05
2.458967636751879472e+06 9.839627133779719204e-01 9.529228416052561699e-05
2.458967687573934905e+06 9.834981783276868228e-01 9.522221298435956378e-05
2.458967738395989873e+06 9.843202319723519667e-01 9.525079805466865233e-05
2.458967789218044840e+06 9.830457457385765041e-01 9.511546795280275508e-05
2.458967840040100273e+06 9.850738069242073180e-01 9.534427614013014473e-05
2.458967890862155240e+06 9.841987050318411479e-01 9.523984411349344602e-05
2.458967941684210673e+06 9.854843412039547834e-01 9.529854896147627388e-05
2.458967992506265640e+06 9.858695267692180186e-01 9.531243879160835231e-05
2.458968043328320608e+06 9.856439428801265779e-01 9.530455260558614900e-05
2.458968094150376040e+06 9.867752194821283185e-01 9.540162778937242487e-05
2.458968144972431008e+06 9.875766246672041948e-01 9.543086220843224074e-05
2.458968195794485975e+06 9.880400534962605619e-01 9.547257734645463081e-05
2.458968246616541408e+06 9.875362366697729710e-01 9.539181766106505801e-05
2.458968297438596375e+06 9.886036731570032599e-01 9.547811763484091068e-05
2.458968348260651808e+06 9.875789019148436543e-01 9.535962766776679409e-05
2.458968399082706776e+06 9.878285644887813133e-01 9.537654549640151112e-05
2.458968449904761743e+06 9.880782270627188613e-01 9.539346332503622814e-05
2.458968500726817176e+06 9.883278896389438017e-01 9.541038115382595897e-05
2.458968551548872143e+06 9.885775522128815718e-01 9.542729898246067599e-05
2.458968602370927110e+06 9.888272147868191198e-01 9.544421681109539301e-05
2.458968653192982543e+06 9.890768773630441713e-01 9.546113463988513740e-05
2.458968704015037511e+06 9.893265399369817192e-01 9.547805246851984087e-05
2.458968754837092478e+06 9.895762025109194893e-01 9.549497029715455789e-05
2.458968805659147911e+06 9.898258650871444297e-01 9.551188812594430227e-05
2.458968856481202878e+06 9.900755276610819777e-01 9.552880595457900574e-05
2.458968907303258311e+06 9.903251902373072513e-01 9.554572378336873657e-05
2.458968958125313278e+06 9.905748528112447993e-01 9.556264161200345359e-05
2.458969008947368246e+06 9.908245153851823472e-01 9.557955944063817062e-05
2.458969059769423679e+06 9.910741779614075098e-01 9.559647726942790144e-05
2.458969110591478646e+06 9.913238405353450577e-01 9.561339509806261847e-05
2.458969161413533613e+06 9.915735031092827167e-01 9.563031292669733549e-05
2.458969212235589046e+06 9.918231656855078793e-01 9.564723075548706632e-05
2.458969263057644013e+06 9.920728282594454273e-01 9.566414858412178334e-05
2.458969313879698981e+06 9.919913594450686656e-01 9.564749347747225161e-05
2.458969364701754414e+06 9.923952908192996691e-01 9.570377709957426644e-05
2.458969415523809381e+06 9.926611377085368115e-01 9.570094633238290761e-05
2.458969466345864814e+06 9.926315846864947057e-01 9.571398941557060188e-05
2.458969517167919781e+06 9.925089765290426858e-01 9.568766185369949838e-05
2.458969567989974748e+06 9.922554369926429585e-01 9.567691259608096272e-05
2.458969618812030181e+06 9.925642004012682484e-01 9.569377610649750280e-05
2.458969669634085149e+06 9.924713783932551658e-01 9.568227567487788698e-05
2.458969720456140116e+06 9.925540828915574432e-01 9.569128561411744229e-05
2.458969771278195549e+06 9.924898411096004791e-01 9.568102850459917429e-05
2.458969822100250516e+06 9.924874023771497189e-01 9.569017499422165544e-05
2.458969872922305483e+06 9.925023974695419415e-01 9.568594669104485450e-05
2.458969923744360916e+06 9.923797711698413293e-01 9.569471017634322463e-05
2.458969974566415884e+06 9.919095706271429114e-01 9.565811086491324917e-05
2.458970025388471317e+06 9.919352529945206776e-01 9.571971579721529272e-05
2.458970076210526284e+06 9.921764670920257823e-01 9.582624702292608110e-05
2.458970127032581251e+06 9.918216121967814436e-01 9.599377126125916381e-05
2.458970177854636684e+06 9.917963722624909551e-01 9.622334398029742865e-05
2.458970228676691651e+06 9.917671404140643299e-01 9.649998665715824985e-05
2.458970279498746619e+06 9.914071008554738995e-01 9.674478390205304564e-05
2.458970330320802052e+06 9.912538480101891203e-01 9.695764569221502777e-05
2.458970381142857019e+06 9.914265146579477328e-01 9.715259321405718895e-05
2.458970431964912452e+06 9.906881411939120197e-01 9.728234465525468859e-05
2.458970482786967419e+06 9.911341530712525216e-01 9.751303386764334925e-05
2.458970533609022386e+06 9.909879637485211612e-01 9.765897310139535364e-05
2.458970584431077819e+06 9.906484929070064060e-01 9.780798002182196208e-05
2.458970635253132787e+06 9.901474605184350519e-01 9.786110095860667214e-05
2.458970686075187754e+06 9.901669394590758566e-01 9.791640602865143116e-05
2.458970736897243187e+06 9.899506536461956108e-01 9.794631484330674023e-05
2.458970787719298154e+06 9.897576456879086937e-01 9.795248024154404169e-05
2.458970838541353121e+06 9.897200440343068006e-01 9.798857795214821411e-05
2.458970889363408554e+06 9.894606367434309879e-01 9.795058465344696195e-05
2.458970940185463522e+06 9.891043740604498202e-01 9.785037617098731066e-05
2.458970991007518955e+06 9.888599414585496072e-01 9.771922021588082664e-05
2.458971041829573922e+06 9.881867722053123693e-01 9.756174577259769877e-05
2.458971092651628889e+06 9.883553640091053971e-01 9.747354537837441262e-05
2.458971143473684322e+06 9.879455465310087448e-01 9.739034066525106858e-05
2.458971194295739289e+06 9.875034391468611172e-01 9.732927504826503675e-05
2.458971245117794257e+06 9.874331893090178003e-01 9.727910868024198566e-05
2.458971295939849690e+06 9.874110337720934938e-01 9.719470716749290364e-05
2.458971346761904657e+06 9.864834354283882334e-01 9.699493174930568081e-05
2.458971397583959624e+06 9.866257666072900667e-01 9.692166281587353258e-05
2.458971448406015057e+06 9.865103106207395722e-01 9.687268042399980789e-05
2.458971499228070024e+06 9.861738972609452869e-01 9.683901561649016921e-05
2.458971550050125457e+06 9.857985738558880939e-01 9.686173730472792513e-05
2.458971600872180425e+06 9.855296032852453036e-01 9.691012156669115386e-05
2.458971651694235392e+06 9.852506745816940192e-01 9.690781296203690789e-05
2.458971702516290825e+06 9.849054636888097125e-01 9.688147346111381669e-05
2.458971753338345792e+06 9.842651808466614805e-01 9.681136476740713492e-05
2.458971804160400759e+06 9.840753108318232023e-01 9.680646435141176780e-05
2.458971854982456192e+06 9.843140818786535462e-01 9.687364003281810491e-05
2.458971905804511160e+06 9.833547720267660219e-01 9.681628392758978888e-05
2.458971956626566127e+06 9.830175583184946886e-01 9.676113761297441883e-05
2.458972007448621560e+06 9.827689100283951706e-01 9.670519993108334317e-05
2.458972058270676527e+06 9.816169505367320358e-01 9.652990476566495975e-05
2.458972109092731960e+06 9.823325508441201892e-01 9.656612649053287480e-05
2.458972159914786927e+06 9.820518072525787900e-01 9.654128803280205963e-05
2.458972210736841895e+06 9.816419468726169661e-01 9.648064361263582721e-05
2.458972261558897328e+06 9.813464346151905549e-01 9.644445734072769393e-05
2.458972312380952295e+06 9.812718052225224419e-01 9.638237406532596885e-05
2.458972363203007262e+06 9.806547226063893063e-01 9.626963574388338208e-05
2.458972414025062695e+06 9.803362712172307702e-01 9.616285788704515350e-05
2.458972464847117662e+06 9.801151510197554373e-01 9.613472863018442485e-05
2.458972515669173095e+06 9.798783070294984077e-01 9.612873082155608891e-05
2.458972566491228063e+06 9.798764036415641421e-01 9.615680937945854812e-05
2.458972617313283030e+06 9.786506278477629106e-01 9.609813411273190669e-05
2.458972668135338463e+06 9.790508669745212611e-01 9.617733974454618722e-05
2.458972718957393430e+06 9.790425768420621955e-01 9.616938792722532967e-05
2.458972769779448397e+06 9.774816627639507649e-01 9.602247771383170508e-05
2.458972820601503830e+06 9.782335703413209682e-01 9.609592809713482378e-05
2.458972871423558798e+06 9.783276432226538644e-01 9.612966052604926244e-05
2.458972922245613765e+06 9.778498436643802139e-01 9.611603836875958482e-05
2.458972973067669198e+06 9.779693585652110555e-01 9.609143295000261635e-05
2.458973023889724165e+06 9.776952199704810331e-01 9.602794284032276323e-05
2.458973074711779598e+06 9.770556069769943397e-01 9.593538327957106763e-05
2.458973125533834565e+06 9.756313585412170752e-01 9.577255675245145076e-05
2.458973176355889533e+06 9.771223805766776627e-01 9.590123633493847859e-05
2.458973227177944966e+06 9.764519318248867652e-01 9.579906013706548874e-05
2.458973277999999933e+06 9.767760607461642985e-01 9.585080270698462072e-05
