2.458873000000000000e+06 9.775508949210467424e-01 4.359826250592507921e-04
2.458873006026064977e+06 9.771123307983110573e-01 4.358687778046913225e-04
2.458873012052130420e+06 9.768829536082811460e-01 4.358192200879886283e-04
2.458873018078195397e+06 9.768627633864070958e-01 4.358805576545378706e-04
2.458873024104260840e+06 9.770153812539520422e-01 4.359418952258269195e-04
2.458873030130325817e+06 9.772103394321839387e-01 4.360032327923761618e-04
2.458873036156390794e+06 9.774359676503178163e-01 4.360766220797005540e-04
2.458873042182456236e+06 9.776921174609628507e-01 4.361512056376271713e-04
2.458873048208521213e+06 9.779729292169373478e-01 4.362257891897904408e-04
2.458873054234586656e+06 9.782753741549943260e-01 4.362881953273811220e-04
2.458873060260651633e+06 9.785994522283910646e-01 4.363358792115229652e-04
2.458873066286716610e+06 9.789313187740131816e-01 4.363835630956648085e-04
2.458873072312782053e+06 9.792340218674739916e-01 4.364312469834914212e-04
2.458873078338847030e+06 9.795055520333463273e-01 4.365601244308548422e-04
2.458873084364912473e+06 9.797459093135948427e-01 4.366893643214594272e-04
2.458873090390977450e+06 9.799550936710724747e-01 4.368186042020770466e-04
2.458873096417042427e+06 9.801482714278255681e-01 4.369478440826946660e-04
2.458873102443107869e+06 9.804037644092971071e-01 4.370770839732993052e-04
2.458873108469172847e+06 9.807327194138668602e-01 4.372063238539168704e-04
2.458873114495238289e+06 9.811351364923743823e-01 4.373343742833726844e-04
2.458873120521303266e+06 9.816110155826266448e-01 4.374489786763454801e-04
2.458873126547368243e+06 9.821468848150946007e-01 4.375635830693183300e-04
2.458873132573433686e+06 9.825849987936847718e-01 4.376781874711471601e-04
2.458873138599498663e+06 9.828799816746407458e-01 4.377389614503198194e-04
2.458873144625564106e+06 9.830318335035520549e-01 4.377673171792411896e-04
2.458873150651629083e+06 9.831282021487613987e-01 4.377956729059713872e-04
2.458873156677694060e+06 9.832988137001139606e-01 4.378301406082725847e-04
2.458873162703759503e+06 9.835448602194160062e-01 4.378950975245697944e-04
2.458873168729824480e+06 9.838595049336221754e-01 4.379600544358474732e-04
2.458873174755889922e+06 9.841896640149857545e-01 4.380250113521446829e-04
2.458873180781954899e+06 9.845241198116583270e-01 4.381350736516055719e-04
2.458873186808019876e+06 9.848628723489865067e-01 4.382635730131207190e-04
2.458873192834085319e+06 9.852357694674979127e-01 4.383920723845656942e-04
2.458873198860150296e+06 9.856749479915906109e-01 4.385201217923613754e-04
2.458873204886215739e+06 9.861804188572254048e-01 4.386468406104853009e-04
2.458873210912280716e+06 9.867331820230543782e-01 4.387735594188170917e-04
2.458873216938345693e+06 9.872295747400774424e-01 4.389002782271488826e-04
2.458873222964411136e+06 9.876539353218126704e-01 4.390147380040578711e-04
2.458873228990476113e+06 9.880064564977868447e-01 4.391260475365575591e-04
2.458873235016541556e+06 9.883354679689374533e-01 4.392373570776586566e-04
2.458873241042606533e+06 9.886783660703347687e-01 4.393807635990604589e-04
2.458873247068671510e+06 9.890351508268664382e-01 4.395869167030445846e-04
2.458873253094736952e+06 9.894106307686407753e-01 4.397930698229591097e-04
2.458873259120801929e+06 9.898238873066846910e-01 4.399992229269432354e-04
2.458873265146867372e+06 9.902768885267713150e-01 4.401682000971776556e-04
2.458873271172932349e+06 9.907687060054352068e-01 4.403321690728818731e-04
2.458873277198997326e+06 9.912492275417538190e-01 4.404961380485861448e-04
2.458873283225062769e+06 9.916898731246780452e-01 4.407404507769799914e-04
2.458873289251127746e+06 9.920906426861068050e-01 4.410938489584750660e-04
2.458873295277193189e+06 9.924876807137344992e-01 4.414472471672788623e-04
2.458873301303258166e+06 9.929873344055520912e-01 4.418006453487739911e-04
2.458873307329323143e+06 9.935965277711423793e-01 4.417479439916066554e-04
2.458873313355388585e+06 9.943033325948157364e-01 4.416813812550988635e-04
2.458873319381453563e+06 9.948217079627496018e-01 4.416148185237347436e-04
2.458873325407519005e+06 9.950299481997677553e-01 4.415643674269148240e-04
2.458873331433583982e+06 9.949280532736861637e-01 4.415294053522657715e-04
2.458873337459648959e+06 9.946678807707596270e-01 4.414944432776167732e-04
2.458873343485714402e+06 9.945832401026795111e-01 4.414654727761266133e-04
2.458873349511779379e+06 9.946860327098984156e-01 4.415441832024459838e-04
2.458873355537844822e+06 9.949669947493346989e-01 4.416228936348477285e-04
2.458873361563909799e+06 9.952993215592935705e-01 4.417016040611670990e-04
2.458873367589974776e+06 9.956427369440001840e-01 4.418022021265868805e-04
2.458873373616040219e+06 9.959972409312771724e-01 4.419176635108207807e-04
2.458873379642105196e+06 9.963449200604244105e-01 4.420331248861325102e-04
2.458873385668170638e+06 9.966564471192304042e-01 4.421360023852406425e-04
2.458873391694235615e+06 9.969314004821691055e-01 4.421605557116749545e-04
2.458873397720300592e+06 9.971757816211812564e-01 4.421851090381092664e-04
2.458873403746366035e+06 9.974426007511643100e-01 4.422096623664409322e-04
2.458873409772431012e+06 9.977443006786468338e-01 4.422780785242438526e-04
2.458873415798495989e+06 9.980808814228994130e-01 4.423670146477240482e-04
2.458873421824561432e+06 9.983555467521518789e-01 4.424559507780767304e-04
2.458873427850626409e+06 9.984520432854124827e-01 4.425170810122168647e-04
2.458873433876691852e+06 9.983701325503104851e-01 4.424819608507220064e-04
2.458873439902756829e+06 9.981451451068270586e-01 4.424468406919410146e-04
2.458873445928821806e+06 9.979928671269644447e-01 4.424117205331600769e-04
2.458873451954887249e+06 9.979499043233623912e-01 4.425523006485719839e-04
2.458873457980952226e+06 9.980162006478342507e-01 4.427462561100843587e-04
2.458873464007017668e+06 9.981509865138663562e-01 4.429402115865846358e-04
2.458873470033082645e+06 9.983191593106327533e-01 4.430469965795725542e-04
2.458873476059147622e+06 9.985207190472589200e-01 4.429596246821274627e-04
2.458873482085213065e+06 9.987462763848745650e-01 4.428722527779307733e-04
2.458873488111278042e+06 9.989545161379631555e-01 4.427848808804857360e-04
2.458873494137343485e+06 9.991405663939610937e-01 4.427937009738352656e-04
2.458873500163408462e+06 9.993036084859745483e-01 4.428191362547151421e-04
2.458873506189473439e+06 9.993789697516163306e-01 4.428445715355950186e-04
2.458873512215538882e+06 9.993258994302460785e-01 4.429342852910566459e-04
2.458873518241603859e+06 9.991443975300657865e-01 4.431222168175178821e-04
2.458873524267669301e+06 9.989162679705907433e-01 4.433101483585014644e-04
2.458873530293734279e+06 9.989070692862436207e-01 4.434980798849626465e-04
2.458873536319799256e+06 9.991371916125580954e-01 4.436682247298420301e-04
2.458873542345864698e+06 9.995940163890488783e-01 4.438372025341469915e-04
2.458873548371929675e+06 9.998959883861554543e-01 4.440061803253942015e-04
2.458873554397995118e+06 9.998642172501110981e-01 4.439630588312972739e-04
2.458873560424060095e+06 9.994987029858257710e-01 4.436913414779682075e-04
2.458873566450125072e+06 9.989661836639524006e-01 4.434196241246391411e-04
2.458873572476190515e+06 9.986705069923963451e-01 4.431527791871094622e-04
2.458873578502255492e+06 9.986296693086073040e-01 4.430828966504526956e-04
2.458873584528320935e+06 9.988243706337888161e-01 4.430130141083957890e-04
2.458873590554385912e+06 9.989416941554553064e-01 4.429431315717390224e-04
2.458873596580450889e+06 9.988720136490651935e-01 4.428477739153066878e-04
2.458873602606516331e+06 9.986153290875575683e-01 4.427329615357033154e-04
2.458873608632581308e+06 9.982712242624188770e-01 4.426181491649720237e-04
2.458873614658646751e+06 9.980197445298468750e-01 4.425262387457637708e-04
2.458873620684711728e+06 9.978645882057051164e-01 4.426199008123861628e-04
2.458873626710776705e+06 9.977914841786507116e-01 4.427135628790086091e-04
2.458873632736842148e+06 9.976559504977164927e-01 4.428072249528686470e-04
2.458873638762907125e+06 9.974204082617568190e-01 4.427119988431669605e-04
2.458873644788972568e+06 9.970848574343688098e-01 4.425162711558403516e-04
2.458873650815037545e+06 9.967414466562853903e-01 4.423205434836384171e-04
2.458873656841102522e+06 9.965132019988435230e-01 4.421651850423392589e-04
2.458873662867167965e+06 9.964007443716236256e-01 4.421758766797399798e-04
2.458873668893232942e+06 9.963892633866108239e-01 4.421865683163145387e-04
2.458873674919298384e+06 9.963770410395165200e-01 4.421972599537152596e-04
2.458873680945363361e+06 9.963447845000165115e-01 4.421799351500567930e-04
2.458873686971428338e+06 9.962924874853660295e-01 4.421526860379953647e-04
2.458873692997493781e+06 9.961541939798587153e-01 4.421254369238283074e-04
2.458873699023558758e+06 9.958664792693674439e-01 4.420471583746262844e-04
2.458873705049624201e+06 9.954293433094263399e-01 4.418384925626578233e-04
2.458873711075689178e+06 9.948921067479302716e-01 4.416298267668138881e-04
2.458873717101754155e+06 9.944960435591810866e-01 4.414211609709699528e-04
2.458873723127819598e+06 9.942734540387242470e-01 4.413026526395029034e-04
2.458873729153884575e+06 9.942230090528461073e-01 4.412033826704226227e-04
2.458873735179950017e+06 9.941740213120069392e-01 4.411041126936711778e-04
2.458873741206014995e+06 9.940074481712642962e-01 4.410340345528056911e-04
2.458873747232079972e+06 9.937232896313754615e-01 4.410143070281481205e-04
2.458873753258145414e+06 9.933269746857628091e-01 4.409945795019661074e-04
2.458873759284210391e+06 9.928379728301067741e-01 4.409748519773085368e-04
2.458873765310275834e+06 9.922580253872069767e-01 4.409609687170266859e-04
2.458873771336340811e+06 9.915906198770048086e-01 4.409476644946637935e-04
2.458873777362405788e+06 9.909733762132498791e-01 4.409343602723009010e-04
2.458873783388471231e+06 9.904774262513614813e-01 4.408639565651094544e-04
2.458873789414536208e+06 9.901027700679880805e-01 4.407245243241002816e-04
2.458873795440601651e+06 9.897951609129337358e-01 4.405850920723166329e-04
2.458873801466666628e+06 9.894098184591729739e-01 4.404456598313075144e-04
2.458873807492731605e+06 9.889388702247268181e-01 4.402737730065297487e-04
2.458873813518797047e+06 9.883893816852012959e-01 4.401017416640138746e-04
2.458873819544862024e+06 9.878992622457174466e-01 4.399297103347917285e-04
2.458873825570927467e+06 9.875217654680306101e-01 4.397390472126707565e-04
2.458873831596992444e+06 9.872568914104828952e-01 4.395324115935359119e-04
2.458873837623057421e+06 9.870173309113920990e-01 4.393257759744010130e-04
2.458873843649122864e+06 9.866289633296700945e-01 4.391148229515960265e-04
2.458873849675187841e+06 9.860869755658928648e-01 4.388550702998792385e-04
2.458873855701253284e+06 9.854102511996980507e-01 4.385953176280902904e-04
2.458873861727318261e+06 9.848198944134584076e-01 4.383355649763735025e-04
2.458873867753383238e+06 9.843795044734467981e-01 4.381846946418484819e-04
2.458873873779448681e+06 9.840890813630155387e-01 4.380993945217067612e-04
2.458873879805513658e+06 9.838526014173017975e-01 4.380140944081566102e-04
2.458873885831579100e+06 9.835279446638978129e-01 4.379021085976202046e-04
2.458873891857644077e+06 9.831138053675574362e-01 4.376570080677109290e-04
2.458873897883709054e+06 9.826319605366933274e-01 4.374119075378016534e-04
2.458873903909774497e+06 9.822514946938495362e-01 4.371668069889523417e-04
2.458873909935839474e+06 9.820081379847374059e-01 4.371102026704657990e-04
2.458873915961904917e+06 9.819018903717461333e-01 4.371306457440615051e-04
2.458873921987969894e+06 9.817840092030384325e-01 4.371510888160775286e-04
2.458873928014034871e+06 9.814943464767129644e-01 4.371137922117057282e-04
2.458873934040100314e+06 9.810328480094520076e-01 4.369057504578037748e-04
2.458873940066165291e+06 9.804455490699055531e-01 4.366977087199781543e-04
2.458873946092230733e+06 9.799836135982404883e-01 4.364896669660762551e-04
2.458873952118295711e+06 9.796849880986226999e-01 4.364468642058986310e-04
2.458873958144360688e+06 9.795489021238925620e-01 4.364465230720300276e-04
2.458873964170426130e+06 9.793822318681213446e-01 4.364461819381350782e-04
2.458873970196491107e+06 9.790355425657321087e-01 4.363700995109409892e-04
2.458873976222556550e+06 9.785088341631444919e-01 4.361459495809250466e-04
2.458873982248621527e+06 9.778835441690972852e-01 4.359217996682302095e-04
2.458873988274686504e+06 9.774828404175311958e-01 4.356976497555353181e-04
2.458873994300751947e+06 9.773400539495274986e-01 4.359066828339490623e-04
2.458874000326816924e+06 9.774513103685557036e-01 4.361740735385987149e-04
2.458874006352882367e+06 9.776074627587015842e-01 4.364414642639108215e-04
2.458874012378947344e+06 9.776892291419455594e-01 4.365397594651736950e-04
2.458874018405012321e+06 9.776966095332285667e-01 4.364084645303829097e-04
2.458874024431077763e+06 9.776288253591534083e-01 4.362771695854463774e-04
2.458874030457142740e+06 9.774835858350801043e-01 4.361458746506555921e-04
2.458874036483208183e+06 9.772607417873141467e-01 4.360290297380726228e-04
2.458874042509273160e+06 9.769638267622394734e-01 4.359126781330615284e-04
2.458874048535338137e+06 9.766775782790543259e-01 4.357963265280504340e-04
2.458874054561403580e+06 9.764380514693187241e-01 4.356840261042801261e-04
2.458874060587468557e+06 9.762452463700512784e-01 4.355756204243741510e-04
2.458874066613534000e+06 9.760774075020308693e-01 4.354672147360911963e-04
2.458874072639598977e+06 9.758867114709657287e-01 4.353615605893116193e-04
2.458874078665663954e+06 9.756714530986403400e-01 4.353053650284792117e-04
2.458874084691729397e+06 9.754402190062159139e-01 4.352491694633044118e-04
2.458874090717794374e+06 9.753105497954424052e-01 4.351929739024720041e-04
2.458874096743859816e+06 9.753197802931307114e-01 4.352183217391651692e-04
2.458874102769924793e+06 9.754679104978543069e-01 4.352990456537356688e-04
2.458874108795989770e+06 9.755937743748396285e-01 4.353797695683061142e-04
2.458874114822055213e+06 9.754335066233289497e-01 4.354186265347214269e-04
2.458874120848120190e+06 9.749833136912183784e-01 4.351968728992718517e-04
2.458874126874185633e+06 9.742895918803464728e-01 4.349751192466862985e-04
2.458874132900250610e+06 9.737621779686421730e-01 4.347533656112366148e-04
2.458874138926315587e+06 9.734972751046578887e-01 4.347705233640620083e-04
2.458874144952381030e+06 9.734948832983518763e-01 4.348994553212756219e-04
2.458874150978446007e+06 9.737354090585079724e-01 4.350283872685260680e-04
2.458874157004511449e+06 9.741953192678495244e-01 4.351562618840196977e-04
2.458874163030576427e+06 9.748745655527220055e-01 4.352804762000046335e-04
2.458874169056641404e+06 9.756927364478151787e-01 4.354046905159895150e-04
2.458874175082706846e+06 9.761586790243147460e-01 4.355289048415730011e-04
2.458874181108771823e+06 9.761890697895840852e-01 4.354865863572889061e-04
2.458874187134837266e+06 9.757844545683425075e-01 4.353936731452327617e-04
2.458874193160902243e+06 9.753421370334078855e-01 4.353007599403564210e-04
2.458874199186967220e+06 9.752042160991655217e-01 4.352446934038490373e-04
2.458874205213032663e+06 9.753706917902407181e-01 4.352707027797680537e-04
2.458874211239097640e+06 9.757798090983980099e-01 4.352967121536772304e-04
2.458874217265162617e+06 9.761598157611095505e-01 4.353227215275863528e-04
2.458874223291228060e+06 9.764786638246225614e-01 4.355322778012035668e-04
2.458874229317293037e+06 9.767375133565661116e-01 4.357735426119475376e-04
2.458874235343358479e+06 9.770280398377023667e-01 4.360148074413351237e-04
2.458874241369423456e+06 9.774080124632552602e-01 4.361659618470509767e-04
2.458874247395488434e+06 9.778774312522193757e-01 4.361794158316098405e-04
2.458874253421553876e+06 9.783908750576910673e-01 4.361928698172082915e-04
2.458874259447618853e+06 9.788008834877173214e-01 4.362063238017671553e-04
2.458874265473684296e+06 9.790961329989907869e-01 4.363607172233819253e-04
2.458874271499749273e+06 9.792797503155298289e-01 4.365243616069956322e-04
2.458874277525814250e+06 9.794462991450333389e-01 4.366880059906092849e-04
2.458874283551879693e+06 9.796401185574118431e-01 4.368179305777673393e-04
2.458874289577944670e+06 9.798612085227107471e-01 4.369115094054317416e-04
2.458874295604010113e+06 9.801392071314037890e-01 4.370050882403274470e-04
2.458874301630075090e+06 9.805459048308305947e-01 4.370997871424279905e-04
2.458874307656140067e+06 9.810845013190416797e-01 4.372398100868187714e-04
2.458874313682205509e+06 9.817355927303980101e-01 4.373798330420297815e-04
2.458874319708270486e+06 9.821845285002387405e-01 4.375198559864205625e-04
2.458874325734335929e+06 9.823210657279588531e-01 4.376114123644464309e-04
2.458874331760400906e+06 9.821452043924564501e-01 4.376659521695427067e-04
2.458874337786465883e+06 9.818816286675626781e-01 4.377204919746390368e-04
2.458874343812531326e+06 9.819365997443174621e-01 4.377735057286551591e-04
2.458874349838596303e+06 9.823184650260295969e-01 4.378141505719649099e-04
2.458874355864661746e+06 9.829911509182396312e-01 4.378547954184154860e-04
2.458874361890726723e+06 9.835893941234288285e-01 4.378954402617252369e-04
2.458874367916791700e+06 9.840181824558712487e-01 4.379182837725267754e-04
2.458874373942857143e+06 9.842775159290595433e-01 4.379316545538545504e-04
2.458874379968922120e+06 9.844851074209067798e-01 4.379450253341490807e-04
2.458874385994987562e+06 9.847981303685227061e-01 4.380164164612763826e-04
2.458874392021052539e+06 9.852173785555048413e-01 4.383265070716044361e-04
2.458874398047117516e+06 9.857353955444159155e-01 4.386365976819324355e-04
2.458874404073182959e+06 9.863009637601298785e-01 4.389466883162226039e-04
2.458874410099247936e+06 9.869043675312204611e-01 4.391254329330974743e-04
2.458874416125313379e+06 9.875455951207382510e-01 4.392576430827857797e-04
2.458874422151378356e+06 9.880996435286182322e-01 4.393898532222575938e-04
2.458874428177443333e+06 9.884462920341735570e-01 4.394741803267746450e-04
2.458874434203508776e+06 9.885855406401511392e-01 4.394361397483690984e-04
2.458874440229573753e+06 9.885716727774410684e-01 4.393980991729031491e-04
2.458874446255639195e+06 9.886702742611381822e-01 4.393600585944976026e-04
2.458874452281704172e+06 9.889169052839277274e-01 4.395214970699834359e-04
2.458874458307769150e+06 9.893112850302768768e-01 4.397255117093697781e-04
2.458874464333834592e+06 9.898173271223658087e-01 4.399295263645212873e-04
2.458874470359899569e+06 9.904098605018669677e-01 4.401276390899172813e-04
2.458874476385965012e+06 9.910888852603554344e-01 4.403155705258841195e-04
2.458874482412029989e+06 9.917946435051774312e-01 4.405035019473286118e-04
2.458874488438094966e+06 9.923128059952847080e-01 4.406914333687731583e-04
2.458874494464160409e+06 9.926241989500831364e-01 4.407173067222606836e-04
2.458874500490225386e+06 9.927351971208862036e-01 4.407271163979981977e-04
2.458874506516290829e+06 9.928974573686550897e-01 4.407369260744937317e-04
2.458874512542355806e+06 9.932410709818895178e-01 4.408202291266595106e-04
2.458874518568420783e+06 9.937660379661208410e-01 4.409923935081891638e-04
2.458874524594486225e+06 9.943896298712238124e-01 4.411645579030226824e-04
2.458874530620551202e+06 9.948910205916308147e-01 4.413367222845523356e-04
2.458874536646616645e+06 9.952581995996979680e-01 4.414542180985275518e-04
2.458874542672681622e+06 9.954974956918037909e-01 4.415714682659601102e-04
2.458874548698746599e+06 9.957324740351457537e-01 4.416887184333927229e-04
2.458874554724812042e+06 9.960108559318420207e-01 4.417889195555186233e-04
2.458874560750877019e+06 9.963326413388686742e-01 4.418745025261552688e-04
2.458874566776942462e+06 9.966202055759781908e-01 4.419600855034052766e-04
2.458874572803007439e+06 9.967187190935492547e-01 4.420390126667186675e-04
2.458874578829072416e+06 9.966239002755916676e-01 4.420426652939080385e-04
2.458874584855137859e+06 9.963669420885694628e-01 4.420463179213796273e-04
2.458874590881202836e+06 9.963131601193425668e-01 4.420499705485689984e-04
2.458874596907268278e+06 9.965676514428124522e-01 4.421578138907925320e-04
2.458874602933333255e+06 9.971304160196473587e-01 4.423284140416273427e-04
2.458874608959398232e+06 9.977841248702783439e-01 4.424990141924622076e-04
2.458874614985463675e+06 9.982070680725383394e-01 4.426564821785470205e-04
2.458874621011528652e+06 9.983962873246025049e-01 4.427484218813720917e-04
2.458874627037594095e+06 9.983792628436443106e-01 4.428403615913017229e-04
2.458874633063659072e+06 9.983694043782341820e-01 4.429323012941267942e-04
2.458874639089724049e+06 9.984118164527937545e-01 4.428732888404892190e-04
2.458874645115789492e+06 9.985064990766595594e-01 4.427525607715968340e-04
2.458874651141854469e+06 9.986178896437665209e-01 4.426318327120336293e-04
2.458874657167919911e+06 9.987076914836844344e-01 4.425602161771374885e-04
2.458874663193984888e+06 9.987758915698026208e-01 4.426338677801261879e-04
2.458874669220049866e+06 9.988404806697843696e-01 4.427075193831148873e-04
2.458874675246115308e+06 9.989996337936259962e-01 4.427811709917949434e-04
2.458874681272180285e+06 9.992681864795355251e-01 4.428260831928685607e-04
2.458874687298245728e+06 9.996453728476295542e-01 4.428636079053795637e-04
2.458874693324310705e+06 9.999389137747688450e-01 4.429011326149908138e-04
2.458874699350375682e+06 1.000000000000000000e+00 4.429248171544899917e-04
2.458874705376441125e+06 9.998286315010990188e-01 4.429214390983304871e-04
2.458874711402506102e+06 9.994955361429779250e-01 4.429180610424320041e-04
2.458874717428571545e+06 9.992814359492264709e-01 4.429146829862724453e-04
2.458874723454636522e+06 9.992152915758421017e-01 4.429579662021663512e-04
2.458874729480701499e+06 9.992946218730162089e-01 4.430075387553518364e-04
2.458874735506766941e+06 9.993854046891615939e-01 4.430571113123680247e-04
2.458874741532831918e+06 9.994111893016125459e-01 4.430915996740922877e-04
2.458874747558897361e+06 9.993719757143540994e-01 4.431056027978911454e-04
2.458874753584962338e+06 9.992912447550581501e-01 4.431196059206078610e-04
2.458874759611027315e+06 9.992380979165152999e-01 4.431336090433245765e-04
2.458874765637092758e+06 9.992170358326758484e-01 4.433065772619404791e-04
2.458874771663157735e+06 9.992273251238578125e-01 4.434849818711457609e-04
2.458874777689223178e+06 9.992513707656504041e-01 4.436633864941371070e-04
2.458874783715288155e+06 9.992816847544310210e-01 4.436353355592831632e-04
2.458874789741353132e+06 9.993182670918159261e-01 4.434087562141718016e-04
2.458874795767418575e+06 9.993034808161198601e-01 4.431821768515517134e-04
2.458874801793483552e+06 9.991106014963214710e-01 4.429602669897413515e-04
2.458874807819548994e+06 9.987351084797662093e-01 4.428223907215989518e-04
2.458874813845613971e+06 9.981934258708317076e-01 4.426845144641108443e-04
2.458874819871678948e+06 9.977104554799255398e-01 4.425466382066227367e-04
2.458874825897744391e+06 9.973576484850988910e-01 4.424116753212793424e-04
2.458874831923809368e+06 9.971350049408770344e-01 4.422786914232541508e-04
2.458874837949874811e+06 9.969952998888703677e-01 4.421457075149527283e-04
2.458874843975939788e+06 9.968611988062715534e-01 4.420272024933713018e-04
2.458874850002004765e+06 9.967315888995330608e-01 4.419988717561646298e-04
2.458874856028070208e+06 9.966065166845847756e-01 4.419705410167685741e-04
2.458874862054135185e+06 9.964863932777417999e-01 4.419422102795617937e-04
2.458874868080200627e+06 9.963713151816289137e-01 4.418538002337919096e-04
2.458874874106265604e+06 9.962612824140310019e-01 4.417372739589866160e-04
2.458874880132330582e+06 9.961149430303803953e-01 4.416207476841813224e-04
2.458874886158396024e+06 9.958826183967418588e-01 4.415031736890351506e-04
2.458874892184461001e+06 9.955642063146000753e-01 4.413819713893459354e-04
2.458874898210526444e+06 9.951694196383709112e-01 4.412607690802908939e-04
2.458874904236591421e+06 9.947576005675843325e-01 4.411395667806016245e-04
2.458874910262656398e+06 9.943388190313032782e-01 4.410494015960712832e-04
2.458874916288721841e+06 9.939131285659961179e-01 4.409686693910154606e-04
2.458874922314786818e+06 9.935196556429508608e-01 4.408879371921981915e-04
2.458874928340852261e+06 9.931920987087926589e-01 4.408266822776077398e-04
2.458874934366917238e+06 9.929304578141449067e-01 4.408088268420809128e-04
2.458874940392982215e+06 9.927175657217183202e-01 4.407909714065540315e-04
2.458874946419047657e+06 9.924778591762776214e-01 4.407731159696474488e-04
2.458874952445112634e+06 9.922024241752326335e-01 4.407925684749041035e-04
2.458874958471178077e+06 9.918915044856924101e-01 4.408184696748529852e-04
2.458874964497243054e+06 9.915643868429536711e-01 4.408443708728002671e-04
2.458874970523308031e+06 9.912332277378239631e-01 4.408503217148214046e-04
2.458874976549373474e+06 9.908980271442445753e-01 4.408257767293253843e-04
2.458874982575438451e+06 9.905559763554694364e-01 4.408012317457261214e-04
2.458874988601503894e+06 9.901979543871756162e-01 4.407766867602300469e-04
2.458874994627568871e+06 9.898232606114155674e-01 4.405828027687165908e-04
2.458875000653633848e+06 9.894320452427171064e-01 4.403777897577440537e-04
2.458875006679699291e+06 9.890288549324947054e-01 4.401727767309293170e-04
2.458875012705764268e+06 9.886158221260661350e-01 4.399278635059325070e-04
2.458875018731829245e+06 9.881929467926557908e-01 4.396399300603508068e-04
2.458875024757894687e+06 9.877407805080598013e-01 4.393519965925191638e-04
2.458875030783959664e+06 9.872122026973023656e-01 4.390653529322606041e-04
2.458875036810025107e+06 9.866051119687805349e-01 4.388310689760909931e-04
2.458875042836090084e+06 9.859305075031105092e-01 4.385967850380257152e-04
2.458875048862155061e+06 9.853668328403264454e-01 4.383625010999603290e-04
2.458875054888220504e+06 9.849766249173269594e-01 4.382004542816381036e-04
2.458875060914285481e+06 9.847598837944179229e-01 4.380935962466456658e-04
2.458875066940350924e+06 9.846361667526974948e-01 4.379867382033957274e-04
2.458875072966415901e+06 9.844599828260449659e-01 4.378853709471566174e-04
2.458875078992480878e+06 9.842283399827509438e-01 4.378285430736848414e-04
2.458875085018546320e+06 9.839425730743227572e-01 4.377717151958216671e-04
2.458875091044611298e+06 9.836162036857467594e-01 4.377148873223497827e-04
2.458875097070676740e+06 9.832527499808739746e-01 4.376047108852245673e-04
2.458875103096741717e+06 9.828522120158760256e-01 4.374661357444460273e-04
2.458875109122806694e+06 9.824078837454210955e-01 4.373275606036674330e-04
2.458875115148872137e+06 9.819108084332178743e-01 4.371752629645172823e-04
2.458875121174937114e+06 9.813609408277462753e-01 4.369664808565883836e-04
2.458875127201002557e+06 9.807739228635262707e-01 4.367576987325259060e-04
2.458875133227067534e+06 9.802572350461876693e-01 4.365489166245970073e-04
2.458875139253132511e+06 9.798312719613699873e-01 4.365215864164722292e-04
2.458875145279197954e+06 9.794960329344534200e-01 4.365585702972642505e-04
2.458875151305262931e+06 9.792445085674883476e-01 4.365955541751983691e-04
2.458875157331328373e+06 9.790699553003980871e-01 4.365764815349434187e-04
2.458875163357393350e+06 9.789723731601600587e-01 4.364140936092952686e-04
2.458875169383458328e+06 9.789155088141413552e-01 4.362517056836471728e-04
2.458875175409523770e+06 9.787219334255757852e-01 4.360893177454506294e-04
2.458875181435588747e+06 9.783678816998665484e-01 4.359319279292733209e-04
2.458875187461654190e+06 9.778548000785937111e-01 4.357756055137976931e-04
2.458875193487719167e+06 9.773688858255268341e-01 4.356192831104018664e-04
2.458875199513784144e+06 9.770400554702542983e-01 4.355356318072162690e-04
2.458875205539849587e+06 9.768683090055741980e-01 4.355773915582952620e-04
2.458875211565914564e+06 9.768118625349652140e-01 4.356191513061472898e-04
2.458875217591980007e+06 9.767208059983042423e-01 4.356609110572261744e-04
2.458875223618044984e+06 9.765817224365150873e-01 4.355556611203644673e-04
2.458875229644109961e+06 9.763969997081679564e-01 4.354358233768161851e-04
2.458875235670175403e+06 9.762609879944664781e-01 4.353159856240075695e-04
2.458875241696240380e+06 9.762224756112662938e-01 4.352707298895611425e-04
2.458875247722305823e+06 9.762814625526152756e-01 4.353156846464835243e-04
2.458875253748370800e+06 9.763552879452607192e-01 4.353606393999320139e-04
2.458875259774435777e+06 9.762232380124731268e-01 4.354055941533805036e-04
2.458875265800501220e+06 9.758733010013644904e-01 4.352491966758734155e-04
2.458875271826566197e+06 9.753216848147779894e-01 4.350918758396335375e-04
2.458875277852631640e+06 9.748850329422511507e-01 4.349345549912367716e-04
2.458875283878696617e+06 9.746856727486665761e-01 4.348762188401289626e-04
2.458875289904761594e+06 9.747236041911134796e-01 4.349027856594057831e-04
2.458875295930827036e+06 9.749029272270124391e-01 4.349293524807355403e-04
2.458875301956892014e+06 9.750322990800874834e-01 4.349526611074684170e-04
2.458875307982957456e+06 9.751064236308157884e-01 4.349390740046712241e-04
2.458875314009022433e+06 9.751296445753138142e-01 4.349254869029239726e-04
2.458875320035087410e+06 9.751528586999503867e-01 4.349118998011767211e-04
2.458875326061152853e+06 9.751907133143096207e-01 4.349397125605132704e-04
2.458875332087217830e+06 9.752432084125409739e-01 4.349924717829588760e-04
2.458875338113283273e+06 9.752631995605055559e-01 4.350452310094814071e-04
2.458875344139348250e+06 9.751808751784200036e-01 4.350776427018742732e-04
2.458875350165413227e+06 9.749955922206094971e-01 4.350084508245903527e-04
2.458875356191478670e+06 9.747330305119831229e-01 4.349392589419595807e-04
2.458875362217543647e+06 9.745927049390572527e-01 4.348700670646756601e-04
2.458875368243609089e+06 9.746167987826213075e-01 4.349180238621248537e-04
2.458875374269674066e+06 9.748053120389513770e-01 4.350138990405907164e-04
2.458875380295739044e+06 9.750308673948240301e-01 4.351097742190565250e-04
2.458875386321804486e+06 9.751562412142261715e-01 4.351872204890861015e-04
2.458875392347869463e+06 9.751813863615348410e-01 4.352101263608570557e-04
2.458875398373934906e+06 9.751222623245409116e-01 4.352330322343980784e-04
2.458875404399999883e+06 9.750659937726968707e-01 4.352559381061689783e-04
