2.458946000000000000e+06 9.853879766889986902e-01 4.552804262383949667e-04
2.458946006026064977e+06 9.845619130992643298e-01 4.550066542817204776e-04
2.458946012052130420e+06 9.839491347117667042e-01 4.548214049252481727e-04
2.458946018078195397e+06 9.835496416212105020e-01 4.547647879474993196e-04
2.458946024104260840e+06 9.832978116376406286e-01 4.547081709653753856e-04
2.458946030130325817e+06 9.829892850142422089e-01 4.546515539876265326e-04
2.458946036156390794e+06 9.826093994664877318e-01 4.544261022941761840e-04
2.458946042182456236e+06 9.821612623161803945e-01 4.541918417474048535e-04
2.458946048208521213e+06 9.817298451826558248e-01 4.539575812187359046e-04
2.458946054234586656e+06 9.813534016113586445e-01 4.538074562471402476e-04
2.458946060260651633e+06 9.810319316604677597e-01 4.537437943409344961e-04
2.458946066286716610e+06 9.807516312007655834e-01 4.536801324347286904e-04
2.458946072312782053e+06 9.804803837933533384e-01 4.536086516485203393e-04
2.458946078338847030e+06 9.802168804806601354e-01 4.533274609280212876e-04
2.458946084364912473e+06 9.799635157435278021e-01 4.530462701857933608e-04
2.458946090390977450e+06 9.797564357932879719e-01 4.527650794652942549e-04
2.458946096417042427e+06 9.796078045519265309e-01 4.525731397342716848e-04
2.458946102443107869e+06 9.795176220147330248e-01 4.524461731459929431e-04
2.458946108469172847e+06 9.794228010213178459e-01 4.523192065675255263e-04
2.458946114495238289e+06 9.792137926974848749e-01 4.521913751134066530e-04
2.458946120521303266e+06 9.788886352684963432e-01 4.520572888420687648e-04
2.458946126547368243e+06 9.784752085987145076e-01 4.519232025707308766e-04
2.458946132573433686e+06 9.782403291711100346e-01 4.517891162890315393e-04
2.458946138599498663e+06 9.782505857837057173e-01 4.516845253863224405e-04
2.458946144625564106e+06 9.785059784380869541e-01 4.515948437603436441e-04
2.458946150651629083e+06 9.786582393095510923e-01 4.515051621412949595e-04
2.458946156677694060e+06 9.782615997240690087e-01 4.513534356353046716e-04
2.458946162703759503e+06 9.773144107798702462e-01 4.509640288111650295e-04
2.458946168729824480e+06 9.759638243979812389e-01 4.505746220171166598e-04
2.458946174755889922e+06 9.751737242477549472e-01 4.501852151929770719e-04
2.458946180781954899e+06 9.751190540910325000e-01 4.502816045352093480e-04
2.458946186808019876e+06 9.757995464741749947e-01 4.505401235251864237e-04
2.458946192834085319e+06 9.765929796409336117e-01 4.507986425351405207e-04
2.458946198860150296e+06 9.769268855809117857e-01 4.509409516031624146e-04
2.458946204886215739e+06 9.768012643457144595e-01 4.508022213201358136e-04
2.458946210912280716e+06 9.763128880038479673e-01 4.506634910478294785e-04
2.458946216938345693e+06 9.759157349518813307e-01 4.505247607755231433e-04
2.458946222964411136e+06 9.756676747425073737e-01 4.503965159840012827e-04
2.458946228990476113e+06 9.755672448613961212e-01 4.502703386483109015e-04
2.458946235016541556e+06 9.754614502189279390e-01 4.501441613028702902e-04
2.458946241042606533e+06 9.752477447133300892e-01 4.500787534703956910e-04
2.458946247068671510e+06 9.749261283405967760e-01 4.501133134983611463e-04
2.458946253094736952e+06 9.745796845294598665e-01 4.501478735289972085e-04
2.458946259120801929e+06 9.744950851912383971e-01 4.501824335569627180e-04
2.458946265146867372e+06 9.746965364086878081e-01 4.503349182946424635e-04
2.458946271172932349e+06 9.751748424348104516e-01 4.504975415031578587e-04
2.458946277198997326e+06 9.756038205195357582e-01 4.506601647116732540e-04
2.458946283225062769e+06 9.758210640871000097e-01 4.506819335324297750e-04
2.458946289251127746e+06 9.758265731039287294e-01 4.505407275751703382e-04
2.458946295277193189e+06 9.757071514917832200e-01 4.503995216069992197e-04
2.458946301303258166e+06 9.756860888707311608e-01 4.502602046490677815e-04
2.458946307329323143e+06 9.757746713866635169e-01 4.504158992331120347e-04
2.458946313355388585e+06 9.759674329306760043e-01 4.505715938291874625e-04
2.458946319381453563e+06 9.761650871828552178e-01 4.507272884132316614e-04
2.458946325407519005e+06 9.763306710433712343e-01 4.507051932941237918e-04
2.458946331433583982e+06 9.764641844866333020e-01 4.505371202425579756e-04
2.458946337459648959e+06 9.766084586936416567e-01 4.503690471909921594e-04
2.458946343485714402e+06 9.768458524626439932e-01 4.502284524824944523e-04
2.458946349511779379e+06 9.771784153740787904e-01 4.503594067335257682e-04
2.458946355537844822e+06 9.775993800501561193e-01 4.504903609946765393e-04
2.458946361563909799e+06 9.780337428232290797e-01 4.506213152457078553e-04
2.458946367589974776e+06 9.784607136162294383e-01 4.507272565581869634e-04
2.458946373616040219e+06 9.788802924612943768e-01 4.508187990947358221e-04
2.458946379642105196e+06 9.792450963814414155e-01 4.509103416242108580e-04
2.458946385668170638e+06 9.794875776915744625e-01 4.509629138424980487e-04
2.458946391694235615e+06 9.796072267713390458e-01 4.508348091349063209e-04
2.458946397720300592e+06 9.796216525296262967e-01 4.507067044273145931e-04
2.458946403746366035e+06 9.796615286091163721e-01 4.505785997098236658e-04
2.458946409772431012e+06 9.797534150041025125e-01 4.504644416017219077e-04
2.458946415798495989e+06 9.798973117156565271e-01 4.503557021388381130e-04
2.458946421824561432e+06 9.800669335095408830e-01 4.502469626675515346e-04
2.458946427850626409e+06 9.802350992769646165e-01 4.501953987792890180e-04
2.458946433876691852e+06 9.804018071438020954e-01 4.503040967096514128e-04
2.458946439902756829e+06 9.805728713302709343e-01 4.504127946316141681e-04
2.458946445928821806e+06 9.807787901320076385e-01 4.505214925535769776e-04
2.458946451954887249e+06 9.810239794343212916e-01 4.505912066584998521e-04
2.458946457980952226e+06 9.813084601857279266e-01 4.506515205453701469e-04
2.458946464007017668e+06 9.816362654002409593e-01 4.507118344369012101e-04
2.458946470033082645e+06 9.820104021520226212e-01 4.508127083640933817e-04
2.458946476059147622e+06 9.824308704646138590e-01 4.509894130987671633e-04
2.458946482085213065e+06 9.828873003582814238e-01 4.511661178470957123e-04
2.458946488111278042e+06 9.833399837605744098e-01 4.513428225817694398e-04
2.458946494137343485e+06 9.837850207312593964e-01 4.515015869457513192e-04
2.458946500163408462e+06 9.842225478659174520e-01 4.516581621283746544e-04
2.458946506189473439e+06 9.846591398568323994e-01 4.518147373109978812e-04
2.458946512215538882e+06 9.850984199974155420e-01 4.520283139049898814e-04
2.458946518241603859e+06 9.855403882197767418e-01 4.523162254710969498e-04
2.458946524267669301e+06 9.859696345717479105e-01 4.526041370594522805e-04
2.458946530293734279e+06 9.863423170274360219e-01 4.528920486255594031e-04
2.458946536319799256e+06 9.866557476341286659e-01 4.528563519529652686e-04
2.458946542345864698e+06 9.869131917105586904e-01 4.528129608453365911e-04
2.458946548371929675e+06 9.871874584626075810e-01 4.527695697410609173e-04
2.458946554397995118e+06 9.875085203720974647e-01 4.528789843340784221e-04
2.458946560424060095e+06 9.878763773894090328e-01 4.531297106459756911e-04
2.458946566450125072e+06 9.882779974175107673e-01 4.533804369578730144e-04
2.458946572476190515e+06 9.886856576703855204e-01 4.536292450441953197e-04
2.458946578502255492e+06 9.890984474074425714e-01 4.538491830240762390e-04
2.458946584528320935e+06 9.895198532961337889e-01 4.540691210209526780e-04
2.458946590554385912e+06 9.899951125836490284e-01 4.542890590008335974e-04
2.458946596580450889e+06 9.905381274664144531e-01 4.543471011646016714e-04
2.458946602606516331e+06 9.911488979942453259e-01 4.542994731330269199e-04
2.458946608632581308e+06 9.917357886820565849e-01 4.542518451051326010e-04
2.458946614658646751e+06 9.921536736736639162e-01 4.542507505529222857e-04
2.458946620684711728e+06 9.924007319986641873e-01 4.545178928632256682e-04
2.458946626710776705e+06 9.925071700533619756e-01 4.547850351735290507e-04
2.458946632736842148e+06 9.927285637172209576e-01 4.550521775044757511e-04
2.458946638762907125e+06 9.931228897906820841e-01 4.550716302012698384e-04
2.458946644788972568e+06 9.936901483346878283e-01 4.549801126041827710e-04
2.458946650815037545e+06 9.942620598858719072e-01 4.548885950141676291e-04
2.458946656841102522e+06 9.946434785777585885e-01 4.548347482728762130e-04
2.458946662867167965e+06 9.948341415531661847e-01 4.549046575484288536e-04
2.458946668893232942e+06 9.948593922847501769e-01 4.549745668185792400e-04
2.458946674919298384e+06 9.948684424436258222e-01 4.550444760941319347e-04
2.458946680945363361e+06 9.948856917120887378e-01 4.551924104319275818e-04
2.458946686971428338e+06 9.949113689276374295e-01 4.553628511395150505e-04
2.458946692997493781e+06 9.950560389137118600e-01 4.555332918602731903e-04
2.458946699023558758e+06 9.954116857728038115e-01 4.557815011046998277e-04
2.458946705049624201e+06 9.959783095598786495e-01 4.561958142746618092e-04
2.458946711075689178e+06 9.966862403522515068e-01 4.566101274126079510e-04
2.458946717101754155e+06 9.972387993520964722e-01 4.570244405505541471e-04
2.458946723127819598e+06 9.976024181890031928e-01 4.568416960955088021e-04
2.458946729153884575e+06 9.977787628363894434e-01 4.565630891817882013e-04
2.458946735179950017e+06 9.978836804128872195e-01 4.562844822465383270e-04
2.458946741206014995e+06 9.979879236348677685e-01 4.561580736568443691e-04
2.458946747232079972e+06 9.980914925104645841e-01 4.562558053976528412e-04
2.458946753258145414e+06 9.982130919624935261e-01 4.563535371460134319e-04
2.458946759284210391e+06 9.984116245545398005e-01 4.564512688868218497e-04
2.458946765310275834e+06 9.986913950197519041e-01 4.567880579926962212e-04
2.458946771336340811e+06 9.990476809078484566e-01 4.571381775510633154e-04
2.458946777362405788e+06 9.993478579324037714e-01 4.574882971094304637e-04
2.458946783388471231e+06 9.995315604244172647e-01 4.575412257591891774e-04
2.458946789414536208e+06 9.995987883554979803e-01 4.572847671761118304e-04
2.458946795440601651e+06 9.995660909635688540e-01 4.570283085732166771e-04
2.458946801466666628e+06 9.994723961857191474e-01 4.567787364030029447e-04
2.458946807492731605e+06 9.993193304468611649e-01 4.567328031514920395e-04
2.458946813518797047e+06 9.991176106435566417e-01 4.566868698964317275e-04
2.458946819544862024e+06 9.990321808150278704e-01 4.566409366449208224e-04
2.458946825570927467e+06 9.991191665870926553e-01 4.567231019612713193e-04
2.458946831596992444e+06 9.993785679463074167e-01 4.568997651179685792e-04
2.458946837623057421e+06 9.996711176325379089e-01 4.570764282746658390e-04
2.458946843649122864e+06 9.997522550048295598e-01 4.572047225509799943e-04
2.458946849675187841e+06 9.996174256996726015e-01 4.569723064460299439e-04
2.458946855701253284e+06 9.992955288418849946e-01 4.567398903231200845e-04
2.458946861727318261e+06 9.990674827272039149e-01 4.565074742181700340e-04
2.458946867753383238e+06 9.990042127262405147e-01 4.564188615712534073e-04
2.458946873779448681e+06 9.991057188532055378e-01 4.564039991025195487e-04
2.458946879805513658e+06 9.992595992487175449e-01 4.563891366349341855e-04
2.458946885831579100e+06 9.993202557443737755e-01 4.563795811783983507e-04
2.458946891857644077e+06 9.992870972044173294e-01 4.563907633367940420e-04
2.458946897883709054e+06 9.991796558271887063e-01 4.564019454951897333e-04
2.458946903909774497e+06 9.991275977719494827e-01 4.564131276544495337e-04
2.458946909935839474e+06 9.991547554005049125e-01 4.563995330518589113e-04
2.458946915961904917e+06 9.992611027408403457e-01 4.563775259642814577e-04
2.458946921987969894e+06 9.993628252813097079e-01 4.563555188784046293e-04
2.458946928014034871e+06 9.993818315538381958e-01 4.563566609826875215e-04
2.458946934040100314e+06 9.993181215503066372e-01 4.564146736248612252e-04
2.458946940066165291e+06 9.991700828965692782e-01 4.564726862625521323e-04
2.458946946092230733e+06 9.989300596087984374e-01 4.565306989047258359e-04
2.458946952118295711e+06 9.985970617667672133e-01 4.565204024306468303e-04
2.458946958144360688e+06 9.981721481202772139e-01 4.564963184219247069e-04
2.458946964170426130e+06 9.977726258744118448e-01 4.564722344113414962e-04
2.458946970196491107e+06 9.974780360336251706e-01 4.563386751142300165e-04
2.458946976222556550e+06 9.972883785523884992e-01 4.560225174368395156e-04
2.458946982248621527e+06 9.971658809596916084e-01 4.557063597838798843e-04
2.458946988274686504e+06 9.969787260236950832e-01 4.553902021309203072e-04
2.458946994300751947e+06 9.967155910933916951e-01 4.552107021985115232e-04
2.458947000326816924e+06 9.963811734583840618e-01 4.550434766032262048e-04
2.458947006352882367e+06 9.961473391365269769e-01 4.548762509950185517e-04
2.458947012378947344e+06 9.961006154926299594e-01 4.549051039534693906e-04
2.458947018405012321e+06 9.962410025013940240e-01 4.551638138817511842e-04
2.458947024431077763e+06 9.964233705913623229e-01 4.554225238300246901e-04
2.458947030457142740e+06 9.962702502721056952e-01 4.556791520310035756e-04
2.458947036483208183e+06 9.957621340992778292e-01 4.552687934074857532e-04
2.458947042509273160e+06 9.949189896121104493e-01 4.548584348156781880e-04
2.458947048535338137e+06 9.941113765665565705e-01 4.544480762238706228e-04
2.458947054561403580e+06 9.934787849371501389e-01 4.541530507512767708e-04
2.458947060587468557e+06 9.930212148216578383e-01 4.539539734573100360e-04
2.458947066613534000e+06 9.926899315203833174e-01 4.537548961479597734e-04
2.458947072639598977e+06 9.923901743502245854e-01 4.535715943184237911e-04
2.458947078665663954e+06 9.921195065723504847e-01 4.535504927737351666e-04
2.458947084691729397e+06 9.918807345273497056e-01 4.535293912274159021e-04
2.458947090717794374e+06 9.917054871430757146e-01 4.535082896827273319e-04
2.458947096743859816e+06 9.916026323335080939e-01 4.533540942578154166e-04
2.458947102769924793e+06 9.915721701145433498e-01 4.531222015791824126e-04
2.458947108795989770e+06 9.914764175630387255e-01 4.528903089005493002e-04
2.458947114822055213e+06 9.911167893171524135e-01 4.526562603102454296e-04
2.458947120848120190e+06 9.904916888382112594e-01 4.524119891721574893e-04
2.458947126874185633e+06 9.896576734440664103e-01 4.521677180151936434e-04
2.458947132900250610e+06 9.890404143753144250e-01 4.519234468771057573e-04
2.458947138926315587e+06 9.887274973255336663e-01 4.517831678444130450e-04
2.458947144952381030e+06 9.887189223058201470e-01 4.516839490426710342e-04
2.458947150978446007e+06 9.887049974656917373e-01 4.515847302485961759e-04
2.458947157004511449e+06 9.883613347833029028e-01 4.514317287084981876e-04
2.458947163030576427e+06 9.876878909815577368e-01 4.511254074010269508e-04
2.458947169056641404e+06 9.867714101101021651e-01 4.508190860935557139e-04
2.458947175082706846e+06 9.860726398784801505e-01 4.505127647624136331e-04
2.458947181108771823e+06 9.856592108051304146e-01 4.504415859108160591e-04
2.458947187134837266e+06 9.855301038777636302e-01 4.504282935993624373e-04
2.458947193160902243e+06 9.854728544949968860e-01 4.504150012889359886e-04
2.458947199186967220e+06 9.853271417121650666e-01 4.503449233277425886e-04
2.458947205213032663e+06 9.850929655077544922e-01 4.501671386580766805e-04
2.458947211239097640e+06 9.847812306439238661e-01 4.499893540021490776e-04
2.458947217265162617e+06 9.844341801612530585e-01 4.498115693462213663e-04
2.458947223291228060e+06 9.840560301672661714e-01 4.496524929390730615e-04
2.458947229317293037e+06 9.836461336828713486e-01 4.494957766026479716e-04
2.458947235343358479e+06 9.831721867724696473e-01 4.493390602541127228e-04
2.458947241369423456e+06 9.826161852025094845e-01 4.491683377199552521e-04
2.458947247395488434e+06 9.819781289395369539e-01 4.489791050698762058e-04
2.458947253421553876e+06 9.813170368766437335e-01 4.487898724051742538e-04
2.458947259447618853e+06 9.808027052117787026e-01 4.486006397550952617e-04
2.458947265473684296e+06 9.804457564494145627e-01 4.485445491390171839e-04
2.458947271499749273e+06 9.802461906447174078e-01 4.484920818992148826e-04
2.458947277525814250e+06 9.802040077640230553e-01 4.484396146594125270e-04
2.458947283551879693e+06 9.802831349470855216e-01 4.483871474155557975e-04
2.458947289577944670e+06 9.802806331402311724e-01 4.483346801757534419e-04
2.458947295604010113e+06 9.801648333305073013e-01 4.482822129318967124e-04
2.458947301630075090e+06 9.799357355358105925e-01 4.482237561391521404e-04
2.458947307656140067e+06 9.795933397515703689e-01 4.480698270408884059e-04
2.458947313682205509e+06 9.791376459381954112e-01 4.479158979307298893e-04
2.458947319708270486e+06 9.785686541661129390e-01 4.477619688324661006e-04
2.458947325734335929e+06 9.779397943237325697e-01 4.476080397223075841e-04
2.458947331760400906e+06 9.774693074673024284e-01 4.474541106240437953e-04
2.458947337786465883e+06 9.771805872907638468e-01 4.473001815257800608e-04
2.458947343812531326e+06 9.770736337928751514e-01 4.471639825728244695e-04
2.458947349838596303e+06 9.771484469901656755e-01 4.471327041076486922e-04
2.458947355864661746e+06 9.773628561208278498e-01 4.471014256400558488e-04
2.458947361890726723e+06 9.773546755824027432e-01 4.470701471748800716e-04
2.458947367916791700e+06 9.770407545765372737e-01 4.468859649541675702e-04
2.458947373942857143e+06 9.764210930435346381e-01 4.466322230645703166e-04
2.458947379968922120e+06 9.758000530632763292e-01 4.463784811945808052e-04
2.458947385994987562e+06 9.755350050118566374e-01 4.461984186101609386e-04
2.458947392021052539e+06 9.756265137054025427e-01 4.462649050779449178e-04
2.458947398047117516e+06 9.760023660222029163e-01 4.463313915457288970e-04
2.458947404073182959e+06 9.762318125251959744e-01 4.463978780186505851e-04
2.458947410099247936e+06 9.762434814741141054e-01 4.463672276872893553e-04
2.458947416125313379e+06 9.760376816616742612e-01 4.463080270630921339e-04
2.458947422151378356e+06 9.757856212531040851e-01 4.462488264434696494e-04
2.458947428177443333e+06 9.756315073123233983e-01 4.461999564305945960e-04
2.458947434203508776e+06 9.755753398387759789e-01 4.461734881189622541e-04
2.458947440229573753e+06 9.756060173826579529e-01 4.461470198093752055e-04
2.458947446255639195e+06 9.756756983666855509e-01 4.461205514977428094e-04
2.458947452281704172e+06 9.757788868758122680e-01 4.461757840474582949e-04
2.458947458307769150e+06 9.759138160519115202e-01 4.462444969739182274e-04
2.458947464333834592e+06 9.759518384049761242e-01 4.463132099056878774e-04
2.458947470359899569e+06 9.758134744507446223e-01 4.462957044508076730e-04
2.458947476385965012e+06 9.754987241678331200e-01 4.461494807432698053e-04
2.458947482412029989e+06 9.750755217332893743e-01 4.460032570470313300e-04
2.458947488438094966e+06 9.747602336737721807e-01 4.458570333507928547e-04
2.458947494464160409e+06 9.745689688848624410e-01 4.459742482470404061e-04
2.458947500490225386e+06 9.745011576684228238e-01 4.461071214813815437e-04
2.458947506516290829e+06 9.745403531785801210e-01 4.462399947259903469e-04
2.458947512542355806e+06 9.746789853088998479e-01 4.462993781275529140e-04
2.458947518568420783e+06 9.749170540585688771e-01 4.462812424347577397e-04
2.458947524594486225e+06 9.752262288272514068e-01 4.462631067405610713e-04
2.458947530620551202e+06 9.755391209423189824e-01 4.462520116481213332e-04
2.458947536646616645e+06 9.758528440361320389e-01 4.464731790508293585e-04
2.458947542672681622e+06 9.761634153798054436e-01 4.466943464364467255e-04
2.458947548698746599e+06 9.764083037922044461e-01 4.469155138220641467e-04
2.458947554724812042e+06 9.765659907689596686e-01 4.470241129765558665e-04
2.458947560750877019e+06 9.766364762857008275e-01 4.470485458991973397e-04
2.458947566776942462e+06 9.766610081633759766e-01 4.470729788237268968e-04
2.458947572803007439e+06 9.767128495804032751e-01 4.471161141553875147e-04
2.458947578829072416e+06 9.767934190498128721e-01 4.473032532247927205e-04
2.458947584855137859e+06 9.769170805616547160e-01 4.474903923086590691e-04
2.458947590881202836e+06 9.772257098576835332e-01 4.476775313780642748e-04
2.458947596907268278e+06 9.777555511828737167e-01 4.476957989354228258e-04
2.458947602933333255e+06 9.785066044553388798e-01 4.476261804766811393e-04
2.458947608959398232e+06 9.792573771572740116e-01 4.475565620179394527e-04
2.458947614985463675e+06 9.797174666841826918e-01 4.475384508000465806e-04
2.458947621011528652e+06 9.798855827288176501e-01 4.477257643267964615e-04
2.458947627037594095e+06 9.798204527680547393e-01 4.479130778680209834e-04
2.458947633063659072e+06 9.799173185416684140e-01 4.481003913947709727e-04
2.458947639089724049e+06 9.802497571696533463e-01 4.481179172518202805e-04
2.458947645115789492e+06 9.808177267038918901e-01 4.480767858665981934e-04
2.458947651141854469e+06 9.814188874463856127e-01 4.480356544845544992e-04
2.458947657167919911e+06 9.818622703393062867e-01 4.480137113134521855e-04
2.458947663193984888e+06 9.821478753141296147e-01 4.480396728497102582e-04
2.458947669220049866e+06 9.823140168189979926e-01 4.480656343859682768e-04
2.458947675246115308e+06 9.825448768396737309e-01 4.480915959242325031e-04
2.458947681272180285e+06 9.828646175728332768e-01 4.482624603203372391e-04
2.458947687298245728e+06 9.832720629139073409e-01 4.484632655495801742e-04
2.458947693324310705e+06 9.836287823091788285e-01 4.486640707633059535e-04
2.458947699350375682e+06 9.838397982841786682e-01 4.487831402770230864e-04
2.458947705376441125e+06 9.839051108383239930e-01 4.487639412006750412e-04
2.458947711402506102e+06 9.838977313041404882e-01 4.487447421258106183e-04
2.458947717428571545e+06 9.840754144457182218e-01 4.487255430494626273e-04
2.458947723454636522e+06 9.844606862525110413e-01 4.489303750657528151e-04
2.458947729480701499e+06 9.850495221072769203e-01 4.491562113441816104e-04
2.458947735506766941e+06 9.856898604536138420e-01 4.493820476400617239e-04
2.458947741532831918e+06 9.863042744948350427e-01 4.495980915369698992e-04
2.458947747558897361e+06 9.868927643258975646e-01 4.498025022955091825e-04
2.458947753584962338e+06 9.873829024365147200e-01 4.500069130382527245e-04
2.458947759611027315e+06 9.875841821848787561e-01 4.502113237809962664e-04
2.458947765637092758e+06 9.874865361002452824e-01 4.501783222260740823e-04
2.458947771663157735e+06 9.871233811510737866e-01 4.501452742310950200e-04
2.458947777689223178e+06 9.871287303766026477e-01 4.501122262335622822e-04
2.458947783715288155e+06 9.877439456045681299e-01 4.502966007089721345e-04
2.458947789741353132e+06 9.889690268118196403e-01 4.506642824992640873e-04
2.458947795767418575e+06 9.903703775186796232e-01 4.510319643179684255e-04
2.458947801793483552e+06 9.910952980703727766e-01 4.513638888207112398e-04
2.458947807819548994e+06 9.911211334711593768e-01 4.513125140564641625e-04
2.458947813845613971e+06 9.905268881871706066e-01 4.512611392961871082e-04
2.458947819871678948e+06 9.902184194681222795e-01 4.512097645359099997e-04
2.458947825897744391e+06 9.904526715156740657e-01 4.514157194903901590e-04
2.458947831923809368e+06 9.912296442936230356e-01 4.517740468045465139e-04
2.458947837949874811e+06 9.922664910196330457e-01 4.521323741463924165e-04
2.458947843975939788e+06 9.931503819733242810e-01 4.524454288725474971e-04
2.458947850002004765e+06 9.938777840818524556e-01 4.525387740849619788e-04
2.458947856028070208e+06 9.944378666108435461e-01 4.526321193045896034e-04
2.458947862054135185e+06 9.947479280490859610e-01 4.527254645170041393e-04
2.458947868080200627e+06 9.947907392418399164e-01 4.527842052111759265e-04
2.458947874106265604e+06 9.945663001824891492e-01 4.528290584321229884e-04
2.458947880132330582e+06 9.943485065151879132e-01 4.528739116530699962e-04
2.458947886158396024e+06 9.944280083373194801e-01 4.529186988508802848e-04
2.458947892184461001e+06 9.948048692067611443e-01 4.529632945324254872e-04
2.458947898210526444e+06 9.954288546356374612e-01 4.530078902174167177e-04
2.458947904236591421e+06 9.960297044895903840e-01 4.530524858989618659e-04
2.458947910262656398e+06 9.965671961643324250e-01 4.531022931769799664e-04
2.458947916288721841e+06 9.970410666151360290e-01 4.531534103993628527e-04
2.458947922314786818e+06 9.973914753210062489e-01 4.532045276177956651e-04
2.458947928340852261e+06 9.975727155049899375e-01 4.532682532915061481e-04
2.458947934366917238e+06 9.975847871390763899e-01 4.533562483471928277e-04
2.458947940392982215e+06 9.974807065280087981e-01 4.534442434028795074e-04
2.458947946419047657e+06 9.974682950761614153e-01 4.535322384653659778e-04
2.458947952445112634e+06 9.975686337485355493e-01 4.536018818785865232e-04
2.458947958471178077e+06 9.977796672663690192e-01 4.536691326337776819e-04
2.458947964497243054e+06 9.979947513860965014e-01 4.537363833837721513e-04
2.458947970523308031e+06 9.981537623777201329e-01 4.537562441178965081e-04
2.458947976549373474e+06 9.982567002470278394e-01 4.537126204337208336e-04
2.458947982575438451e+06 9.983238582696041252e-01 4.536689967529161606e-04
2.458947988601503894e+06 9.984142872571827310e-01 4.536253730687404861e-04
2.458947994627568871e+06 9.985317572818339649e-01 4.536642835002493708e-04
2.458948000653633848e+06 9.986754632713804591e-01 4.537057305643905523e-04
2.458948006679699291e+06 9.988265530033016981e-01 4.537471776317345213e-04
2.458948012705764268e+06 9.989770901558671090e-01 4.538399103322596499e-04
2.458948018731829245e+06 9.991270747407733355e-01 4.539813404424900651e-04
2.458948024757894687e+06 9.992470907564835469e-01 4.541227705636494008e-04
2.458948030783959664e+06 9.992731422082138382e-01 4.542466892176288246e-04
2.458948036810025107e+06 9.992030047833796447e-01 4.540737563345194697e-04
2.458948042836090084e+06 9.990517386192266924e-01 4.539008234647735028e-04
2.458948048862155061e+06 9.990220792707725783e-01 4.537278905950274275e-04
2.458948054888220504e+06 9.991777689493244186e-01 4.537332986519639457e-04
2.458948060914285481e+06 9.995188076308201275e-01 4.538583626105999842e-04
2.458948066940350924e+06 9.998647108716931520e-01 4.539834265789003298e-04
2.458948072966415901e+06 9.999229311012886035e-01 4.540698289238657786e-04
2.458948078992480878e+06 9.996894275640283434e-01 4.539211379027680146e-04
2.458948085018546320e+06 9.992157124061957774e-01 4.537724468701803096e-04
2.458948091044611298e+06 9.989510290669315618e-01 4.536237558490825456e-04
2.458948097070676740e+06 9.989997755436195170e-01 4.536216299564486314e-04
2.458948103096741717e+06 9.993619518287257808e-01 4.536872191640587359e-04
2.458948109122806694e+06 9.997924917754922314e-01 4.537528083716688403e-04
2.458948115148872137e+06 1.000000000000000000e+00 4.537743118939860571e-04
2.458948121174937114e+06 9.999839416328015762e-01 4.536454762500490793e-04
2.458948127201002557e+06 9.997656342918156414e-01 4.535166405961564150e-04
2.458948133227067534e+06 9.994739453669089224e-01 4.533878049522194914e-04
2.458948139253132511e+06 9.991305138133842467e-01 4.532474813554230155e-04
2.458948145279197954e+06 9.987353796290937558e-01 4.531037167861182006e-04
2.458948151305262931e+06 9.983143616000573761e-01 4.529599522279226633e-04
2.458948157331328373e+06 9.978894826418913677e-01 4.528126828231731401e-04
2.458948163357393350e+06 9.974607428202603154e-01 4.526576945771346584e-04
2.458948169383458328e+06 9.970482330367018697e-01 4.525027063310962309e-04
2.458948175409523770e+06 9.967395953650154405e-01 4.523477180730811099e-04
2.458948181435588747e+06 9.965450535038541391e-01 4.522574412724741986e-04
2.458948187461654190e+06 9.964628726428582661e-01 4.521781360688966215e-04
2.458948193487719167e+06 9.963605177382093281e-01 4.520988308714473888e-04
2.458948199513784144e+06 9.961551419799327123e-01 4.520700320333358906e-04
2.458948205539849587e+06 9.958467453402165548e-01 4.521176932477633209e-04
2.458948211565914564e+06 9.954697124776639150e-01 4.521653544585077706e-04
2.458948217591980007e+06 9.951348283208398815e-01 4.522130156729352009e-04
2.458948223618044984e+06 9.948504969402113263e-01 4.520104155362327327e-04
2.458948229644109961e+06 9.946164699490731564e-01 4.517919980944209123e-04
2.458948235670175403e+06 9.944253709352212089e-01 4.515735806357309371e-04
2.458948241696240380e+06 9.942737659191913657e-01 4.514209888579895358e-04
2.458948247722305823e+06 9.941616548775533690e-01 4.513387676590873061e-04
2.458948253748370800e+06 9.940544444459233908e-01 4.512565464665387180e-04
2.458948259774435777e+06 9.938689097588092602e-01 4.511761572906491111e-04
2.458948265800501220e+06 9.936013960065078754e-01 4.511641942183626302e-04
2.458948271826566197e+06 9.932516058176866780e-01 4.511522311470005943e-04
2.458948277852631640e+06 9.928147728994437538e-01 4.511402680747141135e-04
2.458948283878696617e+06 9.922892382617237717e-01 4.510256388530163043e-04
2.458948289904761594e+06 9.916750018741973260e-01 4.508331912544696570e-04
2.458948295930827036e+06 9.910433204864513845e-01 4.506407436410517133e-04
2.458948301956892014e+06 9.905222313593261552e-01 4.504568347487716362e-04
2.458948307982957456e+06 9.901143113682566721e-01 4.503409009527336161e-04
2.458948314009022433e+06 9.898212804868381509e-01 4.502249671656543043e-04
2.458948320035087410e+06 9.896604069189032238e-01 4.501090333785750467e-04
2.458948326061152853e+06 9.896361550595510481e-01 4.499729856481993781e-04
2.458948332087217830e+06 9.897485249125296258e-01 4.498263134152445620e-04
2.458948338113283273e+06 9.898264316426025333e-01 4.496796411709557133e-04
2.458948344139348250e+06 9.896427921107348036e-01 4.495306713911501550e-04
2.458948350165413227e+06 9.891965053740658931e-01 4.493723434718268467e-04
2.458948356191478670e+06 9.885367255386287022e-01 4.492140155402688049e-04
2.458948362217543647e+06 9.879989278658358742e-01 4.490556876209455509e-04
2.458948368243609089e+06 9.876463757921526421e-01 4.489275829255737031e-04
2.458948374269674066e+06 9.874790495581188265e-01 4.488101039111384361e-04
2.458948380295739044e+06 9.873371639364768582e-01 4.486926248967031149e-04
2.458948386321804486e+06 9.870679136099010931e-01 4.485407230459218398e-04
2.458948392347869463e+06 9.866712986200040225e-01 4.483014533323849936e-04
2.458948398373934906e+06 9.861664770290847759e-01 4.480621836003587056e-04
2.458948404399999883e+06 9.856467101520703933e-01 4.478229138868218594e-04
