2.458792000000000000e+06 9.900595664886174818e-01 4.517403198424838865e-04
2.458792006026064977e+06 9.895023799263773512e-01 4.516105998080009775e-04
2.458792012052130420e+06 9.889865949094672759e-01 4.514749046992100182e-04
2.458792018078195397e+06 9.885156240222564561e-01 4.512714561429847625e-04
2.458792024104260840e+06 9.880894062838601055e-01 4.510680075710380875e-04
2.458792030130325817e+06 9.877072277262003430e-01 4.508645590148128318e-04
2.458792036156390794e+06 9.873688827594867545e-01 4.506882350597849829e-04
2.458792042182456236e+06 9.870743713626555227e-01 4.505282616681523223e-04
2.458792048208521213e+06 9.867666658933642587e-01 4.503682882888815180e-04
2.458792054234586656e+06 9.863612958823981813e-01 4.502075341762525962e-04
2.458792060260651633e+06 9.858574822257444303e-01 4.500428796209981629e-04
2.458792066286716610e+06 9.852830350471827314e-01 4.498782250657437295e-04
2.458792072312782053e+06 9.848540805786361041e-01 4.497135704977656416e-04
2.458792078338847030e+06 9.846163251466576449e-01 4.496381442160027808e-04
2.458792084364912473e+06 9.845697687145025245e-01 4.495992257117933477e-04
2.458792090390977450e+06 9.844338524721211181e-01 4.495603072105913288e-04
2.458792096417042427e+06 9.839062733059370514e-01 4.494954040660514567e-04
2.458792102443107869e+06 9.829869268093818224e-01 4.493535826826942415e-04
2.458792108469172847e+06 9.817965690211403196e-01 4.492117613102961961e-04
2.458792114495238289e+06 9.809945053825309680e-01 4.490699399269389267e-04
2.458792120521303266e+06 9.806804214982149936e-01 4.489304489409477305e-04
2.458792126547368243e+06 9.808525241668561989e-01 4.487915574535181673e-04
2.458792132573433686e+06 9.810591175930878372e-01 4.486526659553557615e-04
2.458792138599498663e+06 9.809504680904046481e-01 4.484977661554346261e-04
2.458792144625564106e+06 9.805265756420150636e-01 4.483115482922564975e-04
2.458792150651629083e+06 9.798580970764064757e-01 4.481253304434681711e-04
2.458792156677694060e+06 9.792255797836086906e-01 4.479391125946799532e-04
2.458792162703759503e+06 9.786579812976458070e-01 4.478836780960146632e-04
2.458792168729824480e+06 9.781544478333592529e-01 4.478458883898914287e-04
2.458792174755889922e+06 9.776688043084797997e-01 4.478080986808480042e-04
2.458792180781954899e+06 9.771747025268634479e-01 4.477229875291750859e-04
2.458792186808019876e+06 9.766721424513091776e-01 4.475735882923151908e-04
2.458792192834085319e+06 9.762205721343966136e-01 4.474241890439104941e-04
2.458792198860150296e+06 9.759949884573202450e-01 4.472747898070505448e-04
2.458792204886215739e+06 9.760067945146054802e-01 4.472029913042237714e-04
2.458792210912280716e+06 9.762395394973562013e-01 4.471338526573880577e-04
2.458792216938345693e+06 9.762983458298004624e-01 4.470647140105523439e-04
2.458792222964411136e+06 9.760151262635134994e-01 4.469901515685230603e-04
2.458792228990476113e+06 9.753898808422666322e-01 4.469103723778230911e-04
2.458792235016541556e+06 9.746210649595868913e-01 4.468305931809582400e-04
2.458792241042606533e+06 9.741450922710779281e-01 4.467578722158026673e-04
2.458792247068671510e+06 9.739775374659415119e-01 4.468122867378500882e-04
2.458792253094736952e+06 9.740875904115038342e-01 4.468667012641023705e-04
2.458792259120801929e+06 9.740532641343075948e-01 4.469211157861498456e-04
2.458792265146867372e+06 9.737404762628157906e-01 4.468542995709375021e-04
2.458792271172932349e+06 9.731492268453693084e-01 4.467051244329329107e-04
2.458792277198997326e+06 9.724989446138677662e-01 4.465559492949282652e-04
2.458792283225062769e+06 9.721489908716034467e-01 4.464235707726027839e-04
2.458792289251127746e+06 9.721045382664016410e-01 4.463958157143772137e-04
2.458792295277193189e+06 9.723349366661416804e-01 4.463680606540069290e-04
2.458792301303258166e+06 9.725693511766160260e-01 4.463403055957814130e-04
2.458792307329323143e+06 9.727441905796044841e-01 4.463327069077622751e-04
2.458792313355388585e+06 9.728594548817118826e-01 4.463345411984933546e-04
2.458792319381453563e+06 9.728715366702177514e-01 4.463363754890827288e-04
2.458792325407519005e+06 9.727280486792265757e-01 4.463158978709544779e-04
2.458792331433583982e+06 9.724288831439507064e-01 4.462181575702176863e-04
2.458792337459648959e+06 9.720067414286391871e-01 4.461204172694808946e-04
2.458792343485714402e+06 9.716614009983536304e-01 4.460226769611912254e-04
2.458792349511779379e+06 9.714267602039379224e-01 4.458618028560482776e-04
2.458792355537844822e+06 9.713027824157800527e-01 4.456817435618876978e-04
2.458792361563909799e+06 9.712627855086737316e-01 4.455016842816410640e-04
2.458792367589974776e+06 9.712837917895458251e-01 4.454243527539254992e-04
2.458792373616040219e+06 9.713658012670903785e-01 4.455758767916407855e-04
2.458792379642105196e+06 9.714992328962245294e-01 4.457274008176471763e-04
2.458792385668170638e+06 9.716419221635145265e-01 4.458789248553624626e-04
2.458792391694235615e+06 9.717888960665052034e-01 4.458894640556747323e-04
2.458792397720300592e+06 9.719397402566334332e-01 4.458756446262652183e-04
2.458792403746366035e+06 9.720617068880536005e-01 4.458618251957877652e-04
2.458792409772431012e+06 9.721341592815364585e-01 4.458811971602633442e-04
2.458792415798495989e+06 9.721570974484197158e-01 4.459512903022234357e-04
2.458792421824561432e+06 9.721582515435217564e-01 4.460213834495999844e-04
2.458792427850626409e+06 9.722276463555256099e-01 4.460914765915600759e-04
2.458792433876691852e+06 9.723721948029042661e-01 4.461959729314248575e-04
2.458792439902756829e+06 9.725897961933726021e-01 4.463027269861188028e-04
2.458792445928821806e+06 9.728169290954734594e-01 4.464094810408128565e-04
2.458792451954887249e+06 9.730238113456861626e-01 4.464575697600715182e-04
2.458792457980952226e+06 9.732104429120376210e-01 4.464424306374029810e-04
2.458792464007017668e+06 9.734027375288555328e-01 4.464272915135646439e-04
2.458792470033082645e+06 9.736634578828621267e-01 4.464167689066537775e-04
2.458792476059147622e+06 9.739954006749502735e-01 4.465927612076747970e-04
2.458792482085213065e+06 9.743854233968446410e-01 4.467687535222955066e-04
2.458792488111278042e+06 9.746204663031358129e-01 4.469447458233164719e-04
2.458792494137343485e+06 9.746258915566949899e-01 4.469954856768787043e-04
2.458792500163408462e+06 9.744016991566841757e-01 4.469505829062446977e-04
2.458792506189473439e+06 9.741742857249254817e-01 4.469056801356106911e-04
2.458792512215538882e+06 9.743529288412967615e-01 4.468955554320067536e-04
2.458792518241603859e+06 9.749460324801082489e-01 4.471671300508579371e-04
2.458792524267669301e+06 9.758989425942682372e-01 4.474387046906949379e-04
2.458792530293734279e+06 9.766584495017033296e-01 4.477102793095461214e-04
2.458792536319799256e+06 9.770806881453691917e-01 4.479345233231345398e-04
2.458792542345864698e+06 9.771656585188009947e-01 4.481335895216754812e-04
2.458792548371929675e+06 9.771373643739830195e-01 4.483326557048337622e-04
2.458792554397995118e+06 9.772948108221701791e-01 4.484834327466059195e-04
2.458792560424060095e+06 9.776395049018523631e-01 4.484356581906411617e-04
2.458792566450125072e+06 9.781540795892479379e-01 4.483878836346764040e-04
2.458792572476190515e+06 9.787192908078329312e-01 4.483401090750198837e-04
2.458792578502255492e+06 9.793125271511659014e-01 4.484475456728176791e-04
2.458792584528320935e+06 9.799337788269421035e-01 4.486099426558335865e-04
2.458792590554385912e+06 9.804808759934434681e-01 4.487723396263002874e-04
2.458792596580450889e+06 9.808555999883576959e-01 4.489256661824065232e-04
2.458792602606516331e+06 9.810579508206613841e-01 4.490558261275999388e-04
2.458792608632581308e+06 9.811389936929727495e-01 4.491859860627353735e-04
2.458792614658646751e+06 9.813484536833275707e-01 4.493161460079288434e-04
2.458792620684711728e+06 9.817197495301362986e-01 4.494597761009437998e-04
2.458792626710776705e+06 9.822519730032833740e-01 4.496062786526001443e-04
2.458792632736842148e+06 9.828287209589030571e-01 4.497527812155774568e-04
2.458792638762907125e+06 9.833688395045510067e-01 4.498987657863911757e-04
2.458792644788972568e+06 9.838723287237021164e-01 4.500438573564668142e-04
2.458792650815037545e+06 9.843348802702319711e-01 4.501889489153306097e-04
2.458792656841102522e+06 9.847410501155956508e-01 4.503340404741944052e-04
2.458792662867167965e+06 9.850894577295509213e-01 4.505357246821519693e-04
2.458792668893232942e+06 9.853821235500657139e-01 4.507430078233374952e-04
2.458792674919298384e+06 9.856986797299136516e-01 4.509502909805406987e-04
2.458792680945363361e+06 9.860802682096173610e-01 4.511081865886476679e-04
2.458792686971428338e+06 9.865268890111257294e-01 4.512064082869254845e-04
2.458792692997493781e+06 9.869762625988601767e-01 4.513046299927933125e-04
2.458792699023558758e+06 9.872622467375994360e-01 4.514028516910710749e-04
2.458792705049624201e+06 9.873758156273891862e-01 4.514108349342014375e-04
2.458792711075689178e+06 9.873337568189354263e-01 4.514184293954084785e-04
2.458792717101754155e+06 9.874634081341061576e-01 4.514260238566155195e-04
2.458792723127819598e+06 9.878911070270930406e-01 4.515656809138701190e-04
2.458792729153884575e+06 9.886168534317959500e-01 4.518184810282028824e-04
2.458792735179950017e+06 9.894478589213595576e-01 4.520712811620708005e-04
2.458792741206014995e+06 9.899998567562307006e-01 4.523070153347689276e-04
2.458792747232079972e+06 9.902622412211132819e-01 4.523502830137550814e-04
2.458792753258145414e+06 9.902701501262770600e-01 4.523935506960846979e-04
2.458792759284210391e+06 9.904346285059258959e-01 4.524368183750708517e-04
2.458792765310275834e+06 9.908738396230520884e-01 4.526701234220912467e-04
2.458792771336340811e+06 9.915877834097760468e-01 4.530177837462218420e-04
2.458792777362405788e+06 9.923348724267847532e-01 4.533654440703524914e-04
2.458792783388471231e+06 9.927577814315824423e-01 4.536384998416877570e-04
2.458792789414536208e+06 9.928532381218354574e-01 4.535399212452330213e-04
2.458792795440601651e+06 9.926852427826535763e-01 4.534413426411606812e-04
2.458792801466666628e+06 9.927502845228699524e-01 4.533427640447059456e-04
2.458792807492731605e+06 9.931532016248038053e-01 4.534930055665685445e-04
2.458792813518797047e+06 9.938939941587542348e-01 4.537448511995876600e-04
2.458792819544862024e+06 9.946556778739593652e-01 4.539966968131454550e-04
2.458792825570927467e+06 9.950972417482358834e-01 4.541726881908073206e-04
2.458792831596992444e+06 9.952185729536389136e-01 4.541246231363264786e-04
2.458792837623057421e+06 9.951117709615344697e-01 4.540765580818455823e-04
2.458792843649122864e+06 9.952788894095239147e-01 4.540284930236504805e-04
2.458792849675187841e+06 9.957957099880405671e-01 4.541776015120016106e-04
2.458792855701253284e+06 9.966606535748140372e-01 4.543773068073274314e-04
2.458792861727318261e+06 9.974804638616459052e-01 4.545770120872211521e-04
2.458792867753383238e+06 9.979511109295218230e-01 4.547172956563865160e-04
2.458792873779448681e+06 9.980725947743390725e-01 4.547415398344192882e-04
2.458792879805513658e+06 9.979252641010937230e-01 4.547657840105786132e-04
2.458792885831579100e+06 9.978276851322616103e-01 4.547900281886113854e-04
2.458792891857644077e+06 9.978126751730523880e-01 4.548583917902080114e-04
2.458792897883709054e+06 9.978797431137739204e-01 4.549326847107153867e-04
2.458792903909774497e+06 9.980024609411053405e-01 4.550069776369637751e-04
2.458792909935839474e+06 9.981657695714754031e-01 4.550891116072848758e-04
2.458792915961904917e+06 9.983696690301232524e-01 4.551818802405859106e-04
2.458792921987969894e+06 9.985892227179457015e-01 4.552746488667183092e-04
2.458792928014034871e+06 9.987511272967259934e-01 4.553674174928507077e-04
2.458792934040100314e+06 9.988506178710311323e-01 4.554151154052945086e-04
2.458792940066165291e+06 9.988881650412250179e-01 4.554612880694417767e-04
2.458792946092230733e+06 9.988750303036346700e-01 4.555074607371571000e-04
2.458792952118295711e+06 9.988160007162629750e-01 4.555259508409830707e-04
2.458792958144360688e+06 9.987110762798676600e-01 4.555178583823198232e-04
2.458792964170426130e+06 9.986084524023948195e-01 4.555097659230312622e-04
2.458792970196491107e+06 9.986139668267991487e-01 4.555068659830945857e-04
2.458792976222556550e+06 9.987313839547927730e-01 4.555967379309681822e-04
2.458792982248621527e+06 9.989458113317736254e-01 4.556866098718970843e-04
2.458792988274686504e+06 9.990537475832020897e-01 4.557764818128259322e-04
2.458792994300751947e+06 9.989906227276328377e-01 4.556772788786057904e-04
2.458793000326816924e+06 9.987564367748215099e-01 4.554498434454430688e-04
2.458793006352882367e+06 9.985345437221712084e-01 4.552224079947053757e-04
2.458793012378947344e+06 9.986247975659930942e-01 4.550444223994399044e-04
2.458793018405012321e+06 9.990314900677322862e-01 4.551734037405956034e-04
2.458793024431077763e+06 9.996874290866817336e-01 4.553023850917183187e-04
2.458793030457142740e+06 1.000000000000000000e+00 4.554313664328740719e-04
2.458793036483208183e+06 9.998302641171317173e-01 4.555622147054165451e-04
2.458793042509273160e+06 9.991782214643097904e-01 4.556939350325813799e-04
2.458793048535338137e+06 9.984059199676530438e-01 4.558256553597462147e-04
2.458793054561403580e+06 9.979476368340728376e-01 4.558978027785680971e-04
2.458793060587468557e+06 9.978042509700826290e-01 4.557641402613241436e-04
2.458793066613534000e+06 9.979160507116704437e-01 4.556304777337513755e-04
2.458793072639598977e+06 9.979188455266905233e-01 4.554968152165073678e-04
2.458793078665663954e+06 9.977509394109151941e-01 4.552720065839377687e-04
2.458793084691729397e+06 9.974125588236700812e-01 4.550195633539250617e-04
2.458793090717794374e+06 9.970655174262391673e-01 4.547671201434198623e-04
2.458793096743859816e+06 9.968489479192431668e-01 4.546033010319949969e-04
2.458793102769924793e+06 9.967628503361525283e-01 4.546365423614533445e-04
2.458793108795989770e+06 9.967685542034493418e-01 4.546697836909116379e-04
2.458793114822055213e+06 9.966961303870035538e-01 4.547030250229386773e-04
2.458793120848120190e+06 9.965255742052199217e-01 4.546537352010308723e-04
2.458793126874185633e+06 9.962582408173042969e-01 4.545902322205006376e-04
2.458793132900250610e+06 9.960005886309587497e-01 4.545267292448775562e-04
2.458793138926315587e+06 9.958196083690915579e-01 4.544776042793201645e-04
2.458793144952381030e+06 9.957153000266044662e-01 4.544504136161105060e-04
2.458793150978446007e+06 9.956255683407567725e-01 4.544232229550019772e-04
2.458793157004511449e+06 9.953491071682608604e-01 4.543960322917923729e-04
2.458793163030576427e+06 9.948704933120130489e-01 4.542478055399005337e-04
2.458793169056641404e+06 9.941973150853862240e-01 4.540916916408290274e-04
2.458793175082706846e+06 9.935582272537155646e-01 4.539355777296938746e-04
2.458793181108771823e+06 9.930602869896467677e-01 4.537400113706664554e-04
2.458793187134837266e+06 9.927034942162239473e-01 4.535019934680831156e-04
2.458793193160902243e+06 9.924657640073641929e-01 4.532639755838924526e-04
2.458793199186967220e+06 9.922936805209336963e-01 4.530313395324483332e-04
2.458793205213032663e+06 9.921848706701742460e-01 4.530124488279056467e-04
2.458793211239097640e+06 9.921266675303666016e-01 4.529935581248226758e-04
2.458793217265162617e+06 9.919142373684629588e-01 4.529746674217398133e-04
2.458793223291228060e+06 9.914759235773922263e-01 4.528263323419778083e-04
2.458793229317293037e+06 9.908117262248959944e-01 4.525793173037451732e-04
2.458793235343358479e+06 9.901063476037120781e-01 4.523323022464245083e-04
2.458793241369423456e+06 9.896932227184253028e-01 4.521226245281619927e-04
2.458793247395488434e+06 9.895791667002600267e-01 4.522141232587358907e-04
2.458793253421553876e+06 9.897149359243609945e-01 4.523056219963803048e-04
2.458793259447618853e+06 9.896030820260468541e-01 4.523971207269541486e-04
2.458793265473684296e+06 9.891144277376694438e-01 4.521959367801111273e-04
2.458793271499749273e+06 9.882489731347493533e-01 4.518393374016417227e-04
2.458793277525814250e+06 9.873061781547352034e-01 4.514827380231722638e-04
2.458793283551879693e+06 9.866851753223381261e-01 4.511923707128754897e-04
2.458793289577944670e+06 9.863879561543275054e-01 4.511736294090261173e-04
2.458793295604010113e+06 9.863683160374937531e-01 4.511548881037284677e-04
2.458793301630075090e+06 9.863095490135851406e-01 4.511361467998790953e-04
2.458793307656140067e+06 9.861516943293333615e-01 4.510422103618638560e-04
2.458793313682205509e+06 9.858947552609170772e-01 4.509217032681089648e-04
2.458793319708270486e+06 9.855702377957419325e-01 4.508011961836662861e-04
2.458793325734335929e+06 9.852083809865527231e-01 4.506950487190268940e-04
2.458793331760400906e+06 9.848091848892742695e-01 4.506255033758230829e-04
2.458793337786465883e+06 9.843715367281966611e-01 4.505559580326192175e-04
2.458793343812531326e+06 9.838900030766243310e-01 4.504864126840413957e-04
2.458793349838596303e+06 9.833638581797481404e-01 4.502875817987015078e-04
2.458793355864661746e+06 9.827937573665388449e-01 4.500612585423437563e-04
2.458793361890726723e+06 9.822630380353106760e-01 4.498349353034749990e-04
2.458793367916791700e+06 9.818297164459843795e-01 4.496837810455286380e-04
2.458793373942857143e+06 9.814937925763643767e-01 4.496619936556232942e-04
2.458793379968922120e+06 9.812448829470856726e-01 4.496402062674016080e-04
2.458793385994987562e+06 9.810458181912665721e-01 4.496184188774962100e-04
2.458793392021052539e+06 9.808932827033228774e-01 4.495027771044292071e-04
2.458793398047117516e+06 9.807839396108581909e-01 4.493778959423294314e-04
2.458793404073182959e+06 9.805868106787618554e-01 4.492530147705797142e-04
2.458793410099247936e+06 9.802343200178282867e-01 4.491821098552123393e-04
2.458793416125313379e+06 9.797264675735801731e-01 4.491763164844870247e-04
2.458793422151378356e+06 9.791415468190803884e-01 4.491705231142094313e-04
2.458793428177443333e+06 9.786881312941390076e-01 4.491647297439317838e-04
2.458793434203508776e+06 9.783775215418578641e-01 4.488997350038629480e-04
2.458793440229573753e+06 9.782037641762133529e-01 4.486337296685796120e-04
2.458793446255639195e+06 9.780510948858320841e-01 4.483677243127409413e-04
2.458793452281704172e+06 9.778748956028386896e-01 4.482297743998749757e-04
2.458793458307769150e+06 9.776751663163451012e-01 4.482013553456764003e-04
2.458793464333834592e+06 9.774582310476516156e-01 4.481729362892817735e-04
2.458793470359899569e+06 9.772366774511690446e-01 4.481484148450846005e-04
2.458793476385965012e+06 9.770108515626241275e-01 4.481676126480754665e-04
2.458793482412029989e+06 9.767786555533726212e-01 4.481868104495828186e-04
2.458793488438094966e+06 9.765156007756354839e-01 4.482060082510902791e-04
2.458793494464160409e+06 9.762146574307144498e-01 4.481393241064895441e-04
2.458793500490225386e+06 9.758758255651199809e-01 4.480210497132857870e-04
2.458793506516290829e+06 9.755534957763400961e-01 4.479027753109424766e-04
2.458793512542355806e+06 9.753279994523675889e-01 4.477730474407064167e-04
2.458793518568420783e+06 9.752000668866166455e-01 4.475864311981245496e-04
2.458793524594486225e+06 9.751677108090158752e-01 4.473998149411218721e-04
2.458793530620551202e+06 9.752155422041696164e-01 4.472131986985398966e-04
2.458793536646616645e+06 9.753403164545855208e-01 4.471806182680211823e-04
2.458793542672681622e+06 9.755420335409797916e-01 4.472108135131071618e-04
2.458793548698746599e+06 9.756405784569848194e-01 4.472410087581931413e-04
2.458793554724812042e+06 9.754424896980170567e-01 4.472393851378312865e-04
2.458793560750877019e+06 9.749477060501170467e-01 4.471439771273136299e-04
2.458793566776942462e+06 9.742598189429403366e-01 4.470485691094233443e-04
2.458793572803007439e+06 9.739426402780706482e-01 4.469531610989056335e-04
2.458793578829072416e+06 9.740811308873901231e-01 4.472452961743907628e-04
2.458793584855137859e+06 9.746733618854948045e-01 4.476366308881759106e-04
2.458793590881202836e+06 9.752444277211635981e-01 4.480279655717208710e-04
2.458793596907268278e+06 9.754277221857786673e-01 4.481617221900054235e-04
2.458793602933333255e+06 9.752232452510122274e-01 4.477933866797180170e-04
2.458793608959398232e+06 9.747428420741128807e-01 4.474250511694306646e-04
2.458793614985463675e+06 9.744293134866098827e-01 4.470567156306802406e-04
2.458793621011528652e+06 9.743281856826606635e-01 4.470988574222600309e-04
2.458793627037594095e+06 9.744372216255133834e-01 4.471959503316363048e-04
2.458793633063659072e+06 9.746366200820071324e-01 4.472930432335098455e-04
2.458793639089724049e+06 9.748582123691685863e-01 4.473635054138388112e-04
2.458793645115789492e+06 9.751019985066935458e-01 4.473979087392251854e-04
2.458793651141854469e+06 9.753580304479185781e-01 4.474323120619529874e-04
2.458793657167919911e+06 9.755971056698877764e-01 4.474667153873393075e-04
2.458793663193984888e+06 9.758173305264854491e-01 4.475937716359929311e-04
2.458793669220049866e+06 9.760183802606458014e-01 4.477239232682615083e-04
2.458793675246115308e+06 9.761925071245844965e-01 4.478540749105875242e-04
2.458793681272180285e+06 9.763364221808310539e-01 4.478885573428784106e-04
2.458793687298245728e+06 9.764501254516270157e-01 4.478313208333816603e-04
2.458793693324310705e+06 9.765580581898007928e-01 4.477740843283078043e-04
2.458793699350375682e+06 9.767138199274337795e-01 4.477252083032393494e-04
2.458793705376441125e+06 9.769193106770911461e-01 4.478245090014594033e-04
2.458793711402506102e+06 9.771662847636792826e-01 4.479238096920060705e-04
2.458793717428571545e+06 9.773423260102387378e-01 4.480231103902261244e-04
2.458793723454636522e+06 9.774118150518453785e-01 4.480485460767168215e-04
2.458793729480701499e+06 9.773747519062191413e-01 4.480239699033520531e-04
2.458793735506766941e+06 9.773360559386141677e-01 4.479993937280881420e-04
2.458793741532831918e+06 9.774670676015432269e-01 4.479944359719912087e-04
2.458793747558897361e+06 9.777702255465914316e-01 4.481108511837293392e-04
2.458793753584962338e+06 9.782279043269679342e-01 4.482272663864714647e-04
2.458793759611027315e+06 9.786849443882300603e-01 4.483436815892135902e-04
2.458793765637092758e+06 9.791050219712821301e-01 4.484931212937027871e-04
2.458793771663157735e+06 9.794881370112012986e-01 4.486579584443359248e-04
2.458793777689223178e+06 9.798244581930479757e-01 4.488227956077068116e-04
2.458793783715288155e+06 9.801022106461965144e-01 4.489571430927095474e-04
2.458793789741353132e+06 9.803213709634602813e-01 4.489864004419533193e-04
2.458793795767418575e+06 9.804885548494091108e-01 4.490156577934579780e-04
2.458793801793483552e+06 9.806440468761282725e-01 4.490449151427017499e-04
2.458793807819548994e+06 9.807946605452888544e-01 4.491058301323374810e-04
2.458793813845613971e+06 9.809405360621888947e-01 4.491763216691112390e-04
2.458793819871678948e+06 9.811798697135425407e-01 4.492468132058850512e-04
2.458793825897744391e+06 9.815969645132252008e-01 4.494066888338711955e-04
2.458793831923809368e+06 9.821918203967749950e-01 4.497649398878882879e-04
2.458793837949874811e+06 9.829076973268793260e-01 4.501231909695890192e-04
2.458793843975939788e+06 9.834956309672649999e-01 4.504814420236061116e-04
2.458793850002004765e+06 9.839263663676701688e-01 4.505055655776113530e-04
2.458793856028070208e+06 9.842010116663046926e-01 4.504723325462852064e-04
2.458793862054135185e+06 9.844060979245732312e-01 4.504390995175271552e-04
2.458793868080200627e+06 9.845959990558149633e-01 4.504258912225857052e-04
2.458793874106265604e+06 9.847707150306808099e-01 4.504431800335005555e-04
2.458793880132330582e+06 9.849507883758186200e-01 4.504604688444154058e-04
2.458793886158396024e+06 9.852027227141533228e-01 4.504777576566662643e-04
2.458793892184461001e+06 9.855316018273456713e-01 4.506173351134895285e-04
2.458793898210526444e+06 9.859343965953769606e-01 4.507648253649044427e-04
2.458793904236591421e+06 9.863201482164875022e-01 4.509123156049221694e-04
2.458793910262656398e+06 9.866463279353283600e-01 4.510542839551520298e-04
2.458793916288721841e+06 9.869129357701997840e-01 4.511903202647012828e-04
2.458793922314786818e+06 9.871628845081751313e-01 4.513263565637384367e-04
2.458793928340852261e+06 9.874998232171090518e-01 4.514666035679382270e-04
2.458793934366917238e+06 9.879283429417117235e-01 4.517713115978497988e-04
2.458793940392982215e+06 9.884424854285900341e-01 4.520760196277614248e-04
2.458793946419047657e+06 9.889461408427372424e-01 4.523807276812192115e-04
2.458793952445112634e+06 9.894057335046226864e-01 4.525677571926071366e-04
2.458793958471178077e+06 9.898212634852761038e-01 4.526652235979175152e-04
2.458793964497243054e+06 9.901687083717140014e-01 4.527626899956962124e-04
2.458793970523308031e+06 9.904047620622715709e-01 4.528374295388342308e-04
2.458793976549373474e+06 9.905285434588179116e-01 4.527295964885499273e-04
2.458793982575438451e+06 9.905597768837478556e-01 4.526217634465984222e-04
2.458793988601503894e+06 9.906973188568601874e-01 4.525139303963141187e-04
2.458793994627568871e+06 9.909927343681573797e-01 4.526499439554221922e-04
2.458794000653633848e+06 9.914460234221680324e-01 4.529152105885659771e-04
2.458794006679699291e+06 9.918698268614918323e-01 4.531804772422081220e-04
2.458794012705764268e+06 9.920147920762126814e-01 4.533576762847846731e-04
2.458794018731829245e+06 9.918796875205705410e-01 4.531746207280266318e-04
2.458794024757894687e+06 9.915359213729297849e-01 4.529915651571230590e-04
2.458794030783959664e+06 9.914721306795818423e-01 4.528085096003650720e-04
2.458794036810025107e+06 9.917806841050784694e-01 4.529453287803145048e-04
2.458794042836090084e+06 9.924615423851361751e-01 4.531949416885387499e-04
2.458794048862155061e+06 9.931675639964636648e-01 4.534445545967630492e-04
2.458794054888220504e+06 9.935660941140670444e-01 4.536077555003239993e-04
2.458794060914285481e+06 9.936571326763536938e-01 4.535511331933509424e-04
2.458794066940350924e+06 9.935220377414467618e-01 4.534945108820024793e-04
2.458794072966415901e+06 9.935574681938483810e-01 4.534378885750294766e-04
2.458794078992480878e+06 9.938163200512476481e-01 4.534862640224576660e-04
2.458794085018546320e+06 9.942962715586965983e-01 4.535569049639203484e-04
2.458794091044611298e+06 9.947043946825607774e-01 4.536275458999243439e-04
2.458794097070676740e+06 9.948370583179847459e-01 4.537143956570478961e-04
2.458794103096741717e+06 9.946942624444651271e-01 4.538290927634770701e-04
2.458794109122806694e+06 9.943948443247473401e-01 4.539437898699062984e-04
2.458794115148872137e+06 9.943635984751054702e-01 4.540584869851986083e-04
2.458794121174937114e+06 9.946383394858253624e-01 4.541089439434062920e-04
2.458794127201002557e+06 9.952099861383004731e-01 4.541531080182648517e-04
2.458794133227067534e+06 9.957235124758119227e-01 4.541972720897106681e-04
2.458794139253132511e+06 9.959960012602940838e-01 4.542379156327562150e-04
2.458794145279197954e+06 9.960274524848640176e-01 4.542743192479900311e-04
2.458794151305262931e+06 9.958928998303188118e-01 4.543107228604108846e-04
2.458794157331328373e+06 9.957919598319181498e-01 4.543471264756447549e-04
2.458794163357393350e+06 9.957354190012628337e-01 4.542364293213897513e-04
2.458794169383458328e+06 9.957172134836081989e-01 4.541252181969202147e-04
2.458794175409523770e+06 9.956197539086754089e-01 4.540140070638569122e-04
2.458794181435588747e+06 9.953977806225485780e-01 4.539338923908253038e-04
2.458794187461654190e+06 9.950512935909220369e-01 4.538803327638637575e-04
2.458794193487719167e+06 9.946985142522274392e-01 4.538267731410409902e-04
2.458794199513784144e+06 9.945744323053435920e-01 4.537954229005768635e-04
2.458794205539849587e+06 9.946854834171325876e-01 4.540118691971681665e-04
2.458794211565914564e+06 9.950036108404493040e-01 4.542283154770335911e-04
2.458794217591980007e+06 9.952019951705611822e-01 4.544447617736247858e-04
2.458794223618044984e+06 9.951869502832844105e-01 4.543993651965115652e-04
2.458794229644109961e+06 9.949584762021959072e-01 4.541969458440551772e-04
2.458794235670175403e+06 9.946199363343518618e-01 4.539945264759568961e-04
2.458794241696240380e+06 9.943237731272065449e-01 4.538156210802096052e-04
2.458794247722305823e+06 9.940713624911952095e-01 4.537531721999599568e-04
2.458794253748370800e+06 9.938616255421537371e-01 4.536907233245360380e-04
2.458794259774435777e+06 9.936862220025054482e-01 4.536282744491120650e-04
2.458794265800501220e+06 9.935433960298284406e-01 4.535774841927533128e-04
2.458794271826566197e+06 9.934331476461961685e-01 4.535314360310579041e-04
2.458794277852631640e+06 9.933053389437030978e-01 4.534853878658040897e-04
2.458794283878696617e+06 9.931062010100091264e-01 4.534156541741054917e-04
2.458794289904761594e+06 9.928357175497922738e-01 4.532762563955051571e-04
2.458794295930827036e+06 9.925164102747442429e-01 4.531368586061328943e-04
2.458794301956892014e+06 9.922706668035150557e-01 4.529974608275325054e-04
2.458794307982957456e+06 9.921168991058690878e-01 4.529077501749960216e-04
2.458794314009022433e+06 9.920545996330507599e-01 4.528307265753237095e-04
2.458794320035087410e+06 9.919601961148948321e-01 4.527537029756514516e-04
2.458794326061152853e+06 9.917384367092938469e-01 4.527400828213082209e-04
2.458794332087217830e+06 9.913893214505211660e-01 4.528498331533375673e-04
2.458794338113283273e+06 9.909544677039848759e-01 4.529595834938478140e-04
2.458794344139348250e+06 9.905984052919897254e-01 4.530693338258771062e-04
2.458794350165413227e+06 9.903380173972473610e-01 4.527998742548397862e-04
2.458794356191478670e+06 9.901710231191689360e-01 4.524798444934539964e-04
2.458794362217543647e+06 9.899758534495265438e-01 4.521598147567983160e-04
2.458794368243609089e+06 9.896834295600851483e-01 4.519402286715825507e-04
2.458794374269674066e+06 9.892937514960379319e-01 4.518564240052813435e-04
2.458794380295739044e+06 9.888399466112960390e-01 4.517726193389802448e-04
2.458794386321804486e+06 9.884191277317982971e-01 4.516888146662030980e-04
2.458794392347869463e+06 9.880375769126635843e-01 4.514930429163352215e-04
2.458794398373934906e+06 9.876957808029794839e-01 4.512935783376324133e-04
2.458794404399999883e+06 9.874053149871876434e-01 4.510941137743430568e-04
