2.458947000000000000e+06 9.964047047232816867e-01 4.550550579485504172e-04
2.458947006026064977e+06 9.961607213275008865e-01 4.548878314301204543e-04
2.458947012052130420e+06 9.961038496201327641e-01 4.548935842685715631e-04
2.458947018078195397e+06 9.962340896099670662e-01 4.551522956250238726e-04
2.458947024104260840e+06 9.964270270233248628e-01 4.554110070014679486e-04
2.458947030130325817e+06 9.962931587670238454e-01 4.556697183579202582e-04
2.458947036156390794e+06 9.958042927504296982e-01 4.552935621484748029e-04
2.458947042182456236e+06 9.949732856248080237e-01 4.548832012596319544e-04
2.458947048208521213e+06 9.941561759746437854e-01 4.544728404024994716e-04
2.458947054234586656e+06 9.935140887060739390e-01 4.541663546320813928e-04
2.458947060260651633e+06 9.930470239183325498e-01 4.539672762391374662e-04
2.458947066286716610e+06 9.927125002317281899e-01 4.537681978461935396e-04
2.458947072312782053e+06 9.924111637428858490e-01 4.535752426195150885e-04
2.458947078338847030e+06 9.921389168313214935e-01 4.535541409583384817e-04
2.458947084364912473e+06 9.918977840014188141e-01 4.535330392955312347e-04
2.458947090390977450e+06 9.917186094970849020e-01 4.535119376343546278e-04
2.458947096417042427e+06 9.916118279722415663e-01 4.533691734616880089e-04
2.458947102443107869e+06 9.915774394270281400e-01 4.531372794850056633e-04
2.458947108469172847e+06 9.914938057508886349e-01 4.529053855262428485e-04
2.458947114495238289e+06 9.911485731922223819e-01 4.526720069795786366e-04
2.458947120521303266e+06 9.905378669338883446e-01 4.524277344930274715e-04
2.458947126547368243e+06 9.897053137651363741e-01 4.521834620064762522e-04
2.458947132573433686e+06 9.890715454865359746e-01 4.519391895010490190e-04
2.458947138599498663e+06 9.887421209677155209e-01 4.517910428981794730e-04
2.458947144625564106e+06 9.887170401577629608e-01 4.516918235487145709e-04
2.458947150651629083e+06 9.887196660281235561e-01 4.515926042069167670e-04
2.458947156677694060e+06 9.883938868991677396e-01 4.514508338820737935e-04
2.458947162703759503e+06 9.877383247531321686e-01 4.511445108599293941e-04
2.458947168729824480e+06 9.868229119325980792e-01 4.508381878614558928e-04
2.458947174755889922e+06 9.861086626004317290e-01 4.505318648393114391e-04
2.458947180781954899e+06 9.856797560029176841e-01 4.504447934056888441e-04
2.458947186808019876e+06 9.855361202573170720e-01 4.504315010218840802e-04
2.458947192834085319e+06 9.854836682983605378e-01 4.504182086370522517e-04
2.458947198860150296e+06 9.853427524516249481e-01 4.503570513974445937e-04
2.458947204886215739e+06 9.851133726953317238e-01 4.501792657463442966e-04
2.458947210912280716e+06 9.848045999213707047e-01 4.500014801089823589e-04
2.458947216938345693e+06 9.844592341778856115e-01 4.498236944716203669e-04
2.458947222964411136e+06 9.840827687515344424e-01 4.496634745631579162e-04
2.458947228990476113e+06 9.836749221211837924e-01 4.495067573616030811e-04
2.458947235016541556e+06 9.832054227642437194e-01 4.493500401479379788e-04
2.458947241042606533e+06 9.826538682944303549e-01 4.491810801671303069e-04
2.458947247068671510e+06 9.820202586786340726e-01 4.489918464724199196e-04
2.458947253094736952e+06 9.813548476786720931e-01 4.488026127630866807e-04
2.458947259120801929e+06 9.808319776397601553e-01 4.486133790683762934e-04
2.458947265146867372e+06 9.804664913714987717e-01 4.485498707819759491e-04
2.458947271172932349e+06 9.802583889303735365e-01 4.484974032525358137e-04
2.458947277198997326e+06 9.802076702820609055e-01 4.484449357230957324e-04
2.458947283225062769e+06 9.802854432054259881e-01 4.483924681896012229e-04
2.458947289251127746e+06 9.802890860089850111e-01 4.483400006601610875e-04
2.458947295277193189e+06 9.801794301847042146e-01 4.482875331266665238e-04
2.458947301303258166e+06 9.799564757495307088e-01 4.482345787125108466e-04
2.458947307329323143e+06 9.796202226993685480e-01 4.480806487645039304e-04
2.458947313355388585e+06 9.791706709951012444e-01 4.479267188046021238e-04
2.458947319381453563e+06 9.786078207062066658e-01 4.477727888565951535e-04
2.458947325407519005e+06 9.779759056716138543e-01 4.476188588966933469e-04
2.458947331433583982e+06 9.774955582500263196e-01 4.474649289486863765e-04
2.458947337459648959e+06 9.771969785117468055e-01 4.473109990006794603e-04
2.458947343485714402e+06 9.770801664547719145e-01 4.471681474386246893e-04
2.458947349511779379e+06 9.771451220971546503e-01 4.471368688007807172e-04
2.458947355537844822e+06 9.773599547405371624e-01 4.471055901605197331e-04
2.458947361563909799e+06 9.773683557422931933e-01 4.470743115226757068e-04
2.458947367589974776e+06 9.770710145888132914e-01 4.469021934068591567e-04
2.458947373616040219e+06 9.764679312216815177e-01 4.466484501165167149e-04
2.458947379642105196e+06 9.758300076474770712e-01 4.463947068457821236e-04
2.458947385668170638e+06 9.755456205684803761e-01 4.461972759441596229e-04
2.458947391694235615e+06 9.756177922042630346e-01 4.462637627789724920e-04
2.458947397720300592e+06 9.759890842861486115e-01 4.463302496137853612e-04
2.458947403746366035e+06 9.762303430436095608e-01 4.463967364537359392e-04
2.458947409772431012e+06 9.762538230438737585e-01 4.463729024900345288e-04
2.458947415798495989e+06 9.760595243139986721e-01 4.463137015436035855e-04
2.458947421824561432e+06 9.758021662497108339e-01 4.462545005925979595e-04
2.458947427850626409e+06 9.756427394112264784e-01 4.462038550997565701e-04
2.458947433876691852e+06 9.755812595802644260e-01 4.461773866420097709e-04
2.458947439902756829e+06 9.756085818877995308e-01 4.461509181863082107e-04
2.458947445928821806e+06 9.756764459962452563e-01 4.461244497306067589e-04
2.458947451954887249e+06 9.757778178279816750e-01 4.461745205063325078e-04
2.458947457980952226e+06 9.759120988417319120e-01 4.462432338121121171e-04
2.458947464007017668e+06 9.759596875726793686e-01 4.463119471232015524e-04
2.458947470033082645e+06 9.758308890218765352e-01 4.463060984844318649e-04
2.458947476059147622e+06 9.755257031998161299e-01 4.461598739809867660e-04
2.458947482085213065e+06 9.751015494346298995e-01 4.460136494662421663e-04
2.458947488111278042e+06 9.747795333329581924e-01 4.458674249627970674e-04
2.458947494137343485e+06 9.745815411860265787e-01 4.459695039113021156e-04
2.458947500163408462e+06 9.745072541941067756e-01 4.461023778791505835e-04
2.458947506189473439e+06 9.745410570496697567e-01 4.462352518469991057e-04
2.458947512215538882e+06 9.746742970876454137e-01 4.463028254328700421e-04
2.458947518241603859e+06 9.749069742874417743e-01 4.462846896399593681e-04
2.458947524267669301e+06 9.752146667277560299e-01 4.462665538456472543e-04
2.458947530293734279e+06 9.755275155039597745e-01 4.462484180527365261e-04
2.458947536319799256e+06 9.758411952392213040e-01 4.464636488908632671e-04
2.458947542345864698e+06 9.761530299304215230e-01 4.466848175144937441e-04
2.458947548371929675e+06 9.764026489940387243e-01 4.469059861210335086e-04
2.458947554397995118e+06 9.765650661409949196e-01 4.470252556084641738e-04
2.458947560424060095e+06 9.766402813461885213e-01 4.470496886659840836e-04
2.458947566450125072e+06 9.766644093691676520e-01 4.470741217235039392e-04
2.458947572476190515e+06 9.767146930326208176e-01 4.471084330597682645e-04
2.458947578502255492e+06 9.767937049042698661e-01 4.472955731622475415e-04
2.458947584528320935e+06 9.769120591862578973e-01 4.474827132791879070e-04
2.458947590554385912e+06 9.772086929344064865e-01 4.476698533816671839e-04
2.458947596580450889e+06 9.777265398833948629e-01 4.477020460807552772e-04
2.458947602606516331e+06 9.784656000988803948e-01 4.476324272323152259e-04
2.458947608632581308e+06 9.792294835595474201e-01 4.475628083892549316e-04
2.458947614658646751e+06 9.797054105691050951e-01 4.475307625743232603e-04
2.458947620684711728e+06 9.798893624833685534e-01 4.477180771351103091e-04
2.458947626710776705e+06 9.798273427903564370e-01 4.479053916958973037e-04
2.458947632736842148e+06 9.799114329941286394e-01 4.480927062711589936e-04
2.458947638762907125e+06 9.802310973553214346e-01 4.481226217486029774e-04
2.458947644788972568e+06 9.807863359233388589e-01 4.480814901363210914e-04
2.458947650815037545e+06 9.813957482020316814e-01 4.480403585272175440e-04
2.458947656841102522e+06 9.818476904691650908e-01 4.480147765031729560e-04
2.458947662867167965e+06 9.821418540042049505e-01 4.480407381847540185e-04
2.458947668893232942e+06 9.823094599372240721e-01 4.480666998643289818e-04
2.458947674919298384e+06 9.825355008580936023e-01 4.480926615459100443e-04
2.458947680945363361e+06 9.828504229824723826e-01 4.482540443807439610e-04
2.458947686971428338e+06 9.832539791703172050e-01 4.484548507029857429e-04
2.458947692997493781e+06 9.836186026749895728e-01 4.486556570407447347e-04
2.458947699023558758e+06 9.838375219212499578e-01 4.487866589652484794e-04
2.458947705049624201e+06 9.839107369429321848e-01 4.487674597829147388e-04
2.458947711075689178e+06 9.838994607638127388e-01 4.487482606020646203e-04
2.458947717101754155e+06 9.840658864619489243e-01 4.487290614212145561e-04
2.458947723127819598e+06 9.844399020138953071e-01 4.489206052738699292e-04
2.458947729153884575e+06 9.850194905872506901e-01 4.491464427989949929e-04
2.458947735179950017e+06 9.856612384494355394e-01 4.493722803415715916e-04
2.458947741206014995e+06 9.862770618632845654e-01 4.495894874276035636e-04
2.458947747232079972e+06 9.868669608793900760e-01 4.497938992987667831e-04
2.458947753258145414e+06 9.873688912779725602e-01 4.499983111857259067e-04
2.458947759284210391e+06 9.875863841356262718e-01 4.502027230568892346e-04
2.458947765310275834e+06 9.875049495113585873e-01 4.501825997011060830e-04
2.458947771336340811e+06 9.871459750136850619e-01 4.501495515236904354e-04
2.458947777362405788e+06 9.871182486598870653e-01 4.501165033462747878e-04
2.458947783388471231e+06 9.877003917206003125e-01 4.502791455832832112e-04
2.458947789414536208e+06 9.888924041058547720e-01 4.506468294033090212e-04
2.458947795440601651e+06 9.903165439617156451e-01 4.510145132517472707e-04
2.458947801466666628e+06 9.910793828278876560e-01 4.513691667776868429e-04
2.458947807492731605e+06 9.911431327089694765e-01 4.513177917338028291e-04
2.458947813518797047e+06 9.905646009655576512e-01 4.512664166859489006e-04
2.458947819544862024e+06 9.902266965268371468e-01 4.512150416420649410e-04
2.458947825570927467e+06 9.904315158484537918e-01 4.513987778750310886e-04
2.458947831596992444e+06 9.911790588987527961e-01 4.517571071672812932e-04
2.458947837623057421e+06 9.922195578358683488e-01 4.521154364595314436e-04
2.458947843649122864e+06 9.931119407890718342e-01 4.524428640301087477e-04
2.458947849675187841e+06 9.938478339582333954e-01 4.525362097578219164e-04
2.458947855701253284e+06 9.944189002455097182e-01 4.526295554927482821e-04
2.458947861727318261e+06 9.947434574945096530e-01 4.527229012204613966e-04
2.458947867753383238e+06 9.948007630297227566e-01 4.527842721591153062e-04
2.458947873779448681e+06 9.945908168245993775e-01 4.528291256311341010e-04
2.458947879805513658e+06 9.943581847842171140e-01 4.528739790996869183e-04
2.458947885831579100e+06 9.944215600184269643e-01 4.529187805121781259e-04
2.458947891857644077e+06 9.947822959427207179e-01 4.529633764399072608e-04
2.458947897883709054e+06 9.953999518356815290e-01 4.530079723676363958e-04
2.458947903909774497e+06 9.960042412349509044e-01 4.530525682988116132e-04
2.458947909935839474e+06 9.965451720561055993e-01 4.531020221615398419e-04
2.458947915961904917e+06 9.970227303553688136e-01 4.531531396661079192e-04
2.458947921987969894e+06 9.973823157130845551e-01 4.532042571667258685e-04
2.458947928014034871e+06 9.975727316075744255e-01 4.532659831459444886e-04
2.458947934040100314e+06 9.975939780339441176e-01 4.533539786941949488e-04
2.458947940066165291e+06 9.974901093734374058e-01 4.534419742356455099e-04
2.458947946092230733e+06 9.974715829416956892e-01 4.535299697838959159e-04
2.458947952118295711e+06 9.975658072570687818e-01 4.536007386321035811e-04
2.458947958144360688e+06 9.977719074276687472e-01 4.536679897533459505e-04
2.458947964170426130e+06 9.979900338342109212e-01 4.537352408797851720e-04
2.458947970196491107e+06 9.981520867840838473e-01 4.537611149080365987e-04
2.458947976222556550e+06 9.982580663023324918e-01 4.537174909830427082e-04
2.458947982248621527e+06 9.983252380719295216e-01 4.536738670614198733e-04
2.458947988274686504e+06 9.984142010017224012e-01 4.536302431397970384e-04
2.458947994300751947e+06 9.985302051338159623e-01 4.536645400401403180e-04
2.458948000326816924e+06 9.986727662893305490e-01 4.537059873330839908e-04
2.458948006352882367e+06 9.988238868233800805e-01 4.537474346292305052e-04
2.458948012378947344e+06 9.989744547750211145e-01 4.538347453425669816e-04
2.458948018405012321e+06 9.991244701559525154e-01 4.539761762335417896e-04
2.458948024431077763e+06 9.992484442512969967e-01 4.541176071354455180e-04
2.458948030457142740e+06 9.992797125717558515e-01 4.542585756937881866e-04
2.458948036483208183e+06 9.992147914850563195e-01 4.540856418560280309e-04
2.458948042509273160e+06 9.990641610022430452e-01 4.539127080316312634e-04
2.458948048535338137e+06 9.990244492375172092e-01 4.537397742072344416e-04
2.458948054561403580e+06 9.991700875222128131e-01 4.537290206786446611e-04
2.458948060587468557e+06 9.995010758338214174e-01 4.538540853276780917e-04
2.458948066613534000e+06 9.998587332240707060e-01 4.539791499863758293e-04
2.458948072639598977e+06 9.999327751760583860e-01 4.540803996867680465e-04
2.458948078665663954e+06 9.997150917507717782e-01 4.539317078448431523e-04
2.458948084691729397e+06 9.992445435719374824e-01 4.537830159914282087e-04
2.458948090717794374e+06 9.989628601614911618e-01 4.536343241495033145e-04
2.458948096743859816e+06 9.989946082959272333e-01 4.536205769313806095e-04
2.458948102769924793e+06 9.993397879703389552e-01 4.536861665010663721e-04
2.458948108795989770e+06 9.997803656782844328e-01 4.537517560707521346e-04
2.458948114822055213e+06 1.000000000000000000e+00 4.537838041853140187e-04
2.458948120848120190e+06 9.999960664949055777e-01 4.536549678301586303e-04
2.458948126874185633e+06 9.997854936581511698e-01 4.535261314650475013e-04
2.458948132900250610e+06 9.994966093423565123e-01 4.533972951098920586e-04
2.458948138926315587e+06 9.991559821123059404e-01 4.532577803959704889e-04
2.458948144952381030e+06 9.987636119356799735e-01 4.531140150330341832e-04
2.458948150978446007e+06 9.983428052374787587e-01 4.529702496812073719e-04
2.458948157004511449e+06 9.979181333264057763e-01 4.528235881710512356e-04
2.458948163030576427e+06 9.974896005305382563e-01 4.526685990694226868e-04
2.458948169056641404e+06 9.970737375508517131e-01 4.525136099677941380e-04
2.458948175082706846e+06 9.967589102830345382e-01 4.523586208541888957e-04
2.458948181108771823e+06 9.965581794560703921e-01 4.522642389466972998e-04
2.458948187134837266e+06 9.964709794708301871e-01 4.521849333053269086e-04
2.458948193160902243e+06 9.963742112532706363e-01 4.521056276700847532e-04
2.458948199186967220e+06 9.961744216133715524e-01 4.520699427532116356e-04
2.458948205213032663e+06 9.958716105237530591e-01 4.521176042307458766e-04
2.458948211239097640e+06 9.954948151814374535e-01 4.521652657045970827e-04
2.458948217265162617e+06 9.951571875127078748e-01 4.522129271784483431e-04
2.458948223291228060e+06 9.948701128511810987e-01 4.520247564861044789e-04
2.458948229317293037e+06 9.946334537277016219e-01 4.518063378385508803e-04
2.458948235343358479e+06 9.944402117348146719e-01 4.515879191741191271e-04
2.458948241369423456e+06 9.942864639579362951e-01 4.514279400613190030e-04
2.458948247395488434e+06 9.941722103806077682e-01 4.513457184148802885e-04
2.458948253421553876e+06 9.940676507045442811e-01 4.512634967620878781e-04
2.458948259447618853e+06 9.938865610597791278e-01 4.511812751156491635e-04
2.458948265473684296e+06 9.936234918976170061e-01 4.511673336120908999e-04
2.458948271499749273e+06 9.932782444101496688e-01 4.511553704746884834e-04
2.458948277525814250e+06 9.928462197848044735e-01 4.511434073372861211e-04
2.458948283551879693e+06 9.923254928763215466e-01 4.510385659132648854e-04
2.458948289577944670e+06 9.917160637651788457e-01 4.508461172523392122e-04
2.458948295604010113e+06 9.910802874941714302e-01 4.506536685765422426e-04
2.458948301630075090e+06 9.905530578530169494e-01 4.504656090047466882e-04
2.458948307656140067e+06 9.901389979998010960e-01 4.503496745776718328e-04
2.458948313682205509e+06 9.898393752064728046e-01 4.502337401416382149e-04
2.458948319708270486e+06 9.896710911835054914e-01 4.501178057145633054e-04
2.458948325734335929e+06 9.896394296227486453e-01 4.499834243077430120e-04
2.458948331760400906e+06 9.897443905290955746e-01 4.498367512651054714e-04
2.458948337786465883e+06 9.898343468840484771e-01 4.496900782224679850e-04
2.458948343812531326e+06 9.896649507928085843e-01 4.495417397456233431e-04
2.458948349838596303e+06 9.892329060498030735e-01 4.493834109522737603e-04
2.458948355864661746e+06 9.885766453877288251e-01 4.492250821466894440e-04
2.458948361890726723e+06 9.880287981007581655e-01 4.490667533533398612e-04
2.458948367916791700e+06 9.876661974556045775e-01 4.489364325527624199e-04
2.458948373942857143e+06 9.874888434457207431e-01 4.488189528807231361e-04
2.458948379968922120e+06 9.873535758878396740e-01 4.487014732177620397e-04
2.458948385994987562e+06 9.870912315951263505e-01 4.485561757478415926e-04
2.458948392021052539e+06 9.867015219354599020e-01 4.483169047134511094e-04
2.458948398047117516e+06 9.862000378451359905e-01 4.480776336790606804e-04
2.458948404073182959e+06 9.856804053072114602e-01 4.478383626261807013e-04
2.458948410099247936e+06 9.851582421324431849e-01 4.476325150327231206e-04
2.458948416125313379e+06 9.846336173365491939e-01 4.474365854335774872e-04
2.458948422151378356e+06 9.841478123597560135e-01 4.472406558495721951e-04
2.458948428177443333e+06 9.837358196428487300e-01 4.470759441915753054e-04
2.458948434203508776e+06 9.833976391625466329e-01 4.469794581686582498e-04
2.458948440229573753e+06 9.831017723827319976e-01 4.468829721531969814e-04
2.458948446255639195e+06 9.827116409663226859e-01 4.467864861302798716e-04
2.458948452281704172e+06 9.822114332244963331e-01 4.466009862670659142e-04
2.458948458307769150e+06 9.816026173909582209e-01 4.464005954347152684e-04
2.458948464333834592e+06 9.809947089192843084e-01 4.462002045868795051e-04
2.458948470359899569e+06 9.804557689013648769e-01 4.460538488325747246e-04
2.458948476385965012e+06 9.799857972539074424e-01 4.459887328147754139e-04
2.458948482412029989e+06 9.795809764444889378e-01 4.459236168020078855e-04
2.458948488438094966e+06 9.792290764508129186e-01 4.458585007892404656e-04
2.458948494464160409e+06 9.789291780327922243e-01 4.457758665945598720e-04
2.458948500490225386e+06 9.786800319489942224e-01 4.456921578767772721e-04
2.458948506516290829e+06 9.784450535639511726e-01 4.456084491525261594e-04
2.458948512542355806e+06 9.782073067838379377e-01 4.455564122289041164e-04
2.458948518568420783e+06 9.779667915906034015e-01 4.455380106002927135e-04
2.458948524594486225e+06 9.777318186307113468e-01 4.455196089702593253e-04
2.458948530620551202e+06 9.775222699807238902e-01 4.454998040416529442e-04
2.458948536646616645e+06 9.773390080621120468e-01 4.454307917013126039e-04
2.458948542672681622e+06 9.771804029760373655e-01 4.453617793663051288e-04
2.458948548698746599e+06 9.770205974032932783e-01 4.452927670312977078e-04
2.458948554724812042e+06 9.768506414597039056e-01 4.451057564304737070e-04
2.458948560750877019e+06 9.766705351715356809e-01 4.448299064760271541e-04
2.458948566776942462e+06 9.764512792744397540e-01 4.445540565002644817e-04
2.458948572803007439e+06 9.761410630634901331e-01 4.442953164693395993e-04
2.458948578829072416e+06 9.757388633684682677e-01 4.441705509406118418e-04
2.458948584855137859e+06 9.752682344539677084e-01 4.440457854022428165e-04
2.458948590881202836e+06 9.749637633793960534e-01 4.439210198735150047e-04
2.458948596907268278e+06 9.748857429557826748e-01 4.439214338935295657e-04
2.458948602933333255e+06 9.750341731951854829e-01 4.439874886742421474e-04
2.458948608959398232e+06 9.752357031787038943e-01 4.440535434549547291e-04
2.458948614985463675e+06 9.752616271656576741e-01 4.440950482619266640e-04
2.458948621011528652e+06 9.751108824119750773e-01 4.440375919843001125e-04
2.458948627037594095e+06 9.748151795464139457e-01 4.439801357022337531e-04
2.458948633063659072e+06 9.745894559700423176e-01 4.439226794246072558e-04
2.458948639089724049e+06 9.744739877281990426e-01 4.440054957068600289e-04
2.458948645115789492e+06 9.744687614015631327e-01 4.441372065043615639e-04
2.458948651141854469e+06 9.744911530287676538e-01 4.442689172916852594e-04
2.458948657167919911e+06 9.744626582104249923e-01 4.443101623555378746e-04
2.458948663193984888e+06 9.743832769509388481e-01 4.441236537703654162e-04
2.458948669220049866e+06 9.742843011417645638e-01 4.439371451851929036e-04
2.458948675246115308e+06 9.743171201912349533e-01 4.437506365856080915e-04
2.458948681272180285e+06 9.745017428062104914e-01 4.437905236841041155e-04
2.458948687298245728e+06 9.748367928838451713e-01 4.438777548757241232e-04
2.458948693324310705e+06 9.751550134723806496e-01 4.439649860606033750e-04
2.458948699350375682e+06 9.753409442352831693e-01 4.440722975092832678e-04
2.458948705376441125e+06 9.753945851715865034e-01 4.442138280407535830e-04
2.458948711402506102e+06 9.753873394837294653e-01 4.443553585612871715e-04
2.458948717428571545e+06 9.755728024479327631e-01 4.444968890927575409e-04
2.458948723454636522e+06 9.759733347648139601e-01 4.445230692432342468e-04
2.458948729480701499e+06 9.765790759305296165e-01 4.445381976226737779e-04
2.458948735506766941e+06 9.770111178603883006e-01 4.445533260032822416e-04
2.458948741532831918e+06 9.770753922759699561e-01 4.445508420012597218e-04
2.458948747558897361e+06 9.767718991872084144e-01 4.445272895800487503e-04
2.458948753584962338e+06 9.763037250153751012e-01 4.445037371606577747e-04
2.458948759611027315e+06 9.762081792433541239e-01 4.444801847412667992e-04
2.458948765637092758e+06 9.765139844758847776e-01 4.446297574344934772e-04
2.458948771663157735e+06 9.771989479855164307e-01 4.447796621420743160e-04
2.458948777689223178e+06 9.778371039563574785e-01 4.449295668612389875e-04
2.458948783715288155e+06 9.782653408555791463e-01 4.451087582389587024e-04
2.458948789741353132e+06 9.784836587406053887e-01 4.453128127405992214e-04
2.458948795767418575e+06 9.786077762649775247e-01 4.455168672580078889e-04
2.458948801793483552e+06 9.788666067648108537e-01 4.457229797640085978e-04
2.458948807819548994e+06 9.792663350683774581e-01 4.459516500867076504e-04
2.458948813845613971e+06 9.797825579722191369e-01 4.461803203917363218e-04
2.458948819871678948e+06 9.801329394876580059e-01 4.464089906967649932e-04
2.458948825897744391e+06 9.802369109410545844e-01 4.463863602629851391e-04
2.458948831923809368e+06 9.800944723163398375e-01 4.462138253024515336e-04
2.458948837949874811e+06 9.799404325240137492e-01 4.460412903285853312e-04
2.458948843975939788e+06 9.801196286020147364e-01 4.459232707751574292e-04
2.458948850002004765e+06 9.806351069100524009e-01 4.460730757832632467e-04
2.458948856028070208e+06 9.814270539527406578e-01 4.462228808029452534e-04
2.458948862054135185e+06 9.820352793707977090e-01 4.463726858110510709e-04
2.458948868080200627e+06 9.823632903495496116e-01 4.463978149296491142e-04
2.458948874106265604e+06 9.824110868383022499e-01 4.463724846579374280e-04
2.458948880132330582e+06 9.824561583110347218e-01 4.463471543862256876e-04
2.458948886158396024e+06 9.827949681895415956e-01 4.464079335569906201e-04
2.458948892184461001e+06 9.834275968222833120e-01 4.467207611594784422e-04
2.458948898210526444e+06 9.842751245818723849e-01 4.470335887861397986e-04
2.458948904236591421e+06 9.849101103666721979e-01 4.473464163886276207e-04
2.458948910262656398e+06 9.852684786050150967e-01 4.475168548198162391e-04
2.458948916288721841e+06 9.853511878929620549e-01 4.476511160673125812e-04
2.458948922314786818e+06 9.853868193733239522e-01 4.477853773044339759e-04
2.458948928340852261e+06 9.855510825978982536e-01 4.479175275525832571e-04
2.458948934366917238e+06 9.858439775412983774e-01 4.480455829119504765e-04
2.458948940392982215e+06 9.862645843777498866e-01 4.481736382713175874e-04
2.458948946419047657e+06 9.868092750072217090e-01 4.483016936405801573e-04
2.458948952445112634e+06 9.874776781958661820e-01 4.484158270462077996e-04
2.458948958471178077e+06 9.882659733510751332e-01 4.485281143415855288e-04
2.458948964497243054e+06 9.889718027466684047e-01 4.486404016282863338e-04
2.458948970523308031e+06 9.894803926144697392e-01 4.487363187729281194e-04
2.458948976549373474e+06 9.897917429709178760e-01 4.488101495787669148e-04
2.458948982575438451e+06 9.899262494353548991e-01 4.488839803789005300e-04
2.458948988601503894e+06 9.899436156420117205e-01 4.489578111847393254e-04
2.458948994627568871e+06 9.898476938343301335e-01 4.489003791937178902e-04
2.458949000653633848e+06 9.896518839630255027e-01 4.488386693736284806e-04
2.458949006679699291e+06 9.896741277177910634e-01 4.487769595487705329e-04
2.458949012705764268e+06 9.900490649149769062e-01 4.488971526579415400e-04
2.458949018731829245e+06 9.907766955426746680e-01 4.491912795387230503e-04
2.458949024757894687e+06 9.916631395807504745e-01 4.494854064422330159e-04
2.458949030783959664e+06 9.922840892522948320e-01 4.497663253900147269e-04
2.458949036810025107e+06 9.926245792377442756e-01 4.498156650025133445e-04
2.458949042836090084e+06 9.927100313103741636e-01 4.498650046111993110e-04
2.458949048862155061e+06 9.928860647881910806e-01 4.499143442198852774e-04
2.458949054888220504e+06 9.932620039045859661e-01 4.500736775923299543e-04
2.458949060914285481e+06 9.938378486014579627e-01 4.503073491098397206e-04
2.458949066940350924e+06 9.944731545511389381e-01 4.505410206454063321e-04
2.458949072966415901e+06 9.949388740257465447e-01 4.507426524621047591e-04
2.458949078992480878e+06 9.952317644983875722e-01 4.507466069415136736e-04
2.458949085018546320e+06 9.953684374977954663e-01 4.507505614212281705e-04
2.458949091044611298e+06 9.954949422124232949e-01 4.507545159006370850e-04
2.458949097070676740e+06 9.956454356922082027e-01 4.508429151119814899e-04
2.458949103096741717e+06 9.958199179138917945e-01 4.509706464555805002e-04
2.458949109122806694e+06 9.959732599965491762e-01 4.510983777991795646e-04
2.458949115148872137e+06 9.960514453643416477e-01 4.512368064443492209e-04
2.458949121174937114e+06 9.960543672217723188e-01 4.514120829248210293e-04
2.458949127201002557e+06 9.960221136731983727e-01 4.515873594188371250e-04
2.458949133227067534e+06 9.961987382489856380e-01 4.517626358993088792e-04
2.458949139253132511e+06 9.966255097273617469e-01 4.516897403244022778e-04
2.458949145279197954e+06 9.973020472119933366e-01 4.515417713432124118e-04
2.458949151305262931e+06 9.979608435302534941e-01 4.513938023734567588e-04
2.458949157331328373e+06 9.983721911399215942e-01 4.512853043443597182e-04
2.458949163357393350e+06 9.985360899774241572e-01 4.512644519438327754e-04
2.458949169383458328e+06 9.985082902193234133e-01 4.512435995433058326e-04
2.458949175409523770e+06 9.985335607323484464e-01 4.512227471411675486e-04
2.458949181435588747e+06 9.986406853288957164e-01 4.512215092394146021e-04
2.458949187461654190e+06 9.988291580367814060e-01 4.512236443260079664e-04
2.458949193487719167e+06 9.990593056273820993e-01 4.512257794124364778e-04
2.458949199513784144e+06 9.993061743238046413e-01 4.512543075697568267e-04
2.458949205539849587e+06 9.995697641470642214e-01 4.513230872643561164e-04
2.458949211565914564e+06 9.998149635181367012e-01 4.513918669536404844e-04
2.458949217591980007e+06 9.999279517542200013e-01 4.514606466482397741e-04
2.458949223618044984e+06 9.999000092343545143e-01 4.514830524268405114e-04
2.458949229644109961e+06 9.997366290071374451e-01 4.515024343588492912e-04
2.458949235670175403e+06 9.996034616608446832e-01 4.515218162923557879e-04
2.458949241696240380e+06 9.995780898229325029e-01 4.515306167972831246e-04
2.458949247722305823e+06 9.996605134894801514e-01 4.515280247856590708e-04
2.458949253748370800e+06 9.998035825624795869e-01 4.515254327742353234e-04
2.458949259774435777e+06 9.998931792050020917e-01 4.515296539031259213e-04
2.458949265800501220e+06 9.999242259962159984e-01 4.518074062194374612e-04
2.458949271826566197e+06 9.998968945808843767e-01 4.520851585142858639e-04
2.458949277852631640e+06 9.998139660261187167e-01 4.523629108305973496e-04
2.458949283878696617e+06 9.996764142809866360e-01 4.523907262196909880e-04
2.458949289904761594e+06 9.994842393411906833e-01 4.522277202777950141e-04
2.458949295930827036e+06 9.992894448617661851e-01 4.520647143233027794e-04
2.458949301956892014e+06 9.991860479001757334e-01 4.519090902125072365e-04
2.458949307982957456e+06 9.991759793202207307e-01 4.518133020949140449e-04
2.458949314009022433e+06 9.992470591572437666e-01 4.517175139847228642e-04
2.458949320035087410e+06 9.992759246789872929e-01 4.516217258745316835e-04
2.458949326061152853e+06 9.992304802621818638e-01 4.515450049623125441e-04
2.458949332087217830e+06 9.991107259138510832e-01 4.514784351334346583e-04
2.458949338113283273e+06 9.989494461319727847e-01 4.514118652994126668e-04
2.458949344139348250e+06 9.987904403576075563e-01 4.513757749072315971e-04
2.458949350165413227e+06 9.986339306444945718e-01 4.514652408319962335e-04
2.458949356191478670e+06 9.984793730009214885e-01 4.515547067636742308e-04
2.458949362217543647e+06 9.983230269660281486e-01 4.516441726884388671e-04
2.458949368243609089e+06 9.981641822892063365e-01 4.515181701999732380e-04
2.458949374269674066e+06 9.980028347662498467e-01 4.513157108642398526e-04
2.458949380295739044e+06 9.977909812616537755e-01 4.511132515285064129e-04
2.458949386321804486e+06 9.974823914532693347e-01 4.509363109025264142e-04
2.458949392347869463e+06 9.970770653887889301e-01 4.508247131898918060e-04
2.458949398373934906e+06 9.966103023477607126e-01 4.507131154686334538e-04
2.458949404399999883e+06 9.962550969620177499e-01 4.506015177559987914e-04
