2.458866000000000000e+06 9.862503539957779841e-01 4.230782042395297114e-04
2.458866006026064977e+06 9.866976467428208997e-01 4.233305387823343134e-04
2.458866012052130420e+06 9.871048054775471980e-01 4.234863004403790544e-04
2.458866018078195397e+06 9.874718301370308815e-01 4.234606615498979934e-04
2.458866024104260840e+06 9.878167914165113528e-01 4.234350226574358240e-04
2.458866030130325817e+06 9.882091345336961874e-01 4.234093837669547630e-04
2.458866036156390794e+06 9.886557145413039649e-01 4.236224525934168092e-04
2.458866042182456236e+06 9.891544842912760593e-01 4.238649420093497356e-04
2.458866048208521213e+06 9.896059244639616725e-01 4.241074314065444500e-04
2.458866054234586656e+06 9.899550151568470291e-01 4.242629197160331612e-04
2.458866060260651633e+06 9.902017563159810631e-01 4.243045434485148899e-04
2.458866066286716610e+06 9.903992585705274632e-01 4.243461671809967270e-04
2.458866072312782053e+06 9.906990542543481215e-01 4.243877909166949040e-04
2.458866078338847030e+06 9.911104820592849807e-01 4.244899293465946425e-04
2.458866084364912473e+06 9.916270073976932720e-01 4.245935566607182449e-04
2.458866090390977450e+06 9.921021259911434464e-01 4.246971839668340926e-04
2.458866096417042427e+06 9.924753763287327279e-01 4.248000698450726765e-04
2.458866102443107869e+06 9.927467584274956014e-01 4.249022681584328559e-04
2.458866108469172847e+06 9.929439183066983698e-01 4.250044664638957066e-04
2.458866114495238289e+06 9.931257968655293755e-01 4.251017416556315430e-04
2.458866120521303266e+06 9.932943412020963647e-01 4.251241486818760329e-04
2.458866126547368243e+06 9.934550963137525059e-01 4.251465557081205229e-04
2.458866132573433686e+06 9.936802289864580251e-01 4.251689627360964838e-04
2.458866138599498663e+06 9.939919601205373656e-01 4.253097254204358689e-04
2.458866144625564106e+06 9.943902897641684335e-01 4.255279052307897212e-04
2.458866150651629083e+06 9.948282704277209287e-01 4.257460850242839046e-04
2.458866156677694060e+06 9.952314278365194111e-01 4.259382982566823727e-04
2.458866162703759503e+06 9.955988210570810848e-01 4.259803290870356821e-04
2.458866168729824480e+06 9.959260969431502630e-01 4.260223599141411011e-04
2.458866174755889922e+06 9.961763611643620342e-01 4.260643907444945189e-04
2.458866180781954899e+06 9.963412327874267005e-01 4.260906507558942752e-04
2.458866186808019876e+06 9.964207118349825976e-01 4.261098342264649621e-04
2.458866192834085319e+06 9.965196363620184572e-01 4.261290176985180244e-04
2.458866198860150296e+06 9.967597130208436518e-01 4.261761263962826076e-04
2.458866204886215739e+06 9.971411081571074364e-01 4.263150964828393776e-04
2.458866210912280716e+06 9.976120466735143300e-01 4.264540665586572877e-04
2.458866216938345693e+06 9.978674678395215158e-01 4.265930366344752520e-04
2.458866222964411136e+06 9.978574485222437840e-01 4.265873694174226777e-04
2.458866228990476113e+06 9.975827121395653974e-01 4.265399466163962480e-04
2.458866235016541556e+06 9.973941930449070625e-01 4.264925238117052691e-04
2.458866241042606533e+06 9.975839593598951893e-01 4.264911236523476180e-04
2.458866247068671510e+06 9.981520110553462333e-01 4.265880462845144045e-04
2.458866253094736952e+06 9.989635611775886659e-01 4.266849689241708596e-04
2.458866259120801929e+06 9.994446229948193983e-01 4.267818915563376461e-04
2.458866265146867372e+06 9.995302493010861378e-01 4.267648062442989118e-04
2.458866271172932349e+06 9.992250569226975854e-01 4.267294219239515466e-04
2.458866277198997326e+06 9.988497030884155858e-01 4.266940376036042898e-04
2.458866283225062769e+06 9.985999690510810600e-01 4.266936249259050936e-04
2.458866289251127746e+06 9.984758548492901342e-01 4.267446866852040929e-04
2.458866295277193189e+06 9.984563779863809829e-01 4.267957484484488835e-04
2.458866301303258166e+06 9.984755038359077739e-01 4.268468102077478828e-04
2.458866307329323143e+06 9.985284112947505619e-01 4.268482206994832825e-04
2.458866313355388585e+06 9.986135200643974086e-01 4.268468747825518287e-04
2.458866319381453563e+06 9.986865473547178462e-01 4.268455288657244042e-04
2.458866325407519005e+06 9.987273556286824228e-01 4.268480565103416704e-04
2.458866331433583982e+06 9.987359448799837391e-01 4.268546116236326027e-04
2.458866337459648959e+06 9.987241347730583252e-01 4.268611667369234808e-04
2.458866343485714402e+06 9.987196942118441445e-01 4.268660691331441714e-04
2.458866349511779379e+06 9.987237802195858549e-01 4.268227173202323883e-04
2.458866355537844822e+06 9.987343273058111315e-01 4.267793655039705831e-04
2.458866361563909799e+06 9.987196317805686618e-01 4.267360136910588542e-04
2.458866367589974776e+06 9.986689224658701347e-01 4.267319631020175343e-04
2.458866373616040219e+06 9.985821993536226904e-01 4.267568459473225864e-04
2.458866379642105196e+06 9.984800535160449630e-01 4.267817287907048601e-04
2.458866385668170638e+06 9.983985759888991396e-01 4.268092159528373173e-04
2.458866391694235615e+06 9.983384345359013201e-01 4.268560156379032247e-04
2.458866397720300592e+06 9.982993423132290323e-01 4.269028153229690236e-04
2.458866403746366035e+06 9.982785196162439201e-01 4.269496150116513416e-04
2.458866409772431012e+06 9.982752662278512323e-01 4.268686783970069253e-04
2.458866415798495989e+06 9.982895821457633545e-01 4.267224304229610922e-04
2.458866421824561432e+06 9.982092584539399294e-01 4.265761824376140235e-04
2.458866427850626409e+06 9.978893350812457763e-01 4.264250845788094754e-04
2.458866433876691852e+06 9.973292353732102766e-01 4.262551251986258305e-04
2.458866439902756829e+06 9.965841222130120691e-01 4.260851658315757771e-04
2.458866445928821806e+06 9.960189606665780238e-01 4.259152064645256694e-04
2.458866451954887249e+06 9.957006180331031686e-01 4.258345574820902651e-04
2.458866457980952226e+06 9.956290255756320429e-01 4.257840939159570574e-04
2.458866464007017668e+06 9.956028308342375066e-01 4.257336303459242997e-04
2.458866470033082645e+06 9.954350938921103786e-01 4.256640538272790284e-04
2.458866476059147622e+06 9.951258147526955700e-01 4.255477400455744868e-04
2.458866482085213065e+06 9.947201776685284935e-01 4.254314262548818007e-04
2.458866488111278042e+06 9.944319286581246864e-01 4.253151124731772590e-04
2.458866494137343485e+06 9.942885849015630217e-01 4.252886056072024187e-04
2.458866500163408462e+06 9.942881485354095883e-01 4.252800897767562271e-04
2.458866506189473439e+06 9.942135488122553211e-01 4.252715739463099813e-04
2.458866512215538882e+06 9.939181721417739146e-01 4.252480371148740319e-04
2.458866518241603859e+06 9.934020185696159633e-01 4.251995675014957400e-04
2.458866524267669301e+06 9.927285744541934909e-01 4.251510978843719090e-04
2.458866530293734279e+06 9.921184775650708776e-01 4.251026282709935628e-04
2.458866536319799256e+06 9.915905621597908004e-01 4.249066922373317609e-04
2.458866542345864698e+06 9.911452548170666121e-01 4.246977262135661463e-04
2.458866548371929675e+06 9.907979746885734462e-01 4.244887602059482594e-04
2.458866554397995118e+06 9.905564508036249771e-01 4.243520379014372162e-04
2.458866560424060095e+06 9.904206831995484572e-01 4.242995554650259155e-04
2.458866566450125072e+06 9.903318051073646267e-01 4.242470730286146689e-04
2.458866572476190515e+06 9.901374190917036078e-01 4.241946274653231059e-04
2.458866578502255492e+06 9.898297223282738200e-01 4.241502953022028123e-04
2.458866584528320935e+06 9.894159115102042490e-01 4.241059631356567110e-04
2.458866590554385912e+06 9.890282604673049649e-01 4.240616309725364175e-04
2.458866596580450889e+06 9.887163144959150163e-01 4.239902763841392735e-04
2.458866602606516331e+06 9.884800735807043326e-01 4.238965773259859493e-04
2.458866608632581308e+06 9.882578589437385208e-01 4.238028782750730898e-04
2.458866614658646751e+06 9.879303760069994000e-01 4.236984857821214190e-04
2.458866620684711728e+06 9.874946044821067970e-01 4.234862796192449580e-04
2.458866626710776705e+06 9.869586274925057356e-01 4.232740734563685513e-04
2.458866632736842148e+06 9.864127767643698919e-01 4.230618672770939661e-04
2.458866638762907125e+06 9.858822335751217247e-01 4.229924117181770938e-04
2.458866644788972568e+06 9.853669978427659348e-01 4.230056881047913604e-04
2.458866650815037545e+06 9.849160038335492695e-01 4.230189644903797007e-04
2.458866656841102522e+06 9.845993934968979566e-01 4.230003729178324467e-04
2.458866662867167965e+06 9.844177121216174386e-01 4.228325238359975213e-04
2.458866668893232942e+06 9.843373535898597426e-01 4.226646747671330149e-04
2.458866674919298384e+06 9.841073797989293714e-01 4.224968256852980894e-04
2.458866680945363361e+06 9.836765107074967318e-01 4.223029034286308924e-04
2.458866686971428338e+06 9.830447463055526081e-01 4.220987810863671718e-04
2.458866692997493781e+06 9.823715612905057348e-01 4.218946587283299902e-04
2.458866699023558758e+06 9.818227423566565637e-01 4.217225571951072451e-04
2.458866705049624201e+06 9.813983049559344973e-01 4.216408135410782895e-04
2.458866711075689178e+06 9.810840743465378821e-01 4.215590698933661127e-04
2.458866717101754155e+06 9.808053388521416061e-01 4.214773262456538274e-04
2.458866723127819598e+06 9.805512238189459939e-01 4.213951347667086703e-04
2.458866729153884575e+06 9.803215967747426207e-01 4.213128344745816867e-04
2.458866735179950017e+06 9.800902517227699784e-01 4.212305341760949899e-04
2.458866741206014995e+06 9.798375654399065215e-01 4.211332501275273817e-04
2.458866747232079972e+06 9.795635379090998907e-01 4.210078140529275952e-04
2.458866753258145414e+06 9.792616229899563374e-01 4.208823779686348787e-04
2.458866759284210391e+06 9.789066590409040147e-01 4.207569418940351465e-04
2.458866765310275834e+06 9.784961615775955579e-01 4.206024246023536118e-04
2.458866771336340811e+06 9.780326734627099450e-01 4.204443209793815440e-04
2.458866777362405788e+06 9.776398885061787780e-01 4.202862173564093679e-04
2.458866783388471231e+06 9.773862055497981594e-01 4.201880961667457323e-04
2.458866789414536208e+06 9.772716246327745049e-01 4.201684972997853963e-04
2.458866795440601651e+06 9.772225546092822013e-01 4.201488984313105925e-04
2.458866801466666628e+06 9.770289859249502440e-01 4.201292995643503107e-04
2.458866807492731605e+06 9.766779711250260787e-01 4.200244844379720120e-04
2.458866813518797047e+06 9.761835874727238238e-01 4.199175671710094968e-04
2.458866819544862024e+06 9.758615879009074900e-01 4.198106499123089815e-04
2.458866825570927467e+06 9.758423097220642051e-01 4.198062868922470994e-04
2.458866831596992444e+06 9.761257529391732524e-01 4.198970531542095173e-04
2.458866837623057421e+06 9.765027764460996185e-01 4.199878194161719351e-04
2.458866843649122864e+06 9.765273972569054051e-01 4.200611309722332236e-04
2.458866849675187841e+06 9.761848739405041275e-01 4.198686981887481888e-04
2.458866855701253284e+06 9.755100684650060971e-01 4.196762653903930501e-04
2.458866861727318261e+06 9.749568711878365823e-01 4.194838326069080152e-04
2.458866867753383238e+06 9.746650722443714887e-01 4.194150354423397862e-04
2.458866873779448681e+06 9.746346716423611722e-01 4.194271320722456581e-04
2.458866879805513658e+06 9.747553001585950172e-01 4.194392287012167308e-04
2.458866885831579100e+06 9.748518326679819213e-01 4.194489860036653794e-04
2.458866891857644077e+06 9.749220542203136386e-01 4.194452058071119734e-04
2.458866897883709054e+06 9.749619145120331787e-01 4.194414256105584589e-04
2.458866903909774497e+06 9.749370741646304905e-01 4.194376454137129146e-04
2.458866909935839474e+06 9.748397306409045671e-01 4.195311465296530542e-04
2.458866915961904917e+06 9.746698839258111091e-01 4.196683136662037361e-04
2.458866921987969894e+06 9.745603009645678050e-01 4.198054807921548781e-04
2.458866928014034871e+06 9.746651541393630547e-01 4.199031957270969186e-04
2.458866934040100314e+06 9.749846549376072202e-01 4.198710765175326992e-04
2.458866940066165291e+06 9.754562421281390838e-01 4.198389573104504896e-04
2.458866946092230733e+06 9.757111913213922794e-01 4.198068381008863243e-04
2.458866952118295711e+06 9.756891423824783915e-01 4.197845688501572773e-04
2.458866958144360688e+06 9.753905726591722836e-01 4.197651444568619491e-04
2.458866964170426130e+06 9.750477655732541216e-01 4.197457200620656513e-04
2.458866970196491107e+06 9.748540977331470181e-01 4.197165182249159329e-04
2.458866976222556550e+06 9.748095691089195824e-01 4.196664202360350063e-04
2.458866982248621527e+06 9.749012528745790718e-01 4.196163222510253320e-04
2.458866988274686504e+06 9.750740844357620452e-01 4.195662242660156034e-04
2.458866994300751947e+06 9.753218308717580554e-01 4.196622215383945167e-04
2.458867000326816924e+06 9.756446349232325010e-01 4.197816840442573113e-04
2.458867006352882367e+06 9.760524245066307669e-01 4.199011465593515454e-04
2.458867012378947344e+06 9.765512628904319259e-01 4.200913342541799309e-04
2.458867018405012321e+06 9.771411501026298074e-01 4.203856578259235156e-04
2.458867024431077763e+06 9.777742076750346456e-01 4.206799814204106804e-04
2.458867030457142740e+06 9.782997113753104657e-01 4.209743049921542109e-04
2.458867036483208183e+06 9.787066518089526657e-01 4.208710847986402940e-04
2.458867042509273160e+06 9.789958046405980996e-01 4.207457567632846710e-04
2.458867048535338137e+06 9.791889227857060174e-01 4.206204287279289395e-04
2.458867054561403580e+06 9.792959012754882675e-01 4.205994684018354011e-04
2.458867060587468557e+06 9.793167400934116307e-01 4.206870609405971248e-04
2.458867066613534000e+06 9.792929187450212236e-01 4.207746534861275226e-04
2.458867072639598977e+06 9.793219180356040887e-01 4.208604150915846455e-04
2.458867078665663954e+06 9.794078023793542087e-01 4.208925675261317970e-04
2.458867084691729397e+06 9.795516359698362985e-01 4.209247199631635603e-04
2.458867090717794374e+06 9.797697621488802300e-01 4.209568723977107118e-04
2.458867096743859816e+06 9.800677352769519013e-01 4.210386206672937000e-04
2.458867102769924793e+06 9.804455553080000385e-01 4.211568951009406377e-04
2.458867108795989770e+06 9.808658349117493902e-01 4.212751695345875753e-04
2.458867114822055213e+06 9.812630219639951745e-01 4.213942528580020175e-04
2.458867120848120190e+06 9.816359021979670363e-01 4.215193399466070248e-04
2.458867126874185633e+06 9.819918347770907330e-01 4.216444270448781281e-04
2.458867132900250610e+06 9.824021690848725452e-01 4.217695141334831354e-04
2.458867138926315587e+06 9.828848845916940968e-01 4.219478955806878879e-04
2.458867144952381030e+06 9.834399813432468385e-01 4.221535382339291413e-04
2.458867150978446007e+06 9.839940351528096985e-01 4.223591808712794603e-04
2.458867157004511449e+06 9.844521567378717863e-01 4.225292875378535459e-04
2.458867163030576427e+06 9.848139675318943187e-01 4.225611076453620880e-04
2.458867169056641404e+06 9.850892333965812764e-01 4.225929277528706301e-04
2.458867175082706846e+06 9.853425934868331737e-01 4.226247478628380886e-04
2.458867181108771823e+06 9.855858953099924102e-01 4.226788878419619581e-04
2.458867187134837266e+06 9.858191588407178019e-01 4.227405756503030410e-04
2.458867193160902243e+06 9.861013794501785057e-01 4.228022634538772121e-04
2.458867199186967220e+06 9.864873518243261197e-01 4.229248418487347437e-04
2.458867205213032663e+06 9.869770760050126102e-01 4.231963928272703649e-04
2.458867211239097640e+06 9.875427173321110752e-01 4.234679437848220119e-04
2.458867217265162617e+06 9.880525514430630318e-01 4.237394947423737132e-04
2.458867223291228060e+06 9.884896125559577973e-01 4.238004851737930154e-04
2.458867229317293037e+06 9.888546339099296700e-01 4.238192615279808874e-04
2.458867235343358479e+06 9.892274431751132413e-01 4.238380378836196930e-04
2.458867241369423456e+06 9.896619781275474148e-01 4.238875937773907161e-04
2.458867247395488434e+06 9.901582387936562757e-01 4.239882632834503597e-04
2.458867253421553876e+06 9.906686702630616015e-01 4.240889327972891540e-04
2.458867259447618853e+06 9.910279383712046197e-01 4.241896023033488519e-04
2.458867265473684296e+06 9.912219215168961428e-01 4.242650915556458817e-04
2.458867271499749273e+06 9.912562195218654892e-01 4.243383525661889328e-04
2.458867277525814250e+06 9.913334486124816269e-01 4.244116135767319296e-04
2.458867283551879693e+06 9.915552129535011305e-01 4.245324358556286956e-04
2.458867289577944670e+06 9.919215125106504161e-01 4.247087424903229005e-04
2.458867295604010113e+06 9.923668797430997834e-01 4.248850491386411358e-04
2.458867301630075090e+06 9.927217620525086161e-01 4.250610258095252679e-04
2.458867307656140067e+06 9.929774714300202421e-01 4.251624762699186106e-04
2.458867313682205509e+06 9.931419281661197918e-01 4.252639267381515481e-04
2.458867319708270486e+06 9.933608179494007873e-01 4.253653771985449993e-04
2.458867325734335929e+06 9.936887317157203636e-01 4.254425982702438351e-04
2.458867331760400906e+06 9.941256694144003925e-01 4.254997747560703065e-04
2.458867337786465883e+06 9.946177829669523573e-01 4.255569512418968321e-04
2.458867343812531326e+06 9.950608804921111661e-01 4.256260248292774353e-04
2.458867349838596303e+06 9.954523207613548141e-01 4.258152256507709245e-04
2.458867355864661746e+06 9.957965234260190979e-01 4.260044264868848257e-04
2.458867361890726723e+06 9.961429100734834341e-01 4.261936273083783149e-04
2.458867367916791700e+06 9.965052636230655736e-01 4.263601050652251058e-04
2.458867373942857143e+06 9.968835841046176371e-01 4.265134065077201184e-04
2.458867379968922120e+06 9.972438538796768448e-01 4.266667079383688671e-04
2.458867385994987562e+06 9.975372904243592354e-01 4.267804605874155684e-04
2.458867392021052539e+06 9.977635135168456681e-01 4.267088196684645936e-04
2.458867398047117516e+06 9.979330545474602854e-01 4.266371787495135647e-04
2.458867404073182959e+06 9.981245951247857962e-01 4.265655378250265452e-04
2.458867410099247936e+06 9.983542218176443273e-01 4.266552695457480403e-04
2.458867416125313379e+06 9.986219346615244907e-01 4.268081721916157671e-04
2.458867422151378356e+06 9.988879182263455947e-01 4.269610748256680755e-04
2.458867428177443333e+06 9.991107600091184704e-01 4.270754121688536396e-04
2.458867434203508776e+06 9.992904560378540468e-01 4.270808498334029060e-04
2.458867440229573753e+06 9.994270062847800951e-01 4.270862874975320440e-04
2.458867446255639195e+06 9.995204107710009556e-01 4.270917251620813104e-04
2.458867452281704172e+06 9.995765891462052855e-01 4.270971628262104484e-04
2.458867458307769150e+06 9.996075699458982777e-01 4.271026004903395322e-04
2.458867464333834592e+06 9.996137033049400378e-01 4.271080381548887986e-04
2.458867470359899569e+06 9.995949892223822131e-01 4.270897238840162227e-04
2.458867476385965012e+06 9.995514276953330057e-01 4.270267566445398299e-04
2.458867482412029989e+06 9.995044733561146977e-01 4.269637894099291738e-04
2.458867488438094966e+06 9.995366331040378416e-01 4.269008221753185718e-04
2.458867494464160409e+06 9.996560591064416190e-01 4.269528895346765777e-04
2.458867500490225386e+06 9.998597215136247884e-01 4.270191633992050811e-04
2.458867506516290829e+06 1.000000000000000000e+00 4.270854372688549219e-04
2.458867512542355806e+06 9.999952254105670679e-01 4.271187965617860810e-04
2.458867518568420783e+06 9.998453977617701716e-01 4.271090428304061661e-04
2.458867524594486225e+06 9.996167808459189841e-01 4.270992890982725681e-04
2.458867530620551202e+06 9.994985667494092896e-01 4.270895353668926532e-04
2.458867536646616645e+06 9.995024298342835012e-01 4.272213281833928773e-04
2.458867542672681622e+06 9.996213028078277940e-01 4.273566342018786683e-04
2.458867548698746599e+06 9.996964966083774495e-01 4.274919402203644593e-04
2.458867554724812042e+06 9.996624746469264799e-01 4.274365834611220868e-04
2.458867560750877019e+06 9.995192369287327905e-01 4.272042635476781857e-04
2.458867566776942462e+06 9.993344318916048685e-01 4.269719436162818481e-04
2.458867572803007439e+06 9.992523895097781272e-01 4.267559065088277087e-04
2.458867578829072416e+06 9.992778865612037542e-01 4.267884161744811555e-04
2.458867584855137859e+06 9.993953051225716866e-01 4.268209258426467530e-04
2.458867590881202836e+06 9.994011349383169485e-01 4.268534355083001457e-04
2.458867596907268278e+06 9.992326656079466574e-01 4.268034318587570473e-04
2.458867602933333255e+06 9.988898971574979857e-01 4.266994059158620142e-04
2.458867608959398232e+06 9.984774144385678563e-01 4.265953799729670353e-04
2.458867614985463675e+06 9.981612543588641584e-01 4.264987033216262346e-04
2.458867621011528652e+06 9.979435217757137710e-01 4.264446091666714228e-04
2.458867627037594095e+06 9.978128553900008635e-01 4.263905150075364696e-04
2.458867633063659072e+06 9.976728632255008611e-01 4.263364208525816578e-04
2.458867639089724049e+06 9.975016306550550382e-01 4.262796379611063081e-04
2.458867645115789492e+06 9.972991576618097653e-01 4.262216472970174839e-04
2.458867651141854469e+06 9.970952528775532953e-01 4.261636566374098841e-04
2.458867657167919911e+06 9.969245517868970952e-01 4.261318022145016448e-04
2.458867663193984888e+06 9.967871023031283917e-01 4.261860376038221305e-04
2.458867669220049866e+06 9.966631095197594492e-01 4.262402729931426704e-04
2.458867675246115308e+06 9.964358305458831389e-01 4.262945083866541396e-04
2.458867681272180285e+06 9.960861421552531514e-01 4.261326513417436346e-04
2.458867687298245728e+06 9.956143435831444899e-01 4.259083238559177391e-04
2.458867693324310705e+06 9.951670626363867678e-01 4.256839963874266644e-04
2.458867699350375682e+06 9.948664430018682170e-01 4.255097613791074609e-04
2.458867705376441125e+06 9.947124846733583770e-01 4.254426650236191776e-04
2.458867711402506102e+06 9.946524706171608887e-01 4.253755686733156575e-04
2.458867717428571545e+06 9.944617043744548024e-01 4.253084723178273199e-04
2.458867723454636522e+06 9.941147320430908652e-01 4.251968310391551612e-04
2.458867729480701499e+06 9.936139796183259820e-01 4.250780249732941151e-04
2.458867735506766941e+06 9.931285339502946563e-01 4.249592188982524244e-04
2.458867741532831918e+06 9.927617247297813030e-01 4.248660043854094424e-04
2.458867747558897361e+06 9.925135519000962692e-01 4.248104978548252570e-04
2.458867753584962338e+06 9.923293931326970796e-01 4.247549913285303381e-04
2.458867759611027315e+06 9.920371913584622448e-01 4.246994848022353649e-04
2.458867765637092758e+06 9.916243664360130383e-01 4.245541460013894193e-04
2.458867771663157735e+06 9.910948473798507630e-01 4.244037940239229014e-04
2.458867777689223178e+06 9.905589709935768150e-01 4.242534420348379105e-04
2.458867783715288155e+06 9.900669578842768992e-01 4.240953145861688935e-04
2.458867789741353132e+06 9.896188080088467176e-01 4.239290941143393412e-04
2.458867795767418575e+06 9.892311031517285747e-01 4.237628736296651915e-04
2.458867801793483552e+06 9.889428359394617507e-01 4.236002076594661708e-04
2.458867807819548994e+06 9.887556343272771997e-01 4.235422086989268516e-04
2.458867813845613971e+06 9.886622724687849084e-01 4.234842097428694074e-04
2.458867819871678948e+06 9.885516557376432534e-01 4.234262107868119089e-04
2.458867825897744391e+06 9.883860048313416469e-01 4.233533847075076685e-04
2.458867831923809368e+06 9.881653197754818319e-01 4.232696305963663461e-04
2.458867837949874811e+06 9.878351312874044110e-01 4.231858764787529872e-04
2.458867843975939788e+06 9.872998759280671166e-01 4.230912491902449955e-04
2.458867850002004765e+06 9.865577796513679276e-01 4.229157734892356594e-04
2.458867856028070208e+06 9.856505340172000418e-01 4.227402977746664778e-04
2.458867862054135185e+06 9.849827234350589933e-01 4.225648220736571959e-04
2.458867868080200627e+06 9.846563681850220018e-01 4.224575332174268071e-04
2.458867874106265604e+06 9.846714683175267213e-01 4.223851529194758581e-04
2.458867880132330582e+06 9.847566237019713675e-01 4.223127726215248549e-04
2.458867886158396024e+06 9.845608446108358169e-01 4.222217892281074770e-04
2.458867892184461001e+06 9.840827234605381557e-01 4.220583270726296172e-04
2.458867898210526444e+06 9.833749912106243274e-01 4.218948649045202600e-04
2.458867904236591421e+06 9.827869503306627674e-01 4.217314027490423460e-04
2.458867910262656398e+06 9.823826717097230432e-01 4.216591828692363105e-04
2.458867916288721841e+06 9.821620970041912146e-01 4.216178499966484233e-04
2.458867922314786818e+06 9.819489840225527066e-01 4.215765171272544873e-04
2.458867928340852261e+06 9.815795140206950986e-01 4.215098233302213074e-04
2.458867934366917238e+06 9.810536870557196032e-01 4.213810226347658298e-04
2.458867940392982215e+06 9.804478096982399693e-01 4.212522219393103522e-04
2.458867946419047657e+06 9.801232647333230075e-01 4.211234212339018445e-04
2.458867952445112634e+06 9.801266384905424900e-01 4.211227181745039812e-04
2.458867958471178077e+06 9.804541597339755388e-01 4.211477339073716407e-04
2.458867964497243054e+06 9.806938020302174985e-01 4.211727496383062762e-04
2.458867970523308031e+06 9.805669660390036180e-01 4.211434210829448962e-04
2.458867976549373474e+06 9.800736517080534949e-01 4.210237676173984346e-04
2.458867982575438451e+06 9.793593769211088595e-01 4.209041141610981576e-04
2.458867988601503894e+06 9.789304275684977963e-01 4.207844606955516418e-04
2.458867994627568871e+06 9.788300940226276614e-01 4.207081358373898909e-04
2.458868000653633848e+06 9.790453283959442699e-01 4.206356558566394922e-04
2.458868006679699291e+06 9.791030803758165035e-01 4.205631758702882135e-04
2.458868012705764268e+06 9.787659638171062326e-01 4.204320908312603080e-04
2.458868018731829245e+06 9.780339787395326834e-01 4.202325797975900771e-04
2.458868024757894687e+06 9.770843397181440126e-01 4.200330687485026538e-04
2.458868030783959664e+06 9.763763415872670492e-01 4.198345167834131061e-04
2.458868036810025107e+06 9.759335531212145476e-01 4.198636948784023517e-04
2.458868042836090084e+06 9.757499823467656874e-01 4.198928729711368362e-04
2.458868048862155061e+06 9.757152541628525411e-01 4.199220510638713749e-04
2.458868054888220504e+06 9.757879788034076185e-01 4.199218282277504544e-04
2.458868060914285481e+06 9.759681562571912439e-01 4.198972611388099795e-04
2.458868066940350924e+06 9.761674047983794900e-01 4.198726940479711209e-04
2.458868072966415901e+06 9.762145842152939457e-01 4.198470530108202822e-04
2.458868078992480878e+06 9.761053467480974577e-01 4.198105388559696723e-04
2.458868085018546320e+06 9.758629980692377082e-01 4.197740246982974263e-04
2.458868091044611298e+06 9.757484506149938230e-01 4.197375105434467623e-04
2.458868097070676740e+06 9.758345254091160825e-01 4.197598104336485933e-04
2.458868103096741717e+06 9.761212224383016833e-01 4.198162474399766506e-04
2.458868109122806694e+06 9.764677100879631810e-01 4.198726844463047622e-04
2.458868115148872137e+06 9.766718666329338161e-01 4.199147812136587768e-04
2.458868121174937114e+06 9.767321099025720876e-01 4.198895494779666579e-04
2.458868127201002557e+06 9.766633118576752981e-01 4.198643177403248183e-04
2.458868133227067534e+06 9.765766934890685036e-01 4.198390860046328078e-04
2.458868139253132511e+06 9.764950136922057045e-01 4.198433763137833421e-04
2.458868145279197954e+06 9.764182724613477138e-01 4.198592365001783478e-04
2.458868151305262931e+06 9.763636225364599186e-01 4.198750966853477713e-04
2.458868157331328373e+06 9.763489210285463127e-01 4.198756895690945344e-04
2.458868163357393350e+06 9.763741697385454055e-01 4.198331188068236898e-04
2.458868169383458328e+06 9.764276523241502970e-01 4.197905480445528453e-04
2.458868175409523770e+06 9.764475276039242813e-01 4.197479772789923687e-04
2.458868181435588747e+06 9.764247803736071374e-01 4.197998136873957791e-04
2.458868187461654190e+06 9.763601780605605240e-01 4.198746448499314672e-04
2.458868193487719167e+06 9.764069132495647452e-01 4.199494760066845630e-04
2.458868199513784144e+06 9.766798549333106649e-01 4.200569893526237835e-04
2.458868205539849587e+06 9.771790031591097714e-01 4.202260095742955102e-04
2.458868211565914564e+06 9.778169358345272233e-01 4.203950297829062870e-04
2.458868217591980007e+06 9.782571690624120020e-01 4.205640500045780138e-04
2.458868223618044984e+06 9.784664165629151089e-01 4.205307726667780670e-04
2.458868229644109961e+06 9.784503501309839146e-01 4.204724497307082086e-04
2.458868235670175403e+06 9.784860808124358211e-01 4.204141267901314845e-04
2.458868241696240380e+06 9.787270469269980788e-01 4.204337384196318145e-04
2.458868247722305823e+06 9.791732485119118978e-01 4.205555353242802666e-04
2.458868253748370800e+06 9.797361125020179751e-01 4.206773322195169764e-04
2.458868259774435777e+06 9.801625357288675788e-01 4.207991291147536320e-04
2.458868265800501220e+06 9.804368760008753680e-01 4.209279285726311441e-04
2.458868271826566197e+06 9.805640050246726691e-01 4.210569036721803276e-04
2.458868277852631640e+06 9.806535168206867992e-01 4.211858787816960396e-04
2.458868283878696617e+06 9.807507111645350495e-01 4.212741422557636658e-04
2.458868289904761594e+06 9.808555880628374579e-01 4.213245807892833047e-04
2.458868295930827036e+06 9.810122322737038214e-01 4.213750193267006504e-04
2.458868301956892014e+06 9.813147819768681668e-01 4.214328656355876917e-04
2.458868307982957456e+06 9.817663597712038559e-01 4.216042951789587606e-04
2.458868314009022433e+06 9.823512328623866807e-01 4.217757247090826137e-04
2.458868320035087410e+06 9.828640993235956413e-01 4.219471542392065210e-04
2.458868326061152853e+06 9.832416397131500396e-01 4.220383245631218350e-04
2.458868332087217830e+06 9.834838539727014384e-01 4.220768908054045002e-04
2.458868338113283273e+06 9.836981481137977434e-01 4.221154570506673660e-04
2.458868344139348250e+06 9.840551959826756567e-01 4.221714759828734979e-04
2.458868350165413227e+06 9.845571696662723804e-01 4.223288315615421991e-04
2.458868356191478670e+06 9.851693378940387102e-01 4.224861871523704444e-04
2.458868362217543647e+06 9.855966712945556374e-01 4.226435427310390913e-04
2.458868368243609089e+06 9.857720296909320279e-01 4.226973507529904902e-04
2.458868374269674066e+06 9.856954130560663385e-01 4.227045871155014358e-04
2.458868380295739044e+06 9.856329089583789616e-01 4.227118234780123272e-04
2.458868386321804486e+06 9.858940110483040975e-01 4.227602609739076296e-04
2.458868392347869463e+06 9.864791530292598143e-01 4.229446178934702437e-04
2.458868398373934906e+06 9.873195365973899129e-01 4.231289748272789491e-04
2.458868404399999883e+06 9.880089707746686489e-01 4.233133317468415631e-04
