2.458694000000000000e+06 9.793877027003299318e-01 4.755736429538212824e-04
2.458694006026064977e+06 9.803885817908816191e-01 4.755071040919569094e-04
2.458694012052130420e+06 9.809045441252588482e-01 4.754275153740853137e-04
2.458694018078195397e+06 9.809116016714110042e-01 4.749975534864857079e-04
2.458694024104260840e+06 9.804562002214705085e-01 4.745675915656609976e-04
2.458694030130325817e+06 9.802396547873131194e-01 4.741376296780613919e-04
2.458694036156390794e+06 9.804980109286788315e-01 4.739230183987876567e-04
2.458694042182456236e+06 9.812312687205785311e-01 4.738652165413984366e-04
2.458694048208521213e+06 9.821427732629189888e-01 4.738074146884757500e-04
2.458694054234586656e+06 9.827172670766675111e-01 4.737086152328187768e-04
2.458694060260651633e+06 9.829455148507221240e-01 4.733130874326526975e-04
2.458694066286716610e+06 9.828708622370246895e-01 4.729175596324865639e-04
2.458694072312782053e+06 9.829083223005802283e-01 4.725220318017562290e-04
2.458694078338847030e+06 9.831615035794553092e-01 4.723144980280661524e-04
2.458694084364912473e+06 9.836304061127786325e-01 4.722020359939138124e-04
2.458694090390977450e+06 9.842360656768717186e-01 4.720895739684519490e-04
2.458694096417042427e+06 9.848773678792523967e-01 4.720234465238291595e-04
2.458694102443107869e+06 9.855539374847764877e-01 4.721349552766560941e-04
2.458694108469172847e+06 9.862348034890697779e-01 4.722464640208662236e-04
2.458694114495238289e+06 9.867169814605235567e-01 4.723579727736931582e-04
2.458694120521303266e+06 9.869636098874247088e-01 4.722827977328293136e-04
2.458694126547368243e+06 9.869747782227324961e-01 4.721452686237607543e-04
2.458694132573433686e+06 9.869617330001393407e-01 4.720077395040646827e-04
2.458694138599498663e+06 9.871189519696078607e-01 4.719640702324143493e-04
2.458694144625564106e+06 9.874464351554360642e-01 4.721475805442568912e-04
2.458694150651629083e+06 9.879126237362334528e-01 4.723310908419187733e-04
2.458694156677694060e+06 9.883693665274903006e-01 4.725146011395807638e-04
2.458694162703759503e+06 9.887977629342546981e-01 4.726667802189477214e-04
2.458694168729824480e+06 9.891977383681860303e-01 4.728127727820708912e-04
2.458694174755889922e+06 9.895614688171536777e-01 4.729587653564755641e-04
2.458694180781954899e+06 9.898837061795043857e-01 4.731296801599410942e-04
2.458694186808019876e+06 9.901644504849482775e-01 4.733416313161448760e-04
2.458694192834085319e+06 9.904246922550256071e-01 4.735535824887271580e-04
2.458694198860150296e+06 9.907369158844950841e-01 4.737655336449310482e-04
2.458694204886215739e+06 9.911072494016632817e-01 4.738697564172502600e-04
2.458694210912280716e+06 9.915337790960251363e-01 4.739646863944333203e-04
2.458694216938345693e+06 9.919484613772093784e-01 4.740596163716163263e-04
2.458694222964411136e+06 9.923173878043829443e-01 4.741857100066431741e-04
2.458694228990476113e+06 9.926405583205288874e-01 4.743479000113204249e-04
2.458694235016541556e+06 9.929326468515724535e-01 4.745100900285308359e-04
2.458694241042606533e+06 9.932314352828508497e-01 4.746713344819358240e-04
2.458694247068671510e+06 9.935388369703702649e-01 4.746778250660094460e-04
2.458694253094736952e+06 9.938510459410510034e-01 4.746843156505846741e-04
2.458694259120801929e+06 9.940987934552393268e-01 4.746908062346583503e-04
2.458694265146867372e+06 9.942562651861549528e-01 4.746103499351605310e-04
2.458694271172932349e+06 9.943234611094604602e-01 4.744584138966608986e-04
2.458694277198997326e+06 9.943605102938223306e-01 4.743064778581612662e-04
2.458694283225062769e+06 9.944831616906286698e-01 4.741590454113740814e-04
2.458694289251127746e+06 9.946943053496914988e-01 4.740562985559527900e-04
2.458694295277193189e+06 9.949870523151175261e-01 4.739535516925918318e-04
2.458694301303258166e+06 9.952849154551433042e-01 4.738508048371705946e-04
2.458694307329323143e+06 9.955666675862485659e-01 4.736462064009365285e-04
2.458694313355388585e+06 9.958323087283378339e-01 4.733828859603133612e-04
2.458694319381453563e+06 9.960523914924550581e-01 4.731195655400380665e-04
2.458694325407519005e+06 9.961848806880568841e-01 4.728482351848988961e-04
2.458694331433583982e+06 9.962294568388969651e-01 4.725396713397424339e-04
2.458694337459648959e+06 9.961882160921745610e-01 4.722311074945859176e-04
2.458694343485714402e+06 9.960767400857287734e-01 4.719225436255853018e-04
2.458694349511779379e+06 9.958982005715070196e-01 4.715010927166615349e-04
2.458694355537844822e+06 9.956525975219161495e-01 4.710356937842208476e-04
2.458694361563909799e+06 9.954903242792056961e-01 4.705702948877436885e-04
2.458694367589974776e+06 9.955671557401896132e-01 4.701840951354878764e-04
2.458694373616040219e+06 9.958831039208076996e-01 4.700203798942365410e-04
2.458694379642105196e+06 9.963747398819281509e-01 4.698566646656363271e-04
2.458694385668170638e+06 9.967087895802867470e-01 4.696929494243850460e-04
2.458694391694235615e+06 9.968369087756016045e-01 4.693575960632023216e-04
2.458694397720300592e+06 9.967599807871173612e-01 4.689807360410325112e-04
2.458694403746366035e+06 9.966496855315203351e-01 4.686038759897410305e-04
2.458694409772431012e+06 9.966342499973590563e-01 4.682522835961125244e-04
2.458694415798495989e+06 9.967136741724457183e-01 4.679480302484551480e-04
2.458694421824561432e+06 9.968430556629098716e-01 4.676437768772866307e-04
2.458694427850626409e+06 9.968501607195219272e-01 4.673395235296292543e-04
2.458694433876691852e+06 9.967180324156487137e-01 4.670652555733772549e-04
2.458694439902756829e+06 9.964492615520418317e-01 4.667946653917190219e-04
2.458694445928821806e+06 9.961692017725604087e-01 4.665240752100608974e-04
2.458694451954887249e+06 9.959470562181502729e-01 4.663014815529747622e-04
2.458694457980952226e+06 9.957828249231438500e-01 4.661416126067941174e-04
2.458694464007017668e+06 9.956781485625473271e-01 4.659817436482596937e-04
2.458694470033082645e+06 9.956377034878107768e-01 4.658218747020791573e-04
2.458694476059147622e+06 9.956617773466719390e-01 4.657928105051380770e-04
2.458694482085213065e+06 9.957454369024606455e-01 4.657669310646867736e-04
2.458694488111278042e+06 9.957782321575650020e-01 4.657410516262352270e-04
2.458694494137343485e+06 9.957146097889928438e-01 4.657100184372706293e-04
2.458694500163408462e+06 9.955545698065774163e-01 4.656742083246467726e-04
2.458694506189473439e+06 9.953220374006069848e-01 4.656383982120229159e-04
2.458694512215538882e+06 9.950680081849105907e-01 4.656016785254430833e-04
2.458694518241603859e+06 9.947941658092346318e-01 4.655511299000034348e-04
2.458694524267669301e+06 9.945007442910175355e-01 4.655005812706576227e-04
2.458694530293734279e+06 9.941907906505315085e-01 4.654500326452179742e-04
2.458694536319799256e+06 9.938652432044801088e-01 4.654772628857006779e-04
2.458694542345864698e+06 9.935241019258996831e-01 4.655553902769082679e-04
2.458694548371929675e+06 9.932194381063814692e-01 4.656335176620786409e-04
2.458694554397995118e+06 9.930339002307952967e-01 4.657293533166383830e-04
2.458694560424060095e+06 9.929685350365464735e-01 4.659277844320341261e-04
2.458694566450125072e+06 9.929999589226407020e-01 4.661262155474298150e-04
2.458694572476190515e+06 9.929297380455367472e-01 4.663246466781591584e-04
2.458694578502255492e+06 9.927127511630059464e-01 4.664129269528319625e-04
2.458694584528320935e+06 9.923489982415132360e-01 4.664517046631483040e-04
2.458694590554385912e+06 9.919343137806742039e-01 4.664904823704680735e-04
2.458694596580450889e+06 9.915801166272931733e-01 4.665418587259689180e-04
2.458694602606516331e+06 9.912865620153182844e-01 4.666347826513493873e-04
2.458694608632581308e+06 9.910545991343151506e-01 4.667277065695491856e-04
2.458694614658646751e+06 9.908898315706902160e-01 4.668206304949296549e-04
2.458694620684711728e+06 9.907931782428639478e-01 4.669356979858147903e-04
2.458694626710776705e+06 9.907643578727960421e-01 4.670571788056881351e-04
2.458694632736842148e+06 9.906634373219483924e-01 4.671786596349488275e-04
2.458694638762907125e+06 9.903736845594156568e-01 4.672303983880677714e-04
2.458694644788972568e+06 9.898950995404164344e-01 4.671326749172971114e-04
2.458694650815037545e+06 9.892781446385205957e-01 4.670349514540779738e-04
2.458694656841102522e+06 9.887382859860790463e-01 4.669372279908587820e-04
2.458694662867167965e+06 9.882999869079996946e-01 4.669135867903658702e-04
2.458694668893232942e+06 9.879616402386269813e-01 4.669019153480775345e-04
2.458694674919298384e+06 9.876102937464287246e-01 4.668902439048872510e-04
2.458694680945363361e+06 9.871767777820736889e-01 4.668174789829961286e-04
2.458694686971428338e+06 9.866610923215864970e-01 4.666544518165515062e-04
2.458694692997493781e+06 9.860896495449364973e-01 4.664914246375090508e-04
2.458694699023558758e+06 9.855458493093736116e-01 4.663283974710644825e-04
2.458694705049624201e+06 9.850358138618326986e-01 4.662119142011118518e-04
2.458694711075689178e+06 9.845624786568172304e-01 4.660980679050854940e-04
2.458694717101754155e+06 9.842088401243682672e-01 4.659842216090591903e-04
2.458694723127819598e+06 9.840127795673502265e-01 4.659068457539943258e-04
2.458694729153884575e+06 9.839742970160637592e-01 4.658675624008014565e-04
2.458694735179950017e+06 9.839983244066567991e-01 4.658282790445729296e-04
2.458694741206014995e+06 9.838606029333075709e-01 4.657780211670832483e-04
2.458694747232079972e+06 9.835517033012979304e-01 4.653943142467833224e-04
2.458694753258145414e+06 9.830809143354319879e-01 4.650106072968325272e-04
2.458694759284210391e+06 9.825919438849008980e-01 4.646269003765326013e-04
2.458694765310275834e+06 9.821338354540958271e-01 4.643664721833734750e-04
2.458694771336340811e+06 9.817065891138169187e-01 4.641973108897063001e-04
2.458694777362405788e+06 9.812978944994884545e-01 4.640281495960391252e-04
2.458694783388471231e+06 9.808860678374743403e-01 4.638490063304773312e-04
2.458694789414536208e+06 9.804707011131441607e-01 4.635947794728519393e-04
2.458694795440601651e+06 9.800595743073655663e-01 4.633405525955812919e-04
2.458694801466666628e+06 9.797286467698654855e-01 4.630863257379558458e-04
2.458694807492731605e+06 9.794971586488943061e-01 4.629321049311618959e-04
2.458694813518797047e+06 9.793651099380897840e-01 4.628293829818600348e-04
2.458694819544862024e+06 9.792217764042498995e-01 4.627266610404959972e-04
2.458694825570927467e+06 9.789232415652912023e-01 4.626048799759851235e-04
2.458694831596992444e+06 9.784689058497014758e-01 4.624081896825919889e-04
2.458694837623057421e+06 9.778845428816198559e-01 4.622114993891988000e-04
2.458694843649122864e+06 9.773419306317194799e-01 4.620148090806065061e-04
2.458694849675187841e+06 9.768727584160618038e-01 4.618902857673107048e-04
2.458694855701253284e+06 9.764770335010335423e-01 4.617903904997430102e-04
2.458694861727318261e+06 9.761811975747159975e-01 4.616904952398946725e-04
2.458694867753383238e+06 9.760099808144084843e-01 4.616414300844705267e-04
2.458694873779448681e+06 9.759633832213250315e-01 4.617178415470275365e-04
2.458694879805513658e+06 9.760048915433865435e-01 4.617942530036799813e-04
2.458694885831579100e+06 9.759604841719301538e-01 4.618706644662369911e-04
2.458694891857644077e+06 9.758075602164110185e-01 4.619310249180737411e-04
2.458694897883709054e+06 9.755468446832530338e-01 4.619881221315063334e-04
2.458694903909774497e+06 9.752601675028199635e-01 4.620452193493510863e-04
2.458694909935839474e+06 9.750032172845526368e-01 4.620380517564949877e-04
2.458694915961904917e+06 9.747759939887394864e-01 4.619232190440320331e-04
2.458694921987969894e+06 9.745769439280624891e-01 4.618083863404426771e-04
2.458694928014034871e+06 9.744006250485008902e-01 4.616935536368533210e-04
2.458694934040100314e+06 9.742465673115550118e-01 4.614949746042067017e-04
2.458694940066165291e+06 9.741143849789475340e-01 4.612887681311943580e-04
2.458694946092230733e+06 9.739898166422967796e-01 4.610825616422474949e-04
2.458694952118295711e+06 9.738656559591291062e-01 4.608886632495991318e-04
2.458694958144360688e+06 9.737419029198025600e-01 4.607092563274390478e-04
2.458694964170426130e+06 9.736183565882168267e-01 4.605298493914154333e-04
2.458694970196491107e+06 9.734944924414113965e-01 4.603504128995197461e-04
2.458694976222556550e+06 9.733702831502191177e-01 4.601562508809199105e-04
2.458694982248621527e+06 9.732494973094923951e-01 4.599620888773239152e-04
2.458694988274686504e+06 9.732025956382425180e-01 4.597679268737278656e-04
2.458694994300751947e+06 9.732562028846936109e-01 4.595968530366805133e-04
2.458695000326816924e+06 9.734103190405605233e-01 4.594450746049517768e-04
2.458695006352882367e+06 9.735868466917692032e-01 4.592932961614944664e-04
2.458695012378947344e+06 9.736333358235625957e-01 4.591291860421008479e-04
2.458695018405012321e+06 9.735458215207982713e-01 4.588364468178138234e-04
2.458695024431077763e+06 9.733406587535250454e-01 4.585437075709055169e-04
2.458695030457142740e+06 9.732032931569477574e-01 4.582509683466186009e-04
2.458695036483208183e+06 9.731859322403373369e-01 4.579492435700639416e-04
2.458695042509273160e+06 9.732885760063769709e-01 4.576422466371226922e-04
2.458695048535338137e+06 9.734446113632941877e-01 4.573352497041814429e-04
2.458695054561403580e+06 9.735575486343230889e-01 4.570277351656584796e-04
2.458695060587468557e+06 9.736265942069428636e-01 4.567177457690263249e-04
2.458695066613534000e+06 9.736568861523489105e-01 4.564077563484399158e-04
2.458695072639598977e+06 9.736873001629456903e-01 4.560977669518078152e-04
2.458695078665663954e+06 9.737258718143534386e-01 4.558049468348461791e-04
2.458695084691729397e+06 9.737726011104984591e-01 4.555189468746642049e-04
2.458695090717794374e+06 9.738333181347345047e-01 4.552329469365827704e-04
2.458695096743859816e+06 9.739141594565204896e-01 4.549514565337129486e-04
2.458695102769924793e+06 9.740151260636779051e-01 4.546829057312398270e-04
2.458695108795989770e+06 9.741540622254059034e-01 4.544143549287667054e-04
2.458695114822055213e+06 9.744262114572941336e-01 4.541458041055414663e-04
2.458695120848120190e+06 9.748456279235626631e-01 4.540084582849716519e-04
2.458695126874185633e+06 9.754115563022316415e-01 4.539036723231654235e-04
2.458695132900250610e+06 9.759611635325241563e-01 4.537988863694565047e-04
2.458695138926315587e+06 9.763709990881557221e-01 4.536571532160031954e-04
2.458695144952381030e+06 9.766410629845950764e-01 4.534449369824615126e-04
2.458695150978446007e+06 9.768131118265549473e-01 4.532327207653187129e-04
2.458695157004511449e+06 9.770496614000546698e-01 4.530205045317769758e-04
2.458695163030576427e+06 9.773670362620220375e-01 4.530476134455608292e-04
2.458695169056641404e+06 9.777633990823337840e-01 4.531053157627161921e-04
2.458695175082706846e+06 9.781455954691701260e-01 4.531630180843304449e-04
2.458695181108771823e+06 9.784614662776602856e-01 4.531682047253029490e-04
2.458695187134837266e+06 9.787110115566217683e-01 4.531036056486992172e-04
2.458695193160902243e+06 9.789391242093244960e-01 4.530390065770873689e-04
2.458695199186967220e+06 9.792755622918318803e-01 4.529744075054755207e-04
2.458695205213032663e+06 9.797285115972831360e-01 4.530460756580534159e-04
2.458695211239097640e+06 9.802885708998466674e-01 4.531216498574484127e-04
2.458695217265162617e+06 9.807387750155485140e-01 4.531972240568434094e-04
2.458695223291228060e+06 9.809883868548795460e-01 4.532017322750168009e-04
2.458695229317293037e+06 9.810374063792626220e-01 4.531392801533990411e-04
2.458695235343358479e+06 9.810311122191736066e-01 4.530768280269553347e-04
2.458695241369423456e+06 9.812835106630202198e-01 4.530267590286954555e-04
2.458695247395488434e+06 9.818053399709488760e-01 4.531792502954331485e-04
2.458695253421553876e+06 9.825700830468374614e-01 4.533317415739546012e-04
2.458695259447618853e+06 9.832245538249911876e-01 4.534842328406922941e-04
2.458695265473684296e+06 9.836584314362494252e-01 4.534589081089357128e-04
2.458695271499749273e+06 9.838717158135569241e-01 4.533152118711270126e-04
2.458695277525814250e+06 9.839879557129563858e-01 4.531715156333183123e-04
2.458695283551879693e+06 9.842061008024195479e-01 4.530606852009150796e-04
2.458695289577944670e+06 9.845288266025471469e-01 4.531466791286744406e-04
2.458695295604010113e+06 9.849520777003820671e-01 4.532326730630789309e-04
2.458695301630075090e+06 9.854407856817947176e-01 4.533186669908382919e-04
2.458695307656140067e+06 9.859868558835723773e-01 4.533151609726662193e-04
2.458695313682205509e+06 9.865902883545609736e-01 4.532706553409428913e-04
2.458695319708270486e+06 9.871917159295082733e-01 4.532261497126587068e-04
2.458695325734335929e+06 9.877210334251814716e-01 4.531865625910915050e-04
2.458695331760400906e+06 9.881781220353657025e-01 4.531635761687194766e-04
2.458695337786465883e+06 9.885745254750138988e-01 4.531405897463475566e-04
2.458695343812531326e+06 9.889795244755552606e-01 4.531176033221992797e-04
2.458695349838596303e+06 9.894046688701478853e-01 4.530437877516228090e-04
2.458695355864661746e+06 9.898498373265960382e-01 4.529549008366848023e-04
2.458695361890726723e+06 9.902429085148946042e-01 4.528660139286154874e-04
2.458695367916791700e+06 9.905227770580216085e-01 4.527480962764539817e-04
2.458695373942857143e+06 9.906894429644824696e-01 4.525667663108837841e-04
2.458695379968922120e+06 9.907887420138364876e-01 4.523854363593257611e-04
2.458695385994987562e+06 9.910193450739064325e-01 4.522041063937555635e-04
2.458695392021052539e+06 9.914042415924422258e-01 4.521175189951539631e-04
2.458695398047117516e+06 9.919414587151009766e-01 4.520467692304931066e-04
2.458695404073182959e+06 9.924840105932715151e-01 4.519760194603651606e-04
2.458695410099247936e+06 9.929405746512435238e-01 4.518811106806923188e-04
2.458695416125313379e+06 9.933111509595785593e-01 4.517498899646922605e-04
2.458695422151378356e+06 9.936368371422895640e-01 4.516186692588323114e-04
2.458695428177443333e+06 9.940492671019934834e-01 4.514874485529722539e-04
2.458695434203508776e+06 9.945583315055277485e-01 4.513766761844650519e-04
2.458695440229573753e+06 9.951549935199810459e-01 4.512671570506481358e-04
2.458695446255639195e+06 9.955746929496003261e-01 4.511576379083681544e-04
2.458695452281704172e+06 9.956949706067299566e-01 4.509930051232375649e-04
2.458695458307769150e+06 9.955158265353707403e-01 4.507698470445526155e-04
2.458695464333834592e+06 9.951964349986154312e-01 4.505466889486232679e-04
2.458695470359899569e+06 9.951175837115305844e-01 4.503268331122124344e-04
2.458695476385965012e+06 9.952957893987059990e-01 4.502227766687077679e-04
2.458695482412029989e+06 9.957150541106876140e-01 4.501187202332440867e-04
2.458695488438094966e+06 9.961215658822800689e-01 4.500146637977803514e-04
2.458695494464160409e+06 9.964274701704847192e-01 4.500174115971284890e-04
2.458695500490225386e+06 9.966327669280238277e-01 4.501005788198643161e-04
2.458695506516290829e+06 9.968073511740480619e-01 4.501837460490269141e-04
2.458695512542355806e+06 9.970761142999894355e-01 4.502681547194264315e-04
2.458695518568420783e+06 9.974415236816059904e-01 4.503622887730772775e-04
2.458695524594486225e+06 9.978770188800972774e-01 4.504564228340022527e-04
2.458695530620551202e+06 9.981179970132418866e-01 4.505505568876530444e-04
2.458695536646616645e+06 9.980964364098587893e-01 4.505831026171089348e-04
2.458695542672681622e+06 9.978123370732802089e-01 4.505833430087516161e-04
2.458695548698746599e+06 9.975161480680713177e-01 4.505835834003943515e-04
2.458695554724812042e+06 9.975383918098211788e-01 4.506243551380640852e-04
2.458695560750877019e+06 9.978806074357781108e-01 4.508286051270200129e-04
2.458695566776942462e+06 9.984781319411126788e-01 4.510328551317593221e-04
2.458695572803007439e+06 9.988924807779911985e-01 4.512371051207152498e-04
2.458695578829072416e+06 9.990414551099868756e-01 4.513726755634035184e-04
2.458695584855137859e+06 9.989250877992442712e-01 4.514842918885797560e-04
2.458695590881202836e+06 9.987498323559650393e-01 4.515959082051309486e-04
2.458695596907268278e+06 9.987119480727708609e-01 4.517112766742106540e-04
2.458695602933333255e+06 9.988114349555167193e-01 4.518360979484075247e-04
2.458695608959398232e+06 9.990105043008284946e-01 4.519609192226044497e-04
2.458695614985463675e+06 9.991262308221823263e-01 4.520857405064468166e-04
2.458695621011528652e+06 9.991344217343772760e-01 4.521596477767410392e-04
2.458695627037594095e+06 9.990364806836756761e-01 4.522228956404583992e-04
2.458695633063659072e+06 9.990035793661472541e-01 4.522861434992883384e-04
2.458695639089724049e+06 9.991539551229692284e-01 4.523459996130920011e-04
2.458695645115789492e+06 9.994876079870050889e-01 4.524000711472737739e-04
2.458695651141854469e+06 9.998970102744203503e-01 4.524541426772771941e-04
2.458695657167919911e+06 1.000000000000000000e+00 4.525082142114589668e-04
2.458695663193984888e+06 9.997628451493245638e-01 4.523825850122225093e-04
2.458695669220049866e+06 9.991959381323342049e-01 4.522396929391683438e-04
2.458695675246115308e+06 9.986995105403982942e-01 4.520968008550722839e-04
2.458695681272180285e+06 9.984787089678871519e-01 4.520222385162292857e-04
2.458695687298245728e+06 9.985335333806767411e-01 4.520294917107991442e-04
2.458695693324310705e+06 9.987488554689697429e-01 4.520367449048084702e-04
2.458695699350375682e+06 9.988198217150566771e-01 4.520439980988177962e-04
2.458695705376441125e+06 9.987301088781784797e-01 4.518534833601543094e-04
2.458695711402506102e+06 9.984867002416886184e-01 4.516625378512731490e-04
2.458695717428571545e+06 9.982238786457787727e-01 4.514715923276367560e-04
2.458695723454636522e+06 9.979931113394594488e-01 4.512907109641311793e-04
2.458695729480701499e+06 9.977943983011829943e-01 4.511183833792406527e-04
2.458695735506766941e+06 9.976101318167913679e-01 4.509460557810334672e-04
2.458695741532831918e+06 9.974054453542289256e-01 4.507532242885328678e-04
2.458695747558897361e+06 9.971793941565333386e-01 4.503347440213994373e-04
2.458695753584962338e+06 9.969286561928466517e-01 4.499162637866039086e-04
2.458695759611027315e+06 9.966147318784879250e-01 4.494977835518083800e-04
2.458695765637092758e+06 9.962266224806265447e-01 4.491007770917366279e-04
2.458695771663157735e+06 9.957643280592445301e-01 4.487165982609222928e-04
2.458695777689223178e+06 9.952915677139119177e-01 4.483324194004206591e-04
2.458695783715288155e+06 9.949020335708659291e-01 4.479520779715083154e-04
2.458695789741353132e+06 9.945965584830042117e-01 4.475906368722638450e-04
2.458695795767418575e+06 9.943670335527020621e-01 4.472291957450892424e-04
2.458695801793483552e+06 9.941509704441842121e-01 4.468677546458448262e-04
2.458695807819548994e+06 9.939352485158750028e-01 4.465096930369331159e-04
2.458695813845613971e+06 9.937198678011135433e-01 4.461530017666625225e-04
2.458695819871678948e+06 9.934749525380360824e-01 4.457963104963919292e-04
2.458695825897744391e+06 9.931685351861967437e-01 4.453953496725242397e-04
2.458695831923809368e+06 9.928006067186633254e-01 4.448645320645177171e-04
2.458695837949874811e+06 9.923710422977852774e-01 4.443337144154925738e-04
2.458695843975939788e+06 9.918791650664698922e-01 4.438028968074860512e-04
2.458695850002004765e+06 9.913248733438487781e-01 4.433673830766712539e-04
2.458695856028070208e+06 9.907087976022355136e-01 4.429561477966577170e-04
2.458695862054135185e+06 9.901831344504342658e-01 4.425449125484222541e-04
2.458695868080200627e+06 9.898650669028670190e-01 4.421416492496715021e-04
2.458695874106265604e+06 9.897545950086913402e-01 4.417538812025589173e-04
2.458695880132330582e+06 9.897834498606270515e-01 4.413661131554463325e-04
2.458695886158396024e+06 9.896819059382114814e-01 4.409783450783691643e-04
2.458695892184461001e+06 9.894223086769171616e-01 4.404976415099158072e-04
2.458695898210526444e+06 9.890076232987681237e-01 4.400045571073901382e-04
2.458695904236591421e+06 9.885958199510569422e-01 4.395114727429673992e-04
2.458695910262656398e+06 9.882766490300441964e-01 4.389755453138429408e-04
2.458695916288721841e+06 9.880501105218032487e-01 4.383816954414842420e-04
2.458695922314786818e+06 9.878609439027796757e-01 4.377878456150149965e-04
2.458695928340852261e+06 9.875471005573662753e-01 4.371939957426562978e-04
2.458695934366917238e+06 9.870980920442349316e-01 4.364636686201884023e-04
2.458695940392982215e+06 9.865188166663046987e-01 4.357288167949073987e-04
2.458695946419047657e+06 9.859259751539309891e-01 4.349939649128409811e-04
2.458695952445112634e+06 9.853690780666382043e-01 4.342280265636975752e-04
2.458695958471178077e+06 9.848481253183588580e-01 4.334322976297958971e-04
2.458695964497243054e+06 9.843659165119170718e-01 4.326365687573837694e-04
2.458695970523308031e+06 9.839285901695796754e-01 4.318463491142558947e-04
2.458695976549373474e+06 9.835363637957827976e-01 4.311538310624259455e-04
2.458695982575438451e+06 9.831840449292064132e-01 4.304613130641100471e-04
2.458695988601503894e+06 9.828008024034265988e-01 4.297687950122800978e-04
2.458695994627568871e+06 9.823641856897517011e-01 4.290969666078505232e-04
2.458696000653633848e+06 9.818741947606286491e-01 4.284391561596458922e-04
2.458696006679699291e+06 9.813996953712881277e-01 4.277813456606092556e-04
2.458696012705764268e+06 9.810532418412510891e-01 4.271133977029379259e-04
2.458696018731829245e+06 9.808364412737996529e-01 4.263825746049620794e-04
2.458696024757894687e+06 9.807241724008642914e-01 4.256517514505122560e-04
2.458696030783959664e+06 9.804949111123500982e-01 4.249209283525363554e-04
2.458696036810025107e+06 9.800967278677057415e-01 4.242233150861345861e-04
2.458696042836090084e+06 9.795296227284698842e-01 4.235412168742592087e-04
2.458696048862155061e+06 9.789466385287458605e-01 4.228591186623838856e-04
2.458696054888220504e+06 9.785314185167677259e-01 4.222121911608892986e-04
2.458696060914285481e+06 9.782843358909635301e-01 4.216868861784529941e-04
2.458696066940350924e+06 9.781655976136790498e-01 4.211615811554240518e-04
2.458696072966415901e+06 9.779322717324839820e-01 4.206362761729877473e-04
2.458696078992480878e+06 9.775431658519088129e-01 4.202152540685574669e-04
2.458696085018546320e+06 9.769985407757498796e-01 4.198259028538268295e-04
2.458696091044611298e+06 9.764882365651188501e-01 4.194365516691830735e-04
2.458696097070676740e+06 9.761757129371401165e-01 4.191249685781469345e-04
2.458696103096741717e+06 9.760609699401138206e-01 4.189866606290181678e-04
2.458696109122806694e+06 9.760905100539634116e-01 4.188483526798893468e-04
2.458696115148872137e+06 9.760288154246143932e-01 4.187100447200728945e-04
2.458696121174937114e+06 9.758480961649563801e-01 4.186687990771175956e-04
2.458696127201002557e+06 9.755509838462900207e-01 4.186443454677475878e-04
2.458696133227067534e+06 9.753461842487117783e-01 4.186198918602671818e-04
2.458696139253132511e+06 9.753653251057594620e-01 4.186162659255291199e-04
2.458696145279197954e+06 9.756084064448694582e-01 4.186445077720116919e-04
2.458696151305262931e+06 9.759784914196059091e-01 4.186727496163119276e-04
2.458696157331328373e+06 9.761604765336792111e-01 4.187009914627945538e-04
2.458696163357393350e+06 9.761301157789105121e-01 4.186656084635755081e-04
2.458696169383458328e+06 9.758932222288032587e-01 4.186260184884176244e-04
2.458696175409523770e+06 9.756263455116888084e-01 4.185864285102003390e-04
2.458696181435588747e+06 9.754124036704041600e-01 4.185604107534737187e-04
2.458696187461654190e+06 9.752513966718846516e-01 4.185490543317488916e-04
2.458696193487719167e+06 9.751520677519025515e-01 4.185376979109016720e-04
2.458696199513784144e+06 9.751356389280155801e-01 4.185269663166612478e-04
2.458696205539849587e+06 9.752030603124594021e-01 4.185422601838745997e-04
2.458696211565914564e+06 9.753436476231601704e-01 4.185575540499060629e-04
2.458696217591980007e+06 9.753833583523572326e-01 4.185728479171193605e-04
2.458696223618044984e+06 9.752610610565567439e-01 4.185387077114815233e-04
2.458696229644109961e+06 9.749767557450867983e-01 4.184666897667218633e-04
2.458696235670175403e+06 9.747077761349663971e-01 4.183946718163969935e-04
2.458696241696240380e+06 9.747757144035880117e-01 4.183478665612320709e-04
2.458696247722305823e+06 9.751872423334461137e-01 4.185073455375556365e-04
2.458696253748370800e+06 9.759002238329474999e-01 4.186668245015556181e-04
2.458696259774435777e+06 9.764859505198706380e-01 4.188263034655555456e-04
2.458696265800501220e+06 9.768325186783910485e-01 4.189213723793721797e-04
2.458696271826566197e+06 9.769399282549469099e-01 4.189820090379204037e-04
2.458696277852631640e+06 9.768700617238673667e-01 4.190426457011542784e-04
2.458696283878696617e+06 9.767058786431478401e-01 4.190764176894301867e-04
2.458696289904761594e+06 9.764478095456777806e-01 4.189988458711534644e-04
2.458696295930827036e+06 9.761467622134731847e-01 4.189212740468824595e-04
2.458696301956892014e+06 9.761542163464395072e-01 4.188437022286056830e-04
2.458696307982957456e+06 9.765371584092130686e-01 4.189982683211665709e-04
2.458696314009022433e+06 9.772955652008208371e-01 4.192356258274530182e-04
2.458696320035087410e+06 9.781020414234254945e-01 4.194729833337395740e-04
2.458696326061152853e+06 9.786400411570383984e-01 4.196966521236809573e-04
2.458696332087217830e+06 9.789095643185119489e-01 4.198850941265801695e-04
2.458696338113283273e+06 9.789537620574420007e-01 4.200735361440411384e-04
2.458696344139348250e+06 9.789849224958993013e-01 4.202619781469403505e-04
2.458696350165413227e+06 9.790316504878334714e-01 4.201488724302327826e-04
2.458696356191478670e+06 9.790938744732631260e-01 4.199707257857595959e-04
2.458696362217543647e+06 9.791621051918772967e-01 4.197925791550526325e-04
2.458696368243609089e+06 9.792296858316242858e-01 4.196778284997264253e-04
2.458696374269674066e+06 9.792966163820595593e-01 4.196732213276768535e-04
2.458696380295739044e+06 9.793628968484302533e-01 4.196686141556273900e-04
2.458696386321804486e+06 9.794285272357831085e-01 4.196640069832218204e-04
2.458696392347869463e+06 9.794935075339747943e-01 4.196593998111723027e-04
2.458696398373934906e+06 9.795578377530480552e-01 4.196547926387667331e-04
2.458696404399999883e+06 9.796215178830608439e-01 4.196501854667172154e-04
