2.458758000000000000e+06 9.970792519711320079e-01 4.419979186957298588e-04
2.458758006026064977e+06 9.970853453448901282e-01 4.420316731922130848e-04
2.458758012052130420e+06 9.970306393742172091e-01 4.420654740904041450e-04
2.458758018078195397e+06 9.969221787247419808e-01 4.421281978054287403e-04
2.458758024104260840e+06 9.967715267191108452e-01 4.421909215253002072e-04
2.458758030130325817e+06 9.967953991243458933e-01 4.422536452403247483e-04
2.458758036156390794e+06 9.970757852952893963e-01 4.423722687456716168e-04
2.458758042182456236e+06 9.976126852833414604e-01 4.425376682835536124e-04
2.458758048208521213e+06 9.981967305316674643e-01 4.427030678086544906e-04
2.458758054234586656e+06 9.984188467643348996e-01 4.428590361040278989e-04
2.458758060260651633e+06 9.982683663178528732e-01 4.429163514563397384e-04
2.458758066286716610e+06 9.977901782991641655e-01 4.429736668086515779e-04
2.458758072312782053e+06 9.974937463495060497e-01 4.430309821653924374e-04
2.458758078338847030e+06 9.975225878383761069e-01 4.431142612286159818e-04
2.458758084364912473e+06 9.978767027702318826e-01 4.432127831615903318e-04
2.458758090390977450e+06 9.983501581380285206e-01 4.433113050869513599e-04
2.458758096417042427e+06 9.986445605074957266e-01 4.433925296478881829e-04
2.458758102443107869e+06 9.987574514434224282e-01 4.433910176324230932e-04
2.458758108469172847e+06 9.987205869184873075e-01 4.433895056170748263e-04
2.458758114495238289e+06 9.987742421897185530e-01 4.433879936016097366e-04
2.458758120521303266e+06 9.989680823579076829e-01 4.434193048057104747e-04
2.458758126547368243e+06 9.993021074217841582e-01 4.434636517183993595e-04
2.458758132573433686e+06 9.995583950777441329e-01 4.435079986345150820e-04
2.458758138599498663e+06 9.995076457287882521e-01 4.434869449640345277e-04
2.458758144625564106e+06 9.991498224835682063e-01 4.432783615951850216e-04
2.458758150651629083e+06 9.985656006910458293e-01 4.430697782424538071e-04
2.458758156677694060e+06 9.981852913288722373e-01 4.428611948897224842e-04
2.458758162703759503e+06 9.980723447725441400e-01 4.428667946292832026e-04
2.458758168729824480e+06 9.982257149486897241e-01 4.429254724556826411e-04
2.458758174755889922e+06 9.984214555782903178e-01 4.429841502866164299e-04
2.458758180781954899e+06 9.984899484908535960e-01 4.430236075897710474e-04
2.458758186808019876e+06 9.984311937064216380e-01 4.430264488493815007e-04
2.458758192834085319e+06 9.982662750508168870e-01 4.430292901092115591e-04
2.458758198860150296e+06 9.980771465798639053e-01 4.430321313688219582e-04
2.458758204886215739e+06 9.978720262216401737e-01 4.427733270380947769e-04
2.458758210912280716e+06 9.976514387030124276e-01 4.424812089893936560e-04
2.458758216938345693e+06 9.974418499937204308e-01 4.421890909406925893e-04
2.458758222964411136e+06 9.972580561864764492e-01 4.419464508761836922e-04
2.458758228990476113e+06 9.971000573096854280e-01 4.417694287715652414e-04
2.458758235016541556e+06 9.969412221848861222e-01 4.415924066532675202e-04
2.458758241042606533e+06 9.967047169386513694e-01 4.414153845486490694e-04
2.458758247068671510e+06 9.963857103409576865e-01 4.412859519414960357e-04
2.458758253094736952e+06 9.959887692815997395e-01 4.411578543207412845e-04
2.458758259120801929e+06 9.956188029002214224e-01 4.410297567098851908e-04
2.458758265146867372e+06 9.953195924283796403e-01 4.409399834092456931e-04
2.458758271172932349e+06 9.950911379123168476e-01 4.408862237866163877e-04
2.458758277198997326e+06 9.948879484563817321e-01 4.408324641639870282e-04
2.458758283225062769e+06 9.946119380805430454e-01 4.407733989940336027e-04
2.458758289251127746e+06 9.942597728400043300e-01 4.406287439839663765e-04
2.458758295277193189e+06 9.938453300385581279e-01 4.404840889627210259e-04
2.458758301303258166e+06 9.935526144095492285e-01 4.403394339526538540e-04
2.458758307329323143e+06 9.934389420943879889e-01 4.403072727592959143e-04
2.458758313355388585e+06 9.935043131050431686e-01 4.403497338089777560e-04
2.458758319381453563e+06 9.935924496245486237e-01 4.403921948553783682e-04
2.458758325407519005e+06 9.934524868560612454e-01 4.404062261312799995e-04
2.458758331433583982e+06 9.930810943170219618e-01 4.402512944047439749e-04
2.458758337459648959e+06 9.924980739498058258e-01 4.400963626782079504e-04
2.458758343485714402e+06 9.918738851671409229e-01 4.399414309396996775e-04
2.458758349511779379e+06 9.912477336211554801e-01 4.398289878397789072e-04
2.458758355537844822e+06 9.906196192150786839e-01 4.397359158109029331e-04
2.458758361563909799e+06 9.900582717476502648e-01 4.396428437892190141e-04
2.458758367589974776e+06 9.896445235200795887e-01 4.395609592758335446e-04
2.458758373616040219e+06 9.893785048615141298e-01 4.395165957441628615e-04
2.458758379642105196e+06 9.892390199013950669e-01 4.394722322159203172e-04
2.458758385668170638e+06 9.890994495833537181e-01 4.394278686842496341e-04
2.458758391694235615e+06 9.889387832302106718e-01 4.394255677546430108e-04
2.458758397720300592e+06 9.887569066529030559e-01 4.394356533954824236e-04
2.458758403746366035e+06 9.884896720782891943e-01 4.394457390371012693e-04
2.458758409772431012e+06 9.880829868121744353e-01 4.394007675803247685e-04
2.458758415798495989e+06 9.875368508392959876e-01 4.392362569873243454e-04
2.458758421824561432e+06 9.869081368773129359e-01 4.390717463816113265e-04
2.458758427850626409e+06 9.864421485996348604e-01 4.389072357886108491e-04
2.458758433876691852e+06 9.861670964371673787e-01 4.388091005205477430e-04
2.458758439902756829e+06 9.860801877672940030e-01 4.387219353280540383e-04
2.458758445928821806e+06 9.859775908217283114e-01 4.386347701355602794e-04
2.458758451954887249e+06 9.857333012126531235e-01 4.385374875155677570e-04
2.458758457980952226e+06 9.853473189778227947e-01 4.384250916029098729e-04
2.458758464007017668e+06 9.848789540916145224e-01 4.383126956815666620e-04
2.458758470033082645e+06 9.845171743141514220e-01 4.382002997689087779e-04
2.458758476059147622e+06 9.842760569218019784e-01 4.381715054813627706e-04
2.458758482085213065e+06 9.841486551175032682e-01 4.381476870838989495e-04
2.458758488111278042e+06 9.839343636620402345e-01 4.381238686882756700e-04
2.458758494137343485e+06 9.835408362498879731e-01 4.380074089357711736e-04
2.458758500163408462e+06 9.829680729418656115e-01 4.377932261510349794e-04
2.458758506189473439e+06 9.822703649799940928e-01 4.375790433662988393e-04
2.458758512215538882e+06 9.815768404494451538e-01 4.373662806165002108e-04
2.458758518241603859e+06 9.808930292106541327e-01 4.372002663159281336e-04
2.458758524267669301e+06 9.802219614573148831e-01 4.370342520025273427e-04
2.458758530293734279e+06 9.796111885666177743e-01 4.368682377019552656e-04
2.458758536319799256e+06 9.790770688571359681e-01 4.367255020049958989e-04
2.458758542345864698e+06 9.786196022964804841e-01 4.366001625691615703e-04
2.458758548371929675e+06 9.782760913435024630e-01 4.364748231430127449e-04
2.458758554397995118e+06 9.781127550798920378e-01 4.363694533209799657e-04
2.458758560424060095e+06 9.781308732799365302e-01 4.364175553477182574e-04
2.458758566450125072e+06 9.783000443571312488e-01 4.364656573744566032e-04
2.458758572476190515e+06 9.783203141825134175e-01 4.365137594049120278e-04
2.458758578502255492e+06 9.781151165368976441e-01 4.365095277229451135e-04
2.458758584528320935e+06 9.776844513885708521e-01 4.364780910937148374e-04
2.458758590554385912e+06 9.771479507984727197e-01 4.364466544669138247e-04
2.458758596580450889e+06 9.766622990327541443e-01 4.363951282911364611e-04
2.458758602606516331e+06 9.762281868044502264e-01 4.362636411001144499e-04
2.458758608632581308e+06 9.758487287571285806e-01 4.361321539192529852e-04
2.458758614658646751e+06 9.755448551529550816e-01 4.360006667282308656e-04
2.458758620684711728e+06 9.753204570048645827e-01 4.359517032407924904e-04
2.458758626710776705e+06 9.751755321888029293e-01 4.359311913402714512e-04
2.458758632736842148e+06 9.751005287390460685e-01 4.359106794381653626e-04
2.458758638762907125e+06 9.750864463926448567e-01 4.359089914955654337e-04
2.458758644788972568e+06 9.751332851474231456e-01 4.359541941107394794e-04
2.458758650815037545e+06 9.752382682180639195e-01 4.359993967224205509e-04
2.458758656841102522e+06 9.753880716997352929e-01 4.360445993341015682e-04
2.458758662867167965e+06 9.755809514180243669e-01 4.362204606152346150e-04
2.458758668893232942e+06 9.758155309417861911e-01 4.364232202118799460e-04
2.458758674919298384e+06 9.759314720533627252e-01 4.366259798241933538e-04
2.458758680945363361e+06 9.758189845089149106e-01 4.367035013478525384e-04
2.458758686971428338e+06 9.754780683262276320e-01 4.365696962973088604e-04
2.458758692997493781e+06 9.749892770397357022e-01 4.364358912364254715e-04
2.458758699023558758e+06 9.746363738375490859e-01 4.363020861858817935e-04
2.458758705049624201e+06 9.744440774311100562e-01 4.363572135327696555e-04
2.458758711075689178e+06 9.744094007342112285e-01 4.364299065767338818e-04
2.458758717101754155e+06 9.744202393641282489e-01 4.365025996206981082e-04
2.458758723127819598e+06 9.744196462027865380e-01 4.365751291421477408e-04
2.458758729153884575e+06 9.744076212502778001e-01 4.366474649533412587e-04
2.458758735179950017e+06 9.744101712174696450e-01 4.367198007701245978e-04
2.458758741206014995e+06 9.744955266741474054e-01 4.367921546633899798e-04
2.458758747232079972e+06 9.746672750834627363e-01 4.368950464747610213e-04
2.458758753258145414e+06 9.749186581904545346e-01 4.369979382940830594e-04
2.458758759284210391e+06 9.751221564535095254e-01 4.371008301054541008e-04
2.458758765310275834e+06 9.752293598639847350e-01 4.372476807039107558e-04
2.458758771336340811e+06 9.752402684053119719e-01 4.374314653387131532e-04
2.458758777362405788e+06 9.752104667499915669e-01 4.376152499735155507e-04
2.458758783388471231e+06 9.752489349916551031e-01 4.377961376863653007e-04
2.458758789414536208e+06 9.753585434991589587e-01 4.379463339768600405e-04
2.458758795440601651e+06 9.755379661071245101e-01 4.380965302789611104e-04
2.458758801466666628e+06 9.757720722356095777e-01 4.382467265694558502e-04
2.458758807492731605e+06 9.760565844621768017e-01 4.383852108868031491e-04
2.458758813518797047e+06 9.763915028146542552e-01 4.385167894604342681e-04
2.458758819544862024e+06 9.767264420758323684e-01 4.386483680238977391e-04
2.458758825570927467e+06 9.769881304133181121e-01 4.387703623126901057e-04
2.458758831596992444e+06 9.771759525057712725e-01 4.388461873883771195e-04
2.458758837623057421e+06 9.772976015848036102e-01 4.389220124640641333e-04
2.458758843649122864e+06 9.774115434979135930e-01 4.389978375456104467e-04
2.458758849675187841e+06 9.775299090007366631e-01 4.390509206917125591e-04
2.458758855701253284e+06 9.776526981115660764e-01 4.390949269869849018e-04
2.458758861727318261e+06 9.777995680396652789e-01 4.391389332788567528e-04
2.458758867753383238e+06 9.779912844558561469e-01 4.392030811244029202e-04
2.458758873779448681e+06 9.782278512592595954e-01 4.393252885254708348e-04
2.458758879805513658e+06 9.785180935813352354e-01 4.394474959170952401e-04
2.458758885831579100e+06 9.789092675049323455e-01 4.395697033181632089e-04
2.458758891857644077e+06 9.794083704233040866e-01 4.396729597632047844e-04
2.458758897883709054e+06 9.800147078256112865e-01 4.397714899919380168e-04
2.458758903909774497e+06 9.805756110220584798e-01 4.398700202282851131e-04
2.458758909935839474e+06 9.809750186984657061e-01 4.399638884612589655e-04
2.458758915961904917e+06 9.812129309165610325e-01 4.400488354820556759e-04
2.458758921987969894e+06 9.813475346609737970e-01 4.401337824962881385e-04
2.458758928014034871e+06 9.816058222610486439e-01 4.402187295105206011e-04
2.458758934040100314e+06 9.820106680976918856e-01 4.403083434492280823e-04
2.458758940066165291e+06 9.825585031909509492e-01 4.403985575937318145e-04
2.458758946092230733e+06 9.830671888210885667e-01 4.404887717452067499e-04
2.458758952118295711e+06 9.834345417679852819e-01 4.405426612283580221e-04
2.458758958144360688e+06 9.836605620764099500e-01 4.405481775919228545e-04
2.458758964170426130e+06 9.838127949365682579e-01 4.405536939559139410e-04
2.458758970196491107e+06 9.840867908193073887e-01 4.405592103194787734e-04
2.458758976222556550e+06 9.844949220428619308e-01 4.408272180627108186e-04
2.458758982248621527e+06 9.850311485864530203e-01 4.411028700854231093e-04
2.458758988274686504e+06 9.855556729780967640e-01 4.413785221081354001e-04
2.458758994300751947e+06 9.860099535808896087e-01 4.414912904361550710e-04
2.458759000326816924e+06 9.863939903246231600e-01 4.414503746380383348e-04
2.458759006352882367e+06 9.867235989792031425e-01 4.414094588367598482e-04
2.458759012378947344e+06 9.870329983068789614e-01 4.413784193954306849e-04
2.458759018405012321e+06 9.873233614984220363e-01 4.415096905711653869e-04
2.458759024431077763e+06 9.876008525218623602e-01 4.416409617570439387e-04
2.458759030457142740e+06 9.879476655342801505e-01 4.417722329327786407e-04
2.458759036483208183e+06 9.883894931631099778e-01 4.419645553426073347e-04
2.458759042509273160e+06 9.889263353400676859e-01 4.421975469280254060e-04
2.458759048535338137e+06 9.894735397616358785e-01 4.424305385134434773e-04
2.458759054561403580e+06 9.898947349607124524e-01 4.426417837039951114e-04
2.458759060587468557e+06 9.901880837837984117e-01 4.427227180622007310e-04
2.458759066613534000e+06 9.903724735432075654e-01 4.428036524266605167e-04
2.458759072639598977e+06 9.906112468928937043e-01 4.428845867848661905e-04
2.458759078665663954e+06 9.909421114493298655e-01 4.430371884321545575e-04
2.458759084691729397e+06 9.913650672487579474e-01 4.432226180127709562e-04
2.458759090717794374e+06 9.918561709363850065e-01 4.434080475790583764e-04
2.458759096743859816e+06 9.923871551288578896e-01 4.435894990884705139e-04
2.458759102769924793e+06 9.929579720067334137e-01 4.437575321712540857e-04
2.458759108795989770e+06 9.935360700379616272e-01 4.439255652540376575e-04
2.458759114822055213e+06 9.939262062066160919e-01 4.440935983498059056e-04
2.458759120848120190e+06 9.940958510089175082e-01 4.441547283529227231e-04
2.458759126874185633e+06 9.940454176960326071e-01 4.441841960376200849e-04
2.458759132900250610e+06 9.940177294411314257e-01 4.442136637200404053e-04
2.458759138926315587e+06 9.942183317799977438e-01 4.442937317235694412e-04
2.458759144952381030e+06 9.946472247545947720e-01 4.444841792056959998e-04
2.458759150978446007e+06 9.952425968003379975e-01 4.446746266731057607e-04
2.458759157004511449e+06 9.957368574181519882e-01 4.448650741552323193e-04
2.458759163030576427e+06 9.960990892911882888e-01 4.447909886509947590e-04
2.458759169056641404e+06 9.963297335761153173e-01 4.446728188413678808e-04
2.458759175082706846e+06 9.964614553912196637e-01 4.445546490226094725e-04
2.458759181108771823e+06 9.965145194264850570e-01 4.444608731620199385e-04
2.458759187134837266e+06 9.964889256901124925e-01 4.444036907348311019e-04
2.458759193160902243e+06 9.964170543591770457e-01 4.443465083120609854e-04
2.458759199186967220e+06 9.964024333908066966e-01 4.442893258892909232e-04
2.458759205213032663e+06 9.964528192072787949e-01 4.442937317280490394e-04
2.458759211239097640e+06 9.965683481137369570e-01 4.443018733487911001e-04
2.458759217265162617e+06 9.967529903555404358e-01 4.443100149695330525e-04
2.458759223291228060e+06 9.970085799159532636e-01 4.443119513978126050e-04
2.458759229317293037e+06 9.973351167554745933e-01 4.443073156586554236e-04
2.458759235343358479e+06 9.977290568327432663e-01 4.443026799191400217e-04
2.458759241369423456e+06 9.981819416722593763e-01 4.443056614988830501e-04
2.458759247395488434e+06 9.986934063196768463e-01 4.445686026177449331e-04
2.458759253421553876e+06 9.992525077266101174e-01 4.448315437569254696e-04
2.458759259447618853e+06 9.996864635300317659e-01 4.450944848757873527e-04
2.458759265473684296e+06 9.999356276339979033e-01 4.451275296342335199e-04
2.458759271499749273e+06 1.000000000000000000e+00 4.449880586893745433e-04
2.458759277525814250e+06 9.999233859111849032e-01 4.448485877445156208e-04
2.458759283551879693e+06 9.997838213326810664e-01 4.447257059797183514e-04
2.458759289577944670e+06 9.995828323508664237e-01 4.447315961930919329e-04
2.458759295604010113e+06 9.993346274928948114e-01 4.447374864069206625e-04
2.458759301630075090e+06 9.991800880440334653e-01 4.447433766202942441e-04
2.458759307656140067e+06 9.991553055365238745e-01 4.447554450750863439e-04
2.458759313682205509e+06 9.992602799834910954e-01 4.447707396920346054e-04
2.458759319708270486e+06 9.994129236342677025e-01 4.447860343078009781e-04
2.458759325734335929e+06 9.995053240633684499e-01 4.448353948554235101e-04
2.458759331760400906e+06 9.995369925180781490e-01 4.450212065752659875e-04
2.458759337786465883e+06 9.995204013481261418e-01 4.452070182951084650e-04
2.458759343812531326e+06 9.995397208467410310e-01 4.453928300293094654e-04
2.458759349838596303e+06 9.996106597367471203e-01 4.453947867971036500e-04
2.458759355864661746e+06 9.997331858525700943e-01 4.453330184771633893e-04
2.458759361890726723e+06 9.997391283762457892e-01 4.452712501619962202e-04
2.458759367916791700e+06 9.994693987054407147e-01 4.452146679668259857e-04
2.458759373942857143e+06 9.989239967873584369e-01 4.451710687545803275e-04
2.458759379968922120e+06 9.981873095932793927e-01 4.451274695457037192e-04
2.458759385994987562e+06 9.976657934766426372e-01 4.450838703334580610e-04
2.458759392021052539e+06 9.974128925761207576e-01 4.450239905982447740e-04
2.458759398047117516e+06 9.974270932793077860e-01 4.449607351911589233e-04
2.458759404073182959e+06 9.975287189318291503e-01 4.448974797791851641e-04
2.458759410099247936e+06 9.975942900592528195e-01 4.448758534655596845e-04
2.458759416125313379e+06 9.976238066717132424e-01 4.449247779626851825e-04
2.458759422151378356e+06 9.976176165340413515e-01 4.449737024560301217e-04
2.458759428177443333e+06 9.975769490866100986e-01 4.450226269493750609e-04
2.458759434203508776e+06 9.975019119870253137e-01 4.450490468447241589e-04
2.458759440229573753e+06 9.973925100353693285e-01 4.450733470897630579e-04
2.458759446255639195e+06 9.972489247193504491e-01 4.450976473366796866e-04
2.458759452281704172e+06 9.970712485831728644e-01 4.450337960864109372e-04
2.458759458307769150e+06 9.968594816170585071e-01 4.448650983890674185e-04
2.458759464333834592e+06 9.966169231115680205e-01 4.446964006786878324e-04
2.458759470359899569e+06 9.963522590293136805e-01 4.445277029813443138e-04
2.458759476385965012e+06 9.960659491475863936e-01 4.445801642329743632e-04
2.458759482412029989e+06 9.957564352543978314e-01 4.446327192244669646e-04
2.458759488438094966e+06 9.953941140691761058e-01 4.446852742159595117e-04
2.458759494464160409e+06 9.949677084429832119e-01 4.445442214386338730e-04
2.458759500490225386e+06 9.944772184417192129e-01 4.442398328375815326e-04
2.458759506516290829e+06 9.939448095930742966e-01 4.439354442130076430e-04
2.458759512542355806e+06 9.934140914692710655e-01 4.436517764814611447e-04
2.458759518568420783e+06 9.928862241369846853e-01 4.435904983264525310e-04
2.458759524594486225e+06 9.923723426354085220e-01 4.435292201667086101e-04
2.458759530620551202e+06 9.920001624134308083e-01 4.434679420116999422e-04
2.458759536646616645e+06 9.918059175119270376e-01 4.434848940968485987e-04
2.458759542672681622e+06 9.917896079609170856e-01 4.435481744272626076e-04
2.458759548698746599e+06 9.918113702934953091e-01 4.436114547576766706e-04
2.458759554724812042e+06 9.916670692943926335e-01 4.436592461422940491e-04
2.458759560750877019e+06 9.913549580359880542e-01 4.436318886362686773e-04
2.458759566776942462e+06 9.908966328093429254e-01 4.436045311281292198e-04
2.458759572803007439e+06 9.904569482231656563e-01 4.435771736221037938e-04
2.458759578829072416e+06 9.900702394199226708e-01 4.435231516278612292e-04
2.458759584855137859e+06 9.897365063758715165e-01 4.434584340500772204e-04
2.458759590881202836e+06 9.893451823067925810e-01 4.433937164772942027e-04
2.458759596907268278e+06 9.887789994581623887e-01 4.432835252278862393e-04
2.458759602933333255e+06 9.880379327266701761e-01 4.430415529471403075e-04
2.458759608959398232e+06 9.871968954034638921e-01 4.427995806663943758e-04
2.458759614985463675e+06 9.866586030907558147e-01 4.425576083669500766e-04
2.458759621011528652e+06 9.864829412903346473e-01 4.426177486748593794e-04
2.458759627037594095e+06 9.866682918329219287e-01 4.427537137456794155e-04
2.458759633063659072e+06 9.868492332678443502e-01 4.428896788059928278e-04
2.458759639089724049e+06 9.867469280730102321e-01 4.429198502222960561e-04
2.458759645115789492e+06 9.863613762076822722e-01 4.427466580086806300e-04
2.458759651141854469e+06 9.857377250498692289e-01 4.425734658084485413e-04
2.458759657167919911e+06 9.850527381974042429e-01 4.424002735948331694e-04
2.458759663193984888e+06 9.843243170373987549e-01 4.421785761930576157e-04
2.458759669220049866e+06 9.835548212402321910e-01 4.419505775913686496e-04
2.458759675246115308e+06 9.828661158379060625e-01 4.417225789720612356e-04
2.458759681272180285e+06 9.823268104311319027e-01 4.415869413164667735e-04
2.458759687298245728e+06 9.819369049365602731e-01 4.415748119629924720e-04
2.458759693324310705e+06 9.816716319501355148e-01 4.415626826104554633e-04
2.458759699350375682e+06 9.814590368651183727e-01 4.415505532579184545e-04
2.458759705376441125e+06 9.812945388279823433e-01 4.416154856302910458e-04
2.458759711402506102e+06 9.811767387148321307e-01 4.416827453824414152e-04
2.458759717428571545e+06 9.810730045971007840e-01 4.417500051397892330e-04
2.458759723454636522e+06 9.809696242340243399e-01 4.417788056351536251e-04
2.458759729480701499e+06 9.808665976175729995e-01 4.417711707892759332e-04
2.458759735506766941e+06 9.807178797917315283e-01 4.417635359428082184e-04
2.458759741532831918e+06 9.804235024701106749e-01 4.417542755353054949e-04
2.458759747558897361e+06 9.799800085871417377e-01 4.417177877815663253e-04
2.458759753584962338e+06 9.794003168467058096e-01 4.416813000306468403e-04
2.458759759611027315e+06 9.788576815264853348e-01 4.416448122797273011e-04
2.458759765637092758e+06 9.784064500087145122e-01 4.416570019391082469e-04
2.458759771663157735e+06 9.780466223631308909e-01 4.417017559258591989e-04
2.458759777689223178e+06 9.777637742235413265e-01 4.417465099160684306e-04
2.458759783715288155e+06 9.775345854257568856e-01 4.417976022450504996e-04
2.458759789741353132e+06 9.773587371816536695e-01 4.418869939116929694e-04
2.458759795767418575e+06 9.772250755573648195e-01 4.419763855852432708e-04
2.458759801793483552e+06 9.770366847090274920e-01 4.420657772518857948e-04
2.458759807819548994e+06 9.767711083380228310e-01 4.421167031747041671e-04
2.458759813845613971e+06 9.764283464853954486e-01 4.421499259690269573e-04
2.458759819871678948e+06 9.760659800049278356e-01 4.421831487633497474e-04
2.458759825897744391e+06 9.757522512687804017e-01 4.422111554270571009e-04
2.458759831923809368e+06 9.754872809286361246e-01 4.422214653764831383e-04
2.458759837949874811e+06 9.752619659923111861e-01 4.422317753267057932e-04
2.458759843975939788e+06 9.750214840003227357e-01 4.422420852761317763e-04
2.458759850002004765e+06 9.747566636358052650e-01 4.422312912434045169e-04
2.458759856028070208e+06 9.744676267436548356e-01 4.422142104556060316e-04
2.458759862054135185e+06 9.742293881647489107e-01 4.421971296691275624e-04
2.458759868080200627e+06 9.741056920684533216e-01 4.421845232348590657e-04
2.458759874106265604e+06 9.740965384738854427e-01 4.421817235145072988e-04
2.458759880132330582e+06 9.741804552571603493e-01 4.421789237941554777e-04
2.458759886158396024e+06 9.742641399789012668e-01 4.421761240735874125e-04
2.458759892184461001e+06 9.743367618663708596e-01 4.420955199173460886e-04
2.458759898210526444e+06 9.743976095530071380e-01 4.420018414332919920e-04
2.458759904236591421e+06 9.743932240912785980e-01 4.419081629564768424e-04
2.458759910262656398e+06 9.742903216810547828e-01 4.417698847200400179e-04
2.458759916288721841e+06 9.740889023029650762e-01 4.415644168044813669e-04
2.458759922314786818e+06 9.738307154769799689e-01 4.413589489048000978e-04
2.458759928340852261e+06 9.736497172466263006e-01 4.411534809892413925e-04
2.458759934366917238e+06 9.735560013585390360e-01 4.410148550563667376e-04
2.458759940392982215e+06 9.735501059479061414e-01 4.408803604783992944e-04
2.458759946419047657e+06 9.736478419693552766e-01 4.407458658900389060e-04
2.458759952445112634e+06 9.738565383213690918e-01 4.406776408520308888e-04
2.458759958471178077e+06 9.741761950362012312e-01 4.406798922593217391e-04
2.458759964497243054e+06 9.745360302267828123e-01 4.406821436664385750e-04
2.458759970523308031e+06 9.747665273322995150e-01 4.406841123397063826e-04
2.458759976549373474e+06 9.748603156536509440e-01 4.406760621047808792e-04
2.458759982575438451e+06 9.748248723504954194e-01 4.406680118704775452e-04
2.458759988601503894e+06 9.747789961975723561e-01 4.406599616355520960e-04
2.458759994627568871e+06 9.747638413586943162e-01 4.406508406805020503e-04
2.458760000653633848e+06 9.747794078291293074e-01 4.406409128889721073e-04
2.458760006679699291e+06 9.748248374793850868e-01 4.406309850966749829e-04
2.458760012705764268e+06 9.748985961835874292e-01 4.406356580243992772e-04
2.458760018731829245e+06 9.750006535852145939e-01 4.407548247538601660e-04
2.458760024757894687e+06 9.751390038752680844e-01 4.408739914925296718e-04
2.458760030783959664e+06 9.753933081656964710e-01 4.409931582219906148e-04
2.458760036810025107e+06 9.757840489815674534e-01 4.411723763451587963e-04
2.458760042836090084e+06 9.763112262624926707e-01 4.413830947588541910e-04
2.458760048862155061e+06 9.768800678345620492e-01 4.415938131725496941e-04
2.458760054888220504e+06 9.773655180791885888e-01 4.417932834625423418e-04
2.458760060914285481e+06 9.777669951386036562e-01 4.419474093071842718e-04
2.458760066940350924e+06 9.780783292893268088e-01 4.421015351637362168e-04
2.458760072966415901e+06 9.782577051722972650e-01 4.422556610083781467e-04
2.458760078992480878e+06 9.782972879386792053e-01 4.423594460244324191e-04
2.458760085018546320e+06 9.781971095474313316e-01 4.424456890449620619e-04
2.458760091044611298e+06 9.781512690330901316e-01 4.425319320588272766e-04
2.458760097070676740e+06 9.783441222392210701e-01 4.426771347611287329e-04
2.458760103096741717e+06 9.787756691360192107e-01 4.429706816883914947e-04
2.458760109122806694e+06 9.794020872058616378e-01 4.432642286156542565e-04
2.458760115148872137e+06 9.800114900498418935e-01 4.435577755656006961e-04
2.458760121174937114e+06 9.805758924402199206e-01 4.438141627812488784e-04
2.458760127201002557e+06 9.810952144602381741e-01 4.440627895874708778e-04
2.458760133227067534e+06 9.815597738000998440e-01 4.443114163744803268e-04
2.458760139253132511e+06 9.819628921047779402e-01 4.444589711448011381e-04
2.458760145279197954e+06 9.823045693983015747e-01 4.444344798217569870e-04
2.458760151305262931e+06 9.825855156568603643e-01 4.444099885006053650e-04
2.458760157331328373e+06 9.828082500591539539e-01 4.443854971775611598e-04
2.458760163357393350e+06 9.829729943562627303e-01 4.443702812409350300e-04
2.458760169383458328e+06 9.830826667119353379e-01 4.443559503291161380e-04
2.458760175409523770e+06 9.832490012841412774e-01 4.443416194161897877e-04
2.458760181435588747e+06 9.835291548734139688e-01 4.443443748959439326e-04
2.458760187461654190e+06 9.839231275230507778e-01 4.443675369743431197e-04
2.458760193487719167e+06 9.844022982593969573e-01 4.443906990509525058e-04
2.458760199513784144e+06 9.848910549027954930e-01 4.444138611275618377e-04
2.458760205539849587e+06 9.853853671308366868e-01 4.444747189950167226e-04
2.458760211565914564e+06 9.858817055157715892e-01 4.445356316010784297e-04
2.458760217591980007e+06 9.863125553231010256e-01 4.445965442118470379e-04
2.458760223618044984e+06 9.866521073587173341e-01 4.446365157949855968e-04
2.458760229644109961e+06 9.869003616594419492e-01 4.446587474007985966e-04
2.458760235670175403e+06 9.871301649428071423e-01 4.446809790083295689e-04
2.458760241696240380e+06 9.874853430508238050e-01 4.447071596107854950e-04
2.458760247722305823e+06 9.879697606335308135e-01 4.447762886116319605e-04
2.458760253748370800e+06 9.885659348815282188e-01 4.448454176071364534e-04
2.458760259774435777e+06 9.890722664426429001e-01 4.449145466026410006e-04
2.458760265800501220e+06 9.894313535270582438e-01 4.450175982136665622e-04
2.458760271826566197e+06 9.896431960792776428e-01 4.451408274370049372e-04
2.458760277852631640e+06 9.898375958233714966e-01 4.452640566698658599e-04
2.458760283878696617e+06 9.902047000160230095e-01 4.453980516311787773e-04
2.458760289904761594e+06 9.907461670563141309e-01 4.455846608683275726e-04
2.458760295930827036e+06 9.914290749125875823e-01 4.457712701198964195e-04
2.458760301956892014e+06 9.920009820867871086e-01 4.459578793570452148e-04
2.458760307982957456e+06 9.924091087196903471e-01 4.461131910018387918e-04
2.458760314009022433e+06 9.926534547482218640e-01 4.462558853414909312e-04
2.458760320035087410e+06 9.928616537935130992e-01 4.463985796811431248e-04
2.458760326061152853e+06 9.931696206978076757e-01 4.465523803247068032e-04
2.458760332087217830e+06 9.935773887257498549e-01 4.467385409420173261e-04
2.458760338113283273e+06 9.940563934662073331e-01 4.469247015737133687e-04
2.458760344139348250e+06 9.944524671807272176e-01 4.471108621910238915e-04
2.458760350165413227e+06 9.947425862155759857e-01 4.472962136493391274e-04
2.458760356191478670e+06 9.949269781580771799e-01 4.474813607324334606e-04
2.458760362217543647e+06 9.950584820002273956e-01 4.476665078012205534e-04
2.458760368243609089e+06 9.951775696981960406e-01 4.478102504795961405e-04
2.458760374269674066e+06 9.952842412335781708e-01 4.478740375729450417e-04
2.458760380295739044e+06 9.954034070827455505e-01 4.479378246662938886e-04
2.458760386321804486e+06 9.956329575856781577e-01 4.480016117645718981e-04
2.458760392347869463e+06 9.959828560801801123e-01 4.483243868726861751e-04
2.458760398373934906e+06 9.964510183608298322e-01 4.486811476647352393e-04
2.458760404399999883e+06 9.969284952483906670e-01 4.490379084292156443e-04
