2.458768000000000000e+06 9.895163871739249828e-01 6.098763049594032974e-04
2.458768006026064977e+06 9.891259204682176787e-01 6.097483315528077954e-04
2.458768012052130420e+06 9.888667997795960174e-01 6.096225154429565311e-04
2.458768018078195397e+06 9.887428700037197427e-01 6.096075008731400213e-04
2.458768024104260840e+06 9.887389828976698158e-01 6.095924863021633068e-04
2.458768030130325817e+06 9.886016741296281829e-01 6.095774717323467970e-04
2.458768036156390794e+06 9.882406016899741852e-01 6.094326703022264055e-04
2.458768042182456236e+06 9.876557655248692225e-01 6.091866943483862469e-04
2.458768048208521213e+06 9.869925036566643550e-01 6.089407184135538871e-04
2.458768054234586656e+06 9.865182098028373314e-01 6.086739929049541156e-04
2.458768060260651633e+06 9.862386950077067782e-01 6.082299977600375213e-04
2.458768066286716610e+06 9.861160226696955577e-01 6.077860026151207101e-04
2.458768072312782053e+06 9.857563446143756680e-01 6.073420074358945380e-04
2.458768078338847030e+06 9.850553610250497583e-01 6.070583160806445689e-04
2.458768084364912473e+06 9.840130717933813775e-01 6.068618449262783458e-04
2.458768090390977450e+06 9.829787572843735610e-01 6.066653737870945310e-04
2.458768096417042427e+06 9.824274639126684416e-01 6.066125048785841155e-04
2.458768102443107869e+06 9.823619013591129434e-01 6.071699582668327062e-04
2.458768108469172847e+06 9.826889015951226769e-01 6.077274116120044267e-04
2.458768114495238289e+06 9.827546862882097223e-01 6.082848650002530173e-04
2.458768120521303266e+06 9.824328064644610725e-01 6.078007825446108455e-04
2.458768126547368243e+06 9.817232692733639521e-01 6.069379275102351669e-04
2.458768132573433686e+06 9.809465943277797528e-01 6.060750724091827895e-04
2.458768138599498663e+06 9.804173044685600136e-01 6.053894703206577589e-04
2.458768144625564106e+06 9.801353996139033908e-01 6.051684631600613056e-04
2.458768150651629083e+06 9.800541792657176954e-01 6.049474560165433133e-04
2.458768156677694060e+06 9.799407262580700495e-01 6.047264488730252126e-04
2.458768162703759503e+06 9.797631617381233893e-01 6.046089982231109099e-04
2.458768168729824480e+06 9.795217637818139922e-01 6.045144330666503635e-04
2.458768174755889922e+06 9.792561303538481754e-01 6.044198679028822945e-04
2.458768180781954899e+06 9.789943941369786407e-01 6.042928132275409521e-04
2.458768186808019876e+06 9.787365551105282613e-01 6.041084602777432302e-04
2.458768192834085319e+06 9.784808819176179506e-01 6.039241073136998508e-04
2.458768198860150296e+06 9.782210521210871201e-01 6.037397543639022373e-04
2.458768204886215739e+06 9.779564850527896480e-01 6.036060611342131642e-04
2.458768210912280716e+06 9.776892064081476041e-01 6.034777048727333650e-04
2.458768216938345693e+06 9.775034789496681586e-01 6.033493486112534573e-04
2.458768222964411136e+06 9.774436344713294256e-01 6.034862655810099581e-04
2.458768228990476113e+06 9.775096729823802288e-01 6.039506519099900909e-04
2.458768235016541556e+06 9.776318881654044723e-01 6.044150382748553641e-04
2.458768241042606533e+06 9.776209284009480527e-01 6.048794246038354970e-04
2.458768247068671510e+06 9.774661421922177240e-01 6.045882541334680459e-04
2.458768253094736952e+06 9.771714187705267118e-01 6.042897438215772896e-04
2.458768259120801929e+06 9.768154358683034388e-01 6.039912335327536934e-04
2.458768265146867372e+06 9.764291157319010539e-01 6.038824023647964591e-04
2.458768271172932349e+06 9.760124584210249088e-01 6.039396142012257466e-04
2.458768277198997326e+06 9.756377699581395557e-01 6.039968260376550342e-04
2.458768283225062769e+06 9.754518376373824129e-01 6.040363656302072783e-04
2.458768289251127746e+06 9.754589235251180934e-01 6.038612511352301490e-04
2.458768295277193189e+06 9.756309022506242101e-01 6.036861366267212009e-04
2.458768301303258166e+06 9.756292206090959596e-01 6.035110221317441801e-04
2.458768307329323143e+06 9.753547054350100165e-01 6.031662906493293974e-04
2.458768313355388585e+06 9.748073566755285357e-01 6.027171186058306786e-04
2.458768319381453563e+06 9.742394623664422104e-01 6.022679465970416082e-04
2.458768325407519005e+06 9.740314419600643037e-01 6.019110692540767613e-04
2.458768331433583982e+06 9.741871233103388539e-01 6.020324841900428353e-04
2.458768337459648959e+06 9.746494962382975524e-01 6.021538991260089093e-04
2.458768343485714402e+06 9.749655363464750923e-01 6.022753140713572352e-04
2.458768349511779379e+06 9.750376276650870588e-01 6.024282438556719963e-04
2.458768355537844822e+06 9.748657702052747620e-01 6.025943862424998137e-04
2.458768361563909799e+06 9.745932991226070596e-01 6.027605286164889426e-04
2.458768367589974776e+06 9.743777228382335398e-01 6.028242386763917613e-04
2.458768373616040219e+06 9.742191278688079326e-01 6.025764150204074299e-04
2.458768379642105196e+06 9.741403195151856487e-01 6.023285913835734699e-04
2.458768385668170638e+06 9.742683009866887067e-01 6.020807677275891385e-04
2.458768391694235615e+06 9.746226817658275587e-01 6.025590069434818294e-04
2.458768397720300592e+06 9.752028344626292311e-01 6.032299185138289546e-04
2.458768403746366035e+06 9.758249128222971081e-01 6.039008301360202424e-04
2.458768409772431012e+06 9.763438572980515096e-01 6.043753799627902754e-04
2.458768415798495989e+06 9.767596679419482397e-01 6.044568448238566653e-04
2.458768421824561432e+06 9.770672730591767330e-01 6.045383096912181498e-04
2.458768427850626409e+06 9.772461607769873382e-01 6.046197745522844313e-04
2.458768433876691852e+06 9.772941610677612356e-01 6.045351727343859427e-04
2.458768439902756829e+06 9.772140443377320684e-01 6.044270578441885778e-04
2.458768445928821806e+06 9.771653826824348021e-01 6.043189429539911044e-04
2.458768451954887249e+06 9.772408758051159827e-01 6.043400389676775860e-04
2.458768457980952226e+06 9.774405236941082764e-01 6.045404385353726024e-04
2.458768464007017668e+06 9.777378140214973978e-01 6.047408381185534953e-04
2.458768470033082645e+06 9.780533024951602039e-01 6.049412376862485117e-04
2.458768476059147622e+06 9.783816495754144027e-01 6.048116232299198406e-04
2.458768482085213065e+06 9.787213418711401269e-01 6.046688516387144566e-04
2.458768488111278042e+06 9.790345625866101464e-01 6.045260800585415886e-04
2.458768494137343485e+06 9.793049270477530710e-01 6.046162579393420718e-04
2.458768500163408462e+06 9.795324352127843248e-01 6.049352260028167429e-04
2.458768506189473439e+06 9.797138226319217491e-01 6.052541940662915223e-04
2.458768512215538882e+06 9.798417817000396601e-01 6.055569681640821491e-04
2.458768518241603859e+06 9.799160401544806387e-01 6.055339136416921456e-04
2.458768524267669301e+06 9.799510304579769349e-01 6.055108591175204728e-04
2.458768530293734279e+06 9.801504707149141238e-01 6.054878045951305778e-04
2.458768536319799256e+06 9.805802744183588215e-01 6.059377482424874693e-04
2.458768542345864698e+06 9.812404416282253239e-01 6.067161255744635707e-04
2.458768548371929675e+06 9.820029115033048761e-01 6.074945028462908460e-04
2.458768554397995118e+06 9.826540467392947953e-01 6.081179348143047735e-04
2.458768560424060095e+06 9.831905436934150755e-01 6.077316175813895919e-04
2.458768566450125072e+06 9.836146401954027896e-01 6.073453003484743018e-04
2.458768572476190515e+06 9.839466058327460685e-01 6.069589830857065891e-04
2.458768578502255492e+06 9.841912922955022847e-01 6.068824058484964057e-04
2.458768584528320935e+06 9.843486996214874107e-01 6.069543659272745280e-04
2.458768590554385912e+06 9.844188277863745729e-01 6.070263260004918858e-04
2.458768596580450889e+06 9.844075764051758437e-01 6.070982860737092436e-04
2.458768602606516331e+06 9.844804126223009044e-01 6.071702461524871490e-04
2.458768608632581308e+06 9.847126104892905962e-01 6.072422062257045068e-04
2.458768614658646751e+06 9.851041700420312131e-01 6.073141663044826291e-04
2.458768620684711728e+06 9.856550912200073844e-01 6.075691179086746552e-04
2.458768626710776705e+06 9.863651749246317157e-01 6.078813610357449229e-04
2.458768632736842148e+06 9.870397687244987228e-01 6.081936041869437847e-04
2.458768638762907125e+06 9.875077672871820367e-01 6.085032174541218052e-04
2.458768644788972568e+06 9.877691706850100228e-01 6.088068214077421020e-04
2.458768650815037545e+06 9.878848683099245021e-01 6.091104253379015648e-04
2.458768656841102522e+06 9.881281972874172981e-01 6.094140292680610277e-04
2.458768662867167965e+06 9.885321965452293913e-01 6.094600650742623129e-04
2.458768668893232942e+06 9.890951811675275929e-01 6.094596655735044256e-04
2.458768674919298384e+06 9.896724975539671343e-01 6.094592660727156386e-04
2.458768680945363361e+06 9.901712257845763920e-01 6.096578538790725860e-04
2.458768686971428338e+06 9.905913659070031407e-01 6.101675502513347320e-04
2.458768692997493781e+06 9.909447175408030439e-01 6.106772466629834493e-04
2.458768699023558758e+06 9.912703194742180646e-01 6.111869430352455954e-04
2.458768705049624201e+06 9.915712609744339323e-01 6.111224006835935850e-04
2.458768711075689178e+06 9.918497083360505728e-01 6.110165829203377920e-04
2.458768717101754155e+06 9.921744002180762356e-01 6.109107651570818906e-04
2.458768723127819598e+06 9.925781725948972234e-01 6.110282953443694088e-04
2.458768729153884575e+06 9.930610254041106755e-01 6.113919076094150072e-04
2.458768735179950017e+06 9.935327695781220880e-01 6.117555199025585724e-04
2.458768741206014995e+06 9.937708430336289478e-01 6.121067366345797883e-04
2.458768747232079972e+06 9.937649229255852701e-01 6.118049637495607054e-04
2.458768753258145414e+06 9.935436179798915468e-01 6.115031908412224939e-04
2.458768759284210391e+06 9.935870336212467846e-01 6.112014179562035195e-04
2.458768765310275834e+06 9.940665674123961848e-01 6.114020875806210715e-04
2.458768771336340811e+06 9.949822192792282527e-01 6.119951797474930920e-04
2.458768777362405788e+06 9.959871359461897056e-01 6.125882719143653293e-04
2.458768783388471231e+06 9.964421430826135850e-01 6.130982406314808503e-04
2.458768789414536208e+06 9.963332786986988099e-01 6.128944952494922447e-04
2.458768795440601651e+06 9.957295616274167704e-01 6.126907498517593972e-04
2.458768801466666628e+06 9.953492041621524455e-01 6.124870044697708999e-04
2.458768807492731605e+06 9.953827211740405856e-01 6.127298457208755003e-04
2.458768813518797047e+06 9.958301127136439668e-01 6.132161713477722121e-04
2.458768819544862024e+06 9.964546177953627071e-01 6.137024969370885250e-04
2.458768825570927467e+06 9.969336752442538030e-01 6.140993679117972767e-04
2.458768831596992444e+06 9.972654249937364934e-01 6.141148901808292457e-04
2.458768837623057421e+06 9.974498670865213912e-01 6.141304124498612148e-04
2.458768843649122864e+06 9.974870015197861983e-01 6.141459347200926367e-04
2.458768849675187841e+06 9.974301579668755080e-01 6.141614569891246057e-04
2.458768855701253284e+06 9.974175160970508713e-01 6.141769792593560276e-04
2.458768861727318261e+06 9.974561628351278353e-01 6.141925015283879966e-04
2.458768867753383238e+06 9.975460981781479886e-01 6.141348203039696200e-04
2.458768873779448681e+06 9.976873221390060165e-01 6.138848160451011553e-04
2.458768879805513658e+06 9.978762576527075989e-01 6.136348118055516554e-04
2.458768885831579100e+06 9.980950327542338352e-01 6.133848075466831907e-04
2.458768891857644077e+06 9.983411963875662432e-01 6.141484661672519515e-04
2.458768897883709054e+06 9.986142706220167975e-01 6.151368476882278398e-04
2.458768903909774497e+06 9.988455238170707018e-01 6.161252292855803501e-04
2.458768909935839474e+06 9.989860425437702141e-01 6.165356020841750292e-04
2.458768915961904917e+06 9.990358268238318518e-01 6.159245323359759799e-04
2.458768921987969894e+06 9.990077039864352360e-01 6.153134626349971879e-04
2.458768928014034871e+06 9.989485941106502898e-01 6.147023929340182874e-04
2.458768934040100314e+06 9.988628163965317386e-01 6.145204286267187720e-04
2.458768940066165291e+06 9.987513117486813696e-01 6.143839158885621788e-04
2.458768946092230733e+06 9.986534096278806283e-01 6.142474031398566237e-04
2.458768952118295711e+06 9.985898350995441319e-01 6.141890815770179382e-04
2.458768958144360688e+06 9.985605881547806595e-01 6.142274669415087466e-04
2.458768964170426130e+06 9.985596389285874563e-01 6.142658523089657152e-04
2.458768970196491107e+06 9.985705816321578387e-01 6.143042376734565236e-04
2.458768976222556550e+06 9.985924905916306882e-01 6.142268161991206029e-04
2.458768982248621527e+06 9.986212727628985819e-01 6.141482144249986062e-04
2.458768988274686504e+06 9.985738579331573384e-01 6.140696126508763926e-04
2.458768994300751947e+06 9.984175454668693384e-01 6.140089422950038324e-04
2.458769000326816924e+06 9.981523353881925908e-01 6.139639984607416336e-04
2.458769006352882367e+06 9.978498173567027507e-01 6.139190546230064100e-04
2.458769012378947344e+06 9.976555567945937231e-01 6.138748003919148937e-04
2.458769018405012321e+06 9.975737986717263528e-01 6.138389784906207909e-04
2.458769024431077763e+06 9.975922215850462349e-01 6.138031565865585031e-04
2.458769030457142740e+06 9.975621380219403811e-01 6.137673346852644003e-04
2.458769036483208183e+06 9.974399214849068995e-01 6.136295971763039338e-04
2.458769042509273160e+06 9.972255719928343476e-01 6.134289812123650031e-04
2.458769048535338137e+06 9.969672585390583208e-01 6.132283652484260723e-04
2.458769054561403580e+06 9.967377349222374949e-01 6.130525187245620001e-04
2.458769060587468557e+06 9.965377390447700545e-01 6.130054775103161357e-04
2.458769066613534000e+06 9.963520780837122892e-01 6.129584362924351583e-04
2.458769072639598977e+06 9.960597732895917211e-01 6.129113950781892939e-04
2.458769078665663954e+06 9.956347113640930946e-01 6.130466716698229623e-04
2.458769084691729397e+06 9.950768922589819931e-01 6.132585569006817000e-04
2.458769090717794374e+06 9.945687027838003846e-01 6.134704421151671418e-04
2.458769096743859816e+06 9.943109273110313229e-01 6.136333026034232604e-04
2.458769102769924793e+06 9.943036804288524211e-01 6.136466858788137317e-04
2.458769108795989770e+06 9.944768818688122236e-01 6.136600691542042031e-04
2.458769114822055213e+06 9.944395390446233440e-01 6.136734524306290033e-04
2.458769120848120190e+06 9.941311660215855772e-01 6.130396519489205321e-04
2.458769126874185633e+06 9.935523942878945469e-01 6.122336258157881931e-04
2.458769132900250610e+06 9.928909839280555261e-01 6.114275997449409921e-04
2.458769138926315587e+06 9.922953391885186436e-01 6.108166851244702057e-04
2.458769144952381030e+06 9.917654600308787316e-01 6.105971760868918619e-04
2.458769150978446007e+06 9.913111382282582262e-01 6.103776670662760780e-04
2.458769157004511449e+06 9.909720413946737638e-01 6.101581580286977342e-04
2.458769163030576427e+06 9.907523756143772342e-01 6.101315735097017278e-04
2.458769169056641404e+06 9.906492088875189506e-01 6.101324224488123603e-04
2.458769175082706846e+06 9.904926767684947286e-01 6.101332713879885870e-04
2.458769181108771823e+06 9.901839401017616948e-01 6.100310007071897602e-04
2.458769187134837266e+06 9.897229988396050171e-01 6.097853576596776485e-04
2.458769193160902243e+06 9.891953696319377709e-01 6.095397146311474232e-04
2.458769199186967220e+06 9.888577142238695883e-01 6.092940716026171979e-04
2.458769205213032663e+06 9.887273310353748013e-01 6.092761228920979318e-04
2.458769211239097640e+06 9.887918185911412916e-01 6.092673671671534853e-04
2.458769217265162617e+06 9.887401604086492046e-01 6.092586114422088219e-04
2.458769223291228060e+06 9.884373895013248701e-01 6.095685545160411598e-04
2.458769229317293037e+06 9.878835059159611909e-01 6.101920919698402331e-04
2.458769235343358479e+06 9.871780095294931945e-01 6.108156294718229858e-04
2.458769241369423456e+06 9.865439878186962330e-01 6.113751952175936573e-04
2.458769247395488434e+06 9.859897833021961100e-01 6.106341546033692592e-04
2.458769253421553876e+06 9.855274584298867602e-01 6.098931139318812056e-04
2.458769259447618853e+06 9.853277386697129048e-01 6.091520733176568076e-04
2.458769265473684296e+06 9.854459515392159918e-01 6.086157354350869202e-04
2.458769271499749273e+06 9.858820970201263023e-01 6.082218110419060960e-04
2.458769277525814250e+06 9.863075896863031655e-01 6.078278866487253802e-04
2.458769283551879693e+06 9.861733720665128988e-01 6.074521035582831213e-04
2.458769289577944670e+06 9.854709011421607379e-01 6.071950248205572201e-04
2.458769295604010113e+06 9.842810754694356623e-01 6.069379460629656994e-04
2.458769301630075090e+06 9.833382754796093916e-01 6.066808673252397982e-04
2.458769307656140067e+06 9.828185802378733849e-01 6.065466612640972068e-04
2.458769313682205509e+06 9.827219897531112025e-01 6.064715051782046352e-04
2.458769319708270486e+06 9.827820435642425911e-01 6.063963490981195926e-04
2.458769325734335929e+06 9.826715919567720059e-01 6.063631147889188841e-04
2.458769331760400906e+06 9.823897947885462667e-01 6.064800353440721317e-04
2.458769337786465883e+06 9.819540984309410581e-01 6.065969558992253792e-04
2.458769343812531326e+06 9.814736254349381017e-01 6.067138764634136087e-04
2.458769349838596303e+06 9.809673243723902036e-01 6.064803175069486373e-04
2.458769355864661746e+06 9.804352789774130050e-01 6.061367468285823326e-04
2.458769361890726723e+06 9.799617219117426892e-01 6.057931761767653203e-04
2.458769367916791700e+06 9.796208284883731743e-01 6.054535113775320540e-04
2.458769373942857143e+06 9.794125986963396757e-01 6.051227913078721307e-04
2.458769379968922120e+06 9.793077214844919665e-01 6.047920712637683705e-04
2.458769385994987562e+06 9.791743909478444197e-01 6.044613511941084472e-04
2.458769392021052539e+06 9.789966418248426949e-01 6.042784083719944001e-04
2.458769398047117516e+06 9.787747825978573291e-01 6.041222035756450707e-04
2.458769404073182959e+06 9.785354928774501193e-01 6.039659987672249932e-04
2.458769410099247936e+06 9.782959389436923781e-01 6.040004098477101766e-04
2.458769416125313379e+06 9.780561207595612760e-01 6.043334270469056255e-04
2.458769422151378356e+06 9.778219107998361581e-01 6.046664442203675358e-04
2.458769428177443333e+06 9.776127694628625742e-01 6.049994613938293377e-04
2.458769434203508776e+06 9.774302406062301829e-01 6.048104944769442043e-04
2.458769440229573753e+06 9.772732479321296628e-01 6.045837278592260241e-04
2.458769446255639195e+06 9.771074968987141229e-01 6.043569612239845347e-04
2.458769452281704172e+06 9.769165792037756146e-01 6.040755933147192195e-04
2.458769458307769150e+06 9.767004948354781613e-01 6.037339535832321946e-04
2.458769464333834592e+06 9.764908730230135170e-01 6.033923138253449552e-04
2.458769470359899569e+06 9.763658899269818114e-01 6.030607852946390929e-04
2.458769476385965012e+06 9.763291836928138512e-01 6.032758665318083439e-04
2.458769482412029989e+06 9.763756809754433608e-01 6.034909477523571009e-04
2.458769488438094966e+06 9.764199908942109429e-01 6.037060289729059663e-04
2.458769494464160409e+06 9.764315803109421266e-01 6.038345336375890117e-04
2.458769500490225386e+06 9.764104492238457889e-01 6.038952910445235687e-04
2.458769506516290829e+06 9.763182430838009962e-01 6.039560484561533717e-04
2.458769512542355806e+06 9.760841691923577423e-01 6.039857468858270823e-04
2.458769518568420783e+06 9.757066732742523119e-01 6.037474280378588107e-04
2.458769524594486225e+06 9.752146830188668236e-01 6.035091091714746064e-04
2.458769530620551202e+06 9.749099233459357361e-01 6.032707903235063349e-04
2.458769536646616645e+06 9.748725630688327426e-01 6.036360738324208141e-04
2.458769542672681622e+06 9.751026021933317800e-01 6.043311219218887613e-04
2.458769548698746599e+06 9.754659427251551884e-01 6.050261700113568168e-04
2.458769554724812042e+06 9.757795804922625438e-01 6.055308036741341438e-04
2.458769560750877019e+06 9.760424487720750220e-01 6.052212238784706374e-04
2.458769566776942462e+06 9.762522029579201455e-01 6.049116440588846438e-04
2.458769572803007439e+06 9.763923249093054979e-01 6.046020642632211374e-04
2.458769578829072416e+06 9.764596084063932313e-01 6.042634086538559374e-04
2.458769584855137859e+06 9.764540544719576554e-01 6.039141284433829828e-04
2.458769590881202836e+06 9.764471400137773038e-01 6.035648482599006992e-04
2.458769596907268278e+06 9.765092658781526769e-01 6.034505825214766432e-04
2.458769602933333255e+06 9.766404320554821217e-01 6.039552019163329242e-04
2.458769608959398232e+06 9.768204212380510176e-01 6.044598213111892051e-04
2.458769614985463675e+06 9.769480430493310275e-01 6.049644407450395760e-04
2.458769621011528652e+06 9.770093920774489682e-01 6.046788388445927323e-04
2.458769627037594095e+06 9.770052539367751754e-01 6.042174986628618630e-04
2.458769633063659072e+06 9.770497100065821394e-01 6.037561585167810791e-04
2.458769639089724049e+06 9.772240839988622918e-01 6.034852564795398222e-04
2.458769645115789492e+06 9.775283759421495855e-01 6.035515736104802090e-04
2.458769651141854469e+06 9.779043877703891274e-01 6.036178907362961142e-04
2.458769657167919911e+06 9.781388912021612425e-01 6.036842078672366094e-04
2.458769663193984888e+06 9.782122109358938333e-01 6.038103993421167553e-04
2.458769669220049866e+06 9.781299073803901845e-01 6.039429670102887913e-04
2.458769675246115308e+06 9.781255366330637857e-01 6.040755346887049116e-04
2.458769681272180285e+06 9.783223707585899653e-01 6.041924016526585388e-04
2.458769687298245728e+06 9.787204097873895003e-01 6.042898132616604219e-04
2.458769693324310705e+06 9.792051982845541014e-01 6.043872248631349062e-04
2.458769699350375682e+06 9.794648356784548815e-01 6.044846364646093905e-04
2.458769705376441125e+06 9.794816700785994312e-01 6.047277594996704024e-04
2.458769711402506102e+06 9.792776374207817769e-01 6.049724370680355798e-04
2.458769717428571545e+06 9.792993892963339775e-01 6.052171146553081589e-04
2.458769723454636522e+06 9.797230292729663947e-01 6.059659927324839756e-04
2.458769729480701499e+06 9.805485573368321051e-01 6.071579032437586379e-04
2.458769735506766941e+06 9.815644232765806665e-01 6.083498138471374675e-04
2.458769741532831918e+06 9.823397898296829522e-01 6.093787610763156228e-04
2.458769747558897361e+06 9.828620384474687777e-01 6.084016320845142371e-04
2.458769753584962338e+06 9.831469493674096505e-01 6.074245031682200518e-04
2.458769759611027315e+06 9.833854259114507279e-01 6.064473742519257580e-04
2.458769765637092758e+06 9.836335722780906732e-01 6.067434447377425925e-04
2.458769771663157735e+06 9.838913884289784972e-01 6.078265911676716772e-04
2.458769777689223178e+06 9.841531930242550796e-01 6.089097376813003022e-04
2.458769783715288155e+06 9.844103907066689141e-01 6.097831619175824499e-04
2.458769789741353132e+06 9.846628936359943518e-01 6.095622213575224973e-04
2.458769795767418575e+06 9.849233798484202662e-01 6.093412807803895046e-04
2.458769801793483552e+06 9.852930127855932252e-01 6.091203402203294436e-04
2.458769807819548994e+06 9.857936664623515588e-01 6.091436173250682666e-04
2.458769813845613971e+06 9.864253408013200497e-01 6.092697430435187059e-04
2.458769819871678948e+06 9.870809334879916408e-01 6.093958687619691452e-04
2.458769825897744391e+06 9.876423256618890312e-01 6.095374886177797567e-04
2.458769831923809368e+06 9.881094473097872255e-01 6.097264691221440137e-04
2.458769837949874811e+06 9.884732427338513983e-01 6.099154496411116066e-04
2.458769843975939788e+06 9.886830955456270553e-01 6.101044301454758637e-04
2.458769850002004765e+06 9.887311605006972037e-01 6.102106848497572270e-04
2.458769856028070208e+06 9.886183763750600040e-01 6.102948629951301593e-04
2.458769862054135185e+06 9.886279489437994616e-01 6.103790411339983122e-04
2.458769868080200627e+06 9.889841098292682098e-01 6.104985206442289100e-04
2.458769874106265604e+06 9.896868589764219459e-01 6.106889659847056012e-04
2.458769880132330582e+06 9.906320345781717274e-01 6.108794113251822923e-04
2.458769886158396024e+06 9.913969522983250293e-01 6.110698566803756185e-04
2.458769892184461001e+06 9.919366941960843231e-01 6.113755900634047606e-04
2.458769898210526444e+06 9.922543392920248895e-01 6.116977874495704154e-04
2.458769904236591421e+06 9.925293108254364949e-01 6.120199848108384515e-04
2.458769910262656398e+06 9.928661794832674969e-01 6.122359152707437802e-04
2.458769916288721841e+06 9.932649452987240002e-01 6.123038137589732061e-04
2.458769922314786818e+06 9.936979416273209464e-01 6.123717122419558524e-04
2.458769928340852261e+06 9.940819993928167175e-01 6.124396107301852783e-04
2.458769934366917238e+06 9.944114976332459888e-01 6.125697345182744193e-04
2.458769940392982215e+06 9.946861490901501845e-01 6.127024020616359543e-04
2.458769946419047657e+06 9.948987224944197960e-01 6.128350696152493797e-04
2.458769952445112634e+06 9.950460747890839119e-01 6.128476935172845301e-04
2.458769958471178077e+06 9.951282059969154270e-01 6.127419756234117913e-04
2.458769964497243054e+06 9.952021592954658491e-01 6.126362577377084074e-04
2.458769970523308031e+06 9.953960333276945516e-01 6.125463276987990315e-04
2.458769976549373474e+06 9.957146366064743015e-01 6.127807680783586711e-04
2.458769982575438451e+06 9.961436500713770625e-01 6.130152084398020514e-04
2.458769988601503894e+06 9.964798629102195049e-01 6.132496488193616910e-04
2.458769994627568871e+06 9.966573139640233503e-01 6.134843834416252089e-04
2.458770000653633848e+06 9.966760032649031320e-01 6.137193231790159754e-04
2.458770006679699291e+06 9.966593875110013601e-01 6.139542629345617073e-04
2.458770012705764268e+06 9.968140957419101555e-01 6.142852674695040149e-04
2.458770018731829245e+06 9.971433628840052910e-01 6.152474151073759629e-04
2.458770024757894687e+06 9.976227991537426343e-01 6.162095628195975085e-04
2.458770030783959664e+06 9.980305130980988704e-01 6.171717104574693481e-04
2.458770036810025107e+06 9.983132129597811488e-01 6.169959397424650081e-04
2.458770042836090084e+06 9.984708986950977527e-01 6.162721442442911646e-04
2.458770048862155061e+06 9.985479131342180903e-01 6.155483487461173211e-04
2.458770054888220504e+06 9.985987936544411525e-01 6.150011477328341065e-04
2.458770060914285481e+06 9.986236826691425872e-01 6.150882056043863438e-04
2.458770066940350924e+06 9.986273442073518858e-01 6.151752634826659471e-04
2.458770072966415901e+06 9.986396325453955614e-01 6.152623213542182928e-04
2.458770078992480878e+06 9.986657412640309595e-01 6.152961761048200565e-04
2.458770085018546320e+06 9.987057052917871491e-01 6.153132880552735721e-04
2.458770091044611298e+06 9.987956252449385897e-01 6.153304000044047947e-04
2.458770097070676740e+06 9.989673482926714199e-01 6.153754171115838074e-04
2.458770103096741717e+06 9.992208744084460914e-01 6.154844808184978819e-04
2.458770109122806694e+06 9.995285204916571908e-01 6.155935445254118480e-04
2.458770115148872137e+06 9.997655872390528442e-01 6.157026082407537513e-04
2.458770121174937114e+06 9.999169383117521015e-01 6.159006922856980143e-04
2.458770127201002557e+06 9.999829899162538949e-01 6.161149412295572562e-04
2.458770133227067534e+06 1.000000000000000000e+00 6.163291901568604056e-04
2.458770139253132511e+06 9.999913362290456798e-01 6.163350623914763985e-04
2.458770145279197954e+06 9.999569985997459609e-01 6.160138637644621898e-04
2.458770151305262931e+06 9.998768915574023364e-01 6.156926651622685129e-04
2.458770157331328373e+06 9.996843132222918982e-01 6.153714665352543042e-04
2.458770163357393350e+06 9.993739584110413743e-01 6.151340283850554105e-04
2.458770169383458328e+06 9.989537899495218864e-01 6.149027008003508715e-04
2.458770175409523770e+06 9.986785840645263645e-01 6.146713731977706575e-04
2.458770181435588747e+06 9.986704334631524294e-01 6.147192811119965355e-04
2.458770187461654190e+06 9.989293381441405328e-01 6.150760020246607033e-04
2.458770193487719167e+06 9.993462750967930797e-01 6.154327229097595730e-04
2.458770199513784144e+06 9.996513510893586529e-01 6.157804762947716518e-04
2.458770205539849587e+06 9.998319636603660854e-01 6.156304138143335342e-04
2.458770211565914564e+06 9.998865607996162419e-01 6.154803513454915010e-04
2.458770217591980007e+06 9.997889435280544745e-01 6.153302888650534919e-04
2.458770223618044984e+06 9.995297289736139179e-01 6.152566724239025894e-04
2.458770229644109961e+06 9.991089171349950560e-01 6.152429895229436212e-04
2.458770235670175403e+06 9.986183580586069919e-01 6.152293066209272307e-04
2.458770241696240380e+06 9.982278565244259161e-01 6.152066544363917746e-04
2.458770247722305823e+06 9.979411595804285051e-01 6.151062132819865025e-04
2.458770253748370800e+06 9.977483943176372883e-01 6.150057721353428168e-04
2.458770259774435777e+06 9.975463424096848719e-01 6.149053309886991312e-04
2.458770265800501220e+06 9.973075331432523782e-01 6.147299243335868331e-04
2.458770271826566197e+06 9.970319665552478394e-01 6.145134781521151409e-04
2.458770277852631640e+06 9.967819483040275541e-01 6.142970319539175703e-04
2.458770283878696617e+06 9.966426517531575824e-01 6.141451701694174798e-04
2.458770289904761594e+06 9.966145786699774911e-01 6.142703137790408215e-04
2.458770295930827036e+06 9.966757331671711739e-01 6.143954573983347045e-04
2.458770301956892014e+06 9.966708464606098827e-01 6.145206010079579378e-04
2.458770307982957456e+06 9.965697264262679544e-01 6.144354236551775438e-04
2.458770314009022433e+06 9.963723735034439866e-01 6.142732097015942295e-04
2.458770320035087410e+06 9.961171169690015148e-01 6.141109957480111320e-04
2.458770326061152853e+06 9.958417793095725168e-01 6.140066512621679493e-04
2.458770332087217830e+06 9.955463605677101757e-01 6.140550574362547151e-04
2.458770338113283273e+06 9.952389856736528762e-01 6.141034636140820869e-04
2.458770344139348250e+06 9.949603932613921842e-01 6.141518697881689611e-04
2.458770350165413227e+06 9.947161927480029364e-01 6.139639302473993239e-04
2.458770356191478670e+06 9.945060434810386596e-01 6.137232643138808329e-04
2.458770362217543647e+06 9.942799920186633500e-01 6.134825983989597702e-04
2.458770368243609089e+06 9.940023684991141639e-01 6.132763840146419725e-04
2.458770374269674066e+06 9.936731729652971135e-01 6.131312986592979712e-04
2.458770380295739044e+06 9.933006169300987453e-01 6.129862133039537531e-04
2.458770386321804486e+06 9.929148357247348233e-01 6.128411279373982340e-04
2.458770392347869463e+06 9.925186167010449090e-01 6.124295440866465599e-04
2.458770398373934906e+06 9.921115440114721684e-01 6.119894273843205995e-04
2.458770404399999883e+06 9.916760679043084004e-01 6.115493107160045435e-04
