2.458977000000000000e+06 9.988214860215421931e-01 4.697802070083261622e-04
2.458977006026064977e+06 9.985495077109685091e-01 4.695841313087250105e-04
2.458977012052130420e+06 9.982911136069980707e-01 4.694123599010173518e-04
2.458977018078195397e+06 9.980463037495652667e-01 4.692892290549027703e-04
2.458977024104260840e+06 9.978017415523878775e-01 4.691660981992733389e-04
2.458977030130325817e+06 9.975034899059918025e-01 4.690429673531587031e-04
2.458977036156390794e+06 9.971458425823734872e-01 4.689250771790219358e-04
2.458977042182456236e+06 9.967300701674527419e-01 4.688079293688707737e-04
2.458977048208521213e+06 9.963294566565044086e-01 4.686907815677721035e-04
2.458977054234586656e+06 9.959865904747084997e-01 4.685680231654793448e-04
2.458977060260651633e+06 9.957014716750542949e-01 4.684374738519079488e-04
2.458977066286716610e+06 9.954741002288161056e-01 4.683069245383366611e-04
2.458977072312782053e+06 9.953044761251174100e-01 4.681763752146771975e-04
2.458977078338847030e+06 9.951369412509737389e-01 4.680458259011058557e-04
2.458977084364912473e+06 9.949068057736280002e-01 4.679152765774463921e-04
2.458977090390977450e+06 9.946139799427263783e-01 4.677847272638751045e-04
2.458977096417042427e+06 9.942584637429078276e-01 4.676893253354597719e-04
2.458977102443107869e+06 9.938402571394332474e-01 4.676284963502399779e-04
2.458977108469172847e+06 9.934074092042622928e-01 4.675676673697207425e-04
2.458977114495238289e+06 9.930676396835120823e-01 4.675005422789564190e-04
2.458977120521303266e+06 9.928249760135913204e-01 4.673053320116512437e-04
2.458977126547368243e+06 9.926681135802595257e-01 4.671101217443460142e-04
2.458977132573433686e+06 9.924369768857351781e-01 4.669149114619561172e-04
2.458977138599498663e+06 9.920796749274192194e-01 4.667921697835656237e-04
2.458977144625564106e+06 9.915962076500912659e-01 4.667198739937449318e-04
2.458977150651629083e+06 9.910721857822371028e-01 4.666475782095108084e-04
2.458977156677694060e+06 9.906507592151772013e-01 4.665717865429685487e-04
2.458977162703759503e+06 9.903341609866360695e-01 4.664730705074823574e-04
2.458977168729824480e+06 9.901070339054224290e-01 4.663743544796243958e-04
2.458977174755889922e+06 9.898297685448053107e-01 4.662756384441382046e-04
2.458977180781954899e+06 9.894688544866876434e-01 4.661388818662456652e-04
2.458977186808019876e+06 9.890242917128755362e-01 4.659838137367463889e-04
2.458977192834085319e+06 9.885327978572036045e-01 4.658287455952642934e-04
2.458977198860150296e+06 9.880395236060370845e-01 4.656899116352643275e-04
2.458977204886215739e+06 9.875445865773001541e-01 4.656093860451606488e-04
2.458977210912280716e+06 9.870648173860606667e-01 4.655288604612795316e-04
2.458977216938345693e+06 9.867057120855531327e-01 4.654483348773984144e-04
2.458977222964411136e+06 9.864856275701121557e-01 4.653084161612440267e-04
2.458977228990476113e+06 9.864044248175957152e-01 4.651497948276041663e-04
2.458977235016541556e+06 9.863168642060876623e-01 4.649911734817069125e-04
2.458977241042606533e+06 9.860947347543849162e-01 4.648332662817713720e-04
2.458977247068671510e+06 9.857380364609202861e-01 4.646769998866175349e-04
2.458977253094736952e+06 9.852792546356806680e-01 4.645207334793882877e-04
2.458977259120801929e+06 9.848648725740939414e-01 4.643644670842344505e-04
2.458977265146867372e+06 9.845126933090712074e-01 4.643545490591278004e-04
2.458977271172932349e+06 9.842221195993550165e-01 4.643712749469406926e-04
2.458977277198997326e+06 9.839407915763584977e-01 4.643880008347536390e-04
2.458977283225062769e+06 9.836349172292891962e-01 4.642960497503222984e-04
2.458977289251127746e+06 9.833044966054192981e-01 4.640331953502056643e-04
2.458977295277193189e+06 9.829433749882553473e-01 4.637703409297770987e-04
2.458977301303258166e+06 9.825310878540955972e-01 4.635074865296604104e-04
2.458977307329323143e+06 9.820660030241714633e-01 4.633739866866025360e-04
2.458977313355388585e+06 9.815514717934369360e-01 4.632500070765470422e-04
2.458977319381453563e+06 9.810953149832858378e-01 4.631260274760720468e-04
2.458977325407519005e+06 9.807493103800898337e-01 4.629617848148798198e-04
2.458977331433583982e+06 9.805134580373237041e-01 4.627528942913061868e-04
2.458977337459648959e+06 9.803226727638013616e-01 4.625440037677325538e-04
2.458977343485714402e+06 9.800154340380976548e-01 4.623359373640139073e-04
2.458977349511779379e+06 9.795841604788051438e-01 4.621757765901134498e-04
2.458977355537844822e+06 9.790410666027817843e-01 4.620156158038367161e-04
2.458977361563909799e+06 9.785934433255994991e-01 4.618554550299363128e-04
2.458977367589974776e+06 9.783157421649630869e-01 4.617479136291512652e-04
2.458977373616040219e+06 9.782079631191091806e-01 4.616817756402479662e-04
2.458977379642105196e+06 9.781760694476814288e-01 4.616156376564553793e-04
2.458977385668170638e+06 9.780456449112452377e-01 4.615342035149993302e-04
2.458977391694235615e+06 9.778128008639968005e-01 4.613186559266159773e-04
2.458977397720300592e+06 9.774803610775925078e-01 4.611031083382326244e-04
2.458977403746366035e+06 9.770780041866268251e-01 4.608875607331928905e-04
2.458977409772431012e+06 9.766136586942244513e-01 4.606696511539757136e-04
2.458977415798495989e+06 9.760873245716887858e-01 4.604504421871783099e-04
2.458977421824561432e+06 9.756285776127892051e-01 4.602312332034416567e-04
2.458977427850626409e+06 9.754153061619398324e-01 4.600479004267632563e-04
2.458977433876691852e+06 9.754485864192544708e-01 4.600196827725913282e-04
2.458977439902756829e+06 9.756835364942119115e-01 4.599914651205999475e-04
2.458977445928821806e+06 9.758016057066690729e-01 4.599632474686085669e-04
2.458977451954887249e+06 9.757405479487423205e-01 4.599471034133493824e-04
2.458977457980952226e+06 9.755003636978297754e-01 4.599354119356000720e-04
2.458977464007017668e+06 9.752058166378012594e-01 4.599237204569472416e-04
2.458977470033082645e+06 9.749807072700716892e-01 4.598859134651554510e-04
2.458977476059147622e+06 9.748250355691967517e-01 4.597786680830449283e-04
2.458977482085213065e+06 9.747520058470087179e-01 4.596714226926469269e-04
2.458977488111278042e+06 9.748282034825365150e-01 4.595641773105364042e-04
2.458977494137343485e+06 9.750628561601989430e-01 4.597288928057971340e-04
2.458977500163408462e+06 9.754545719238121304e-01 4.599549169421167935e-04
2.458977506189473439e+06 9.757920874407817191e-01 4.601809410784363989e-04
2.458977512215538882e+06 9.759236634085856066e-01 4.603155535928432109e-04
2.458977518241603859e+06 9.758492998068890589e-01 4.602867867339302988e-04
2.458977524267669301e+06 9.756223943104159746e-01 4.602580198727943927e-04
2.458977530293734279e+06 9.754401094623340596e-01 4.602292530138814806e-04
2.458977536319799256e+06 9.753208416815352111e-01 4.601820919594834373e-04
2.458977542345864698e+06 9.752635342101471094e-01 4.601329211806429197e-04
2.458977548371929675e+06 9.752227123194765479e-01 4.600837504056020429e-04
2.458977554397995118e+06 9.751741831325455578e-01 4.600459098038539628e-04
2.458977560424060095e+06 9.751179466568545839e-01 4.600222439245019970e-04
2.458977566450125072e+06 9.750896906481008042e-01 4.599985780451500855e-04
2.458977572476190515e+06 9.751874726403064741e-01 4.599749121639693417e-04
2.458977578502255492e+06 9.754169294078856023e-01 4.601705878651894503e-04
2.458977584528320935e+06 9.757694915393096968e-01 4.603691599151165997e-04
2.458977590554385912e+06 9.760675459525384179e-01 4.605677319496991984e-04
2.458977596580450889e+06 9.762404594604168206e-01 4.606851518609794238e-04
2.458977602606516331e+06 9.762882320618014864e-01 4.607305197868983258e-04
2.458977608632581308e+06 9.763022150817528555e-01 4.607758877093114601e-04
2.458977614658646751e+06 9.764701375127797789e-01 4.608354643014314373e-04
2.458977620684711728e+06 9.767976331051525518e-01 4.610769993924004754e-04
2.458977626710776705e+06 9.772643465793846573e-01 4.613185344833695134e-04
2.458977632736842148e+06 9.776203586241272170e-01 4.615600695930030918e-04
2.458977638762907125e+06 9.777915128782931342e-01 4.617323448692393570e-04
2.458977644788972568e+06 9.777778093683339167e-01 4.618612922948310139e-04
2.458977650815037545e+06 9.777204156130830937e-01 4.619902397104583649e-04
2.458977656841102522e+06 9.778350862954611200e-01 4.620992986300688564e-04
2.458977662867167965e+06 9.781241341227923103e-01 4.621022859896940457e-04
2.458977668893232942e+06 9.785637968054581304e-01 4.621052733490884626e-04
2.458977674919298384e+06 9.789619298052645302e-01 4.621082607087137603e-04
2.458977680945363361e+06 9.792765263203065951e-01 4.622827595217858000e-04
2.458977686971428338e+06 9.795075863845771336e-01 4.625305439248132353e-04
2.458977692997493781e+06 9.797651825705037121e-01 4.627783283469881145e-04
2.458977699023558758e+06 9.801721652867828594e-01 4.630117468932284062e-04
2.458977705049624201e+06 9.807286259835703568e-01 4.632004997577947552e-04
2.458977711075689178e+06 9.813979213349408592e-01 4.633892526077753866e-04
2.458977717101754155e+06 9.819726511585132878e-01 4.635780054577559638e-04
2.458977723127819598e+06 9.824202453493066090e-01 4.637550820533410580e-04
2.458977729153884575e+06 9.827408892019245945e-01 4.639289813158164284e-04
2.458977735179950017e+06 9.829968135397624263e-01 4.641028805917297799e-04
2.458977741206014995e+06 9.832379005894716917e-01 4.643103343970297653e-04
2.458977747232079972e+06 9.834641503714024457e-01 4.645862781865815316e-04
2.458977753258145414e+06 9.836925072832626293e-01 4.648622219974566814e-04
2.458977759284210391e+06 9.839925842485240937e-01 4.651381657870083935e-04
2.458977765310275834e+06 9.843719003361841580e-01 4.651642321278679328e-04
2.458977771336340811e+06 9.848292742586544080e-01 4.651534726417278355e-04
2.458977777362405788e+06 9.852927093210607223e-01 4.651427131555877382e-04
2.458977783388471231e+06 9.857197249937611483e-01 4.651835614267268667e-04
2.458977789414536208e+06 9.861103212107604765e-01 4.652973723228199686e-04
2.458977795440601651e+06 9.864797809517343863e-01 4.654111832277077932e-04
2.458977801466666628e+06 9.868746262267886760e-01 4.655249941238008408e-04
2.458977807492731605e+06 9.872980694010405900e-01 4.657182425599112321e-04
2.458977813518797047e+06 9.877502992190577702e-01 4.659150587858676266e-04
2.458977819544862024e+06 9.882362087060052591e-01 4.661118749966151583e-04
2.458977825570927467e+06 9.887579520384522924e-01 4.662673299832744561e-04
2.458977831596992444e+06 9.893155291357642600e-01 4.663813821955275379e-04
2.458977837623057421e+06 9.898400933327397011e-01 4.664954344077807281e-04
2.458977843649122864e+06 9.901749909379040648e-01 4.666055179313151682e-04
2.458977849675187841e+06 9.903141562107256046e-01 4.666261465198294055e-04
2.458977855701253284e+06 9.902776043570065134e-01 4.666467751099376369e-04
2.458977861727318261e+06 9.903560533163502377e-01 4.666674036984518200e-04
2.458977867753383238e+06 9.906451713307752316e-01 4.668212052332531030e-04
2.458977873779448681e+06 9.911449584470417573e-01 4.670693973731550753e-04
2.458977879805513658e+06 9.917420788573677592e-01 4.673175894938780533e-04
2.458977885831579100e+06 9.922441135345551055e-01 4.675500267657677783e-04
2.458977891857644077e+06 9.926478850478893667e-01 4.676750797767936481e-04
2.458977897883709054e+06 9.929581660615619532e-01 4.678001327878195722e-04
2.458977903909774497e+06 9.932192479046766387e-01 4.679251858085088818e-04
2.458977909935839474e+06 9.934419309410306154e-01 4.679895408332699681e-04
2.458977915961904917e+06 9.936262152050393537e-01 4.680240910157229431e-04
2.458977921987969894e+06 9.938275122821104146e-01 4.680586411955059618e-04
2.458977928014034871e+06 9.941150804084046833e-01 4.681103920210394256e-04
2.458977934040100314e+06 9.944891293688825629e-01 4.682255426532126318e-04
2.458977940066165291e+06 9.949280758882211861e-01 4.683406932764876281e-04
2.458977946092230733e+06 9.952941997034349120e-01 4.684558439086607801e-04
2.458977952118295711e+06 9.955631204117141309e-01 4.684731150128308144e-04
2.458977958144360688e+06 9.957348940965572437e-01 4.684588189609183878e-04
2.458977964170426130e+06 9.958875843972582187e-01 4.684445229079012133e-04
2.458977970196491107e+06 9.960912711147016374e-01 4.685347500274991976e-04
2.458977976222556550e+06 9.963459542803667635e-01 4.688701830218195169e-04
2.458977982248621527e+06 9.966418330288527860e-01 4.692056159902193812e-04
2.458977988274686504e+06 9.969339934704156692e-01 4.695410489586192455e-04
2.458977994300751947e+06 9.972168686647674418e-01 4.696763364426069357e-04
2.458978000326816924e+06 9.974904649895213193e-01 4.697739540102650359e-04
2.458978006352882367e+06 9.977553865192085869e-01 4.698715715854665268e-04
2.458978012378947344e+06 9.980120291365486285e-01 4.700469937570384157e-04
2.458978018405012321e+06 9.982603928623334788e-01 4.703470527284396444e-04
2.458978024431077763e+06 9.985059883220479549e-01 4.706471117230277834e-04
2.458978030457142740e+06 9.987674198546312443e-01 4.709471706944290121e-04
2.458978036483208183e+06 9.990462069096719411e-01 4.707183305766100465e-04
2.458978042509273160e+06 9.993386634703638194e-01 4.704478789104653801e-04
2.458978048535338137e+06 9.995213948144581195e-01 4.701774272443206594e-04
2.458978054561403580e+06 9.995342516893298557e-01 4.700599586151939994e-04
2.458978060587468557e+06 9.993772340929921727e-01 4.701151456989692817e-04
2.458978066613534000e+06 9.991186146891675168e-01 4.701703327870091647e-04
2.458978072639598977e+06 9.989303667672961851e-01 4.702238268705434716e-04
2.458978078665663954e+06 9.988208173144875746e-01 4.701438422129366676e-04
2.458978084691729397e+06 9.987890742983377423e-01 4.700638575491490980e-04
2.458978090717794374e+06 9.988195691732458803e-01 4.699838728915422940e-04
2.458978096743859816e+06 9.989066259911191237e-01 4.698838400112423548e-04
2.458978102769924793e+06 9.990502447385026796e-01 4.697677490901717317e-04
2.458978108795989770e+06 9.992281381110514893e-01 4.696516581691010002e-04
2.458978114822055213e+06 9.993983398528143436e-01 4.695625408727395283e-04
2.458978120848120190e+06 9.995598694651526284e-01 4.697217279790460607e-04
2.458978126874185633e+06 9.997024084439323222e-01 4.698809150976536800e-04
2.458978132900250610e+06 9.997150828835170699e-01 4.700401022039602124e-04
2.458978138926315587e+06 9.995678105947939374e-01 4.700243266523735372e-04
2.458978144952381030e+06 9.992605915478424139e-01 4.699104408783762112e-04
2.458978150978446007e+06 9.989559723760466081e-01 4.697965551131792999e-04
2.458978157004511449e+06 9.988806820711781942e-01 4.697150899628543840e-04
2.458978163030576427e+06 9.990362309041289635e-01 4.697779326692362741e-04
2.458978169056641404e+06 9.993744207729891027e-01 4.698407753756182184e-04
2.458978175082706846e+06 9.995466983107470504e-01 4.699036180868563042e-04
2.458978181108771823e+06 9.994838084868372663e-01 4.699317873093963177e-04
2.458978187134837266e+06 9.991857512915404138e-01 4.699468822085205405e-04
2.458978193160902243e+06 9.988057473504731165e-01 4.699619771064782159e-04
2.458978199186967220e+06 9.984985264457644227e-01 4.699213109367370131e-04
2.458978205213032663e+06 9.982640894900756123e-01 4.697290465285402995e-04
2.458978211239097640e+06 9.980897092547349470e-01 4.695367821352006794e-04
2.458978217265162617e+06 9.979101245275622256e-01 4.693445177418610593e-04
2.458978223291228060e+06 9.977161202191386913e-01 4.693473407872509619e-04
2.458978229317293037e+06 9.975079859320006292e-01 4.693954380905836677e-04
2.458978235343358479e+06 9.973341470509369255e-01 4.694435353976331268e-04
2.458978241369423456e+06 9.972299435217869545e-01 4.694473410253737454e-04
2.458978247395488434e+06 9.971953753284268362e-01 4.693704519124219671e-04
2.458978253421553876e+06 9.971988930223235625e-01 4.692935627935286525e-04
2.458978259447618853e+06 9.971221798364072741e-01 4.692166736805768743e-04
2.458978265473684296e+06 9.969539492149016580e-01 4.690992192658718462e-04
2.458978271499749273e+06 9.966943399364605050e-01 4.689771120317318522e-04
2.458978277525814250e+06 9.963496105698921301e-01 4.688550047975917497e-04
2.458978283551879693e+06 9.959231414558580298e-01 4.687981004366366888e-04
2.458978289577944670e+06 9.954149326602687031e-01 4.688242377416565573e-04
2.458978295604010113e+06 9.948921358534336123e-01 4.688503750486961320e-04
2.458978301630075090e+06 9.945420512204662389e-01 4.688765123537160006e-04
2.458978307656140067e+06 9.943757519431898340e-01 4.689003603114181391e-04
2.458978313682205509e+06 9.943793232556097372e-01 4.689241676452100089e-04
2.458978319708270486e+06 9.942551992316992493e-01 4.689479749771622045e-04
2.458978325734335929e+06 9.938832610037643400e-01 4.687145445017175979e-04
2.458978331760400906e+06 9.932635086292873616e-01 4.682486497545851442e-04
2.458978337786465883e+06 9.925459561740702652e-01 4.677827550074526906e-04
2.458978343812531326e+06 9.920435498875300739e-01 4.673472756831615303e-04
2.458978349838596303e+06 9.917660629716215093e-01 4.673285027581411443e-04
2.458978355864661746e+06 9.916893830244746244e-01 4.673097298316701499e-04
2.458978361890726723e+06 9.915103079417956211e-01 4.672909569066498181e-04
2.458978367916791700e+06 9.911374829935647446e-01 4.671263169315881237e-04
2.458978373942857143e+06 9.905709081285141160e-01 4.668687134365692108e-04
2.458978379968922120e+06 9.899167418282507347e-01 4.666111099614564123e-04
2.458978385994987562e+06 9.893397826644566573e-01 4.663386155096860860e-04
2.458978392021052539e+06 9.888419264445640344e-01 4.659839936325651708e-04
2.458978398047117516e+06 9.884239097693875431e-01 4.656293717554443098e-04
2.458978404073182959e+06 9.880918083083781722e-01 4.652747498509201846e-04
2.458978410099247936e+06 9.878469721563593042e-01 4.651029691401676464e-04
2.458978416125313379e+06 9.876894012754914298e-01 4.650109684883838045e-04
2.458978422151378356e+06 9.875528295836984993e-01 4.649189678437092932e-04
2.458978428177443333e+06 9.873620356699978062e-01 4.648617077153102445e-04
2.458978434203508776e+06 9.871169451253957172e-01 4.649150973832418140e-04
2.458978440229573753e+06 9.868022701971602695e-01 4.649684870470477231e-04
2.458978446255639195e+06 9.863299661123685613e-01 4.650218767149792926e-04
2.458978452281704172e+06 9.856859558511019692e-01 4.646599416305516599e-04
2.458978458307769150e+06 9.848708506985153210e-01 4.641820059584578434e-04
2.458978464333834592e+06 9.841237609317937673e-01 4.637040702494318184e-04
2.458978470359899569e+06 9.836395304898982728e-01 4.633491426469129974e-04
2.458978476385965012e+06 9.834181592979911457e-01 4.632503850775786139e-04
2.458978482412029989e+06 9.833989893531785986e-01 4.631516275158756584e-04
2.458978488438094966e+06 9.833288139803737504e-01 4.630528699541727028e-04
2.458978494464160409e+06 9.831797089942041490e-01 4.629789922472438536e-04
2.458978500490225386e+06 9.829513555138220671e-01 4.629089266363962431e-04
2.458978506516290829e+06 9.826231619203567025e-01 4.628388610201344521e-04
2.458978512542355806e+06 9.821827900300849068e-01 4.628341228760338589e-04
2.458978518568420783e+06 9.816302398219796110e-01 4.629234440438744370e-04
2.458978524594486225e+06 9.810240566096707360e-01 4.630127652186172629e-04
2.458978530620551202e+06 9.805451846391698423e-01 4.631020863864578410e-04
2.458978536646616645e+06 9.802064427020351634e-01 4.627564358456649914e-04
2.458978542672681622e+06 9.800017277815922245e-01 4.623891406048008133e-04
2.458978548698746599e+06 9.797670714169285366e-01 4.620218453639366352e-04
2.458978554724812042e+06 9.794291974876295770e-01 4.617775689312137929e-04
2.458978560750877019e+06 9.789881060459134643e-01 4.616586321487086407e-04
2.458978566776942462e+06 9.785166846041395416e-01 4.615396953570127607e-04
2.458978572803007439e+06 9.781832900207572123e-01 4.614262126222587988e-04
2.458978578829072416e+06 9.779946716895727699e-01 4.614505858004548785e-04
2.458978584855137859e+06 9.779447946460766428e-01 4.614749589805344884e-04
2.458978590881202836e+06 9.779436875557160347e-01 4.614993321587306224e-04
2.458978596907268278e+06 9.779612899899338130e-01 4.614983566373014154e-04
2.458978602933333255e+06 9.779976019460093761e-01 4.614790844349448123e-04
2.458978608959398232e+06 9.779531967370185264e-01 4.614598122325883176e-04
2.458978614985463675e+06 9.776566531402750559e-01 4.614235417518405759e-04
2.458978621011528652e+06 9.771049782813669982e-01 4.612666513826228060e-04
2.458978627037594095e+06 9.763361917046528005e-01 4.611097610012813248e-04
2.458978633063659072e+06 9.757106372337993605e-01 4.609528706320635007e-04
2.458978639089724049e+06 9.753175941254641490e-01 4.609112580320124698e-04
2.458978645115789492e+06 9.751570623762253476e-01 4.609273930931466023e-04
2.458978651141854469e+06 9.751670325586354604e-01 4.609435281530337939e-04
2.458978657167919911e+06 9.752687165588990181e-01 4.609750670127468297e-04
2.458978663193984888e+06 9.754618398208160235e-01 4.610649124184211067e-04
2.458978669220049866e+06 9.757111753164964263e-01 4.611547578240953837e-04
2.458978675246115308e+06 9.757878251227204425e-01 4.612446032367124578e-04
2.458978681272180285e+06 9.756505596238064237e-01 4.614704993310417497e-04
2.458978687298245728e+06 9.752994831985988267e-01 4.617413336905014962e-04
2.458978693324310705e+06 9.749395579832770276e-01 4.620121680290326712e-04
2.458978699350375682e+06 9.747579594974151718e-01 4.621356308779347110e-04
2.458978705376441125e+06 9.747546877476508387e-01 4.619059455053129630e-04
2.458978711402506102e+06 9.748865470145545720e-01 4.616762601504400382e-04
2.458978717428571545e+06 9.749523091134911779e-01 4.614465747778182902e-04
2.458978723454636522e+06 9.749265357341828642e-01 4.614256358073454741e-04
2.458978729480701499e+06 9.748104928006829928e-01 4.614452991104961346e-04
2.458978735506766941e+06 9.747324481149406417e-01 4.614649624151663044e-04
2.458978741532831918e+06 9.747778110677060015e-01 4.615301570942020480e-04
2.458978747558897361e+06 9.749465816659900197e-01 4.616696725232036854e-04
2.458978753584962338e+06 9.751899418743001924e-01 4.618091879414243416e-04
2.458978759611027315e+06 9.753405108301828053e-01 4.619487033596449978e-04
2.458978765637092758e+06 9.753842903932371522e-01 4.619239361795133485e-04
2.458978771663157735e+06 9.753266581157089554e-01 4.618853917791078401e-04
2.458978777689223178e+06 9.753551974707365124e-01 4.618468473757239199e-04
2.458978783715288155e+06 9.755627417403107682e-01 4.619209039452731760e-04
2.458978789741353132e+06 9.759492909197207133e-01 4.621243271730907662e-04
2.458978795767418575e+06 9.764151467534126771e-01 4.623277504166279327e-04
2.458978801793483552e+06 9.767053626059609694e-01 4.625285662870067893e-04
2.458978807819548994e+06 9.768072059095739279e-01 4.624094963699744171e-04
2.458978813845613971e+06 9.767329957888758463e-01 4.622904264621431809e-04
2.458978819871678948e+06 9.767040123555215114e-01 4.621713565543118904e-04
2.458978825897744391e+06 9.768021589131438143e-01 4.621596874336043621e-04
2.458978831923809368e+06 9.770274354465743327e-01 4.622356029217996394e-04
2.458978837949874811e+06 9.773356141030749011e-01 4.623115184158611553e-04
2.458978843975939788e+06 9.776421357096236608e-01 4.623885221208592889e-04
2.458978850002004765e+06 9.779449314436960972e-01 4.624760708295246677e-04
2.458978856028070208e+06 9.782437907289682766e-01 4.625636195449552512e-04
2.458978862054135185e+06 9.785363988890483089e-01 4.626511682536206299e-04
2.458978868080200627e+06 9.788221180564424806e-01 4.627681339882165298e-04
2.458978874106265604e+06 9.791009481869931141e-01 4.629019159981293354e-04
2.458978880132330582e+06 9.794084468436552449e-01 4.630356980080421953e-04
2.458978886158396024e+06 9.797950132791619637e-01 4.631871906579393557e-04
2.458978892184461001e+06 9.802610156421606158e-01 4.634199132723097357e-04
2.458978898210526444e+06 9.807799574203580617e-01 4.636526359046636145e-04
2.458978904236591421e+06 9.811565311930829925e-01 4.638853585190339944e-04
2.458978910262656398e+06 9.813512729949971369e-01 4.638418938465639781e-04
2.458978916288721841e+06 9.813641828200724282e-01 4.636919434823841952e-04
2.458978922314786818e+06 9.814084452619549204e-01 4.635419931297917145e-04
2.458978928340852261e+06 9.817031830379053803e-01 4.635094440521709798e-04
2.458978934366917238e+06 9.822484064040576390e-01 4.638034199643786392e-04
2.458978940392982215e+06 9.829706418266330736e-01 4.640973958765862986e-04
2.458978946419047657e+06 9.834866843059265618e-01 4.643913718115108666e-04
2.458978952445112634e+06 9.837413964207070149e-01 4.645184932839121713e-04
2.458978958471178077e+06 9.837361972998813764e-01 4.646057590663127228e-04
2.458978964497243054e+06 9.837343440568621089e-01 4.646930248419698620e-04
2.458978970523308031e+06 9.839310913783849699e-01 4.648026590281013502e-04
2.458978976549373474e+06 9.843264393026738279e-01 4.649538492602932121e-04
2.458978982575438451e+06 9.848837327785402440e-01 4.651050394808019825e-04
2.458978988601503894e+06 9.854633217128003775e-01 4.652562297129938986e-04
2.458978994627568871e+06 9.860515859299332497e-01 4.655701010539001683e-04
2.458979000653633848e+06 9.866469217147509907e-01 4.659035366934942673e-04
2.458979006679699291e+06 9.871733614690073599e-01 4.662369723588544851e-04
2.458979012705764268e+06 9.875892391657695724e-01 4.664475547676170323e-04
2.458979018731829245e+06 9.878945548499900031e-01 4.664988141521915510e-04
2.458979024757894687e+06 9.881478929610887363e-01 4.665500735407270396e-04
2.458979030783959664e+06 9.885151616598628621e-01 4.666013329253015582e-04
2.458979036810025107e+06 9.890064479463883673e-01 4.668668960590829703e-04
2.458979042836090084e+06 9.896140721302393306e-01 4.671372560153129634e-04
2.458979048862155061e+06 9.901684309568411502e-01 4.674076159715429566e-04
2.458979054888220504e+06 9.906000166421587982e-01 4.676073787048387934e-04
2.458979060914285481e+06 9.909088291194909637e-01 4.677421925445089234e-04
2.458979066940350924e+06 9.911579792334810346e-01 4.678770063945967184e-04
2.458979072966415901e+06 9.914811378094416927e-01 4.680159063024977415e-04
2.458979078992480878e+06 9.918826472147731499e-01 4.682150024032289987e-04
2.458979085018546320e+06 9.923531973658210603e-01 4.684140985193453017e-04
2.458979091044611298e+06 9.927728191696467697e-01 4.686131946200765589e-04
2.458979097070676740e+06 9.931048025317227301e-01 4.686768734195369550e-04
2.458979103096741717e+06 9.933491474007414279e-01 4.686526167481058856e-04
2.458979109122806694e+06 9.935193134415568617e-01 4.686283600766748703e-04
2.458979115148872137e+06 9.936365267246719535e-01 4.686282201431297588e-04
2.458979121174937114e+06 9.937010487702718775e-01 4.687657966576430136e-04
2.458979127201002557e+06 9.937360322597257323e-01 4.689033731827874129e-04
2.458979133227067534e+06 9.939363309433268956e-01 4.690409496973007219e-04
2.458979139253132511e+06 9.943459577433952923e-01 4.690658296385771938e-04
2.458979145279197954e+06 9.949649127158478601e-01 4.690404911936668989e-04
2.458979151305262931e+06 9.955957349323574235e-01 4.690151527507146730e-04
2.458979157331328373e+06 9.960104251792907259e-01 4.690057613160161288e-04
2.458979163357393350e+06 9.962086937807338449e-01 4.690484330846397777e-04
2.458979169383458328e+06 9.962377577370267190e-01 4.690911048532634266e-04
2.458979175409523770e+06 9.963743982053758774e-01 4.691337766251846221e-04
2.458979181435588747e+06 9.966636753899289491e-01 4.692279483365803376e-04
2.458979187461654190e+06 9.971052739497847650e-01 4.693368828439386815e-04
2.458979193487719167e+06 9.975531606743787139e-01 4.694458173428791713e-04
2.458979199513784144e+06 9.978863285987050746e-01 4.695356019232634396e-04
2.458979205539849587e+06 9.981047777352117789e-01 4.695846811169384532e-04
2.458979211565914564e+06 9.981931178027076967e-01 4.696337603068208733e-04
2.458979217591980007e+06 9.980860559916702179e-01 4.696828395004958327e-04
2.458979223618044984e+06 9.977762398200960003e-01 4.696669315310365378e-04
2.458979229644109961e+06 9.972690614846844159e-01 4.696406777432070518e-04
2.458979235670175403e+06 9.969343670885292275e-01 4.696144239533488608e-04
2.458979241696240380e+06 9.969972538800070394e-01 4.696673206206147485e-04
2.458979247722305823e+06 9.974577218688369662e-01 4.698363101459788376e-04
2.458979253748370800e+06 9.981801029595870345e-01 4.700052996582842536e-04
2.458979259774435777e+06 9.987385809083040300e-01 4.701742891705896696e-04
2.458979265800501220e+06 9.991022053927082203e-01 4.704619625064368916e-04
2.458979271826566197e+06 9.992742959184081064e-01 4.707561297434621934e-04
2.458979277852631640e+06 9.993473690381307062e-01 4.710502970032191491e-04
2.458979283878696617e+06 9.993634030954797742e-01 4.711406543372912109e-04
2.458979289904761594e+06 9.993223980983053645e-01 4.710196039935566508e-04
2.458979295930827036e+06 9.992374401935274486e-01 4.708985536404679739e-04
2.458979301956892014e+06 9.991392188633776428e-01 4.707826483185569271e-04
2.458979307982957456e+06 9.990290076727401658e-01 4.708148185704700965e-04
2.458979314009022433e+06 9.989149162385166925e-01 4.708469888198972986e-04
2.458979320035087410e+06 9.989211218974993756e-01 4.708791590693245008e-04
2.458979326061152853e+06 9.990897556453097739e-01 4.708975130734239308e-04
2.458979332087217830e+06 9.994208174558860680e-01 4.709057095803266036e-04
2.458979338113283273e+06 9.997912681182842265e-01 4.709139060878626674e-04
2.458979344139348250e+06 9.999856533840626449e-01 4.708997526487620458e-04
2.458979350165413227e+06 1.000000000000000000e+00 4.707201909043255434e-04
2.458979356191478670e+06 9.998343079463363203e-01 4.705406291460135300e-04
2.458979362217543647e+06 9.994885772486790110e-01 4.703610674015771360e-04
2.458979368243609089e+06 9.990230071614347729e-01 4.701815056432650684e-04
2.458979374269674066e+06 9.986365978878205540e-01 4.700019438988286202e-04
2.458979380295739044e+06 9.983450756429197437e-01 4.698223821543921178e-04
2.458979386321804486e+06 9.981484404152032308e-01 4.696857826931576411e-04
2.458979392347869463e+06 9.980466922350611503e-01 4.697163136398394825e-04
2.458979398373934906e+06 9.980238952987706691e-01 4.697468445888806020e-04
2.458979404399999883e+06 9.979745682595114742e-01 4.697773755355624976e-04
