2.459007000000000000e+06 9.765339251538714960e-01 3.610166543410205770e-04
2.459007004640100058e+06 9.775631331040817162e-01 3.613588684601397858e-04
2.459007009280200582e+06 9.785421366091499040e-01 3.617010826136021827e-04
2.459007013920300640e+06 9.794703585370344578e-01 3.619107726958154902e-04
2.459007018560401164e+06 9.803477990740402381e-01 3.620489518143287021e-04
2.459007023200501222e+06 9.811793161872024438e-01 3.621871309189748055e-04
2.459007027840601280e+06 9.820088944470667380e-01 3.623253100236210173e-04
2.459007032480701804e+06 9.828470583835375862e-01 3.624766459299282278e-04
2.459007037120801862e+06 9.836938078283853359e-01 3.626972644397641809e-04
2.459007041760902386e+06 9.845491429515631499e-01 3.629178829717405724e-04
2.459007046401002444e+06 9.853910051523840918e-01 3.631385014815765797e-04
2.459007051041102968e+06 9.861889086474596722e-01 3.633591200135529711e-04
2.459007055681203026e+06 9.869426611135226901e-01 3.636607041135713468e-04
2.459007060321303084e+06 9.876522626328626542e-01 3.640022261894600543e-04
2.459007064961403608e+06 9.883210363294815393e-01 3.643437482996225610e-04
2.459007069601503666e+06 9.889764073159093005e-01 3.646852703755112685e-04
2.459007074241604190e+06 9.896244729013319308e-01 3.649553922187494270e-04
2.459007078881704248e+06 9.902652329556752564e-01 3.648996902625851720e-04
2.459007083521804307e+06 9.908986875443426268e-01 3.648439883064209170e-04
2.459007088161904830e+06 9.915304158511181187e-01 3.647882863446666782e-04
2.459007092802004889e+06 9.921675808826942999e-01 3.647325843885024232e-04
2.459007097442105412e+06 9.928102099197045893e-01 3.648477014197742171e-04
2.459007102082205471e+06 9.934583028331660515e-01 3.650396259215497787e-04
2.459007106722305994e+06 9.941048036755371076e-01 3.652315504425860835e-04
2.459007111362406053e+06 9.946964479821981397e-01 3.654234749443616452e-04
2.459007116002506111e+06 9.952222480828618600e-01 3.656379598506821001e-04
2.459007120642606635e+06 9.956822040203834323e-01 3.659427415514761631e-04
2.459007125282706693e+06 9.960763157024444814e-01 3.662475232216836360e-04
2.459007129922807217e+06 9.964508143095269777e-01 3.665523049224776991e-04
2.459007134562907275e+06 9.968607595042707770e-01 3.668570865926852262e-04
2.459007139203007333e+06 9.973062542538668751e-01 3.669199708410309955e-04
2.459007143843107857e+06 9.977872986083747842e-01 3.668840420078077610e-04
2.459007148483207915e+06 9.982906706341727610e-01 3.668481131781902577e-04
2.459007153123308439e+06 9.987248043589135316e-01 3.668121843449670774e-04
2.459007157763408497e+06 9.990721999810004972e-01 3.667861692769903417e-04
2.459007162403508555e+06 9.993328575483541032e-01 3.667952914627626172e-04
2.459007167043609079e+06 9.995067770740757584e-01 3.668044136494503387e-04
2.459007171683709137e+06 9.996238143890232575e-01 3.668135358352226142e-04
2.459007176323809661e+06 9.997168950995907188e-01 3.668226580219103358e-04
2.459007180963909719e+06 9.997860386638525165e-01 3.668742047332892390e-04
2.459007185604010243e+06 9.998312450956866604e-01 3.669414321020935494e-04
2.459007190244110301e+06 9.998559857861613054e-01 3.670086594641511950e-04
2.459007194884210359e+06 9.998823752628550610e-01 3.670758868262088406e-04
2.459007199524310883e+06 9.999143222833050126e-01 3.671306467830319888e-04
2.459007204164410941e+06 9.999518268410991784e-01 3.671459720547869056e-04
2.459007208804511465e+06 9.999948889437650923e-01 3.671612973280797090e-04
2.459007213444611523e+06 1.000000000000000000e+00 3.671766225998345716e-04
2.459007218084711581e+06 9.999228195941293196e-01 3.671919478715894342e-04
2.459007222724812105e+06 9.997633467143992592e-01 3.670783650890929750e-04
2.459007227364912163e+06 9.995215813928178816e-01 3.669218787210348255e-04
2.459007232005012687e+06 9.992096000247664422e-01 3.667653923372722787e-04
2.459007236645112745e+06 9.988983394745365452e-01 3.666089059692141834e-04
2.459007241285213269e+06 9.985993724168366059e-01 3.664631369588664260e-04
2.459007245925313327e+06 9.983126989116729577e-01 3.663478136649501895e-04
2.459007250565413386e+06 9.980383101537535495e-01 3.662324903710338446e-04
2.459007255205513909e+06 9.977380949770590091e-01 3.661171670655441295e-04
2.459007259845613968e+06 9.973761948221155915e-01 3.660018437716278930e-04
2.459007264485714491e+06 9.969526096162852902e-01 3.658631047739872464e-04
2.459007269125814550e+06 9.964673394445867638e-01 3.657173888755808205e-04
2.459007273765914608e+06 9.959309053459307615e-01 3.655716729771743404e-04
2.459007278406015132e+06 9.954004110944013606e-01 3.654259570641443583e-04
2.459007283046115190e+06 9.948844362858959567e-01 3.652834177681869529e-04
2.459007287686215714e+06 9.943829808168523909e-01 3.651490259542246601e-04
2.459007292326315772e+06 9.938959953705844841e-01 3.650146341537493003e-04
2.459007296966415830e+06 9.933817085003953107e-01 3.648802423532739947e-04
2.459007301606516354e+06 9.928037599902499455e-01 3.647458505393116478e-04
2.459007306246616412e+06 9.921621499561492641e-01 3.646709895747702614e-04
2.459007310886716936e+06 9.914568782693147231e-01 3.646118966851274990e-04
2.459007315526816994e+06 9.906975444978949330e-01 3.645528038014150514e-04
2.459007320166917518e+06 9.899323798935489860e-01 3.644937109117723432e-04
2.459007324807017576e+06 9.891680413549269746e-01 3.643549529318946905e-04
2.459007329447117634e+06 9.884045288051986899e-01 3.640309014736659477e-04
2.459007334087218158e+06 9.876418314774902951e-01 3.637068499829166691e-04
2.459007338727318216e+06 9.868761423867781213e-01 3.633827985246878178e-04
2.459007343367418740e+06 9.861043897667928215e-01 3.630587470339385393e-04
2.459007348007518798e+06 9.853265737724347106e-01 3.628106884910091358e-04
2.459007352647618856e+06 9.845426943265580544e-01 3.625803690642016592e-04
2.459007357287719380e+06 9.837488951484092414e-01 3.623500496142802933e-04
2.459007361927819438e+06 9.829272110562514708e-01 3.621197301874728709e-04
2.459007366567919962e+06 9.820753706192610899e-01 3.618950116529578314e-04
2.459007371208020020e+06 9.811933740084126665e-01 3.616821501996383146e-04
2.459007375848120078e+06 9.802812358354289213e-01 3.614692887463186893e-04
2.459007380488220602e+06 9.793418676657426047e-01 3.612564272716371912e-04
2.459007385128320660e+06 9.783774505590676629e-01 3.610435658183176744e-04
2.459007389768421184e+06 9.773879843218338248e-01 3.607434551418733665e-04
2.459007394408521242e+06 9.763734691526386733e-01 3.604255879100002973e-04
2.459007399048621766e+06 9.753377424330773593e-01 3.601077206462273438e-04
2.459007403688721824e+06 9.742974059546685162e-01 3.597898534143542746e-04
2.459007408328821883e+06 9.732543760239895647e-01 3.594541065271276590e-04
2.459007412968922406e+06 9.722086525359604492e-01 3.590838024425662290e-04
2.459007417609022465e+06 9.711603450271523164e-01 3.587134983951669668e-04
2.459007422249122988e+06 9.701233713853709695e-01 3.583431943106055368e-04
2.459007426889223047e+06 9.691074232457322912e-01 3.579728902632062747e-04
2.459007431529323105e+06 9.681125005031147035e-01 3.578537310368410241e-04
2.459007436169423629e+06 9.671386030608369877e-01 3.577785264866830827e-04
2.459007440809523687e+06 9.661857143288019589e-01 3.577033219440723267e-04
2.459007445449624211e+06 9.652537666027485308e-01 3.576281173939143852e-04
2.459007450089724269e+06 9.643427529795340902e-01 3.574676866678174803e-04
2.459007454729824793e+06 9.634526732763074586e-01 3.571564817657333930e-04
2.459007459369924851e+06 9.625832898901472978e-01 3.568452768948805623e-04
2.459007464010024909e+06 9.617133636676014063e-01 3.565340720240276775e-04
2.459007468650125433e+06 9.608291298060777086e-01 3.562228671219435901e-04
2.459007473290225491e+06 9.599305884830524604e-01 3.558027626377454418e-04
2.459007477930326015e+06 9.590177395181778142e-01 3.553665586510752956e-04
2.459007482570426073e+06 9.580983340974513762e-01 3.549303547081808421e-04
2.459007487210526131e+06 9.572013881517787981e-01 3.544941507652862801e-04
2.459007491850626655e+06 9.563296625354555935e-01 3.541799872875328538e-04
2.459007496490726713e+06 9.554831574234475822e-01 3.540638650367836332e-04
2.459007501130827237e+06 9.546616631868760638e-01 3.539477427743808655e-04
2.459007505770927295e+06 9.538512538822079279e-01 3.538316205236316449e-04
2.459007510411027353e+06 9.530435211636285597e-01 3.537154982728824243e-04
2.459007515051127877e+06 9.522384649504801457e-01 3.534651398816465945e-04
2.459007519691227935e+06 9.514360854043470983e-01 3.531984198235294989e-04
2.459007524331328459e+06 9.506402876368524879e-01 3.529316997386455659e-04
2.459007528971428517e+06 9.498646912359246519e-01 3.526649796805284161e-04
2.459007533611529041e+06 9.491104647380372850e-01 3.524770794050208818e-04
2.459007538251629099e+06 9.483776082945727381e-01 3.524067064806079425e-04
2.459007542891729157e+06 9.476659229952778540e-01 3.523363335561950031e-04
2.459007547531829681e+06 9.469651434512152965e-01 3.522659606247197333e-04
2.459007552171929739e+06 9.462694910079386679e-01 3.521955877003067397e-04
2.459007556812030263e+06 9.455789655258223236e-01 3.519585319656218692e-04
2.459007561452130321e+06 9.448935671434629535e-01 3.517052938766642226e-04
2.459007566092230380e+06 9.442262583189694469e-01 3.514520557877066301e-04
2.459007570732330903e+06 9.436191850681600046e-01 3.511988176733351220e-04
2.459007575372430962e+06 9.430755917173139213e-01 3.509698634987259394e-04
2.459007580012531485e+06 9.425954781573258057e-01 3.507742272568903212e-04
2.459007584652631544e+06 9.421781849858328339e-01 3.505785910346878695e-04
2.459007589292732067e+06 9.417964216685749124e-01 3.503829547928521970e-04
2.459007593932832126e+06 9.414358553398098906e-01 3.501873185706497454e-04
2.459007598572932184e+06 9.410964859601617105e-01 3.501783090702249054e-04
2.459007603213032708e+06 9.407783134987636187e-01 3.501829896939962872e-04
2.459007607853132766e+06 9.404819520071037164e-01 3.501876703172979383e-04
2.459007612493233290e+06 9.402092637505077288e-01 3.501923509410693742e-04
2.459007617133333348e+06 9.399603765937337707e-01 3.501838229141798374e-04
2.459007621773433406e+06 9.397352905082214658e-01 3.501586016526117280e-04
2.459007626413533930e+06 9.395340054749651282e-01 3.501333803885124944e-04
2.459007631053633988e+06 9.393565215343651076e-01 3.501081591269443851e-04
2.459007635693734512e+06 9.392028386507981219e-01 3.500829378628451515e-04
2.459007640333834570e+06 9.390807063532483623e-01 3.500577166012770421e-04
2.459007644973934628e+06 9.389994634713334509e-01 3.500324953397089328e-04
2.459007649614035152e+06 9.389591298694482946e-01 3.500072740756096992e-04
2.459007654254135210e+06 9.389597055556885286e-01 3.499820528140415899e-04
2.459007658894235734e+06 9.390011905301697270e-01 3.500008745221902832e-04
2.459007663534335792e+06 9.390835847845651063e-01 3.500710083762234646e-04
2.459007668174436316e+06 9.392062889091997713e-01 3.501411422372950697e-04
2.459007672814536374e+06 9.393522361828052780e-01 3.502112760913282511e-04
2.459007677454636432e+06 9.395136149791400992e-01 3.502814099453614867e-04
2.459007682094736956e+06 9.396904253167220888e-01 3.504432466984245794e-04
2.459007686734837014e+06 9.398826671600636340e-01 3.506077290747906783e-04
2.459007691374937538e+06 9.400997582612254932e-01 3.507722114676635385e-04
2.459007696015037596e+06 9.403665906014793130e-01 3.509366938440296917e-04
2.459007700655137654e+06 9.406844922595364311e-01 3.510819559019430990e-04
2.459007705295238178e+06 9.410534632749877337e-01 3.512065649191789931e-04
2.459007709935338236e+06 9.414715963225266382e-01 3.513311739239096450e-04
2.459007714575438760e+06 9.418926807738591256e-01 3.514557829411455391e-04
2.459007719215538818e+06 9.422969642755146813e-01 3.515803919458762453e-04
2.459007723855639342e+06 9.426844469086379519e-01 3.516617160400191270e-04
2.459007728495739400e+06 9.430551285954562601e-01 3.517426958488262538e-04
2.459007733135839459e+06 9.434353345421194748e-01 3.518236756576333807e-04
2.459007737775939982e+06 9.438900414636517411e-01 3.519046554745672534e-04
2.459007742416040041e+06 9.444222643379057702e-01 3.521261175915080060e-04
2.459007747056140564e+06 9.450320032717046681e-01 3.524868401396415033e-04
2.459007751696240623e+06 9.457162202573404786e-01 3.528475626515744116e-04
2.459007756336340681e+06 9.464114550813442772e-01 3.532082851635072658e-04
2.459007760976441205e+06 9.470923754428296482e-01 3.535649898599299763e-04
2.459007765616541263e+06 9.477589812051278040e-01 3.535979618269114474e-04
2.459007770256641787e+06 9.484112725020344969e-01 3.536309337972018494e-04
2.459007774896741845e+06 9.490536920757917105e-01 3.536639057641833206e-04
2.459007779536841903e+06 9.496964812024039082e-01 3.536968777311647917e-04
2.459007784176942427e+06 9.503400485896604799e-01 3.538232435006417051e-04
2.459007788817042485e+06 9.509843941083896413e-01 3.540350165072669018e-04
2.459007793457143009e+06 9.516325269821656052e-01 3.542467895351447921e-04
2.459007798097243067e+06 9.523392384801059318e-01 3.544585625417699345e-04
2.459007802737343591e+06 9.531249529247011187e-01 3.546727222580884557e-04
2.459007807377443649e+06 9.539896701582489813e-01 3.549581395698889023e-04
2.459007812017543707e+06 9.549333902556366160e-01 3.552435568816893490e-04
2.459007816657644231e+06 9.559178510368122605e-01 3.555289742221331159e-04
2.459007821297744289e+06 9.568606897706899428e-01 3.558143915339335626e-04
2.459007825937844813e+06 9.577591187920840854e-01 3.561363024397876304e-04
2.459007830577944871e+06 9.586131379206696002e-01 3.564889911172000494e-04
2.459007835218044929e+06 9.594232751581088792e-01 3.568416797946124142e-04
2.459007839858145453e+06 9.601979873448247549e-01 3.571943685074191552e-04
2.459007844498245511e+06 9.609402173556550464e-01 3.575247401787953858e-04
2.459007849138346035e+06 9.616499653395743641e-01 3.574528070601931088e-04
2.459007853778446093e+06 9.623272311541274382e-01 3.573808739488097751e-04
2.459007858418546617e+06 9.630051209145445990e-01 3.573089408302074438e-04
2.459007863058646675e+06 9.637501689266941840e-01 3.572370077188241101e-04
2.459007867698746733e+06 9.645642543750185816e-01 3.573613669843157077e-04
2.459007872338847257e+06 9.654473773516082380e-01 3.576383164112099705e-04
2.459007876978947315e+06 9.663951246464671518e-01 3.579152658103108191e-04
2.459007881619047839e+06 9.673448078513635640e-01 3.581922152372051362e-04
2.459007886259147897e+06 9.682760667772756236e-01 3.584685132900436314e-04
2.459007890899247956e+06 9.691889015204342428e-01 3.587365040728160014e-04
2.459007895539348479e+06 9.700833121696741390e-01 3.590044948824828736e-04
2.459007900179448538e+06 9.709565839405338572e-01 3.592724856652552978e-04
2.459007904819549061e+06 9.718036251588938468e-01 3.595404764749221701e-04
2.459007909459649120e+06 9.726243180925242537e-01 3.597775231396872038e-04
2.459007914099749178e+06 9.734186628277523567e-01 3.599924165325396933e-04
2.459007918739849702e+06 9.741873431047183285e-01 3.602073099469579941e-04
2.459007923379949760e+06 9.749390296956264024e-01 3.604222033398104836e-04
2.459007928020050284e+06 9.756763495964011490e-01 3.606390834898648705e-04
2.459007932660150342e+06 9.763993026590537250e-01 3.608753731128564509e-04
2.459007937300250866e+06 9.771078890286895025e-01 3.611116627595611049e-04
2.459007941940350924e+06 9.778180700094952771e-01 3.613479523825526853e-04
2.459007946580450982e+06 9.785577744963581681e-01 3.615842420055442657e-04
2.459007951220551506e+06 9.793275162550555413e-01 3.618361365405060436e-04
2.459007955860651564e+06 9.801272951310913140e-01 3.620983079838042463e-04
2.459007960500752088e+06 9.809508506101592973e-01 3.623604794534128915e-04
2.459007965140852146e+06 9.817268663097263870e-01 3.626226508967110942e-04
2.459007969780952204e+06 9.824352024906173320e-01 3.628639896541687262e-04
2.459007974421052728e+06 9.830758592137295304e-01 3.629418049982790617e-04
2.459007979061152786e+06 9.836488363504759525e-01 3.630196203345801599e-04
2.459007983701253310e+06 9.841835437420540789e-01 3.630974356786904412e-04
2.459007988341353368e+06 9.847279543138290903e-01 3.631752510149914852e-04
2.459007992981453426e+06 9.852827477932748490e-01 3.633298095935579008e-04
2.459007997621553950e+06 9.858479242376313456e-01 3.635307932416076372e-04
2.459008002261654008e+06 9.864214638837283111e-01 3.637317768694874184e-04
2.459008006901754532e+06 9.869825969282918221e-01 3.639327605175371547e-04
2.459008011541854590e+06 9.875258599552166894e-01 3.641344159546203640e-04
2.459008016181955114e+06 9.880512530735416910e-01 3.643404451073690921e-04
2.459008020822055172e+06 9.885587761778144023e-01 3.645464742394415427e-04
2.459008025462155230e+06 9.890447645509559127e-01 3.647525033715140474e-04
2.459008030102255754e+06 9.895036499677906106e-01 3.649585325242627755e-04
2.459008034742355812e+06 9.899353742566356917e-01 3.650153181864670840e-04
2.459008039382456336e+06 9.903399375041431751e-01 3.649893231203245759e-04
2.459008044022556394e+06 9.907213965299392910e-01 3.649633280567908208e-04
2.459008048662656453e+06 9.911175882888139110e-01 3.649373329932570115e-04
2.459008053302756976e+06 9.915377742332078803e-01 3.649434993019812765e-04
2.459008057942857035e+06 9.919819542787853273e-01 3.651273017647602365e-04
2.459008062582957558e+06 9.924501285146979379e-01 3.653111042459848906e-04
2.459008067223057617e+06 9.929009459085315070e-01 3.654949067087639048e-04
2.459008071863158140e+06 9.932759424763558664e-01 3.656787091899885048e-04
2.459008076503258198e+06 9.935746970175551862e-01 3.657284129429674781e-04
2.459008081143358257e+06 9.937972095735880806e-01 3.657100679275826602e-04
2.459008085783458780e+06 9.939466817388550313e-01 3.656917229103568128e-04
2.459008090423558839e+06 9.940503019774025173e-01 3.656733778949718865e-04
2.459008095063659362e+06 9.941142562253082460e-01 3.656295225589140736e-04
2.459008099703759421e+06 9.941385444697362628e-01 3.654640965751133810e-04
2.459008104343859479e+06 9.941231667190945087e-01 3.652986705913126883e-04
2.459008108983960003e+06 9.940992005011095589e-01 3.651332445909105293e-04
2.459008113624060061e+06 9.941074831586695915e-01 3.649678186071098366e-04
2.459008118264160585e+06 9.941481990882621300e-01 3.649864375276645756e-04
2.459008122904260643e+06 9.942213482817144898e-01 3.650902730758896352e-04
2.459008127544360701e+06 9.943180613698416881e-01 3.651941086241145863e-04
2.459008132184461225e+06 9.943695132943376480e-01 3.652979441827600756e-04
2.459008136824561283e+06 9.943611674212260443e-01 3.653728921964140091e-04
2.459008141464661807e+06 9.942930237488315504e-01 3.653275077844134557e-04
2.459008146104761865e+06 9.941650822908317808e-01 3.652821233769675273e-04
2.459008150744862389e+06 9.940105628326523224e-01 3.652367389649670282e-04
2.459008155384962447e+06 9.938699787507389027e-01 3.651913545575210455e-04
2.459008160025062505e+06 9.937434274558125669e-01 3.651287275451945997e-04
2.459008164665163029e+06 9.936309089372850067e-01 3.650588390768863415e-04
2.459008169305263087e+06 9.935258943365159467e-01 3.649889506155917871e-04
2.459008173945363611e+06 9.933819444915681363e-01 3.649190621472835289e-04
2.459008178585463669e+06 9.931899674600015437e-01 3.648222861016852010e-04
2.459008183225563727e+06 9.929499632297797973e-01 3.646265996682918585e-04
2.459008187865664251e+06 9.926619317695877243e-01 3.644309132152601994e-04
2.459008192505764309e+06 9.923517276200690684e-01 3.642352267818668027e-04
2.459008197145864833e+06 9.920485656357090898e-01 3.640395403288351436e-04
2.459008201785964891e+06 9.917524727408163487e-01 3.639404584485638763e-04
2.459008206426065415e+06 9.914634488759612729e-01 3.638782389039900032e-04
2.459008211066165473e+06 9.911722107753032640e-01 3.638160193656603215e-04
2.459008215706265531e+06 9.908180645375447293e-01 3.637537998273306398e-04
2.459008220346366055e+06 9.903900138333574521e-01 3.636559506520627670e-04
2.459008224986466113e+06 9.898880587486564853e-01 3.634413907625475828e-04
2.459008229626566637e+06 9.893121991826934192e-01 3.632268308515000351e-04
2.459008234266666695e+06 9.887051468187936232e-01 3.630122709619847967e-04
2.459008238906766754e+06 9.881115330691594423e-01 3.627977110724696125e-04
2.459008243546867277e+06 9.875313632398994290e-01 3.626866567290936089e-04
2.459008248186967336e+06 9.869646374474608796e-01 3.626112257653701996e-04
2.459008252827067859e+06 9.864102235336443814e-01 3.625357947940768908e-04
2.459008257467167918e+06 9.858613018435251618e-01 3.624603638303534273e-04
2.459008262107267976e+06 9.853167310976758131e-01 3.623639623146689636e-04
2.459008266747368500e+06 9.847765112421008604e-01 3.622059787859967434e-04
2.459008271387468558e+06 9.842406406855167544e-01 3.620479952731790285e-04
2.459008276027569082e+06 9.836880535038443618e-01 3.618900117445068084e-04
2.459008280667669140e+06 9.830984290862203601e-01 3.617320282316891476e-04
2.459008285307769664e+06 9.824717673142997487e-01 3.616077566691291642e-04
2.459008289947869722e+06 9.818080683138612486e-01 3.614938930393638700e-04
2.459008294587969780e+06 9.811072030405092459e-01 3.613800294095985215e-04
2.459008299228070304e+06 9.803684538683289373e-01 3.612661657684063327e-04
2.459008303868170362e+06 9.795917102783623376e-01 3.610837529912769685e-04
2.459008308508270886e+06 9.787769721147082658e-01 3.607198662091233229e-04
2.459008313148370944e+06 9.779242788432155331e-01 3.603559794634878834e-04
2.459008317788471002e+06 9.770823146332410225e-01 3.599920927178524438e-04
2.459008322428571526e+06 9.762944990438905402e-01 3.596282059356987982e-04
2.459008327068671584e+06 9.755608322332881555e-01 3.594261378856688496e-04
2.459008331708772108e+06 9.748813140541783273e-01 3.592685884608991394e-04
2.459008336348872166e+06 9.742330392103127901e-01 3.591110390519404037e-04
2.459008340988972690e+06 9.734981092098008437e-01 3.589534896271706394e-04
2.459008345629072748e+06 9.726598061369113868e-01 3.587266835806971138e-04
2.459008350269172806e+06 9.717181299230764902e-01 3.583338197975504411e-04
2.459008354909273330e+06 9.706733194567984668e-01 3.579409559749775695e-04
2.459008359549373388e+06 9.696327116993576078e-01 3.575480921918308967e-04
2.459008364189473912e+06 9.686849890023364607e-01 3.571552283692580251e-04
2.459008368829573970e+06 9.678301515559541990e-01 3.569231880819238802e-04
2.459008373469674028e+06 9.670681992604404087e-01 3.567302572269719085e-04
2.459008378109774552e+06 9.663774614547766539e-01 3.565373263526583087e-04
2.459008382749874610e+06 9.656545593807469574e-01 3.563443954977063371e-04
2.459008387389975134e+06 9.648860518225977900e-01 3.561933493973124974e-04
2.459008392030075192e+06 9.640719389345775436e-01 3.561336148791735242e-04
2.459008396670175251e+06 9.632123784580124415e-01 3.560738803610345509e-04
2.459008401310275774e+06 9.623442740047905009e-01 3.560141458369008071e-04
2.459008405950375833e+06 9.614959192498538920e-01 3.559544113187618338e-04
2.459008410590476356e+06 9.606673140229280428e-01 3.556152915390040276e-04
2.459008415230576415e+06 9.598584584903233630e-01 3.552167154223615929e-04
2.459008419870676938e+06 9.590620642061613577e-01 3.548181392657197416e-04
2.459008424510776997e+06 9.582458591116843616e-01 3.544195631490773069e-04
2.459008429150877055e+06 9.574060076968111677e-01 3.540168611716655741e-04
2.459008433790977579e+06 9.565425098736979326e-01 3.536059543594298623e-04
2.459008438431077637e+06 9.556556310003516685e-01 3.531950475884310754e-04
2.459008443071178161e+06 9.547837614122169914e-01 3.527841407761953636e-04
2.459008447711278219e+06 9.539542537166705305e-01 3.523732340051966309e-04
2.459008452351378277e+06 9.531671078240896433e-01 3.521727392122184436e-04
2.459008456991478801e+06 9.524223236618563071e-01 3.520109369947880054e-04
2.459008461631578859e+06 9.517121435394407802e-01 3.518491347935953921e-04
2.459008466271679383e+06 9.510046404921230767e-01 3.516873325761649539e-04
2.459008470911779441e+06 9.502963583605743558e-01 3.514874723071389193e-04
2.459008475551879965e+06 9.495872970026341120e-01 3.512183870281914886e-04
2.459008480191980023e+06 9.488776951922065495e-01 3.509493017762483897e-04
2.459008484832080081e+06 9.481912237922625053e-01 3.506802165243052367e-04
2.459008489472180605e+06 9.475435746658089631e-01 3.504111312453578059e-04
2.459008494112280663e+06 9.469347479428368297e-01 3.503411098829236139e-04
2.459008498752381187e+06 9.463647435011472986e-01 3.503022053816653774e-04
2.459008503392481245e+06 9.458225961600962295e-01 3.502633008843114072e-04
2.459008508032581303e+06 9.452663165791777011e-01 3.502243963869574369e-04
2.459008512672681827e+06 9.446917803716330386e-01 3.501567633807522876e-04
2.459008517312781885e+06 9.440989876527781099e-01 3.500412263396840201e-04
2.459008521952882409e+06 9.434886746061612595e-01 3.499256892870209151e-04
2.459008526592982467e+06 9.429143238708537211e-01 3.498101522459527019e-04
2.459008531233082525e+06 9.424089577319597621e-01 3.496946152048844344e-04
2.459008535873183049e+06 9.419725761491476446e-01 3.494149177303501413e-04
2.459008540513283107e+06 9.416051792100040840e-01 3.491138797258765808e-04
2.459008545153383631e+06 9.412999302233643339e-01 3.488128416911920522e-04
2.459008549793483689e+06 9.410324464590901217e-01 3.485118036867184375e-04
2.459008554433584213e+06 9.408005645744309531e-01 3.482814044682046241e-04
2.459008559073684271e+06 9.406042846159284876e-01 3.481591862299074835e-04
2.459008563713784330e+06 9.404433855504298334e-01 3.480369679916102887e-04
2.459008568353884853e+06 9.403055495282538478e-01 3.479147497410477858e-04
2.459008572993984912e+06 9.401836867856410151e-01 3.477925315027505368e-04
2.459008577634085435e+06 9.400777972981321229e-01 3.478392689841197693e-04
2.459008582274185494e+06 9.399878810869803925e-01 3.479037218513332031e-04
2.459008586914285552e+06 9.399055174070128915e-01 3.479681747185465828e-04
2.459008591554386076e+06 9.398027119827505604e-01 3.480326275922282042e-04
2.459008596194486134e+06 9.396772327909772571e-01 3.480212546591478348e-04
2.459008600834586658e+06 9.395290798065081272e-01 3.479030690436420528e-04
2.459008605474686716e+06 9.393605719743697291e-01 3.477848834399969004e-04
2.459008610114786774e+06 9.392743672071784955e-01 3.476666978363518023e-04
2.459008614754887298e+06 9.393255828605200364e-01 3.475485122208460745e-04
2.459008619394987356e+06 9.395142189241150188e-01 3.475716910708288952e-04
2.459008624035087880e+06 9.398402754358249345e-01 3.476062924152462921e-04
2.459008628675187938e+06 9.402593830767613792e-01 3.476408937561911521e-04
2.459008633315288462e+06 9.406339582421859857e-01 3.476754951006084948e-04
2.459008637955388520e+06 9.409541998700901022e-01 3.476849533880502696e-04
2.459008642595488578e+06 9.412201080007909226e-01 3.476617956547464381e-04
2.459008647235589102e+06 9.414340113801531462e-01 3.476386379191185108e-04
2.459008651875689160e+06 9.416799957153707545e-01 3.476154801858146251e-04
2.459008656515789684e+06 9.420001958071723136e-01 3.475923224501868062e-04
2.459008661155889742e+06 9.423946115912901211e-01 3.476459829406568160e-04
2.459008665795989800e+06 9.428632430961338962e-01 3.477040817350825729e-04
2.459008670436090324e+06 9.433802544978955318e-01 3.477621805353388437e-04
2.459008675076190382e+06 9.438708803097983768e-01 3.478202793297646006e-04
2.459008679716290906e+06 9.443303939436087369e-01 3.479029738540515763e-04
2.459008684356390964e+06 9.447587953070968325e-01 3.480150758975375709e-04
2.459008688996491488e+06 9.451595910263900224e-01 3.481271779522737350e-04
2.459008693636591546e+06 9.456382350813810067e-01 3.482392799957596753e-04
2.459008698276691604e+06 9.462440634722920629e-01 3.483513820392457241e-04
2.459008702916792128e+06 9.469770762790675755e-01 3.485030029969513814e-04
2.459008707556892186e+06 9.478372733545828988e-01 3.486560352741189433e-04
2.459008712196992710e+06 9.487748805824733900e-01 3.488090675666441205e-04
2.459008716837092768e+06 9.496554228044622459e-01 3.489620998438116282e-04
2.459008721477192827e+06 9.504714137554717279e-01 3.492287561953453124e-04
2.459008726117293350e+06 9.512228535076737712e-01 3.496207012988813566e-04
2.459008730757393409e+06 9.519129029222326288e-01 3.500126463630833591e-04
2.459008735397493932e+06 9.526220851320778005e-01 3.504045914666193491e-04
2.459008740037593991e+06 9.533855803508097804e-01 3.507965365308214059e-04
2.459008744677694049e+06 9.542033886468739290e-01 3.509919061753393431e-04
2.459008749317794573e+06 9.550755101105179445e-01 3.511844154389476649e-04
2.459008753957894631e+06 9.559930542088144190e-01 3.513769246832365340e-04
2.459008758597995155e+06 9.569335914950761746e-01 3.515694339468448015e-04
2.459008763238095213e+06 9.578960321606795336e-01 3.517106344608554136e-04
2.459008767878195737e+06 9.588803763987976403e-01 3.517996416830989877e-04
2.459008772518295795e+06 9.598848708182633471e-01 3.518886488964101454e-04
2.459008777158395853e+06 9.608711579385217361e-01 3.519776561097213573e-04
2.459008781798496377e+06 9.618235866161696235e-01 3.520672206722249751e-04
2.459008786438596435e+06 9.627421566600432579e-01 3.522523881299772152e-04
2.459008791078696959e+06 9.636268682545104935e-01 3.524375556063120301e-04
2.459008795718797017e+06 9.644924653763790046e-01 3.526227230640642703e-04
2.459008800358897075e+06 9.653736887478691076e-01 3.528078905218164562e-04
2.459008804998997599e+06 9.662719954471443717e-01 3.530517053328915988e-04
2.459008809639097657e+06 9.671873852939039118e-01 3.533505601800514305e-04
2.459008814279198181e+06 9.681202149655148137e-01 3.536494150572030591e-04
2.459008818919298239e+06 9.690772609728252052e-01 3.539482699043628908e-04
2.459008823559398763e+06 9.700611058335715242e-01 3.542465881703829589e-04
2.459008828199498821e+06 9.710717493502847297e-01 3.545247514149902301e-04
2.459008832839598879e+06 9.721091916203550287e-01 3.548029146595975012e-04
2.459008837479699403e+06 9.731722694196709433e-01 3.550810779321201052e-04
2.459008842119799461e+06 9.742584226145525328e-01 3.553592411767273764e-04
2.459008846759899985e+06 9.753675599165216870e-01 3.557674855240584009e-04
2.459008851400000043e+06 9.764996811029621471e-01 3.562883362007414692e-04
