2.458949000000000000e+06 9.873266526590196435e-01 2.860243966036948296e-04
2.458949004640100058e+06 9.867239891795270834e-01 2.858799269261173013e-04
2.458949009280200582e+06 9.861517845252008030e-01 2.857354572340413878e-04
2.458949013920300640e+06 9.856100388108888222e-01 2.856540984595251327e-04
2.458949018560401164e+06 9.850987519278567861e-01 2.855853802907993774e-04
2.458949023200501222e+06 9.846044862302051337e-01 2.855166621289699069e-04
2.458949027840601280e+06 9.840695827046684885e-01 2.854479439671403821e-04
2.458949032480701804e+06 9.834874539366033064e-01 2.853816420479932461e-04
2.458949037120801862e+06 9.828581000428500136e-01 2.853199635236211020e-04
2.458949041760902386e+06 9.821818070013030866e-01 2.852582849930591392e-04
2.458949046401002444e+06 9.814934409159018491e-01 2.851966064686869951e-04
2.458949051041102968e+06 9.808170823150367257e-01 2.851349279381250866e-04
2.458949055681203026e+06 9.801527313344607917e-01 2.849466852680490711e-04
2.458949060321303084e+06 9.795003879056951579e-01 2.847366904096640156e-04
2.458949064961403608e+06 9.788449441423753283e-01 2.845266955302047803e-04
2.458949069601503666e+06 9.781261345099387938e-01 2.843167006718197790e-04
2.458949074241604190e+06 9.773376993539409918e-01 2.841230802637191772e-04
2.458949078881704248e+06 9.764796388326298926e-01 2.839581390836115517e-04
2.458949083521804307e+06 9.755529700770417811e-01 2.837931979035038721e-04
2.458949088161904830e+06 9.746452716609858014e-01 2.836282567068434610e-04
2.458949092802004889e+06 9.738128366819908122e-01 2.834633155267358355e-04
2.458949097442105412e+06 9.730556649729777963e-01 2.832700428974296034e-04
2.458949102082205471e+06 9.723737566859196324e-01 2.830726691096946694e-04
2.458949106722305994e+06 9.717301388597235912e-01 2.828752953021521749e-04
2.458949111362406053e+06 9.709875523421236387e-01 2.826779215144172410e-04
2.458949116002506111e+06 9.701330902819870206e-01 2.824766533136489313e-04
2.458949120642606635e+06 9.691667525767229119e-01 2.822691286017314544e-04
2.458949125282706693e+06 9.680910031293421536e-01 2.820616039106403085e-04
2.458949129922807217e+06 9.670644985194423171e-01 2.818540791987228316e-04
2.458949134562907275e+06 9.661822374237218902e-01 2.816465545076316857e-04
2.458949139203007333e+06 9.654442197319272889e-01 2.815035480069484185e-04
2.458949143843107857e+06 9.648504453917073898e-01 2.813682109988274531e-04
2.458949148483207915e+06 9.643462046631189333e-01 2.812328740042882884e-04
2.458949153123308439e+06 9.637423028222925625e-01 2.810975369961673230e-04
2.458949157763408497e+06 9.630227104051320985e-01 2.809383871042913294e-04
2.458949162403508555e+06 9.621874273568373770e-01 2.807440868804999537e-04
2.458949167043609079e+06 9.612382423159997469e-01 2.805497866372093645e-04
2.458949171683709137e+06 9.602649229024975419e-01 2.803554864134179345e-04
2.458949176323809661e+06 9.593175779514283574e-01 2.801611861701273454e-04
2.458949180963909719e+06 9.583962076529352059e-01 2.800457365972082295e-04
2.458949185604010243e+06 9.575008118220883491e-01 2.799377096091632184e-04
2.458949190244110301e+06 9.566399639720122305e-01 2.798296826319593617e-04
2.458949194884210359e+06 9.558413017761393515e-01 2.797216556547555051e-04
2.458949199524310883e+06 9.551069235738676166e-01 2.795733619732909420e-04
2.458949204164410941e+06 9.544368295125954527e-01 2.793703816275748954e-04
2.458949208804511465e+06 9.538284683833104793e-01 2.791674012614885330e-04
2.458949213444611523e+06 9.531789455857233584e-01 2.789644209157724863e-04
2.458949218084711581e+06 9.524346821458878898e-01 2.787614405700564396e-04
2.458949222724812105e+06 9.515956779748510064e-01 2.786189497869716271e-04
2.458949227364912163e+06 9.506619332410107814e-01 2.784807215197017904e-04
2.458949232005012687e+06 9.496830569995103888e-01 2.783424932385599663e-04
2.458949236645112745e+06 9.488082217747475511e-01 2.782042649712901296e-04
2.458949241285213269e+06 9.480475138149353498e-01 2.780604210807376651e-04
2.458949245925313327e+06 9.474009332727568733e-01 2.779095529002575450e-04
2.458949250565413386e+06 9.468663521173196207e-01 2.777586847197774790e-04
2.458949255205513909e+06 9.463731167727613691e-01 2.776078165241569091e-04
2.458949259845613968e+06 9.458868924781757004e-01 2.774569483436768432e-04
2.458949264485714491e+06 9.454076791359715681e-01 2.773879256927261729e-04
2.458949269125814550e+06 9.449354768423328110e-01 2.773228153531189367e-04
2.458949273765914608e+06 9.444783750888772200e-01 2.772577050135116464e-04
2.458949278406015132e+06 9.440590736717947573e-01 2.771925946673701948e-04
2.458949283046115190e+06 9.436789297378803676e-01 2.771293878148065092e-04
2.458949287686215714e+06 9.433379432108347507e-01 2.770683755423868988e-04
2.458949292326315772e+06 9.430343808038883502e-01 2.770073632760901576e-04
2.458949296966415830e+06 9.427199531600639615e-01 2.769463510097934164e-04
2.458949301606516354e+06 9.423727531169111549e-01 2.768853387373738061e-04
2.458949306246616412e+06 9.419927807441170753e-01 2.768391076874572826e-04
2.458949310886716936e+06 9.415800359654167284e-01 2.767932620600665225e-04
2.458949315526816994e+06 9.411743148697873096e-01 2.767474164372766285e-04
2.458949320166917518e+06 9.408798615914144570e-01 2.767015708098859226e-04
2.458949324807017576e+06 9.407021402010704580e-01 2.767826716025731902e-04
2.458949329447117634e+06 9.406411506633479691e-01 2.769987381084408292e-04
2.458949334087218158e+06 9.406919650190548321e-01 2.772148046359920780e-04
2.458949338727318216e+06 9.407375898737053710e-01 2.774308711418597712e-04
2.458949343367418740e+06 9.407284689366223196e-01 2.776469376694110200e-04
2.458949348007518798e+06 9.406646022096364357e-01 2.774455071954435464e-04
2.458949352647618856e+06 9.405459896945791431e-01 2.772418920436637191e-04
2.458949357287719380e+06 9.404076734603559196e-01 2.770382768714498792e-04
2.458949361927819438e+06 9.403353566974769207e-01 2.768346617196700520e-04
2.458949366567919962e+06 9.403329393502257716e-01 2.767390559413929240e-04
2.458949371208020020e+06 9.404004214190874178e-01 2.767493639778632192e-04
2.458949375848120078e+06 9.405364664984220413e-01 2.767596720143335144e-04
2.458949380488220602e+06 9.407136884797024923e-01 2.767699800518383011e-04
2.458949385128320660e+06 9.409212560086092081e-01 2.767807784885109763e-04
2.458949389768421184e+06 9.411591691268034188e-01 2.768237768327610300e-04
2.458949394408521242e+06 9.414274277865332108e-01 2.768667751726959590e-04
2.458949399048621766e+06 9.417167616347095205e-01 2.769097735169460668e-04
2.458949403688721824e+06 9.420060005755880317e-01 2.769527718568809416e-04
2.458949408328821883e+06 9.422943180066717384e-01 2.769999123085637046e-04
2.458949412968922406e+06 9.425817139567560510e-01 2.770507988145230315e-04
2.458949417609022465e+06 9.428722071658055537e-01 2.771016853153756036e-04
2.458949422249122988e+06 9.432376526621626400e-01 2.771525718213348763e-04
2.458949426889223047e+06 9.437045824120217086e-01 2.772066711196233095e-04
2.458949431529323105e+06 9.442729964469652737e-01 2.773488088827507259e-04
2.458949436169423629e+06 9.449428948393140404e-01 2.774909466601425023e-04
2.458949440809523687e+06 9.456666362227585942e-01 2.776330844232698645e-04
2.458949445449624211e+06 9.463426464629679513e-01 2.777752222006616410e-04
2.458949450089724269e+06 9.469675695489184752e-01 2.778815871960160994e-04
2.458949454729824793e+06 9.475414056060396106e-01 2.779581243710675599e-04
2.458949459369924851e+06 9.480702626438666236e-01 2.780346615384380444e-04
2.458949464010024909e+06 9.486503000145195541e-01 2.781111987058085288e-04
2.458949468650125433e+06 9.493146583037254116e-01 2.781948134217922166e-04
2.458949473290225491e+06 9.500633373781396385e-01 2.783990696694754589e-04
2.458949477930326015e+06 9.508963373880309211e-01 2.786033259376569527e-04
2.458949482570426073e+06 9.517654262515032881e-01 2.788075821853401950e-04
2.458949487210526131e+06 9.525746168256440383e-01 2.790118384330233831e-04
2.458949491850626655e+06 9.533212714156871215e-01 2.791910923384401479e-04
2.458949496490726713e+06 9.540053898717703040e-01 2.793511371646859162e-04
2.458949501130827237e+06 9.546348696737714246e-01 2.795111820069931638e-04
2.458949505770927295e+06 9.553200352531049377e-01 2.796712268332389320e-04
2.458949510411027353e+06 9.560963619337415897e-01 2.798232845680791235e-04
2.458949515051127877e+06 9.569638498073130828e-01 2.798777097453770978e-04
2.458949519691227935e+06 9.579224986997045832e-01 2.799321349172131869e-04
2.458949524331328459e+06 9.589370700952000171e-01 2.799865600945111613e-04
2.458949528971428517e+06 9.599421281468185629e-01 2.800409852663471961e-04
2.458949533611529041e+06 9.609362088136629287e-01 2.801592882484308603e-04
2.458949538251629099e+06 9.619193118962093836e-01 2.803227711780781057e-04
2.458949542891729157e+06 9.628948620468588127e-01 2.804862541077253512e-04
2.458949547531829681e+06 9.639055982236325315e-01 2.806497370537790691e-04
2.458949552171929739e+06 9.649643356212029843e-01 2.808137427911634666e-04
2.458949556812030263e+06 9.660710744520711879e-01 2.809826814541404997e-04
2.458949561452130321e+06 9.672258144941016100e-01 2.811516201001635381e-04
2.458949566092230380e+06 9.683778849561378577e-01 2.813205587461865224e-04
2.458949570732330903e+06 9.694395373832618290e-01 2.814894974091635554e-04
2.458949575372430962e+06 9.704092152387265857e-01 2.816361448526946026e-04
2.458949580012531485e+06 9.712869187171584429e-01 2.817682951358146622e-04
2.458949584652631544e+06 9.720832172541816751e-01 2.819004454056726525e-04
2.458949589292732067e+06 9.729166446130604884e-01 2.820325956887927122e-04
2.458949593932832126e+06 9.738203224188846097e-01 2.821755259772113444e-04
2.458949598572932184e+06 9.747942507517685096e-01 2.824005805580692089e-04
2.458949603213032708e+06 9.758384297200263235e-01 2.826256351615125226e-04
2.458949607853132766e+06 9.768948434503538225e-01 2.828506897423703329e-04
2.458949612493233290e+06 9.778698620404884245e-01 2.830757443458137008e-04
2.458949617133333348e+06 9.787622146308746496e-01 2.832310026422853698e-04
2.458949621773433406e+06 9.795719013235091310e-01 2.833445858752569354e-04
2.458949626413533930e+06 9.803096984197940955e-01 2.834581691196272064e-04
2.458949631053633988e+06 9.810847567524095814e-01 2.835717523525987179e-04
2.458949635693734512e+06 9.819254756697610720e-01 2.836949957141750365e-04
2.458949640333834570e+06 9.828318550031066581e-01 2.838794843965757042e-04
2.458949644973934628e+06 9.838038948335225964e-01 2.840639730789763719e-04
2.458949649614035152e+06 9.847774956216411857e-01 2.842484617798916348e-04
2.458949654254135210e+06 9.856563314585636837e-01 2.844329504622923025e-04
2.458949658894235734e+06 9.864394489560527335e-01 2.845665846518363154e-04
2.458949663534335792e+06 9.871268479569277332e-01 2.846723928584162368e-04
2.458949668174436316e+06 9.877296118884800746e-01 2.847782010756145631e-04
2.458949672814536374e+06 9.883495884999180525e-01 2.848840092821944845e-04
2.458949677454636432e+06 9.890114274942681805e-01 2.850025770045050682e-04
2.458949682094736956e+06 9.897151289442520650e-01 2.851899444130047054e-04
2.458949686734837014e+06 9.904606927086281321e-01 2.853773118027010244e-04
2.458949691374937538e+06 9.912071303295025837e-01 2.855646792112007159e-04
2.458949696015037596e+06 9.918971471091995173e-01 2.857520466008969806e-04
2.458949700655137654e+06 9.925303566904165598e-01 2.858660556698246159e-04
2.458949705295238178e+06 9.931067591281487195e-01 2.859433659372863693e-04
2.458949709935338236e+06 9.936290026740408621e-01 2.860206761969896262e-04
2.458949714575438760e+06 9.941192538942523749e-01 2.860979864644513254e-04
2.458949719215538818e+06 9.945824973675198022e-01 2.861721967227151141e-04
2.458949723855639342e+06 9.950187331868216578e-01 2.862319581866660427e-04
2.458949728495739400e+06 9.954279612646002029e-01 2.862917196446195986e-04
2.458949733135839459e+06 9.958515011562860675e-01 2.863514811025731003e-04
2.458949737775939982e+06 9.963430101684221940e-01 2.864112425665240290e-04
2.458949742416040041e+06 9.969027102378720251e-01 2.865185633051734316e-04
2.458949747056140564e+06 9.975306014769742546e-01 2.866475771681368601e-04
2.458949751696240623e+06 9.981988471294653831e-01 2.867765910181530173e-04
2.458949756336340681e+06 9.986944947746024814e-01 2.869056048681692286e-04
2.458949760976441205e+06 9.989731089190307944e-01 2.870071627607491448e-04
2.458949765616541263e+06 9.990346895068291655e-01 2.869967038773023923e-04
2.458949770256641787e+06 9.988792365503577075e-01 2.869862449928060237e-04
2.458949774896741845e+06 9.986748202318433965e-01 2.869757861093592171e-04
2.458949779536841903e+06 9.986239053842607127e-01 2.869653272259124104e-04
2.458949784176942427e+06 9.987269210381324314e-01 2.870317676224461135e-04
2.458949788817042485e+06 9.989838671727815367e-01 2.871300836410004540e-04
2.458949793457143009e+06 9.993671095579236274e-01 2.872283996694214680e-04
2.458949798097243067e+06 9.996828266960748888e-01 2.873267156879758086e-04
2.458949802737343591e+06 9.998935474992158845e-01 2.874048931562489398e-04
2.458949807377443649e+06 9.999992719250524464e-01 2.874104305819199330e-04
2.458949812017543707e+06 1.000000000000000000e+00 2.874159680075909803e-04
2.458949816657644231e+06 9.999458016334319410e-01 2.874215054338177355e-04
2.458949821297744289e+06 9.998925336770384531e-01 2.874270428594887829e-04
2.458949825937844813e+06 9.998402373290864453e-01 2.873964596259460111e-04
2.458949830577944871e+06 9.997889126000728544e-01 2.873523236426045197e-04
2.458949835218044929e+06 9.997272260075563688e-01 2.873081876592630825e-04
2.458949839858145453e+06 9.995820986962963284e-01 2.872640516714923000e-04
2.458949844498245511e+06 9.993404634447095036e-01 2.871936240229920113e-04
2.458949849138346035e+06 9.990023202042970230e-01 2.870386766617665886e-04
2.458949853778446093e+06 9.985676690429283742e-01 2.868837293160911186e-04
2.458949858418546617e+06 9.980760563161718002e-01 2.867287819548656959e-04
2.458949863058646675e+06 9.975682558156632185e-01 2.865738346091901718e-04
2.458949867698746733e+06 9.970442698640586965e-01 2.864825171489556702e-04
2.458949872338847257e+06 9.965040984063371354e-01 2.864127084986142096e-04
2.458949876978947315e+06 9.959477415509172538e-01 2.863428998552784840e-04
2.458949881619047839e+06 9.953751991861319315e-01 2.862730912049370234e-04
2.458949886259147897e+06 9.947862570464690579e-01 2.862032825616013521e-04
2.458949890899247956e+06 9.941764445998806377e-01 2.861334739182655722e-04
2.458949895539348479e+06 9.935439787395053957e-01 2.860636652679241117e-04
2.458949900179448538e+06 9.928888595922870097e-01 2.859938566245884403e-04
2.458949904819549061e+06 9.922110870267352167e-01 2.859240479742469797e-04
2.458949909459649120e+06 9.915106611788867541e-01 2.858268290190546686e-04
2.458949914099749178e+06 9.907875819818598995e-01 2.857213099544327907e-04
2.458949918739849702e+06 9.900425796071370410e-01 2.856157908792214561e-04
2.458949923379949760e+06 9.892796618381520801e-01 2.855102718145995783e-04
2.458949928020050284e+06 9.884994378013582939e-01 2.853696462708556225e-04
2.458949932660150342e+06 9.877019076533559705e-01 2.851376966666915977e-04
2.458949937300250866e+06 9.868870982408542991e-01 2.849057470392501318e-04
2.458949941940350924e+06 9.860818243377821313e-01 2.846737974350861612e-04
2.458949946580450982e+06 9.853096804403781439e-01 2.844418478309221365e-04
2.458949951220551506e+06 9.845706664761402216e-01 2.842917609651940620e-04
2.458949955860651564e+06 9.838647825933969360e-01 2.841637276498316478e-04
2.458949960500752088e+06 9.831804697182023878e-01 2.840356943216202994e-04
2.458949965140852146e+06 9.824590300697920719e-01 2.839076610062578310e-04
2.458949969780952204e+06 9.816922646727916923e-01 2.837764729029152474e-04
2.458949974421052728e+06 9.808801734434285935e-01 2.836378487011191976e-04
2.458949979061152786e+06 9.800227323707201288e-01 2.834992245132349252e-04
2.458949983701253310e+06 9.791104471706426615e-01 2.833606003114388754e-04
2.458949988341353368e+06 9.781355782931535625e-01 2.832219761235545488e-04
2.458949992981453426e+06 9.770981256498404433e-01 2.830404744504570855e-04
2.458949997621553950e+06 9.759980891271674563e-01 2.828487827337542631e-04
2.458950002261654008e+06 9.748584164405100783e-01 2.826570910362889277e-04
2.458950006901754532e+06 9.737871152679729025e-01 2.824653993195861052e-04
2.458950011541854590e+06 9.727980078726135016e-01 2.822922608213421312e-04
2.458950016181955114e+06 9.718910940559066791e-01 2.821588974911237550e-04
2.458950020822055172e+06 9.710659717597590612e-01 2.820255341742892042e-04
2.458950025462155230e+06 9.702372377127275183e-01 2.818921708574545991e-04
2.458950030102255754e+06 9.693402824454869782e-01 2.817588075272362772e-04
2.458950034742355812e+06 9.683751061380669878e-01 2.815295076932935819e-04
2.458950039382456336e+06 9.673417085967456197e-01 2.812803046959181448e-04
2.458950044022556394e+06 9.662549935604700657e-01 2.810311017235517283e-04
2.458950048662656453e+06 9.651800733000055477e-01 2.807818987511852575e-04
2.458950053302756976e+06 9.641245577324243365e-01 2.805605454392960077e-04
2.458950057942857035e+06 9.630884470695808552e-01 2.803936684488720840e-04
2.458950062582957558e+06 9.620717857616383206e-01 2.802267914417009773e-04
2.458950067223057617e+06 9.610805678604805724e-01 2.800599144512770536e-04
2.458950071863158140e+06 9.601190071332070808e-01 2.798930374441060010e-04
2.458950076503258198e+06 9.591871037728143534e-01 2.797309116587851454e-04
2.458950081143358257e+06 9.582848576813157715e-01 2.795696349470228222e-04
2.458950085783458780e+06 9.574010037097591130e-01 2.794083582190755289e-04
2.458950090423558839e+06 9.564897996156587201e-01 2.792470815073132056e-04
2.458950095063659362e+06 9.555463801340690067e-01 2.790672448294630485e-04
2.458950099703759421e+06 9.545707454543449488e-01 2.788541954051862101e-04
2.458950104343859479e+06 9.535638044203275099e-01 2.786411459809093718e-04
2.458950108983960003e+06 9.526102579213405752e-01 2.784280965352517413e-04
2.458950113624060061e+06 9.517655121275976349e-01 2.782150471109749029e-04
2.458950118264160585e+06 9.510295668695482041e-01 2.781191897184766173e-04
2.458950122904260643e+06 9.504024222949052358e-01 2.780410623759302434e-04
2.458950127544360701e+06 9.498463468774689389e-01 2.779629350333838152e-04
2.458950132184461225e+06 9.492187859630369928e-01 2.778848076829968706e-04
2.458950136824561283e+06 9.485059980779091404e-01 2.777320340661373790e-04
2.458950141464661807e+06 9.477079830790201553e-01 2.774567907316359116e-04
2.458950146104761865e+06 9.468265294412125943e-01 2.771815474247567713e-04
2.458950150744862389e+06 9.459847803872909466e-01 2.769063040902553581e-04
2.458950155384962447e+06 9.452577592867782430e-01 2.766310607833762179e-04
2.458950160025062505e+06 9.446454660494428834e-01 2.765447722263881278e-04
2.458950164665163029e+06 9.441479006311084277e-01 2.764821257849966085e-04
2.458950169305263087e+06 9.437296795986392928e-01 2.764194793498920525e-04
2.458950173945363611e+06 9.432662995395959538e-01 2.763568329085005332e-04
2.458950178585463669e+06 9.427469332725501028e-01 2.762532211769051457e-04
2.458950183225563727e+06 9.421715807538079135e-01 2.760878778316797977e-04
2.458950187865664251e+06 9.415419019074032780e-01 2.759225344698612776e-04
2.458950192505764309e+06 9.409461864929324904e-01 2.757571911246359296e-04
2.458950197145864833e+06 9.404345722275796460e-01 2.755918477628174095e-04
2.458950201785964891e+06 9.400070592140313819e-01 2.755164332374443557e-04
2.458950206426065415e+06 9.396636473664811140e-01 2.754500218513755813e-04
2.458950211066165473e+06 9.393905957922149552e-01 2.753836104719715604e-04
2.458950215706265531e+06 9.391428393285817799e-01 2.753171990925675394e-04
2.458950220346366055e+06 9.389168609290083900e-01 2.752655075720163332e-04
2.458950224986466113e+06 9.387126606388516148e-01 2.752342189247824512e-04
2.458950229626566637e+06 9.385302948782170418e-01 2.752029302744085030e-04
2.458950234266666695e+06 9.383721608828670124e-01 2.751716416271746211e-04
2.458950238906766754e+06 9.382395283676033815e-01 2.751403529799407392e-04
2.458950243546867277e+06 9.381323973229547253e-01 2.751493103579182703e-04
2.458950248186967336e+06 9.380507677704233993e-01 2.751613342991562862e-04
2.458950252827067859e+06 9.379874708365988356e-01 2.751733582416009106e-04
2.458950257467167918e+06 9.379205787384629067e-01 2.751853821828389264e-04
2.458950262107267976e+06 9.378485649320423834e-01 2.752078461161504741e-04
2.458950266747368500e+06 9.377714294093392189e-01 2.752436351019373431e-04
2.458950271387468558e+06 9.376916890020559059e-01 2.752794240841325755e-04
2.458950276027569082e+06 9.376968409516394098e-01 2.753152130699193360e-04
2.458950280667669140e+06 9.378301335728455035e-01 2.753510020521145684e-04
2.458950285307769664e+06 9.380915668924273421e-01 2.753996447209630964e-04
2.458950289947869722e+06 9.384811408579122327e-01 2.754489724213477321e-04
2.458950294587969780e+06 9.389506656837264265e-01 2.754983001217323679e-04
2.458950299228070304e+06 9.393625987178124692e-01 2.755476278270672539e-04
2.458950303868170362e+06 9.397084577004667372e-01 2.756411962415537950e-04
2.458950308508270886e+06 9.399882427011067021e-01 2.757868034785884367e-04
2.458950313148370944e+06 9.402056994406170487e-01 2.759324107010104727e-04
2.458950317788471002e+06 9.404696246130564985e-01 2.760780179234325628e-04
2.458950322428571526e+06 9.408302183274608321e-01 2.762236251604671504e-04
2.458950327068671584e+06 9.412874805114549437e-01 2.762937235893919556e-04
2.458950331708772108e+06 9.418414112568165297e-01 2.763614549019312067e-04
2.458950336348872166e+06 9.424565777184448212e-01 2.764291862076732149e-04
2.458950340988972690e+06 9.430385783961916513e-01 2.764969175202125202e-04
2.458950345629072748e+06 9.435822975436506388e-01 2.765543551703994745e-04
2.458950350269172806e+06 9.440877352211501927e-01 2.766006281716733707e-04
2.458950354909273330e+06 9.445568212498173244e-01 2.766469011775910133e-04
2.458950359549373388e+06 9.450371534420305419e-01 2.766931741788649095e-04
2.458950364189473912e+06 9.455492376648988451e-01 2.767394471847826063e-04
2.458950368829573970e+06 9.460930738156406727e-01 2.768301963388267520e-04
2.458950373469674028e+06 9.466686619440537465e-01 2.769214035544591778e-04
2.458950378109774552e+06 9.472842147152417125e-01 2.770126107792447636e-04
2.458950382749874610e+06 9.479601608268285462e-01 2.771038179948771352e-04
2.458950387389975134e+06 9.486974640332227482e-01 2.772377830130870967e-04
2.458950392030075192e+06 9.494961241864389168e-01 2.774145217381262509e-04
2.458950396670175251e+06 9.503521540481676411e-01 2.775912604631654594e-04
2.458950401310275774e+06 9.511809098321571954e-01 2.777679992059414022e-04
2.458950405950375833e+06 9.519483421038520410e-01 2.779445260135415016e-04
2.458950410590476356e+06 9.526544510172850755e-01 2.781000892905404398e-04
2.458950415230576415e+06 9.532992364307318889e-01 2.782556525519276798e-04
2.458950419870676938e+06 9.539339454833822840e-01 2.784112158289266180e-04
2.458950424510776997e+06 9.546776076914823550e-01 2.785667790903138580e-04
2.458950429150877055e+06 9.555350559330580973e-01 2.787035484020046255e-04
2.458950433790977579e+06 9.565062903112884207e-01 2.788229770010453544e-04
2.458950438431077637e+06 9.575842814708566131e-01 2.789424055881006620e-04
2.458950443071178161e+06 9.586391559761786585e-01 2.790618341871412824e-04
2.458950447711278219e+06 9.596221358162047022e-01 2.791810503022945926e-04
2.458950452351378277e+06 9.605332211004049547e-01 2.792934455443198734e-04
2.458950456991478801e+06 9.613724119093897125e-01 2.794058407976247600e-04
2.458950461631578859e+06 9.621519483810752060e-01 2.795182360396500408e-04
2.458950466271679383e+06 9.628983754880502399e-01 2.796306312929549274e-04
2.458950470911779441e+06 9.636126084432734551e-01 2.797700591364030089e-04
2.458950475551879965e+06 9.642946473900997351e-01 2.799324860464837573e-04
2.458950480191980023e+06 9.649482882556046359e-01 2.800949129402639597e-04
2.458950484832080081e+06 9.656351576505081136e-01 2.802573398340442164e-04
2.458950489472180605e+06 9.663768611157680377e-01 2.804239431407415796e-04
2.458950494112280663e+06 9.671733985025158242e-01 2.806692176867386901e-04
2.458950498752381187e+06 9.680247699706259201e-01 2.809144922573504968e-04
2.458950503392481245e+06 9.689298581904629559e-01 2.811597668033476616e-04
2.458950508032581303e+06 9.698864016287866985e-01 2.814050413493447722e-04
2.458950512672681827e+06 9.708943352204746358e-01 2.815745602375486654e-04
2.458950517312781885e+06 9.719536587632225944e-01 2.816846801630739023e-04
2.458950521952882409e+06 9.730544782946313198e-01 2.817948000996503576e-04
2.458950526592982467e+06 9.740545134946291261e-01 2.819049200251755945e-04
2.458950531233082525e+06 9.749072186421005037e-01 2.820122141425958503e-04
2.458950535873183049e+06 9.756125938004415188e-01 2.820823150375780701e-04
2.458950540513283107e+06 9.761706388280751989e-01 2.821524159255252274e-04
2.458950545153383631e+06 9.766625510181605740e-01 2.822225168205074472e-04
2.458950549793483689e+06 9.772417265094298644e-01 2.822926177084546587e-04
2.458950554433584213e+06 9.779117855225525346e-01 2.824278053912428720e-04
2.458950559073684271e+06 9.786727279230400534e-01 2.826099872388460293e-04
2.458950563713784330e+06 9.795160639397255675e-01 2.827921690864491867e-04
2.458950568353884853e+06 9.803328958496215773e-01 2.829743509523353537e-04
2.458950572993984912e+06 9.810899971729876157e-01 2.831475582435942864e-04
2.458950577634085435e+06 9.817873680617826837e-01 2.832309150110734041e-04
2.458950582274185494e+06 9.824250083760359686e-01 2.833142717701871973e-04
2.458950586914285552e+06 9.830218964292414263e-01 2.833976285293009364e-04
2.458950591554386076e+06 9.836114739461865319e-01 2.834809852967800541e-04
2.458950596194486134e+06 9.841943709986712419e-01 2.835306401690799549e-04
2.458950600834586658e+06 9.847705877036895261e-01 2.835579124518496823e-04
2.458950605474686716e+06 9.853414292803595043e-01 2.835851847318825040e-04
2.458950610114786774e+06 9.859219209927143623e-01 2.836124570119152172e-04
2.458950614754887298e+06 9.865163359072891547e-01 2.836535428681313917e-04
2.458950619394987356e+06 9.871246739047776497e-01 2.838052468866053275e-04
2.458950624035087880e+06 9.877469351072802883e-01 2.839569509203036845e-04
2.458950628675187938e+06 9.883552861495965569e-01 2.841086549387776203e-04
2.458950633315288462e+06 9.889040105917352719e-01 2.842603589724759230e-04
2.458950637955388520e+06 9.893924426468957423e-01 2.843732305303912000e-04
2.458950642595488578e+06 9.898205823731712760e-01 2.844624138362419419e-04
2.458950647235589102e+06 9.901908809648504173e-01 2.845515971510428270e-04
2.458950651875689160e+06 9.905287912464399991e-01 2.846407804568936231e-04
2.458950656515789684e+06 9.908410548349441127e-01 2.847359611966161601e-04
2.458950661155889742e+06 9.911276716676875598e-01 2.848708518109557028e-04
2.458950665795989800e+06 9.913886417772950210e-01 2.850057424252952455e-04
2.458950670436090324e+06 9.916371956738535554e-01 2.851406330531718655e-04
2.458950675076190382e+06 9.918935732857284693e-01 2.852755236675114082e-04
2.458950679716290906e+06 9.921579925598471572e-01 2.852604848394537577e-04
2.458950684356390964e+06 9.924304534431376279e-01 2.851615906183746041e-04
2.458950688996491488e+06 9.927052362011619113e-01 2.850626963873708264e-04
2.458950693636591546e+06 9.929285114582919736e-01 2.849638021662916185e-04
2.458950698276691604e+06 9.930870131676066137e-01 2.848913593266525325e-04
2.458950702916792128e+06 9.931807413352620184e-01 2.849671610553450155e-04
2.458950707556892186e+06 9.932096959424456806e-01 2.850429627764303566e-04
2.458950712196992710e+06 9.932163739826672666e-01 2.851187645051228938e-04
2.458950716837092768e+06 9.932612656436961007e-01 2.851945662262082891e-04
2.458950721477192827e+06 9.933448234219934836e-01 2.852606177485080712e-04
2.458950726117293350e+06 9.934670473317653849e-01 2.853216802535418653e-04
2.458950730757393409e+06 9.936213464979349874e-01 2.853827427524476944e-04
2.458950735397493932e+06 9.937512767173174444e-01 2.854438052574814885e-04
2.458950740037593991e+06 9.938439089655187741e-01 2.854828178118403717e-04
2.458950744677694049e+06 9.938992432574491609e-01 2.854153945080337347e-04
2.458950749317794573e+06 9.939172795930473203e-01 2.853479711974607545e-04
2.458950753957894631e+06 9.938816533643707318e-01 2.852805478936541175e-04
2.458950758597995155e+06 9.937707170843222970e-01 2.852131245830811374e-04
2.458950763238095213e+06 9.935843682814200495e-01 2.851505002909817299e-04
2.458950767878195737e+06 9.933226069182620188e-01 2.850901166101134344e-04
2.458950772518295795e+06 9.929926888247233574e-01 2.850297329353049616e-04
2.458950777158395853e+06 9.926513632844319313e-01 2.849693492604964888e-04
2.458950781798496377e+06 9.923106965175478855e-01 2.849045855556753943e-04
2.458950786438596435e+06 9.919706885924473028e-01 2.848213670861641351e-04
2.458950791078696959e+06 9.916313394408865500e-01 2.847381486083014291e-04
2.458950795718797017e+06 9.913059760045211943e-01 2.846549301387901699e-04
2.458950800358897075e+06 9.910109586277994209e-01 2.845717116692789649e-04
2.458950804998997599e+06 9.907463292557783241e-01 2.845297346435415290e-04
2.458950809639097657e+06 9.905120879415716395e-01 2.845052719333196673e-04
2.458950814279198181e+06 9.902997888393519910e-01 2.844808092206427925e-04
2.458950818919298239e+06 9.900489124487977799e-01 2.844563465104208767e-04
2.458950823559398763e+06 9.897475315654515882e-01 2.844175731825135758e-04
2.458950828199498821e+06 9.893956462498039173e-01 2.843256117474528104e-04
2.458950832839598879e+06 9.889932564741440446e-01 2.842336503123920450e-04
2.458950837479699403e+06 9.885510864143475240e-01 2.841416888681024423e-04
2.458950842119799461e+06 9.880813338464218276e-01 2.840497274330416226e-04
2.458950846759899985e+06 9.875840111163504131e-01 2.839666937203076235e-04
2.458950851400000043e+06 9.870591183239516564e-01 2.838870956331222177e-04
