2.458939000000000000e+06 9.539541336221351031e-01 2.762685064485802624e-04
2.458939004640100058e+06 9.530162556644029559e-01 2.761125664334573913e-04
2.458939009280200582e+06 9.521474547899428931e-01 2.759566264026850377e-04
2.458939013920300640e+06 9.513477311731334263e-01 2.757958924773127132e-04
2.458939018560401164e+06 9.506170846534607310e-01 2.756343434544157025e-04
2.458939023200501222e+06 9.499391833087359460e-01 2.754727944477310380e-04
2.458939027840601280e+06 9.492491905002948815e-01 2.753112454410463735e-04
2.458939032480701804e+06 9.485404153815010231e-01 2.752012130449980215e-04
2.458939037120801862e+06 9.478128580946136861e-01 2.751808875172395826e-04
2.458939041760902386e+06 9.470667790122678786e-01 2.751605619874413259e-04
2.458939046401002444e+06 9.463241448124130040e-01 2.751402364596828871e-04
2.458939051041102968e+06 9.455990079103523405e-01 2.751199109298846845e-04
2.458939055681203026e+06 9.448913684516292433e-01 2.749174340722763976e-04
2.458939060321303084e+06 9.442012263625939594e-01 2.746889100786494139e-04
2.458939064961403608e+06 9.435341186830707993e-01 2.744603860620886812e-04
2.458939069601503666e+06 9.429105043038135125e-01 2.742318620684616975e-04
2.458939074241604190e+06 9.423322938775824387e-01 2.740796513983390667e-04
2.458939078881704248e+06 9.417994875204310778e-01 2.740493452589539184e-04
2.458939083521804307e+06 9.413120341016710801e-01 2.740190391195687701e-04
2.458939088161904830e+06 9.408667026113761711e-01 2.739887329771422179e-04
2.458939092802004889e+06 9.404615675983006851e-01 2.739584268377570696e-04
2.458939097442105412e+06 9.400966289811291121e-01 2.739597399114063387e-04
2.458939102082205471e+06 9.397718868331090825e-01 2.739647584823550158e-04
2.458939106722305994e+06 9.394850077911639508e-01 2.739697770538073590e-04
2.458939111362406053e+06 9.392279608539089164e-01 2.739747956247560903e-04
2.458939116002506111e+06 9.390000703890791778e-01 2.739299144342904001e-04
2.458939120642606635e+06 9.388013363781938514e-01 2.738117864352982832e-04
2.458939125282706693e+06 9.386319016587971742e-01 2.736936584481609413e-04
2.458939129922807217e+06 9.384988227479468259e-01 2.735755304491688787e-04
2.458939134562907275e+06 9.384060204319369936e-01 2.734574024620315368e-04
2.458939139203007333e+06 9.383534946953913103e-01 2.734583906120059259e-04
2.458939143843107857e+06 9.383412455391014761e-01 2.734704000092555323e-04
2.458939148483207915e+06 9.383644598475868737e-01 2.734824094052998853e-04
2.458939153123308439e+06 9.384076936974838912e-01 2.734944188025494375e-04
2.458939157763408497e+06 9.384697832788255756e-01 2.735077134589846358e-04
2.458939162403508555e+06 9.385507285950044354e-01 2.735227440465628612e-04
2.458939167043609079e+06 9.386504940045147238e-01 2.735377746356494285e-04
2.458939171683709137e+06 9.387676609838785380e-01 2.735528052232275996e-04
2.458939176323809661e+06 9.389014943217613984e-01 2.735678358123141670e-04
2.458939180963909719e+06 9.390519939913015701e-01 2.736185634438847514e-04
2.458939185604010243e+06 9.392191600227061121e-01 2.736717515030324000e-04
2.458939190244110301e+06 9.394181881430706538e-01 2.737249395568423587e-04
2.458939194884210359e+06 9.396945604761123283e-01 2.737781276106523174e-04
2.458939199524310883e+06 9.400513279537450195e-01 2.738378988915197315e-04
2.458939204164410941e+06 9.404884905043614518e-01 2.739058600089292112e-04
2.458939208804511465e+06 9.410030082046922928e-01 2.739738211331590274e-04
2.458939213444611523e+06 9.414951736340833044e-01 2.740417822505685072e-04
2.458939218084711581e+06 9.419167550750244811e-01 2.741097433679779869e-04
2.458939222724812105e+06 9.422677525591984793e-01 2.741564419158528786e-04
2.458939227364912163e+06 9.425481660161562081e-01 2.742021555009171844e-04
2.458939232005012687e+06 9.428067821975342211e-01 2.742478690905690206e-04
2.458939236645112745e+06 9.431798719552341170e-01 2.742935826756332722e-04
2.458939241285213269e+06 9.436755131159502152e-01 2.743819473456076416e-04
2.458939245925313327e+06 9.442937055802013147e-01 2.745192200031480560e-04
2.458939250565413386e+06 9.450309527712534852e-01 2.746564926606884704e-04
2.458939255205513909e+06 9.457909199086115271e-01 2.747937653320050287e-04
2.458939259845613968e+06 9.465301028704506958e-01 2.749310379895453888e-04
2.458939264485714491e+06 9.472485018051336469e-01 2.750241752948125889e-04
2.458939269125814550e+06 9.479461165684694990e-01 2.751162242861795266e-04
2.458939273765914608e+06 9.486313899326710430e-01 2.752082732775464643e-04
2.458939278406015132e+06 9.493263362104352732e-01 2.753003222781510214e-04
2.458939283046115190e+06 9.500320986912448307e-01 2.754401146404298587e-04
2.458939287686215714e+06 9.507486775167542925e-01 2.756303932091310155e-04
2.458939292326315772e+06 9.514765048200792830e-01 2.758206717587366615e-04
2.458939296966415830e+06 9.522257391926169934e-01 2.760109503083421991e-04
2.458939301606516354e+06 9.530006640404043994e-01 2.762012288770434101e-04
2.458939306246616412e+06 9.538012792079050284e-01 2.762920362726447492e-04
2.458939310886716936e+06 9.546275848558117838e-01 2.763824584734954804e-04
2.458939315526816994e+06 9.554608643205158014e-01 2.764728806652717104e-04
2.458939320166917518e+06 9.562555513775535809e-01 2.765633028661223331e-04
2.458939324807017576e+06 9.570095926209312154e-01 2.767151008373975370e-04
2.458939329447117634e+06 9.577229881324397232e-01 2.769267601190365997e-04
2.458939334087218158e+06 9.583998970649135751e-01 2.771384194219169176e-04
2.458939338727318216e+06 9.591247506331793682e-01 2.773500787035559803e-04
2.458939343367418740e+06 9.599307893945596692e-01 2.775602784524718470e-04
2.458939348007518798e+06 9.608180131872730012e-01 2.776826649742403469e-04
2.458939352647618856e+06 9.617864220881363613e-01 2.778050514960089010e-04
2.458939357287719380e+06 9.627917727280285165e-01 2.779274380300596225e-04
2.458939361927819438e+06 9.637334911091848255e-01 2.780498245518281224e-04
2.458939366567919962e+06 9.646076920041033453e-01 2.781728525809581769e-04
2.458939371208020020e+06 9.654143752373214316e-01 2.782964576262777264e-04
2.458939375848120078e+06 9.661584383019563571e-01 2.784200626715972217e-04
2.458939380488220602e+06 9.669266820421773545e-01 2.785436677293212366e-04
2.458939385128320660e+06 9.677510102410642467e-01 2.786701959407165193e-04
2.458939389768421184e+06 9.686314230640694634e-01 2.788737652146508245e-04
2.458939394408521242e+06 9.695679203344836905e-01 2.790773344681557792e-04
2.458939399048621766e+06 9.705273437835555406e-01 2.792809037420900301e-04
2.458939403688721824e+06 9.714393206592261132e-01 2.794844729955949306e-04
2.458939408328821883e+06 9.723015531188691218e-01 2.796344712266753693e-04
2.458939412968922406e+06 9.731140412415267837e-01 2.797400433450427260e-04
2.458939417609022465e+06 9.738785393069473439e-01 2.798456154528153133e-04
2.458939422249122988e+06 9.746224419484819101e-01 2.799511875711827784e-04
2.458939426889223047e+06 9.753551468774090960e-01 2.800622754959825565e-04
2.458939431529323105e+06 9.760766541689458453e-01 2.802650219256960415e-04
2.458939436169423629e+06 9.767869638938140309e-01 2.804677683757562608e-04
2.458939440809523687e+06 9.774914295135725961e-01 2.806705148054697459e-04
2.458939445449624211e+06 9.782006565298764222e-01 2.808732612555299652e-04
2.458939450089724269e+06 9.789149324807504549e-01 2.810110354044859397e-04
2.458939454729824793e+06 9.796342575095577931e-01 2.810991650050687313e-04
2.458939459369924851e+06 9.803576066869920114e-01 2.811872945968071436e-04
2.458939464010024909e+06 9.810707740233498564e-01 2.812754241885456101e-04
2.458939468650125433e+06 9.817692127192455542e-01 2.813649185413009480e-04
2.458939473290225491e+06 9.824529226344943522e-01 2.814707795708754371e-04
2.458939477930326015e+06 9.831219039063247012e-01 2.815766406110737524e-04
2.458939482570426073e+06 9.837749268898395849e-01 2.816825016406482958e-04
2.458939487210526131e+06 9.844097190964117283e-01 2.817883626702228392e-04
2.458939491850626655e+06 9.850262304701048466e-01 2.819062668483076728e-04
2.458939496490726713e+06 9.856244608871774782e-01 2.820326418256087053e-04
2.458939501130827237e+06 9.862016520694514288e-01 2.821590168155923011e-04
2.458939505770927295e+06 9.867236289904136592e-01 2.822853917928933878e-04
2.458939510411027353e+06 9.871801920582613521e-01 2.824042850816095118e-04
2.458939515051127877e+06 9.875713413089660664e-01 2.824536667987587873e-04
2.458939519691227935e+06 9.878970766640200463e-01 2.825030485109522832e-04
2.458939524331328459e+06 9.882040056437537690e-01 2.825524302281016129e-04
2.458939528971428517e+06 9.885724638512876083e-01 2.826018119402951088e-04
2.458939533611529041e+06 9.890038527267266399e-01 2.826948029841693378e-04
2.458939538251629099e+06 9.894981721834860133e-01 2.828159960794983515e-04
2.458939542891729157e+06 9.900483304336177293e-01 2.829371891748274194e-04
2.458939547531829681e+06 9.905753449582063164e-01 2.830583822823189047e-04
2.458939552171929739e+06 9.910572495845366703e-01 2.831723281053810724e-04
2.458939556812030263e+06 9.914940444093320870e-01 2.832317783625010253e-04
2.458939561452130321e+06 9.918857293449231394e-01 2.832912286136547763e-04
2.458939566092230380e+06 9.922087196047429947e-01 2.833506788648084730e-04
2.458939570732330903e+06 9.924251313802470165e-01 2.834101291219283717e-04
2.458939575372430962e+06 9.925344603471719651e-01 2.834032797570262439e-04
2.458939580012531485e+06 9.925367065274618428e-01 2.833570699797804656e-04
2.458939584652631544e+06 9.924461267080968430e-01 2.833108602071720910e-04
2.458939589292732067e+06 9.924061751183492763e-01 2.832646504299263669e-04
2.458939593932832126e+06 9.924539981175801717e-01 2.832292703931282114e-04
2.458939598572932184e+06 9.925895956973760370e-01 2.832617748878819256e-04
2.458939603213032708e+06 9.928129678845575290e-01 2.832942793858976246e-04
2.458939607853132766e+06 9.930618036906614376e-01 2.833267838806513388e-04
2.458939612493233290e+06 9.932429116888448206e-01 2.833592883786671462e-04
2.458939617133333348e+06 9.933553903727049272e-01 2.833678884249315219e-04
2.458939621773433406e+06 9.933992397638612415e-01 2.833634854007164379e-04
2.458939626413533930e+06 9.933781933728327296e-01 2.833590823760594873e-04
2.458939631053633988e+06 9.933263434360306565e-01 2.833546793518444034e-04
2.458939635693734512e+06 9.932519012036346018e-01 2.833523129774132530e-04
2.458939640333834570e+06 9.931548666905860578e-01 2.833608175346942633e-04
2.458939644973934628e+06 9.930352398905479827e-01 2.833693220919752194e-04
2.458939649614035152e+06 9.929105466482095466e-01 2.833778266501097137e-04
2.458939654254135210e+06 9.928051664320060032e-01 2.833863312073906697e-04
2.458939658894235734e+06 9.927192590094755520e-01 2.833963543743789576e-04
2.458939663534335792e+06 9.926528243978609556e-01 2.834071326756847347e-04
2.458939668174436316e+06 9.925977639255249008e-01 2.834179109780721661e-04
2.458939672814536374e+06 9.924867032567411540e-01 2.834286892793778890e-04
2.458939677454636432e+06 9.923045659896487791e-01 2.834211809199735106e-04
2.458939682094736956e+06 9.920513520952696229e-01 2.833292198953815504e-04
2.458939686734837014e+06 9.917270616244266979e-01 2.832372588800184817e-04
2.458939691374937538e+06 9.913720642788254045e-01 2.831452978554265215e-04
2.458939696015037596e+06 9.910385260937198959e-01 2.830533368400633986e-04
2.458939700655137654e+06 9.907266549366633424e-01 2.830462330166804005e-04
2.458939705295238178e+06 9.904364507796196149e-01 2.830775943578311407e-04
2.458939709935338236e+06 9.901602475823082505e-01 2.831089556958345504e-04
2.458939714575438760e+06 9.898397409143527836e-01 2.831403170369852364e-04
2.458939719215538818e+06 9.894628256264115240e-01 2.831300337403115782e-04
2.458939723855639342e+06 9.890295016428325425e-01 2.829512747278542170e-04
2.458939728495739400e+06 9.885397690505894897e-01 2.827725157333363360e-04
2.458939733135839459e+06 9.880101214218673933e-01 2.825937567388185092e-04
2.458939737775939982e+06 9.874603279238097775e-01 2.824149977263611480e-04
2.458939742416040041e+06 9.868904283459575266e-01 2.822655522023208925e-04
2.458939747056140564e+06 9.863004225739251396e-01 2.821281791107298621e-04
2.458939751696240623e+06 9.856936899650095008e-01 2.819908060329249502e-04
2.458939756336340681e+06 9.850937983007419518e-01 2.818534329551200383e-04
2.458939760976441205e+06 9.845052806210283780e-01 2.817256759417833710e-04
2.458939765616541263e+06 9.839281370439909580e-01 2.816323330992403324e-04
2.458939770256641787e+06 9.833623674537902426e-01 2.815389902473297871e-04
2.458939774896741845e+06 9.828007603063414477e-01 2.814456474047867486e-04
2.458939779536841903e+06 9.822353116888168367e-01 2.813523045622437642e-04
2.458939784176942427e+06 9.816660161784021010e-01 2.813011271868275532e-04
2.458939788817042485e+06 9.810928738893616163e-01 2.812656643191054203e-04
2.458939793457143009e+06 9.805093067065816514e-01 2.812302014478243939e-04
2.458939798097243067e+06 9.798731307990952155e-01 2.811947385801023152e-04
2.458939802737343591e+06 9.791768424177919039e-01 2.811080829921622616e-04
2.458939807377443649e+06 9.784204417024253697e-01 2.808580653891554484e-04
2.458939812017543707e+06 9.776039285861349848e-01 2.806080477861487435e-04
2.458939816657644231e+06 9.767578289935339164e-01 2.803580301580512152e-04
2.458939821297744289e+06 9.759134506435013234e-01 2.801080125550444019e-04
2.458939825937844813e+06 9.750707946131553783e-01 2.799486758426167040e-04
2.458939830577944871e+06 9.742298610716271234e-01 2.798197759242922644e-04
2.458939835218044929e+06 9.733898801830487280e-01 2.796908760059678249e-04
2.458939839858145453e+06 9.725463019710154366e-01 2.795619760747074982e-04
2.458939844498245511e+06 9.716983796117178995e-01 2.794279946890182789e-04
2.458939849138346035e+06 9.708461129349683638e-01 2.792794601681051255e-04
2.458939853778446093e+06 9.699895094838832943e-01 2.791309256620982883e-04
2.458939858418546617e+06 9.691680375040846451e-01 2.789823911411851349e-04
2.458939863058646675e+06 9.684190589294111584e-01 2.788338566351782977e-04
2.458939867698746733e+06 9.677425736737855777e-01 2.787167333551274716e-04
2.458939872338847257e+06 9.671385816802314794e-01 2.786090508547207998e-04
2.458939876978947315e+06 9.665857598348435165e-01 2.785013683651206963e-04
2.458939881619047839e+06 9.659676881183379971e-01 2.783936858647140244e-04
2.458939886259147897e+06 9.652667644209798059e-01 2.782771833571144366e-04
2.458939890899247956e+06 9.644829886848990119e-01 2.781378882934267406e-04
2.458939895539348479e+06 9.636163808694546695e-01 2.779985932157599381e-04
2.458939900179448538e+06 9.626853685149060480e-01 2.778592981520722422e-04
2.458939904819549061e+06 9.617060838053566041e-01 2.777200030744054939e-04
2.458939909459649120e+06 9.606785269373598890e-01 2.774964044254865495e-04
2.458939914099749178e+06 9.596026978150613562e-01 2.772502748262775565e-04
2.458939918739849702e+06 9.585060367129308867e-01 2.770041452023679985e-04
2.458939923379949760e+06 9.575271896268915395e-01 2.767580156031589512e-04
2.458939928020050284e+06 9.566854130340027851e-01 2.765604777611911451e-04
2.458939932660150342e+06 9.559807071032191406e-01 2.764767512393689983e-04
2.458939937300250866e+06 9.554127302161853352e-01 2.763930247091443931e-04
2.458939941940350924e+06 9.548535711987293784e-01 2.763092981873222463e-04
2.458939946580450982e+06 9.541994699719760220e-01 2.762255716654999911e-04
2.458939951220551506e+06 9.534504264559900966e-01 2.762128384264916632e-04
2.458939955860651564e+06 9.526064408011135631e-01 2.762168331801817208e-04
2.458939960500752088e+06 9.517022466895823651e-01 2.762208279342727164e-04
2.458939965140852146e+06 9.509005241913532913e-01 2.762248226879627741e-04
2.458939969780952204e+06 9.502219704376371201e-01 2.761526277903384266e-04
2.458939974421052728e+06 9.496665853788783807e-01 2.759180867381736063e-04
2.458939979061152786e+06 9.492337607738959848e-01 2.756835457095464358e-04
2.458939983701253310e+06 9.487986330322716322e-01 2.754490046573816698e-04
2.458939988341353368e+06 9.482671963992012065e-01 2.752144636287544993e-04
2.458939992981453426e+06 9.476394508358497726e-01 2.751082075313715731e-04
2.458939997621553950e+06 9.469153962647218759e-01 2.750283187341832762e-04
2.458940002261654008e+06 9.461299691982056892e-01 2.749484299450123291e-04
2.458940006901754532e+06 9.454350692174182669e-01 2.748685411478240864e-04
2.458940011541854590e+06 9.448483426481082414e-01 2.747701030510352345e-04
2.458940016181955114e+06 9.443697893725127024e-01 2.746355941624789988e-04
2.458940020822055172e+06 9.439988488028081548e-01 2.745010852874214596e-04
2.458940025462155230e+06 9.436622174127186069e-01 2.743665764123639746e-04
2.458940030102255754e+06 9.433086031892393697e-01 2.742320675238077389e-04
2.458940034742355812e+06 9.429380062033448917e-01 2.741782975978706389e-04
2.458940039382456336e+06 9.425504263806520067e-01 2.741388085787462188e-04
2.458940044022556394e+06 9.421553903913970629e-01 2.740993195635847202e-04
2.458940048662656453e+06 9.417913987667947406e-01 2.740598305484232759e-04
2.458940053302756976e+06 9.414625206664472001e-01 2.740050009074031299e-04
2.458940057942857035e+06 9.411687561563643056e-01 2.739228760667420022e-04
2.458940062582957558e+06 9.409101620289053169e-01 2.738407512178392031e-04
2.458940067223057617e+06 9.406919241633066031e-01 2.737586263771780754e-04
2.458940071863158140e+06 9.405174189794570649e-01 2.736765015282752764e-04
2.458940076503258198e+06 9.403866465123822405e-01 2.736656153952284043e-04
2.458940081143358257e+06 9.402996067423747828e-01 2.736653829960669117e-04
2.458940085783458780e+06 9.402489432293958949e-01 2.736651505968820544e-04
2.458940090423558839e+06 9.402069914326451894e-01 2.736649181977205618e-04
2.458940095063659362e+06 9.401711020223335602e-01 2.736747439291295166e-04
2.458940099703759421e+06 9.401412750056641343e-01 2.737009799089719299e-04
2.458940104343859479e+06 9.401181891911499777e-01 2.737272158888142889e-04
2.458940108983960003e+06 9.401477551016277356e-01 2.737534518712896872e-04
2.458940113624060061e+06 9.402578149471808588e-01 2.737796878511320462e-04
2.458940118264160585e+06 9.404483687498993438e-01 2.737937302946793702e-04
2.458940122904260643e+06 9.407194164715370066e-01 2.738062672867227847e-04
2.458940127544360701e+06 9.410477007906913327e-01 2.738188042787662534e-04
2.458940132184461225e+06 9.413517610609795083e-01 2.738313412720678303e-04
2.458940136824561283e+06 9.416245614771378003e-01 2.738666977053838612e-04
2.458940141464661807e+06 9.418661020939205208e-01 2.739362541470750359e-04
2.458940146104761865e+06 9.420774783879014569e-01 2.740058105817858459e-04
2.458940150744862389e+06 9.423160621713227991e-01 2.740753670234769663e-04
2.458940155384962447e+06 9.426142864147518674e-01 2.741449234581877763e-04
2.458940160025062505e+06 9.429721511391393474e-01 2.742128675094948728e-04
2.458940164665163029e+06 9.433896563893769960e-01 2.742806526926925463e-04
2.458940169305263087e+06 9.438650809027798738e-01 2.743484378690875559e-04
2.458940173945363611e+06 9.443928054521256721e-01 2.744162230522852295e-04
2.458940178585463669e+06 9.449723945266440550e-01 2.744984284199493375e-04
2.458940183225563727e+06 9.456038481766929626e-01 2.746005144487390407e-04
2.458940187865664251e+06 9.462858293858037451e-01 2.747026004877737497e-04
2.458940192505764309e+06 9.469623357253065254e-01 2.748046865165634529e-04
2.458940197145864833e+06 9.476038368869911244e-01 2.749067725555981077e-04
2.458940201785964891e+06 9.482103327421009809e-01 2.750322016724792589e-04
2.458940206426065415e+06 9.487818234123668315e-01 2.751593742551493044e-04
2.458940211066165473e+06 9.493447546391913239e-01 2.752865468250567725e-04
2.458940215706265531e+06 9.499796567820260051e-01 2.754137193949642405e-04
2.458940220346366055e+06 9.506920937578786646e-01 2.755531434497207393e-04
2.458940224986466113e+06 9.514820654237547970e-01 2.757081222608975834e-04
2.458940229626566637e+06 9.523482046642437471e-01 2.758631010876274703e-04
2.458940234266666695e+06 9.532435508828919213e-01 2.760180798988043143e-04
2.458940238906766754e+06 9.541449952289593472e-01 2.761730587099812126e-04
2.458940243546867277e+06 9.550525377938293703e-01 2.763662306344340258e-04
2.458940248186967336e+06 9.559661783953474767e-01 2.765613830802479537e-04
2.458940252827067859e+06 9.568860974989515933e-01 2.767565355456465303e-04
2.458940257467167918e+06 9.578128072025732243e-01 2.769516879914604040e-04
2.458940262107267976e+06 9.587463389370841638e-01 2.771268089369992977e-04
2.458940266747368500e+06 9.596866927971969830e-01 2.772784901980734277e-04
2.458940271387468558e+06 9.606326766757866675e-01 2.774301714439254677e-04
2.458940276027569082e+06 9.615500478077513291e-01 2.775818527049995978e-04
2.458940280667669140e+06 9.624230753372078340e-01 2.777335339508516378e-04
2.458940285307769664e+06 9.632517594393833482e-01 2.779243294962272090e-04
2.458940289947869722e+06 9.640360999479512527e-01 2.781162974417726195e-04
2.458940294587969780e+06 9.648068027501236488e-01 2.783082653873180301e-04
2.458940299228070304e+06 9.656453167417926586e-01 2.785002333521285206e-04
2.458940303868170362e+06 9.665560177578302881e-01 2.786696210795399004e-04
2.458940308508270886e+06 9.675389059810249881e-01 2.788146444130271758e-04
2.458940313148370944e+06 9.685909616355953267e-01 2.789596677319605006e-04
2.458940317788471002e+06 9.696384451653249359e-01 2.791046910508938254e-04
2.458940322428571526e+06 9.706497275750929354e-01 2.792497143843810465e-04
2.458940327068671584e+06 9.716248086619230229e-01 2.794378902766159927e-04
2.458940331708772108e+06 9.725636886215249799e-01 2.796264538955387717e-04
2.458940336348872166e+06 9.734859844925242145e-01 2.798150174955381028e-04
2.458940340988972690e+06 9.744402813305413913e-01 2.800035811144608818e-04
2.458940345629072748e+06 9.754288496683786169e-01 2.802121032040168452e-04
2.458940350269172806e+06 9.764516896000851043e-01 2.804404886977155060e-04
2.458940354909273330e+06 9.775049154407265961e-01 2.806688742143338753e-04
2.458940359549373388e+06 9.785067895447402408e-01 2.808972597080325361e-04
2.458940364189473912e+06 9.794245752116690351e-01 2.811243042037320293e-04
2.458940368829573970e+06 9.802582722573026652e-01 2.812339337630679888e-04
2.458940373469674028e+06 9.810078807779654131e-01 2.813435633224039482e-04
2.458940378109774552e+06 9.817240417371485561e-01 2.814531928927419034e-04
2.458940382749874610e+06 9.825238656541689375e-01 2.815628224520778629e-04
2.458940387389975134e+06 9.834120605182113950e-01 2.816815168978498152e-04
2.458940392030075192e+06 9.843886261510050861e-01 2.818085324157706332e-04
2.458940396670175251e+06 9.854446100801134145e-01 2.819355479336913429e-04
2.458940401310275774e+06 9.864159958927822824e-01 2.820625634643588548e-04
2.458940405950375833e+06 9.872414501061551606e-01 2.821889921629240324e-04
2.458940410590476356e+06 9.879209728859107420e-01 2.822973717980574405e-04
2.458940415230576415e+06 9.884545640956607926e-01 2.824057514223143493e-04
2.458940419870676938e+06 9.889275381308630930e-01 2.825141310574477032e-04
2.458940424510776997e+06 9.895241083944379401e-01 2.826225106817046120e-04
2.458940429150877055e+06 9.902505587610591631e-01 2.827619991890539504e-04
2.458940433790977579e+06 9.911068893231819166e-01 2.829278190812369010e-04
2.458940438431077637e+06 9.920792378783148679e-01 2.830936389567788661e-04
2.458940443071178161e+06 9.929443310605811090e-01 2.832594588489618166e-04
2.458940447711278219e+06 9.936242323135406895e-01 2.834240136219550203e-04
2.458940452351378277e+06 9.941189417333033962e-01 2.835653562226868188e-04
2.458940456991478801e+06 9.944284593416387041e-01 2.837066988376032344e-04
2.458940461631578859e+06 9.946322556181477204e-01 2.838480414383350871e-04
2.458940466271679383e+06 9.948905160113735713e-01 2.839893840532515027e-04
2.458940470911779441e+06 9.952078014447067744e-01 2.840426177924680368e-04
2.458940475551879965e+06 9.955841119818298335e-01 2.840271224263744409e-04
2.458940480191980023e+06 9.960158064766003738e-01 2.840116270618358077e-04
2.458940484832080081e+06 9.964509107941921240e-01 2.839961316972972830e-04
2.458940489472180605e+06 9.968724961209123325e-01 2.839873799520950992e-04
2.458940494112280663e+06 9.972805623721442414e-01 2.840657015741606490e-04
2.458940498752381187e+06 9.976751096297911126e-01 2.841440232040862309e-04
2.458940503392481245e+06 9.980561378146629581e-01 2.842223448261518349e-04
2.458940508032581303e+06 9.984236469670330072e-01 2.843006664482173847e-04
2.458940512672681827e+06 9.987724894286900135e-01 2.843789880781429666e-04
2.458940517312781885e+06 9.990800717427302802e-01 2.844573097002085164e-04
2.458940521952882409e+06 9.993437381603478276e-01 2.845356313301340982e-04
2.458940526592982467e+06 9.995634886286218768e-01 2.846139529521996480e-04
2.458940531233082525e+06 9.997393231762163879e-01 2.846867269062428041e-04
2.458940535873183049e+06 9.998712418141665337e-01 2.847047975046451034e-04
2.458940540513283107e+06 9.999592445159948273e-01 2.847228681012339119e-04
2.458940545153383631e+06 1.000000000000000000e+00 2.847409386996362654e-04
2.458940549793483689e+06 9.999876637557285619e-01 2.847590092962250740e-04
2.458940554433584213e+06 9.999221272899037061e-01 2.847385383987463591e-04
2.458940559073684271e+06 9.998033906156794659e-01 2.846926050411167268e-04
2.458940563713784330e+06 9.996339755533253379e-01 2.846466716834871488e-04
2.458940568353884853e+06 9.994427198111345279e-01 2.846007383212478684e-04
2.458940572993984912e+06 9.992377884823583356e-01 2.845529729031576497e-04
2.458940577634085435e+06 9.990191815258642194e-01 2.844907213589243440e-04
2.458940582274185494e+06 9.987868989855297475e-01 2.844284698209383739e-04
2.458940586914285552e+06 9.985409146943605707e-01 2.843662182829524037e-04
2.458940591554386076e+06 9.982811858691968965e-01 2.843039667387190980e-04
2.458940596194486134e+06 9.980077119503063532e-01 2.842877452228885363e-04
2.458940600834586658e+06 9.977204928828000696e-01 2.842994531106755635e-04
2.458940605474686716e+06 9.974167833052448584e-01 2.843111609972876408e-04
2.458940610114786774e+06 9.970682518705157316e-01 2.843228688838997180e-04
2.458940614754887298e+06 9.966674278703138157e-01 2.843193598510009392e-04
2.458940619394987356e+06 9.962143113850890908e-01 2.842161935218146256e-04
2.458940624035087880e+06 9.957089023238958614e-01 2.841130271822748859e-04
2.458940628675187938e+06 9.951535944563097980e-01 2.840098608530885723e-04
2.458940633315288462e+06 9.945520333036772520e-01 2.839066945135488868e-04
2.458940637955388520e+06 9.939042574375139827e-01 2.837605732979629563e-04
2.458940642595488578e+06 9.932102667997692036e-01 2.835905576998859067e-04
2.458940647235589102e+06 9.924783224609822208e-01 2.834205420847467133e-04
2.458940651875689160e+06 9.917857103204354985e-01 2.832505264866696636e-04
2.458940656515789684e+06 9.911513918077395902e-01 2.830898799901445414e-04
2.458940661155889742e+06 9.905753670502097652e-01 2.829812365833834381e-04
2.458940665795989800e+06 9.900576359812631733e-01 2.828725931766223347e-04
2.458940670436090324e+06 9.895566694102387872e-01 2.827639497589582774e-04
2.458940675076190382e+06 9.890136191869510762e-01 2.826553063521972282e-04
2.458940679716290906e+06 9.884280558874856126e-01 2.825313895523640898e-04
2.458940684356390964e+06 9.877999796293719381e-01 2.823997009551418758e-04
2.458940688996491488e+06 9.871235541055568552e-01 2.822680123447039420e-04
2.458940693636591546e+06 9.863490813328462670e-01 2.821363237474817280e-04
2.458940698276691604e+06 9.854652290747779597e-01 2.820002575595517810e-04
2.458940702916792128e+06 9.844719972261867236e-01 2.818432437366887012e-04
2.458940707556892186e+06 9.833693859864262032e-01 2.816862299295828194e-04
2.458940712196992710e+06 9.822574815196057907e-01 2.815292161067197395e-04
2.458940716837092768e+06 9.812680807198450594e-01 2.813722022996139119e-04
2.458940721477192827e+06 9.804017876903590167e-01 2.811879148324578515e-04
2.458940726117293350e+06 9.796586023627420481e-01 2.809909660593681944e-04
2.458940730757393409e+06 9.790132402866988937e-01 2.807940173060434886e-04
2.458940735397493932e+06 9.782690186864347881e-01 2.805970685329538315e-04
2.458940740037593991e+06 9.773843104648468616e-01 2.804056174980186023e-04
2.458940744677694049e+06 9.763591155542977740e-01 2.802371470470148306e-04
2.458940749317794573e+06 9.751934338307546302e-01 2.800686765791040103e-04
2.458940753957894631e+06 9.739924295530004716e-01 2.799002061281002387e-04
2.458940758597995155e+06 9.728846098089951600e-01 2.797317356601894183e-04
2.458940763238095213e+06 9.718702899801574535e-01 2.795488629966458934e-04
2.458940767878195737e+06 9.709494698629010934e-01 2.793599100070790430e-04
2.458940772518295795e+06 9.701065438522058493e-01 2.791709570364748344e-04
2.458940777158395853e+06 9.692302713469365116e-01 2.789820040658705716e-04
2.458940781798496377e+06 9.682988314487722681e-01 2.787903575524466947e-04
2.458940786438596435e+06 9.673122243446637958e-01 2.785887733807027099e-04
2.458940791078696959e+06 9.662704498365873862e-01 2.783871891887285967e-04
2.458940795718797017e+06 9.652150500271322597e-01 2.781856050169847203e-04
2.458940800358897075e+06 9.641930525838331434e-01 2.779840208452407898e-04
2.458940804998997599e+06 9.632045019546688902e-01 2.778049125731941885e-04
2.458940809639097657e+06 9.622493983380532301e-01 2.776344007793905963e-04
2.458940814279198181e+06 9.613221473255955107e-01 2.774638889684751496e-04
2.458940818919298239e+06 9.603861056062011903e-01 2.772933771746715031e-04
2.458940823559398763e+06 9.594346222651047862e-01 2.771253095805489407e-04
2.458940828199498821e+06 9.584676974932798688e-01 2.769652683050446334e-04
2.458940832839598879e+06 9.574853311960145330e-01 2.768052270295402718e-04
2.458940837479699403e+06 9.564974599517622744e-01 2.766451857379748644e-04
2.458940842119799461e+06 9.555144849393333306e-01 2.764851444624705570e-04
2.458940846759899985e+06 9.545364073095160551e-01 2.764749295552189541e-04
2.458940851400000043e+06 9.535632272586218594e-01 2.765163937288042596e-04
