2.458811000000000000e+06 9.981291473698084005e-01 2.968019471561295889e-04
2.458811004640100058e+06 9.976810473290277370e-01 2.967107772706372814e-04
2.458811009280200582e+06 9.972637055369700798e-01 2.966196073759955545e-04
2.458811013920300640e+06 9.968775338687506649e-01 2.965547321539360910e-04
2.458811018560401164e+06 9.965225322468601599e-01 2.965032002517849251e-04
2.458811023200501222e+06 9.961892901186214511e-01 2.964516683548053494e-04
2.458811027840601280e+06 9.957979191979756672e-01 2.964001364578256652e-04
2.458811032480701804e+06 9.953302485287848222e-01 2.963328655942071049e-04
2.458811037120801862e+06 9.947862782049158303e-01 2.961906724741352913e-04
2.458811041760902386e+06 9.941660081171873609e-01 2.960484793397934796e-04
2.458811046401002444e+06 9.935096320644182244e-01 2.959062862197216659e-04
2.458811051041102968e+06 9.928699203937075835e-01 2.957640930853798543e-04
2.458811055681203026e+06 9.922471100179870440e-01 2.956658223334359065e-04
2.458811060321303084e+06 9.916412008722099714e-01 2.955878588327410768e-04
2.458811064961403608e+06 9.910446016536624825e-01 2.955098953242221022e-04
2.458811069601503666e+06 9.903985078183905610e-01 2.954319318235273267e-04
2.458811074241604190e+06 9.896905173310974746e-01 2.953467829395722117e-04
2.458811078881704248e+06 9.889206303338854420e-01 2.952317938408027375e-04
2.458811083521804307e+06 9.880888467588095914e-01 2.951168047420332633e-04
2.458811088161904830e+06 9.872378159816326271e-01 2.950018156317239749e-04
2.458811092802004889e+06 9.864194437295278339e-01 2.948868265329545007e-04
2.458811097442105412e+06 9.856338520951094528e-01 2.947179010192169774e-04
2.458811102082205471e+06 9.848810412360552435e-01 2.945263299762016147e-04
2.458811106722305994e+06 9.841504380500375460e-01 2.943347589139610706e-04
2.458811111362406053e+06 9.833670658228208517e-01 2.941431878709457079e-04
2.458811116002506111e+06 9.825162850819393334e-01 2.939445319621667298e-04
2.458811120642606635e+06 9.815980957318649613e-01 2.937199355207770137e-04
2.458811125282706693e+06 9.806124979568893174e-01 2.934953391019268307e-04
2.458811129922807217e+06 9.795983328466275619e-01 2.932707426605371146e-04
2.458811134562907275e+06 9.785993439224699442e-01 2.930461462416869317e-04
2.458811139203007333e+06 9.776155691505864498e-01 2.928515339925027820e-04
2.458811143843107857e+06 9.766470084345397762e-01 2.926683087619581639e-04
2.458811148483207915e+06 9.756905946226496207e-01 2.924850835498012894e-04
2.458811153123308439e+06 9.747263582102667634e-01 2.923018583192566714e-04
2.458811157763408497e+06 9.737506959144542895e-01 2.921078207195837114e-04
2.458811162403508555e+06 9.727636076390181463e-01 2.918785835466367116e-04
2.458811167043609079e+06 9.717650932831787269e-01 2.916493463506844596e-04
2.458811171683709137e+06 9.707506522476478938e-01 2.914201091777374598e-04
2.458811176323809661e+06 9.697156031828142453e-01 2.911908719817851536e-04
2.458811180963909719e+06 9.686599458470240842e-01 2.910131878464416490e-04
2.458811185604010243e+06 9.675836800283944550e-01 2.908531287392087349e-04
2.458811190244110301e+06 9.664973209011515909e-01 2.906930696480386554e-04
2.458811194884210359e+06 9.654638729253148810e-01 2.905330105568685217e-04
2.458811199524310883e+06 9.644938225836249268e-01 2.903759432688196584e-04
2.458811204164410941e+06 9.635871700707824283e-01 2.902275959749482095e-04
2.458811208804511465e+06 9.627439093752140353e-01 2.900792486661892011e-04
2.458811213444611523e+06 9.619107619508717733e-01 2.899309013723178063e-04
2.458811218084711581e+06 9.610366377897933132e-01 2.897825540784463032e-04
2.458811222724812105e+06 9.601215367980870941e-01 2.896323651781170828e-04
2.458811227364912163e+06 9.591654591594245272e-01 2.894816127276798618e-04
2.458811232005012687e+06 9.581739809280763742e-01 2.893308602621137379e-04
2.458811236645112745e+06 9.571779228357230052e-01 2.891801078116765168e-04
2.458811241285213269e+06 9.561820056683991709e-01 2.889992169047133361e-04
2.458811245925313327e+06 9.551862296259968632e-01 2.887392339292655947e-04
2.458811250565413386e+06 9.541906286593827557e-01 2.884792509538179075e-04
2.458811255205513909e+06 9.532326901069144709e-01 2.882192679522793829e-04
2.458811259845613968e+06 9.523456145417015239e-01 2.879592849768316956e-04
2.458811264485714491e+06 9.515294017856976705e-01 2.877907814749287754e-04
2.458811269125814550e+06 9.507840520027261988e-01 2.876471628602310306e-04
2.458811273765914608e+06 9.500924382168366433e-01 2.875035442455331773e-04
2.458811278406015132e+06 9.493670686386446178e-01 2.873599256164224283e-04
2.458811283046115190e+06 9.485956409744297213e-01 2.872024839465159101e-04
2.458811287686215714e+06 9.477781550693574752e-01 2.870122253759470267e-04
2.458811292326315772e+06 9.469147714107972735e-01 2.868219668244717025e-04
2.458811296966415830e+06 9.460718592477053157e-01 2.866317082729963241e-04
2.458811301606516354e+06 9.453038149636091569e-01 2.864414497024274408e-04
2.458811306246616412e+06 9.446106387126639303e-01 2.863789488868288130e-04
2.458811310886716936e+06 9.439923303557413714e-01 2.863470789906134221e-04
2.458811315526816994e+06 9.434472235260892292e-01 2.863152090975963735e-04
2.458811320166917518e+06 9.429674361306088493e-01 2.862833392013810368e-04
2.458811324807017576e+06 9.425519537700999262e-01 2.862227720525968599e-04
2.458811329447117634e+06 9.422007763931860014e-01 2.861003288655927053e-04
2.458811334087218158e+06 9.419135502905976454e-01 2.859778856663006369e-04
2.458811338727318216e+06 9.416128421567782070e-01 2.858554424792964280e-04
2.458811343367418740e+06 9.412398187067102517e-01 2.857329992800043596e-04
2.458811348007518798e+06 9.407944800152643339e-01 2.856439523994750698e-04
2.458811352647618856e+06 9.402768260486336072e-01 2.855618882117632392e-04
2.458811357287719380e+06 9.397130595895628602e-01 2.854798240158157546e-04
2.458811361927819438e+06 9.392180982814467560e-01 2.853977598281039240e-04
2.458811366567919962e+06 9.388054375259986539e-01 2.853468774130895735e-04
2.458811371208020020e+06 9.384750774060444112e-01 2.853572578922973870e-04
2.458811375848120078e+06 9.382269303276372652e-01 2.853676383715052006e-04
2.458811380488220602e+06 9.380490263737180090e-01 2.853780188517547156e-04
2.458811385128320660e+06 9.379329222881231942e-01 2.853883993309625834e-04
2.458811389768421184e+06 9.378786180475491285e-01 2.853325115752375872e-04
2.458811394408521242e+06 9.378861136628953155e-01 2.852647024935796630e-04
2.458811399048621766e+06 9.379432540813986696e-01 2.851968934051166897e-04
2.458811403688721824e+06 9.380005426820989811e-01 2.851290843234587655e-04
2.458811408328821883e+06 9.380526952763389437e-01 2.851064379692587643e-04
2.458811412968922406e+06 9.380997118685792113e-01 2.851648650630778884e-04
2.458811417609022465e+06 9.381414521305906362e-01 2.852232921510335388e-04
2.458811422249122988e+06 9.381646979729794111e-01 2.852817192448526629e-04
2.458811426889223047e+06 9.381607826926835481e-01 2.853401463328083675e-04
2.458811431529323105e+06 9.381297062933989794e-01 2.853664408571646356e-04
2.458811436169423629e+06 9.380714687679184705e-01 2.853878486342902921e-04
2.458811440809523687e+06 9.380158051780453921e-01 2.854092564092676563e-04
2.458811445449624211e+06 9.380752704097328198e-01 2.854306641863933128e-04
2.458811450089724269e+06 9.382607429361914386e-01 2.854655843170423343e-04
2.458811454729824793e+06 9.385722227946480256e-01 2.855227177744461297e-04
2.458811459369924851e+06 9.390088100013682659e-01 2.855798512261162304e-04
2.458811464010024909e+06 9.395081913236525972e-01 2.856369846777863310e-04
2.458811468650125433e+06 9.400323499513179026e-01 2.856941181351901806e-04
2.458811473290225491e+06 9.405812857791595594e-01 2.858199384677641481e-04
2.458811477930326015e+06 9.411549989173552122e-01 2.859543823194037764e-04
2.458811482570426073e+06 9.417390347638778803e-01 2.860888261575512135e-04
2.458811487210526131e+06 9.422824840405424895e-01 2.862232699956985963e-04
2.458811491850626655e+06 9.427809132164698402e-01 2.863564094377789629e-04
2.458811496490726713e+06 9.432343221916192899e-01 2.864875815098618934e-04
2.458811501130827237e+06 9.436437338604254377e-01 2.866187535951087188e-04
2.458811505770927295e+06 9.440636410577173399e-01 2.867499256671915951e-04
2.458811510411027353e+06 9.445250046298226954e-01 2.868810977392745255e-04
2.458811515051127877e+06 9.450278246292824758e-01 2.869543755879749099e-04
2.458811519691227935e+06 9.455721009551749656e-01 2.870218518366835902e-04
2.458811524331328459e+06 9.461666884307280423e-01 2.870893280921638720e-04
2.458811528971428517e+06 9.468406285146111490e-01 2.871568043408725523e-04
2.458811533611529041e+06 9.475961880239092139e-01 2.872668715241664169e-04
2.458811538251629099e+06 9.484333668069726553e-01 2.874359609120426457e-04
2.458811542891729157e+06 9.493494176593954004e-01 2.876050502999188746e-04
2.458811547531829681e+06 9.502278376888648737e-01 2.877741397047641684e-04
2.458811552171929739e+06 9.510069423532715449e-01 2.879432290926403973e-04
2.458811556812030263e+06 9.516867318089911043e-01 2.881008968725106757e-04
2.458811561452130321e+06 9.522672059195818051e-01 2.882576967286304523e-04
2.458811566092230380e+06 9.528016305665094610e-01 2.884144965847502289e-04
2.458811570732330903e+06 9.534527966559809276e-01 2.885712964566057906e-04
2.458811575372430962e+06 9.542320209333049474e-01 2.887208082031474869e-04
2.458811580012531485e+06 9.551393035548807475e-01 2.888610294479071776e-04
2.458811584652631544e+06 9.561700924060356765e-01 2.890012506785948456e-04
2.458811589292732067e+06 9.571666903534203907e-01 2.891414719233544820e-04
2.458811593932832126e+06 9.580512494035345883e-01 2.892816931540421500e-04
2.458811598572932184e+06 9.588237696620144357e-01 2.894295850916818740e-04
2.458811603213032708e+06 9.594842511895214088e-01 2.895778821323458574e-04
2.458811607853132766e+06 9.600741381172201994e-01 2.897261791581272686e-04
2.458811612493233290e+06 9.607115175196497825e-01 2.898744761987911435e-04
2.458811617133333348e+06 9.614036490064017393e-01 2.900331221096744561e-04
2.458811621773433406e+06 9.621505326386938783e-01 2.902039133106135518e-04
2.458811626413533930e+06 9.629517231353906803e-01 2.903747045286925827e-04
2.458811631053633988e+06 9.637943535289521524e-01 2.905454957296317326e-04
2.458811635693734512e+06 9.646724998208008328e-01 2.907162869477107636e-04
2.458811640333834570e+06 9.655861618346824882e-01 2.909025002166629051e-04
2.458811644973934628e+06 9.665353396569422717e-01 2.910891855430415066e-04
2.458811649614035152e+06 9.674866950616149985e-01 2.912758708881551216e-04
2.458811654254135210e+06 9.683516358009350844e-01 2.914625562145336688e-04
2.458811658894235734e+06 9.691253853844949973e-01 2.916045988229756846e-04
2.458811663534335792e+06 9.698079436569938538e-01 2.916983810687312690e-04
2.458811668174436316e+06 9.704029891133264529e-01 2.917921633238984330e-04
2.458811672814536374e+06 9.710006268050392908e-01 2.918859455696539633e-04
2.458811677454636432e+06 9.716395581531422909e-01 2.919797278154094935e-04
2.458811682094736956e+06 9.723197832279717456e-01 2.921903298046718057e-04
2.458811686734837014e+06 9.730413018929989777e-01 2.924020212138334074e-04
2.458811691374937538e+06 9.737999045273488807e-01 2.926137126442395170e-04
2.458811696015037596e+06 9.745851553658216870e-01 2.928254040534011187e-04
2.458811700655137654e+06 9.753965658101854119e-01 2.930139872762044825e-04
2.458811705295238178e+06 9.762341359458077683e-01 2.931795537086549558e-04
2.458811709935338236e+06 9.770942385204488545e-01 2.933451201244898139e-04
2.458811714575438760e+06 9.779005036576859933e-01 2.935106865569402871e-04
2.458811719215538818e+06 9.786223297342522276e-01 2.936758299805353320e-04
2.458811723855639342e+06 9.792597168950263331e-01 2.938036988833307435e-04
2.458811728495739400e+06 9.798126650120774217e-01 2.939315677732937549e-04
2.458811733135839459e+06 9.803218677908194234e-01 2.940594366632567663e-04
2.458811737775939982e+06 9.808814340217391070e-01 2.941873055660521236e-04
2.458811742416040041e+06 9.814951469127992656e-01 2.943239209019997112e-04
2.458811747056140564e+06 9.821630065871794768e-01 2.944685631001181156e-04
2.458811751696240623e+06 9.828788355648094832e-01 2.946132052837207877e-04
2.458811756336340681e+06 9.835295551376436185e-01 2.947578474673235140e-04
2.458811760976441205e+06 9.840728981666752029e-01 2.949009762671558335e-04
2.458811765616541263e+06 9.845088645428491381e-01 2.949978481607110114e-04
2.458811770256641787e+06 9.848374543536687620e-01 2.950947200639877422e-04
2.458811774896741845e+06 9.851145205711283603e-01 2.951915919575429201e-04
2.458811779536841903e+06 9.854605572553514214e-01 2.952884638510979896e-04
2.458811784176942427e+06 9.858796656853305862e-01 2.953669523118360824e-04
2.458811788817042485e+06 9.863718457769460324e-01 2.954299008298765070e-04
2.458811793457143009e+06 9.869311163514062901e-01 2.954928493542341981e-04
2.458811798097243067e+06 9.874613690760205564e-01 2.955557978722746768e-04
2.458811802737343591e+06 9.879291009572652715e-01 2.956193963493864742e-04
2.458811807377443649e+06 9.883343119012608646e-01 2.956948102313844721e-04
2.458811812017543707e+06 9.886770019580843893e-01 2.957702241133823616e-04
2.458811816657644231e+06 9.889715901024169753e-01 2.958456380029485786e-04
2.458811821297744289e+06 9.892470881862591714e-01 2.959210518849465224e-04
2.458811825937844813e+06 9.895043182706895202e-01 2.960015830096484257e-04
2.458811830577944871e+06 9.897432803040790983e-01 2.960860962914573218e-04
2.458811835218044929e+06 9.899650159699149299e-01 2.961706095732661637e-04
2.458811839858145453e+06 9.901843380989964194e-01 2.962551228635565024e-04
2.458811844498245511e+06 9.904060605894788871e-01 2.963344068091521054e-04
2.458811849138346035e+06 9.906301834858650679e-01 2.963468910131453844e-04
2.458811853778446093e+06 9.908567067431707232e-01 2.963593752158858135e-04
2.458811858418546617e+06 9.910667280310790916e-01 2.963718594198790925e-04
2.458811863058646675e+06 9.912247882725404580e-01 2.963843436226195217e-04
2.458811867698746733e+06 9.913300685591007744e-01 2.963770013633835391e-04
2.458811872338847257e+06 9.913825688933802782e-01 2.963554679954293470e-04
2.458811876978947315e+06 9.913832315893403857e-01 2.963339346296361325e-04
2.458811881619047839e+06 9.913439998346826876e-01 2.963124012616818862e-04
2.458811886259147897e+06 9.912684902084215599e-01 2.962917170219275765e-04
2.458811890899247956e+06 9.911567027084400294e-01 2.962793081765477442e-04
2.458811895539348479e+06 9.910086373180584385e-01 2.962668993299226515e-04
2.458811900179448538e+06 9.908490477481392000e-01 2.962544904845428192e-04
2.458811904819549061e+06 9.907212046801584515e-01 2.962420816379176722e-04
2.458811909459649120e+06 9.906259012935174635e-01 2.962553021673000131e-04
2.458811914099749178e+06 9.905631375737539157e-01 2.962853760332897113e-04
2.458811918739849702e+06 9.905259182821986030e-01 2.963154499022975031e-04
2.458811923379949760e+06 9.904347411709042426e-01 2.963455237682872012e-04
2.458811928020050284e+06 9.902671891483835198e-01 2.963590838817448656e-04
2.458811932660150342e+06 9.900232622482659783e-01 2.962436866486953843e-04
2.458811937300250866e+06 9.897029604215927812e-01 2.961282894040650517e-04
2.458811941940350924e+06 9.893554231741420457e-01 2.960128921710155161e-04
2.458811946580450982e+06 9.890606398083277018e-01 2.958974949379659805e-04
2.458811951220551506e+06 9.888197341900758497e-01 2.958378719177315037e-04
2.458811955860651564e+06 9.886327063677389226e-01 2.958118924688239314e-04
2.458811960500752088e+06 9.884889134945707978e-01 2.957859130173091239e-04
2.458811965140852146e+06 9.882793118238183405e-01 2.957599335684014973e-04
2.458811969780952204e+06 9.879752948042483940e-01 2.957473383621656102e-04
2.458811974421052728e+06 9.875768623911382882e-01 2.958212576556017550e-04
2.458811979061152786e+06 9.870840146644581647e-01 2.958951769416195716e-04
2.458811983701253310e+06 9.865289096548450765e-01 2.959690962350557163e-04
2.458811988341353368e+06 9.859602518644430269e-01 2.960430155210735329e-04
2.458811992981453426e+06 9.853785416365026251e-01 2.959290505196222366e-04
2.458811997621553950e+06 9.847837789106812512e-01 2.957113179784603366e-04
2.458812002261654008e+06 9.841792423578603621e-01 2.954935854591492846e-04
2.458812006901754532e+06 9.835953559033814297e-01 2.952758529179874388e-04
2.458812011541854590e+06 9.830395381991140491e-01 2.950907609973416621e-04
2.458812016181955114e+06 9.825117891334987918e-01 2.950843807405978858e-04
2.458812020822055172e+06 9.820121088124611486e-01 2.950780004844943852e-04
2.458812025462155230e+06 9.815034942528962913e-01 2.950716202283908845e-04
2.458812030102255754e+06 9.809338578535724551e-01 2.950652399716471082e-04
2.458812034742355812e+06 9.803028338118554563e-01 2.949134223174106973e-04
2.458812039382456336e+06 9.796104220010918295e-01 2.946882294073674869e-04
2.458812044022556394e+06 9.788629798788137659e-01 2.944630365199237118e-04
2.458812048662656453e+06 9.781141583180215093e-01 2.942378436324798825e-04
2.458812053302756976e+06 9.773761026603022817e-01 2.940333592771232651e-04
2.458812057942857035e+06 9.766488130537925860e-01 2.939265716269119470e-04
2.458812062582957558e+06 9.759322893525168574e-01 2.938197839659838868e-04
2.458812067223057617e+06 9.752359715364891102e-01 2.937129963157726230e-04
2.458812071863158140e+06 9.745721944236288570e-01 2.936062086548445627e-04
2.458812076503258198e+06 9.739410116107906079e-01 2.935258379479793343e-04
2.458812081143358257e+06 9.733424230297249569e-01 2.934576081468809501e-04
2.458812085783458780e+06 9.727653566869595148e-01 2.933893783389353413e-04
2.458812090423558839e+06 9.721245293784531727e-01 2.933211485378370113e-04
2.458812095063659362e+06 9.714020410785221271e-01 2.932143009137746126e-04
2.458812099703759421e+06 9.705978919321781584e-01 2.929483899429776079e-04
2.458812104343859479e+06 9.697120818710129875e-01 2.926824789721806032e-04
2.458812108983960003e+06 9.687928182620433315e-01 2.924165679746979678e-04
2.458812113624060061e+06 9.678984885414493311e-01 2.921506570039009631e-04
2.458812118264160585e+06 9.670292234481292493e-01 2.919939855755433722e-04
2.458812122904260643e+06 9.661850231565547453e-01 2.918828962813482743e-04
2.458812127544360701e+06 9.653684706313435671e-01 2.917718069871531221e-04
2.458812132184461225e+06 9.645977836571932862e-01 2.916607176818095527e-04
2.458812136824561283e+06 9.638765020868131916e-01 2.915469666714871097e-04
2.458812141464661807e+06 9.632046257754336427e-01 2.914235438812993908e-04
2.458812146104761865e+06 9.625821548579081011e-01 2.913001211034978687e-04
2.458812150744862389e+06 9.619451612173925970e-01 2.911766983133101498e-04
2.458812155384962447e+06 9.612220026802641426e-01 2.910532755355086819e-04
2.458812160025062505e+06 9.604126218668678217e-01 2.908719121800074190e-04
2.458812164665163029e+06 9.595170186829981018e-01 2.906686859539580258e-04
2.458812169305263087e+06 9.585525450108568490e-01 2.904654597483035598e-04
2.458812173945363611e+06 9.576315722681379983e-01 2.902622335222541125e-04
2.458812178585463669e+06 9.567742771093669107e-01 2.900712777159892381e-04
2.458812183225563727e+06 9.559806594389236301e-01 2.899199852820658692e-04
2.458812187865664251e+06 9.552507191867493086e-01 2.897686928329593872e-04
2.458812192505764309e+06 9.545629705305616053e-01 2.896174003990360725e-04
2.458812197145864833e+06 9.538951788652879626e-01 2.894661079499295906e-04
2.458812201785964891e+06 9.532473427023432366e-01 2.893306182573872039e-04
2.458812206426065415e+06 9.526194619116989948e-01 2.892004949480785981e-04
2.458812211066165473e+06 9.520043068362626926e-01 2.890703716518286653e-04
2.458812215706265531e+06 9.513587774747916948e-01 2.889402483555786783e-04
2.458812220346366055e+06 9.506757366947583554e-01 2.888225663497769654e-04
2.458812224986466113e+06 9.499551846332570104e-01 2.887409041064280192e-04
2.458812229626566637e+06 9.491971260189215887e-01 2.886592418548836973e-04
2.458812234266666695e+06 9.484371237111006714e-01 2.885775796115347511e-04
2.458812238906766754e+06 9.477091089108115041e-01 2.884959173681857507e-04
2.458812243546867277e+06 9.470130815498087884e-01 2.883660196898642919e-04
2.458812248186967336e+06 9.463490417677931088e-01 2.882214654651924488e-04
2.458812252827067859e+06 9.457231894605782063e-01 2.880769112260137097e-04
2.458812257467167918e+06 9.451696238994451438e-01 2.879323570013418124e-04
2.458812262107267976e+06 9.446935409213464974e-01 2.878228719039972131e-04
2.458812266747368500e+06 9.442949404901682664e-01 2.878048363779134983e-04
2.458812271387468558e+06 9.439737631145002084e-01 2.877868008536396964e-04
2.458812276027569082e+06 9.436693383327604545e-01 2.877687653275559816e-04
2.458812280667669140e+06 9.433281944541463959e-01 2.877507298032822339e-04
2.458812285307769664e+06 9.429503314101862488e-01 2.876564258913023257e-04
2.458812289947869722e+06 9.425357492767216794e-01 2.875415310637477093e-04
2.458812294587969780e+06 9.420945808166160118e-01 2.874266362361930388e-04
2.458812299228070304e+06 9.416783402190297414e-01 2.873117413971079865e-04
2.458812303868170362e+06 9.412942322175021914e-01 2.872322740604160750e-04
2.458812308508270886e+06 9.409422567349381428e-01 2.872364061549956618e-04
2.458812313148370944e+06 9.406224793234437831e-01 2.872405382491605955e-04
2.458812317788471002e+06 9.403607780207768885e-01 2.872446703433255292e-04
2.458812322428571526e+06 9.401782625605242805e-01 2.872488024379051159e-04
2.458812327068671584e+06 9.400749329793188780e-01 2.872506160558902909e-04
2.458812331708772108e+06 9.400507892564209378e-01 2.872518782914685567e-04
2.458812336348872166e+06 9.400887962102276729e-01 2.872531405269201877e-04
2.458812340988972690e+06 9.401087601073522260e-01 2.872544027624984535e-04
2.458812345629072748e+06 9.401004162935414632e-01 2.872871530982316858e-04
2.458812350269172806e+06 9.400637647722196455e-01 2.873874034778275965e-04
2.458812354909273330e+06 9.399990553505143120e-01 2.874876538674842530e-04
2.458812359549373388e+06 9.399592175273236982e-01 2.875879042470801637e-04
2.458812364189473912e+06 9.399842817339920664e-01 2.876881546367367659e-04
2.458812368829573970e+06 9.400742479654885519e-01 2.876545076206314905e-04
2.458812373469674028e+06 9.402291162210719699e-01 2.875931102302907113e-04
2.458812378109774552e+06 9.404403851011909898e-01 2.875317128337883028e-04
2.458812382749874610e+06 9.406709406710763721e-01 2.874703154434474694e-04
2.458812387389975134e+06 9.409164494023952718e-01 2.874635046222212423e-04
2.458812392030075192e+06 9.411769112458713282e-01 2.875633405342227391e-04
2.458812396670175251e+06 9.414524693796967325e-01 2.876631764462242360e-04
2.458812401310275774e+06 9.417622095304409857e-01 2.877630123682448451e-04
2.458812405950375833e+06 9.421195336887617788e-01 2.878628482802463419e-04
2.458812410590476356e+06 9.425244419263781870e-01 2.879107522581994712e-04
2.458812415230576415e+06 9.429769341620203305e-01 2.879494042923150298e-04
2.458812419870676938e+06 9.434718858392464602e-01 2.879880563303095385e-04
2.458812424510776997e+06 9.439885223725927865e-01 2.880267083644250971e-04
2.458812429150877055e+06 9.445246391211150616e-01 2.881071118879450469e-04
2.458812433790977579e+06 9.450802361415483466e-01 2.882620591410469443e-04
2.458812438431077637e+06 9.456556260297207528e-01 2.884170063785989973e-04
2.458812443071178161e+06 9.462796717235235633e-01 2.885719536317008947e-04
2.458812447711278219e+06 9.469712140693423708e-01 2.887269008692528935e-04
2.458812452351378277e+06 9.477302531264168994e-01 2.889277661954576322e-04
2.458812456991478801e+06 9.485567889810815334e-01 2.891355389447536686e-04
2.458812461631578859e+06 9.494283345122999096e-01 2.893433116731984373e-04
2.458812466271679383e+06 9.502601456278162440e-01 2.895510844224944737e-04
2.458812470911779441e+06 9.510440822015325812e-01 2.897379643507076675e-04
2.458812475551879965e+06 9.517801443907945025e-01 2.898906791391624464e-04
2.458812480191980023e+06 9.524683320478652959e-01 2.900433939122914312e-04
2.458812484832080081e+06 9.531086452490158401e-01 2.901961086854204703e-04
2.458812489472180605e+06 9.537010840512981646e-01 2.903488234738752492e-04
2.458812494112280663e+06 9.543043132236840309e-01 2.905015382470042340e-04
2.458812498752381187e+06 9.550069920849015848e-01 2.906542530354590129e-04
2.458812503392481245e+06 9.558100222028658166e-01 2.908069678085879978e-04
2.458812508032581303e+06 9.567134036430593458e-01 2.909596825817169826e-04
2.458812512672681827e+06 9.577171365112479018e-01 2.911245213555069158e-04
2.458812517312781885e+06 9.588212206059708587e-01 2.913075517553102042e-04
2.458812521952882409e+06 9.600234693586198187e-01 2.914905821734817206e-04
2.458812526592982467e+06 9.612090712862370045e-01 2.916736125732850632e-04
2.458812531233082525e+06 9.623130738891539915e-01 2.918566429730883515e-04
2.458812535873183049e+06 9.633354772658805354e-01 2.920801224024634451e-04
2.458812540513283107e+06 9.642762812112083415e-01 2.923075947786279928e-04
2.458812545153383631e+06 9.651482790328340666e-01 2.925350671776206883e-04
2.458812549793483689e+06 9.659932501599777233e-01 2.927625395537851818e-04
2.458812554433584213e+06 9.668144335388663135e-01 2.929461130588570730e-04
2.458812559073684271e+06 9.676118290046785697e-01 2.930691590169103933e-04
2.458812563713784330e+06 9.683863876730095521e-01 2.931922049749638220e-04
2.458812568353884853e+06 9.691779250443385285e-01 2.933152509453655545e-04
2.458812572993984912e+06 9.700074329049577226e-01 2.934382969034189832e-04
2.458812577634085435e+06 9.708749114213593989e-01 2.936127293109448136e-04
2.458812582274185494e+06 9.717803604194300560e-01 2.937909933475471667e-04
2.458812586914285552e+06 9.727123904594702219e-01 2.939692573841496282e-04
2.458812591554386076e+06 9.736363397291141197e-01 2.941475214386418593e-04
2.458812596194486134e+06 9.745498156395007161e-01 2.943427111997792530e-04
2.458812600834586658e+06 9.754528183739753500e-01 2.945593698161894547e-04
2.458812605474686716e+06 9.763452832707008033e-01 2.947760284108567408e-04
2.458812610114786774e+06 9.772250019167894042e-01 2.949926870055239727e-04
2.458812614754887298e+06 9.780908887164800891e-01 2.952093456219341745e-04
2.458812619394987356e+06 9.789429434959791010e-01 2.954729657506867434e-04
2.458812624035087880e+06 9.797811664263040843e-01 2.957390022486225617e-04
2.458812628675187938e+06 9.806208927504966866e-01 2.960050387198601184e-04
2.458812633315288462e+06 9.815056355199690552e-01 2.962710752177958825e-04
2.458812637955388520e+06 9.824380493813876791e-01 2.964865797451053230e-04
2.458812642595488578e+06 9.834181344211496700e-01 2.966430717905077009e-04
2.458812647235589102e+06 9.844429521464773680e-01 2.967995638516149099e-04
2.458812651875689160e+06 9.854284728147838512e-01 2.969560558970172877e-04
2.458812656515789684e+06 9.863361677767346070e-01 2.971125479581245509e-04
2.458812661155889742e+06 9.871660368501444793e-01 2.973056516479042439e-04
2.458812665795989800e+06 9.879180801300109227e-01 2.974998286270201411e-04
2.458812670436090324e+06 9.886116989679200051e-01 2.976940056256227292e-04
2.458812675076190382e+06 9.892982363223156161e-01 2.978881826047386264e-04
2.458812679716290906e+06 9.899804382790589052e-01 2.980721493423042854e-04
2.458812684356390964e+06 9.906583047012239573e-01 2.982451320746455875e-04
2.458812688996491488e+06 9.913319867769848637e-01 2.984181148243467011e-04
2.458812693636591546e+06 9.920051501303234209e-01 2.985910975566880574e-04
2.458812698276691604e+06 9.926793628405847780e-01 2.987640802890293595e-04
2.458812702916792128e+06 9.933546249755884627e-01 2.989559068994133680e-04
2.458812707556892186e+06 9.940309363998012238e-01 2.991478859523503692e-04
2.458812712196992710e+06 9.946889391727073981e-01 2.993398650245535347e-04
2.458812716837092768e+06 9.952808433778540520e-01 2.995318440774905359e-04
2.458812721477192827e+06 9.958044305892365111e-01 2.996672423646653811e-04
2.458812726117293350e+06 9.962597008491156370e-01 2.997465559503422806e-04
2.458812730757393409e+06 9.966473896505644303e-01 2.998258695280596182e-04
2.458812735397493932e+06 9.969828529830471187e-01 2.999051831137365719e-04
2.458812740037593991e+06 9.972722186746187933e-01 2.999842856461706637e-04
2.458812744677694049e+06 9.975154867612580079e-01 3.000466187081201577e-04
2.458812749317794573e+06 9.977126572604392285e-01 3.001089517763251731e-04
2.458812753957894631e+06 9.978884986406744151e-01 3.001712848382747214e-04
2.458812758597995155e+06 9.981000568674279760e-01 3.002336179064797367e-04
2.458812763238095213e+06 9.983496037666418355e-01 3.002981729914591062e-04
2.458812767878195737e+06 9.986371393884032610e-01 3.003647574673209758e-04
2.458812772518295795e+06 9.989592913018512377e-01 3.004313419365006363e-04
2.458812777158395853e+06 9.992548138679724357e-01 3.004979264056804053e-04
2.458812781798496377e+06 9.995009079619338044e-01 3.005667949550212934e-04
2.458812786438596435e+06 9.996975735343418545e-01 3.007028400279314600e-04
2.458812791078696959e+06 9.998448106246695666e-01 3.008388851144946051e-04
2.458812795718797017e+06 9.999434219756216935e-01 3.009749301874047717e-04
2.458812800358897075e+06 9.999951323989608731e-01 3.011109752603149383e-04
2.458812804998997599e+06 1.000000000000000000e+00 3.011894970083009351e-04
2.458812809639097657e+06 9.999580247777624109e-01 3.012196273747994404e-04
2.458812814279198181e+06 9.998712952469087645e-01 3.012497577443216772e-04
2.458812818919298239e+06 9.997731239083674781e-01 3.012798881108201283e-04
2.458812823559398763e+06 9.996750759436848766e-01 3.012993474783668703e-04
2.458812828199498821e+06 9.995771513725404400e-01 3.011294104567765009e-04
2.458812832839598879e+06 9.994793501850881556e-01 3.009594734351861856e-04
2.458812837479699403e+06 9.993538915352044860e-01 3.007895363965416955e-04
2.458812842119799461e+06 9.991451061306861892e-01 3.006195993749513260e-04
2.458812846759899985e+06 9.988514343726345723e-01 3.005120488067271724e-04
2.458812851400000043e+06 9.984728763199924861e-01 3.004528116799088755e-04
