2.458782000000000000e+06 9.623555985880527519e-01 4.282066956958277006e-04
2.458782004640100058e+06 9.632869681133504614e-01 4.285203597551368103e-04
2.458782009280200582e+06 9.641749877168174221e-01 4.288340238459238869e-04
2.458782013920300640e+06 9.650178543895947536e-01 4.290434086850634303e-04
2.458782018560401164e+06 9.658155683008555759e-01 4.291710765261270164e-04
2.458782023200501222e+06 9.665721608485159377e-01 4.292987443543783144e-04
2.458782027840601280e+06 9.673455379006044019e-01 4.294264121826296124e-04
2.458782032480701804e+06 9.681546296945318097e-01 4.295645475739755378e-04
2.458782037120801862e+06 9.689994360679041741e-01 4.298398987429088189e-04
2.458782041760902386e+06 9.698799571902838590e-01 4.301152499394752691e-04
2.458782046401002444e+06 9.707349333168900918e-01 4.303906011084084960e-04
2.458782051041102968e+06 9.714487650105569916e-01 4.306659523049748920e-04
2.458782055681203026e+06 9.720187334109464672e-01 4.309757995926180281e-04
2.458782060321303084e+06 9.724448385969141073e-01 4.313105137873246586e-04
2.458782064961403608e+06 9.727453974119545377e-01 4.316452280156218781e-04
2.458782069601503666e+06 9.731547696295340666e-01 4.319799422103285085e-04
2.458782074241604190e+06 9.737443492777755338e-01 4.322966579466119971e-04
2.458782078881704248e+06 9.745141362383429318e-01 4.324343021753911955e-04
2.458782083521804307e+06 9.754641305613618307e-01 4.325719464041704481e-04
2.458782088161904830e+06 9.765034753643866416e-01 4.327095906467630327e-04
2.458782092802004889e+06 9.774723923657908653e-01 4.328472348755422854e-04
2.458782097442105412e+06 9.783678915642705087e-01 4.330591663267177138e-04
2.458782102082205471e+06 9.791899727800886799e-01 4.333203022160853871e-04
2.458782106722305994e+06 9.799386361782461696e-01 4.335814381316596363e-04
2.458782111362406053e+06 9.806138816084779553e-01 4.338425740210273638e-04
2.458782116002506111e+06 9.812161012937270499e-01 4.341037099103950371e-04
2.458782120642606635e+06 9.817829105303550463e-01 4.343648458259692863e-04
2.458782125282706693e+06 9.823390684655863847e-01 4.346259817153369596e-04
2.458782129922807217e+06 9.828845752110484391e-01 4.348871176309112088e-04
2.458782134562907275e+06 9.834194306572517918e-01 4.351482535202788821e-04
2.458782139203007333e+06 9.839436348594756687e-01 4.356054310627004416e-04
2.458782143843107857e+06 9.844571878687234934e-01 4.361817422580083702e-04
2.458782148483207915e+06 9.849556412056982291e-01 4.367580533954799676e-04
2.458782153123308439e+06 9.853930224883866718e-01 4.373343645907878420e-04
2.458782157763408497e+06 9.857571964569438183e-01 4.378113956606346537e-04
2.458782162403508555e+06 9.860481631589361751e-01 4.376369183855318302e-04
2.458782167043609079e+06 9.862659226125444212e-01 4.374624410929191958e-04
2.458782171683709137e+06 9.864698877108687425e-01 4.372879638178163724e-04
2.458782176323809661e+06 9.867505999430776775e-01 4.371134865252037380e-04
2.458782180963909719e+06 9.871090168346660088e-01 4.372554689256326994e-04
2.458782185604010243e+06 9.875451384575724134e-01 4.375735662618090017e-04
2.458782190244110301e+06 9.880460399788552062e-01 4.378916635660623806e-04
2.458782194884210359e+06 9.884907840399628220e-01 4.382097608703157594e-04
2.458782199524310883e+06 9.888496953458675298e-01 4.384477726413282621e-04
2.458782204164410941e+06 9.891227738245312873e-01 4.382413596022103892e-04
2.458782208804511465e+06 9.893100195307644729e-01 4.380349465423776412e-04
2.458782213444611523e+06 9.894459142732159318e-01 4.378285335032597683e-04
2.458782218084711581e+06 9.895793042313688614e-01 4.376221204641418411e-04
2.458782222724812105e+06 9.897105451149661448e-01 4.377124451420959673e-04
2.458782227364912163e+06 9.898396368976662973e-01 4.379536595776263889e-04
2.458782232005012687e+06 9.899630714819327437e-01 4.381948740373640093e-04
2.458782236645112745e+06 9.900510051644665355e-01 4.384360884728943225e-04
2.458782241285213269e+06 9.900966384431932887e-01 4.385892401677586442e-04
2.458782245925313327e+06 9.900999713089542187e-01 4.383218274918299203e-04
2.458782250565413386e+06 9.900610037684511866e-01 4.380544148159011423e-04
2.458782255205513909e+06 9.899949779611524336e-01 4.377870021131359209e-04
2.458782259845613968e+06 9.899219396692447992e-01 4.375195894372071971e-04
2.458782264485714491e+06 9.898419799422031318e-01 4.374466665564459155e-04
2.458782269125814550e+06 9.897550987960762603e-01 4.374638603274302504e-04
2.458782273765914608e+06 9.896624861237420800e-01 4.374810540984145311e-04
2.458782278406015132e+06 9.895733784921029175e-01 4.374982478711243739e-04
2.458782283046115190e+06 9.894897273455073305e-01 4.375113641196626637e-04
2.458782287686215714e+06 9.894115326671657495e-01 4.375074952073632994e-04
2.458782292326315772e+06 9.893387944727726202e-01 4.375036262954522422e-04
2.458782296966415830e+06 9.892543709254498774e-01 4.374997573835411849e-04
2.458782301606516354e+06 9.891373625703727690e-01 4.374958884712418206e-04
2.458782306246616412e+06 9.889877193141261014e-01 4.373608653550738125e-04
2.458782310886716936e+06 9.888054411266752330e-01 4.371706490548725823e-04
2.458782315526816994e+06 9.885881765916160191e-01 4.369804327737606287e-04
2.458782320166917518e+06 9.883192163182181744e-01 4.367902164735594527e-04
2.458782324807017576e+06 9.879952918100538550e-01 4.366335110591369772e-04
2.458782329447117634e+06 9.876164030428896679e-01 4.365998571689800808e-04
2.458782334087218158e+06 9.871825499704278695e-01 4.365662032754458947e-04
2.458782338727318216e+06 9.867418014534117265e-01 4.365325493852889984e-04
2.458782343367418740e+06 9.863483944590729635e-01 4.364988954917547580e-04
2.458782348007518798e+06 9.860023777586505167e-01 4.364667720987679958e-04
2.458782352647618856e+06 9.857037513102860915e-01 4.364352313744360948e-04
2.458782357287719380e+06 9.854391025359484635e-01 4.364036906469389741e-04
2.458782361927819438e+06 9.851209338960476014e-01 4.363721499226071274e-04
2.458782366567919962e+06 9.847334258391156059e-01 4.362891924249811919e-04
2.458782371208020020e+06 9.842765784429300391e-01 4.360383840965864339e-04
2.458782375848120078e+06 9.837503916720811148e-01 4.357875757681917302e-04
2.458782380488220602e+06 9.831694119945948440e-01 4.355367674146269478e-04
2.458782385128320660e+06 9.825487987962525649e-01 4.352859590862321899e-04
2.458782389768421184e+06 9.818885535571999501e-01 4.350023408845211112e-04
2.458782394408521242e+06 9.811886764099558844e-01 4.347074758770004543e-04
2.458782399048621766e+06 9.804577812321843000e-01 4.344126108398882881e-04
2.458782403688721824e+06 9.797475870586909164e-01 4.341177458323676312e-04
2.458782408328821883e+06 9.790667194305043841e-01 4.338501887237855158e-04
2.458782412968922406e+06 9.784151782837103850e-01 4.336624367431255746e-04
2.458782417609022465e+06 9.777929615433760269e-01 4.334746847813076035e-04
2.458782422249122988e+06 9.771778295902102673e-01 4.332869328006476082e-04
2.458782426889223047e+06 9.765484136728838083e-01 4.330991808388296371e-04
2.458782431529323105e+06 9.759047137303816788e-01 4.327132131621388620e-04
2.458782436169423629e+06 9.752467296959540510e-01 4.322664133715131240e-04
2.458782440809523687e+06 9.745735423787921237e-01 4.318196136257263017e-04
2.458782445449624211e+06 9.738800601971235871e-01 4.313728138351005095e-04
2.458782450089724269e+06 9.731655017384577278e-01 4.310589491353643298e-04
2.458782454729824793e+06 9.724298668593742700e-01 4.310948541456251898e-04
2.458782459369924851e+06 9.716731684730434138e-01 4.311307591522827039e-04
2.458782464010024909e+06 9.709099324041201573e-01 4.311666641589402180e-04
2.458782468650125433e+06 9.701530490976804089e-01 4.312025691692010238e-04
2.458782473290225491e+06 9.694025187056399817e-01 4.310166890671150480e-04
2.458782477930326015e+06 9.686583410773581537e-01 4.307702888962805119e-04
2.458782482570426073e+06 9.679133599873206428e-01 4.305238887501737543e-04
2.458782487210526131e+06 9.671309439374976558e-01 4.302774886040669966e-04
2.458782491850626655e+06 9.663059304445192899e-01 4.299543440237018027e-04
2.458782496490726713e+06 9.654383196739751982e-01 4.294485386696985534e-04
2.458782501130827237e+06 9.645282316968254444e-01 4.289427332649347474e-04
2.458782505770927295e+06 9.636264475544266128e-01 4.284369279109315524e-04
2.458782510411027353e+06 9.627746704367587949e-01 4.279311225569283031e-04
2.458782515051127877e+06 9.619729002658690131e-01 4.277968330214150668e-04
2.458782519691227935e+06 9.612211372026819856e-01 4.277519235457459329e-04
2.458782524331328459e+06 9.605067087163361439e-01 4.277070140655699331e-04
2.458782528971428517e+06 9.597695581514319452e-01 4.276621045899008534e-04
2.458782533611529041e+06 9.590019370873695825e-01 4.275058512719079524e-04
2.458782538251629099e+06 9.582038456782199232e-01 4.271089209932447668e-04
2.458782542891729157e+06 9.573754265159541976e-01 4.267119907145814728e-04
2.458782547531829681e+06 9.565483658291470404e-01 4.263150603960839946e-04
2.458782552171929739e+06 9.557467868339538652e-01 4.259181301174208090e-04
2.458782556812030263e+06 9.549706893694883680e-01 4.257460374442319727e-04
2.458782561452130321e+06 9.542200735915223886e-01 4.256211349245653318e-04
2.458782566092230380e+06 9.534895528310755042e-01 4.254962324048986908e-04
2.458782570732330903e+06 9.527554556046339274e-01 4.253713298726973717e-04
2.458782575372430962e+06 9.520149951994717474e-01 4.250727651740585263e-04
2.458782580012531485e+06 9.512681714669696253e-01 4.244321623673410126e-04
2.458782584652631544e+06 9.505152339911879800e-01 4.237915596249118089e-04
2.458782589292732067e+06 9.497906722644090527e-01 4.231509568181942953e-04
2.458782593932832126e+06 9.491188632408102954e-01 4.225103540757650373e-04
2.458782598572932184e+06 9.484998068450304354e-01 4.226851195853425602e-04
2.458782603213032708e+06 9.479335030228850378e-01 4.230071986817123962e-04
2.458782607853132766e+06 9.474028795563177452e-01 4.233292777457597260e-04
2.458782612493233290e+06 9.468382759439186724e-01 4.236513568421295078e-04
2.458782617133333348e+06 9.462322356353578545e-01 4.236519091911184289e-04
2.458782621773433406e+06 9.455847585760532859e-01 4.230738611836512390e-04
2.458782626413533930e+06 9.448963780966639359e-01 4.224958131181734866e-04
2.458782631053633988e+06 9.442178108274955628e-01 4.219177651107061883e-04
2.458782635693734512e+06 9.435823765594849588e-01 4.213397170452284901e-04
2.458782640333834570e+06 9.429900754201711033e-01 4.211868582546348305e-04
2.458782644973934628e+06 9.424409073436201822e-01 4.210989831669555757e-04
2.458782649614035152e+06 9.419410471270203145e-01 4.210111080704575289e-04
2.458782654254135210e+06 9.415139155665193105e-01 4.209232329827781657e-04
2.458782658894235734e+06 9.411617826214522253e-01 4.207649193878851713e-04
2.458782663534335792e+06 9.408846483624961898e-01 4.204905276456411900e-04
2.458782668174436316e+06 9.406816188008380042e-01 4.202161358758603710e-04
2.458782672814536374e+06 9.404903006234525131e-01 4.199417441336164439e-04
2.458782677454636432e+06 9.402725513688260373e-01 4.196673523913724627e-04
2.458782682094736956e+06 9.400283710111273505e-01 4.196192444077338334e-04
2.458782686734837014e+06 9.397577595993662491e-01 4.195997117333995306e-04
2.458782691374937538e+06 9.394712749146942876e-01 4.195801790571049902e-04
2.458782696015037596e+06 9.392061778380189629e-01 4.195606463827707415e-04
2.458782700655137654e+06 9.389657231368363499e-01 4.195590547403630255e-04
2.458782705295238178e+06 9.387499107907248952e-01 4.195845883057220901e-04
2.458782709935338236e+06 9.385592992510557453e-01 4.196101218685186970e-04
2.458782714575438760e+06 9.384238479212851924e-01 4.196356554338777616e-04
2.458782719215538818e+06 9.383606131973302178e-01 4.196611889966744228e-04
2.458782723855639342e+06 9.383695950664988628e-01 4.198164420754364181e-04
2.458782728495739400e+06 9.384507935269882362e-01 4.199847867574301829e-04
2.458782733135839459e+06 9.385827663059002068e-01 4.201531314394239477e-04
2.458782737775939982e+06 9.386950432013198009e-01 4.203214761383120761e-04
2.458782742416040041e+06 9.387821061444868720e-01 4.203248701558122283e-04
2.458782747056140564e+06 9.388439551528758864e-01 4.200991188247570041e-04
2.458782751696240623e+06 9.388823795894762902e-01 4.198733675163571601e-04
2.458782756336340681e+06 9.389737363846045737e-01 4.196476162079573703e-04
2.458782760976441205e+06 9.391585367499560855e-01 4.194218648769020919e-04
2.458782765616541263e+06 9.394367806484391625e-01 4.195393471825381126e-04
2.458782770256641787e+06 9.398084681359006876e-01 4.196831490622972955e-04
2.458782774896741845e+06 9.402484380559208432e-01 4.198269509276250969e-04
2.458782779536841903e+06 9.406796342411760659e-01 4.199707527929530068e-04
2.458782784176942427e+06 9.410966811913559216e-01 4.201067394901427375e-04
2.458782788817042485e+06 9.414995788227545903e-01 4.202327393426395579e-04
2.458782793457143009e+06 9.418896395606427552e-01 4.203587392077812656e-04
2.458782798097243067e+06 9.423125866365444914e-01 4.204847390602780319e-04
2.458782802737343591e+06 9.427910383211841605e-01 4.206107389254196854e-04
2.458782807377443649e+06 9.433249945185310237e-01 4.207996949105180929e-04
2.458782812017543707e+06 9.439144552738151228e-01 4.209920180654862514e-04
2.458782816657644231e+06 9.445556164887808359e-01 4.211843412397551600e-04
2.458782821297744289e+06 9.452376162067420706e-01 4.213766643947233184e-04
2.458782825937844813e+06 9.459597842713334259e-01 4.216380429998096090e-04
2.458782830577944871e+06 9.467221205376074034e-01 4.219806642768289865e-04
2.458782835218044929e+06 9.475229195491938761e-01 4.223232855538483098e-04
2.458782839858145453e+06 9.483126506222828711e-01 4.226659068652517497e-04
2.458782844498245511e+06 9.490684607275349238e-01 4.230085281422710729e-04
2.458782849138346035e+06 9.497903500166500201e-01 4.233824757269665342e-04
2.458782853778446093e+06 9.504783183447366168e-01 4.237574027290811241e-04
2.458782858418546617e+06 9.511508462975960532e-01 4.241323297688218120e-04
2.458782863058646675e+06 9.518571467862769753e-01 4.245072567709364019e-04
2.458782867698746733e+06 9.525998842629692653e-01 4.248314023790140319e-04
2.458782872338847257e+06 9.533790588076960226e-01 4.251005143572868846e-04
2.458782876978947315e+06 9.541952420261861079e-01 4.253696263085527491e-04
2.458782881619047839e+06 9.550625077975724020e-01 4.256387382868256019e-04
2.458782886259147897e+06 9.559869136417524782e-01 4.259078502380914664e-04
2.458782890899247956e+06 9.569684596428945644e-01 4.261704989945835757e-04
2.458782895539348479e+06 9.580071459081038743e-01 4.264330833656730223e-04
2.458782900179448538e+06 9.590852476263755921e-01 4.266956677104106642e-04
2.458782904819549061e+06 9.601587332573073841e-01 4.269582520815001108e-04
2.458782909459649120e+06 9.612255313795312617e-01 4.273237183244503923e-04
2.458782914099749178e+06 9.622856421011133365e-01 4.277919193185825337e-04
2.458782918739849702e+06 9.633379723445426590e-01 4.282601203597013952e-04
2.458782923379949760e+06 9.643594002103749174e-01 4.287283213538335908e-04
2.458782928020050284e+06 9.653406410483528211e-01 4.291958652147208320e-04
2.458782932660150342e+06 9.662816946615299107e-01 4.296019692390417775e-04
2.458782937300250866e+06 9.671825612387867643e-01 4.300080733041176657e-04
2.458782941940350924e+06 9.680608982104835780e-01 4.304141773284386654e-04
2.458782946580450982e+06 9.689576297302834318e-01 4.308202813527597192e-04
2.458782951220551506e+06 9.698744092986384402e-01 4.311648817313153419e-04
2.458782955860651564e+06 9.708112367315397950e-01 4.314528930329811977e-04
2.458782960500752088e+06 9.717668130567624907e-01 4.317409043635506908e-04
2.458782965140852146e+06 9.727172550391214312e-01 4.320289156652165467e-04
2.458782969780952204e+06 9.736536160402771145e-01 4.323141354706968296e-04
2.458782974421052728e+06 9.745758961520790686e-01 4.325121961635627920e-04
2.458782979061152786e+06 9.754840951894148127e-01 4.327102568365522386e-04
2.458782983701253310e+06 9.763731339290671052e-01 4.329083175294182553e-04
2.458782988341353368e+06 9.772320299569846602e-01 4.331063782024076477e-04
2.458782992981453426e+06 9.780604074921047664e-01 4.333984995024616231e-04
2.458782997621553950e+06 9.788582666129660437e-01 4.337703414371629827e-04
2.458783002261654008e+06 9.796303470214058340e-01 4.341421833345478925e-04
2.458783006901754532e+06 9.804531177230721983e-01 4.345140252692492521e-04
2.458783011541854590e+06 9.813532950685066591e-01 4.348902124923462067e-04
2.458783016181955114e+06 9.823308792383848020e-01 4.353464556384529409e-04
2.458783020822055172e+06 9.833858700364946914e-01 4.358026987387731126e-04
2.458783025462155230e+06 9.844694159978478742e-01 4.362589418390932301e-04
2.458783030102255754e+06 9.854830031513951427e-01 4.367151849852000185e-04
2.458783034742355812e+06 9.864238226742235716e-01 4.370348578998851279e-04
2.458783039382456336e+06 9.872918747551668872e-01 4.372479678444094169e-04
2.458783044022556394e+06 9.880900864245701909e-01 4.374610777675468423e-04
2.458783048662656453e+06 9.888602442548589666e-01 4.376741876906842135e-04
2.458783053302756976e+06 9.896159593272367827e-01 4.379098915978864477e-04
2.458783057942857035e+06 9.903572314900230822e-01 4.384370919126543711e-04
2.458783062582957558e+06 9.910840608920000738e-01 4.389642922803300052e-04
2.458783067223057617e+06 9.917893584398531637e-01 4.394914925950979285e-04
2.458783071863158140e+06 9.924597955281153627e-01 4.400186929627734542e-04
2.458783076503258198e+06 9.930950620117191541e-01 4.401319839014491563e-04
2.458783081143358257e+06 9.936951579597117501e-01 4.399481949340167466e-04
2.458783085783458780e+06 9.942601917177904536e-01 4.397644059481399981e-04
2.458783090423558839e+06 9.947915407315396363e-01 4.395806169807075343e-04
2.458783095063659362e+06 9.952896232267690602e-01 4.394383048670030649e-04
2.458783099703759421e+06 9.957544391035074716e-01 4.397034726486837020e-04
2.458783104343859479e+06 9.961859884134095511e-01 4.399686404303643932e-04
2.458783108983960003e+06 9.965868389757865931e-01 4.402338082386561763e-04
2.458783113624060061e+06 9.969614898684440174e-01 4.404989760203368676e-04
2.458783118264160585e+06 9.973100243114668695e-01 4.408788569790646596e-04
2.458783122904260643e+06 9.976324422349006626e-01 4.413343852400027534e-04
2.458783127544360701e+06 9.979297634294066466e-01 4.417899135009409014e-04
2.458783132184461225e+06 9.982136187640795466e-01 4.422454418075938919e-04
2.458783136824561283e+06 9.984872955476830070e-01 4.426394201287119730e-04
2.458783141464661807e+06 9.987507938351474213e-01 4.425494632289352797e-04
2.458783146104761865e+06 9.990041135735852063e-01 4.424595063381864127e-04
2.458783150744862389e+06 9.992401742970717926e-01 4.423695494384097195e-04
2.458783155384962447e+06 9.994474225442150361e-01 4.422795925476607983e-04
2.458783160025062505e+06 9.996256944440460313e-01 4.421973869718226632e-04
2.458783164665163029e+06 9.997749900100929565e-01 4.421198707864721039e-04
2.458783169305263087e+06 9.998940696895728397e-01 4.420423546089008037e-04
2.458783173945363611e+06 9.999701901244505420e-01 4.419648384235502986e-04
2.458783178585463669e+06 1.000000000000000000e+00 4.418855763245157684e-04
2.458783183225563727e+06 9.999834993261842442e-01 4.417949610311129984e-04
2.458783187865664251e+06 9.999206880943762865e-01 4.417043457286164284e-04
2.458783192505764309e+06 9.998227819125444782e-01 4.416137304352137126e-04
2.458783197145864833e+06 9.997068090389001904e-01 4.415231151327171969e-04
2.458783201785964891e+06 9.995729464878903014e-01 4.414461386303006676e-04
2.458783206426065415e+06 9.994211942326470810e-01 4.413767176880570926e-04
2.458783211066165473e+06 9.992490129034300450e-01 4.413072967527802213e-04
2.458783215706265531e+06 9.990327593396447492e-01 4.412378758175034043e-04
2.458783220346366055e+06 9.987666538843855690e-01 4.411907638099835192e-04
2.458783224986466113e+06 9.984506965910624476e-01 4.412664552643233646e-04
2.458783229626566637e+06 9.980848873962591128e-01 4.413421467262591846e-04
2.458783234266666695e+06 9.976905997094791534e-01 4.414178381805990300e-04
2.458783238906766754e+06 9.972979962867125625e-01 4.414935296349388754e-04
2.458783243546867277e+06 9.969072920804563642e-01 4.414034187136749404e-04
2.458783248186967336e+06 9.965184871691293855e-01 4.412293929550557153e-04
2.458783252827067859e+06 9.961274265034649744e-01 4.410553671789719989e-04
2.458783257467167918e+06 9.956989321929791137e-01 4.408813414203528280e-04
2.458783262107267976e+06 9.952250199967719313e-01 4.406948762128343774e-04
2.458783266747368500e+06 9.947056898604463848e-01 4.404494354703031387e-04
2.458783271387468558e+06 9.941409418882382054e-01 4.402039947524033470e-04
2.458783276027569082e+06 9.935261449894343677e-01 4.399585540098721083e-04
2.458783280667669140e+06 9.928552321862506025e-01 4.397131132919722624e-04
2.458783285307769664e+06 9.921281765383875850e-01 4.393905179722155268e-04
2.458783289947869722e+06 9.913449781917739179e-01 4.390323458347049563e-04
2.458783294587969780e+06 9.905174605156022993e-01 4.386741736971943857e-04
2.458783299228070304e+06 9.897369819046351047e-01 4.383160015237391521e-04
2.458783303868170362e+06 9.890227688384306548e-01 4.380415167327093720e-04
2.458783308508270886e+06 9.883748211736379519e-01 4.381133142009528106e-04
2.458783313148370944e+06 9.877931390403078549e-01 4.381851116619908584e-04
2.458783317788471002e+06 9.872228082188406750e-01 4.382569091230289603e-04
2.458783322428571526e+06 9.865971385335464694e-01 4.383287065912723447e-04
2.458783327068671584e+06 9.859159763745003469e-01 4.379900642418451599e-04
2.458783331708772108e+06 9.851793216049850033e-01 4.374795623072210804e-04
2.458783336348872166e+06 9.843846342767689217e-01 4.369690604238289145e-04
2.458783340988972690e+06 9.835139442318727721e-01 4.364585584892048350e-04
2.458783345629072748e+06 9.825637504494224572e-01 4.360135156387174487e-04
2.458783350269172806e+06 9.815340528460283487e-01 4.358073534665561242e-04
2.458783354909273330e+06 9.804248513063866799e-01 4.356011912737052408e-04
2.458783359549373388e+06 9.792843027095197161e-01 4.353950291015439163e-04
2.458783364189473912e+06 9.781665259669742873e-01 4.351888669086930329e-04
2.458783368829573970e+06 9.770715667424240136e-01 4.346268543908424946e-04
2.458783373469674028e+06 9.759994249225485419e-01 4.339300741557136480e-04
2.458783378109774552e+06 9.749546929473735801e-01 4.332332938506589111e-04
2.458783382749874610e+06 9.739672025447787540e-01 4.325365136155301187e-04
2.458783387389975134e+06 9.730423251499722426e-01 4.319480482921844657e-04
2.458783392030075192e+06 9.721800609485877764e-01 4.317111354876161764e-04
2.458783396670175251e+06 9.713804098446663371e-01 4.314742226830477786e-04
2.458783401310275774e+06 9.705742274682546133e-01 4.312373098547038573e-04
2.458783405950375833e+06 9.696897524351866249e-01 4.310003970501354595e-04
2.458783410590476356e+06 9.687269784052502386e-01 4.305818144788707167e-04
2.458783415230576415e+06 9.676859055716858782e-01 4.301012982243876837e-04
2.458783419870676938e+06 9.665782707088308445e-01 4.296207819216820486e-04
2.458783424510776997e+06 9.654742506987584738e-01 4.291402656671989614e-04
2.458783429150877055e+06 9.643855007639084986e-01 4.287020100369608893e-04
2.458783433790977579e+06 9.633120207973167037e-01 4.283865840209266185e-04
2.458783438431077637e+06 9.622538129555716635e-01 4.280711580365472021e-04
2.458783443071178161e+06 9.612269851354333650e-01 4.277557320205129313e-04
2.458783447711278219e+06 9.602469517997274107e-01 4.274403060361335149e-04
2.458783452351378277e+06 9.593137128430574423e-01 4.272852601964680086e-04
2.458783456991478801e+06 9.584272681788116310e-01 4.271791504407212656e-04
2.458783461631578859e+06 9.575753995928204532e-01 4.270730406956231768e-04
2.458783466271679383e+06 9.566907116039569114e-01 4.269669309398763796e-04
2.458783470911779441e+06 9.557629031776944117e-01 4.267314965412053601e-04
2.458783475551879965e+06 9.547919741278108052e-01 4.261575557574029133e-04
2.458783480191980023e+06 9.537779908983192723e-01 4.255836150311987070e-04
2.458783484832080081e+06 9.527915888419270507e-01 4.250096743049946090e-04
2.458783489472180605e+06 9.518952020049314955e-01 4.244357335211921081e-04
2.458783494112280663e+06 9.510888305672475784e-01 4.241762762051197152e-04
2.458783498752381187e+06 9.503724743670274311e-01 4.240021062148335157e-04
2.458783503392481245e+06 9.497230305749333468e-01 4.238279362420262816e-04
2.458783508032581303e+06 9.490227073817451009e-01 4.236537662692190474e-04
2.458783512672681827e+06 9.482549775258621860e-01 4.234855013331847930e-04
2.458783517312781885e+06 9.474198411613772297e-01 4.233312214543266542e-04
2.458783521952882409e+06 9.465175086947569261e-01 4.231769415599855662e-04
2.458783526592982467e+06 9.456335439563204881e-01 4.230226616811274274e-04
2.458783531233082525e+06 9.448379431596891642e-01 4.228683818022692343e-04
2.458783535873183049e+06 9.441307062383215154e-01 4.226691906559298744e-04
2.458783540513283107e+06 9.435118333341684371e-01 4.224592661761761270e-04
2.458783545153383631e+06 9.429721288511925259e-01 4.222493416753551930e-04
2.458783549793483689e+06 9.424681815680484576e-01 4.220394171956014457e-04
2.458783554433584213e+06 9.419944160750473028e-01 4.218673555117496824e-04
2.458783559073684271e+06 9.415508324672794416e-01 4.217767464949434509e-04
2.458783563713784330e+06 9.411373153383009171e-01 4.216861374781372194e-04
2.458783568353884853e+06 9.407289312140831861e-01 4.215955284522378385e-04
2.458783572993984912e+06 9.403067699701987969e-01 4.215049194354316070e-04
2.458783577634085435e+06 9.398708315219149734e-01 4.213777938565028470e-04
2.458783582274185494e+06 9.394211159567298353e-01 4.212430591890900088e-04
2.458783586914285552e+06 9.389716556827533145e-01 4.211083245216772249e-04
2.458783591554386076e+06 9.385838838074530566e-01 4.209735898407429219e-04
2.458783596194486134e+06 9.382649989566269610e-01 4.207901309735325173e-04
2.458783600834586658e+06 9.380150010662711146e-01 4.205111492378106261e-04
2.458783605474686716e+06 9.378336174538982606e-01 4.202321675300861419e-04
2.458783610114786774e+06 9.376839171846149679e-01 4.199531858223617118e-04
2.458783614754887298e+06 9.375398947961615104e-01 4.196742040866398207e-04
2.458783619394987356e+06 9.374015503174449870e-01 4.196130197633240566e-04
2.458783624035087880e+06 9.372688837206980539e-01 4.195908722837754967e-04
2.458783628675187938e+06 9.371527635494967257e-01 4.195687248064496055e-04
2.458783633315288462e+06 9.370973725206077631e-01 4.195465773269010457e-04
2.458783637955388520e+06 9.371074169660011943e-01 4.195344011887454177e-04
2.458783642595488578e+06 9.371828968768347590e-01 4.195400885504344392e-04
2.458783647235589102e+06 9.373231232678898017e-01 4.195457759126942389e-04
2.458783651875689160e+06 9.374636850770678986e-01 4.195514632743832604e-04
2.458783656515789684e+06 9.375624195976899333e-01 4.195571506366430059e-04
2.458783661155889742e+06 9.376193268099390909e-01 4.195667044287378490e-04
2.458783665795989800e+06 9.376344067258224335e-01 4.195768438596652055e-04
2.458783670436090324e+06 9.376449641458818318e-01 4.195869832916100856e-04
2.458783675076190382e+06 9.377919777947573143e-01 4.195971227225375505e-04
2.458783679716290906e+06 9.380890422838490394e-01 4.196771232077050793e-04
2.458783684356390964e+06 9.385361575535329237e-01 4.198717476091424995e-04
2.458783688996491488e+06 9.391310966667011373e-01 4.200663720301115508e-04
2.458783693636591546e+06 9.397206137405486048e-01 4.202609964315489710e-04
2.458783698276691604e+06 9.402113628293471415e-01 4.204556208329863370e-04
2.458783702916792128e+06 9.406033439674782448e-01 4.205095487732171439e-04
2.458783707556892186e+06 9.408965570762666264e-01 4.205458927074503671e-04
2.458783712196992710e+06 9.411324631633329885e-01 4.205822366453310091e-04
2.458783716837092768e+06 9.414568610797279247e-01 4.206185805795642323e-04
2.458783721477192827e+06 9.418824185444530928e-01 4.208402136055449977e-04
2.458783726117293350e+06 9.424091356154435939e-01 4.213407892605060463e-04
2.458783730757393409e+06 9.430357849468407050e-01 4.218413648652314003e-04
2.458783735397493932e+06 9.436973235226947532e-01 4.223419405201925573e-04
2.458783740037593991e+06 9.443568525366494715e-01 4.228425161249179114e-04
2.458783744677694049e+06 9.450143720551951176e-01 4.229023798301467839e-04
2.458783749317794573e+06 9.456698821440150393e-01 4.229183132232031172e-04
2.458783753957894631e+06 9.463278452413951269e-01 4.229342466146604148e-04
2.458783758597995155e+06 9.470028757176826018e-01 4.229501800077167480e-04
2.458783763238095213e+06 9.476961113446011886e-01 4.231730112959105998e-04
2.458783767878195737e+06 9.484075522612915865e-01 4.236820521536049889e-04
2.458783772518295795e+06 9.491369656458378268e-01 4.241910929602141027e-04
2.458783777158395853e+06 9.498745285561148721e-01 4.247001337668232165e-04
2.458783781798496377e+06 9.506150477710758606e-01 4.252091746245176057e-04
2.458783786438596435e+06 9.513585231420901289e-01 4.254880096396286841e-04
2.458783791078696959e+06 9.521049548183818656e-01 4.257494652583524667e-04
2.458783795718797017e+06 9.528554637759675261e-01 4.260109208508377435e-04
2.458783800358897075e+06 9.536134714938626633e-01 4.262723764433229662e-04
2.458783804998997599e+06 9.543792153125638666e-01 4.264181577609503222e-04
2.458783809639097657e+06 9.551526950783771897e-01 4.264167343529298563e-04
2.458783814279198181e+06 9.559337342932998638e-01 4.264153109447664926e-04
2.458783818919298239e+06 9.567162365794852352e-01 4.264138875367460809e-04
2.458783823559398763e+06 9.574971969526100413e-01 4.264124641285827713e-04
2.458783828199498821e+06 9.582766152559267780e-01 4.267174905638353903e-04
2.458783832839598879e+06 9.590544915678864690e-01 4.270385599878094595e-04
2.458783837479699403e+06 9.598367196854259431e-01 4.273596294440046620e-04
2.458783842119799461e+06 9.606400688347824790e-01 4.276806988679787312e-04
2.458783846759899985e+06 9.614655674987363509e-01 4.280200573304569897e-04
2.458783851400000043e+06 9.623132155116003172e-01 4.283808442266778382e-04
