2.458806000000000000e+06 9.507700638112139835e-01 2.871394784837628684e-04
2.458806004640100058e+06 9.517024542446126389e-01 2.873291554555958377e-04
2.458806009280200582e+06 9.525383089261284519e-01 2.875188324464640903e-04
2.458806013920300640e+06 9.532763689693362075e-01 2.876712646996020038e-04
2.458806018560401164e+06 9.539166345223730747e-01 2.878030997876767066e-04
2.458806023200501222e+06 9.544766842487562020e-01 2.879349348625209444e-04
2.458806027840601280e+06 9.551198743132703894e-01 2.880667699373651823e-04
2.458806032480701804e+06 9.558860798569752681e-01 2.882139900087736907e-04
2.458806037120801862e+06 9.567753007260845211e-01 2.884456339133251190e-04
2.458806041760902386e+06 9.577875370990751591e-01 2.886772778411234139e-04
2.458806046401002444e+06 9.588446713454112924e-01 2.889089217456747879e-04
2.458806051041102968e+06 9.598366267600191293e-01 2.891405656734730828e-04
2.458806055681203026e+06 9.607626252365475406e-01 2.892964985122283808e-04
2.458806060321303084e+06 9.616226668778544706e-01 2.894141855219659444e-04
2.458806064961403608e+06 9.624198755281910822e-01 2.895318725435140476e-04
2.458806069601503666e+06 9.631806466438316283e-01 2.896495595532515570e-04
2.458806074241604190e+06 9.639109618682631941e-01 2.897752043637205361e-04
2.458806078881704248e+06 9.646108210549029227e-01 2.899384628280050891e-04
2.458806083521804307e+06 9.652802242785704090e-01 2.901017212922896420e-04
2.458806088161904830e+06 9.659602231731254651e-01 2.902649797729581161e-04
2.458806092802004889e+06 9.667045122794398759e-01 2.904282382372426691e-04
2.458806097442105412e+06 9.675133261709985000e-01 2.905621617015723937e-04
2.458806102082205471e+06 9.683866646854631943e-01 2.906825866380907588e-04
2.458806106722305994e+06 9.693111730212448096e-01 2.908030115866944544e-04
2.458806111362406053e+06 9.701838653864686135e-01 2.909234365232128195e-04
2.458806116002506111e+06 9.709831055952067302e-01 2.910501636776396928e-04
2.458806120642606635e+06 9.717088937166109552e-01 2.912028911728156721e-04
2.458806125282706693e+06 9.723612296050071491e-01 2.913556186526646647e-04
2.458806129922807217e+06 9.729971345650868519e-01 2.915083461478406440e-04
2.458806134562907275e+06 9.736857352338891269e-01 2.916610736276896367e-04
2.458806139203007333e+06 9.744271881726394025e-01 2.918360139576251649e-04
2.458806143843107857e+06 9.752214934637030153e-01 2.920202339238471296e-04
2.458806148483207915e+06 9.760568233661557347e-01 2.922044538715815498e-04
2.458806153123308439e+06 9.768496752512479953e-01 2.923886738378035145e-04
2.458806157763408497e+06 9.775838096838190827e-01 2.925605435176650425e-04
2.458806162403508555e+06 9.782592267463828817e-01 2.926874741763626966e-04
2.458806167043609079e+06 9.788759264978824648e-01 2.928144048477986420e-04
2.458806171683709137e+06 9.794793310657383678e-01 2.929413355064962960e-04
2.458806176323809661e+06 9.801203890584918588e-01 2.930682661779322956e-04
2.458806180963909719e+06 9.807991417415378166e-01 2.931678040145249274e-04
2.458806185604010243e+06 9.815155892511103763e-01 2.932569939579476718e-04
2.458806190244110301e+06 9.822524938771072245e-01 2.933461838924197309e-04
2.458806194884210359e+06 9.828981222617283464e-01 2.934353738268917901e-04
2.458806199524310883e+06 9.834323953122343642e-01 2.935187337171204169e-04
2.458806204164410941e+06 9.838553129213901682e-01 2.935832257685569912e-04
2.458806208804511465e+06 9.841668751740801913e-01 2.936477178264657647e-04
2.458806213444611523e+06 9.844595609732154085e-01 2.937122098779022849e-04
2.458806218084711581e+06 9.848291505649507949e-01 2.937767019293389134e-04
2.458806222724812105e+06 9.852756513306026864e-01 2.938845391009497609e-04
2.458806227364912163e+06 9.857990631805529924e-01 2.940071116766061060e-04
2.458806232005012687e+06 9.863799651337766816e-01 2.941296842645633211e-04
2.458806236645112745e+06 9.869024865771484079e-01 2.942522568402196662e-04
2.458806241285213269e+06 9.873474247852116470e-01 2.943595303986477505e-04
2.458806245925313327e+06 9.877147796686620573e-01 2.944224650957750654e-04
2.458806250565413386e+06 9.880045588788212152e-01 2.944853997929023260e-04
2.458806255205513909e+06 9.882740566969520080e-01 2.945483344963455521e-04
2.458806259845613968e+06 9.885779800294048902e-01 2.946112691934728127e-04
2.458806264485714491e+06 9.889163289371807330e-01 2.947065947724068834e-04
2.458806269125814550e+06 9.892891033523691924e-01 2.948117727028223747e-04
2.458806273765914608e+06 9.896820589360559861e-01 2.949169506332378118e-04
2.458806278406015132e+06 9.900167987848613738e-01 2.950221285742085533e-04
2.458806283046115190e+06 9.902813680657244211e-01 2.950906199848515117e-04
2.458806287686215714e+06 9.904757668317467623e-01 2.950633600026583031e-04
2.458806292326315772e+06 9.906000127578810099e-01 2.950361000232008075e-04
2.458806296966415830e+06 9.906723339113204796e-01 2.950088400437433120e-04
2.458806301606516354e+06 9.907088060849764677e-01 2.949815800615501575e-04
2.458806306246616412e+06 9.907094292715286077e-01 2.950024019617141229e-04
2.458806310886716936e+06 9.906742034711021327e-01 2.950362179036884053e-04
2.458806315526816994e+06 9.906143553474756613e-01 2.950700338422690265e-04
2.458806320166917518e+06 9.905869951936121520e-01 2.951038497842433089e-04
2.458806324807017576e+06 9.906001158029048570e-01 2.951227806125070185e-04
2.458806329447117634e+06 9.906537171705762646e-01 2.951065602653661136e-04
2.458806334087218158e+06 9.907476477728192066e-01 2.950903399165973875e-04
2.458806338727318216e+06 9.908216910751140860e-01 2.950741195694564826e-04
2.458806343367418740e+06 9.908266983413341888e-01 2.950578992206877565e-04
2.458806348007518798e+06 9.907626695704736530e-01 2.950562513989538754e-04
2.458806352647618856e+06 9.906296047664999715e-01 2.950580724987102751e-04
2.458806357287719380e+06 9.904364219154072613e-01 2.950598935986494713e-04
2.458806361927819438e+06 9.902251249787219489e-01 2.950617146984058710e-04
2.458806366567919962e+06 9.900010936905490055e-01 2.950638353033901810e-04
2.458806371208020020e+06 9.897643280958540180e-01 2.950665983512346861e-04
2.458806375848120078e+06 9.895148850522731410e-01 2.950693613990792996e-04
2.458806380488220602e+06 9.892648568311908086e-01 2.950721244472011436e-04
2.458806385128320660e+06 9.890233932542217277e-01 2.950748874950456487e-04
2.458806389768421184e+06 9.887904942729012214e-01 2.949902611403459126e-04
2.458806394408521242e+06 9.885661599339753414e-01 2.948875071587995188e-04
2.458806399048621766e+06 9.883369242195781945e-01 2.947847531669412239e-04
2.458806403688721824e+06 9.880439739728570370e-01 2.946819991853948844e-04
2.458806408328821883e+06 9.876804380866461841e-01 2.945685082504366265e-04
2.458806412968922406e+06 9.872463165138370966e-01 2.944340294424157298e-04
2.458806417609022465e+06 9.867420729725189243e-01 2.942995506478906023e-04
2.458806422249122988e+06 9.862296570142201624e-01 2.941650718398697057e-04
2.458806426889223047e+06 9.857525874042755154e-01 2.940305930453445240e-04
2.458806431529323105e+06 9.853108640894867598e-01 2.939674590467567287e-04
2.458806436169423629e+06 9.849044870308454325e-01 2.939170459789696398e-04
2.458806440809523687e+06 9.845213636888606734e-01 2.938666329162418177e-04
2.458806445449624211e+06 9.841124546593912337e-01 2.938162198484547288e-04
2.458806450089724269e+06 9.836725532269529060e-01 2.937348182591282371e-04
2.458806454729824793e+06 9.832016593032520957e-01 2.935980662191183541e-04
2.458806459369924851e+06 9.826996358227656492e-01 2.934613141928323564e-04
2.458806464010024909e+06 9.821538041839520394e-01 2.933245621665463046e-04
2.458806468650125433e+06 9.815558853940893336e-01 2.931878101265364758e-04
2.458806473290225491e+06 9.809058795731869784e-01 2.930438699204342373e-04
2.458806477930326015e+06 9.802037865907808900e-01 2.928988475752081384e-04
2.458806482570426073e+06 9.794690093079223558e-01 2.927538252445359358e-04
2.458806487210526131e+06 9.787746895216508092e-01 2.926088029138636790e-04
2.458806491850626655e+06 9.781278555011565512e-01 2.924862042973483032e-04
2.458806496490726713e+06 9.775285073762670640e-01 2.924002860706115953e-04
2.458806501130827237e+06 9.769755174022686228e-01 2.923143678352524985e-04
2.458806505770927295e+06 9.763920535797523392e-01 2.922284496085157906e-04
2.458806510411027353e+06 9.757314329510369255e-01 2.921425313817790827e-04
2.458806515051127877e+06 9.749936554382109266e-01 2.920105685377814061e-04
2.458806519691227935e+06 9.741787211893547793e-01 2.918728934023497533e-04
2.458806524331328459e+06 9.733170097071298654e-01 2.917352182531016244e-04
2.458806528971428517e+06 9.725150786709598760e-01 2.915975431176700259e-04
2.458806533611529041e+06 9.717821507367534473e-01 2.914576959129349830e-04
2.458806538251629099e+06 9.711182260516176834e-01 2.913145888799472836e-04
2.458806542891729157e+06 9.705216470735401613e-01 2.911714818469596385e-04
2.458806547531829681e+06 9.699053420560869165e-01 2.910283747996103261e-04
2.458806552171929739e+06 9.692200432325274173e-01 2.908852677666226268e-04
2.458806556812030263e+06 9.684657504653140236e-01 2.908193669222664370e-04
2.458806561452130321e+06 9.676424639058422983e-01 2.907610917339682982e-04
2.458806566092230380e+06 9.667667006527093099e-01 2.907028165456702136e-04
2.458806570732330903e+06 9.658924095501089102e-01 2.906445413515238341e-04
2.458806575372430962e+06 9.650237738306193247e-01 2.904984825280040265e-04
2.458806580012531485e+06 9.641607933198953484e-01 2.902313711424210564e-04
2.458806584652631544e+06 9.633039516527924784e-01 2.899642597836442804e-04
2.458806589292732067e+06 9.624734950983724335e-01 2.896971483980613103e-04
2.458806593932832126e+06 9.616800994429385296e-01 2.894300370392845884e-04
2.458806598572932184e+06 9.609237646012899203e-01 2.892659276682263371e-04
2.458806603213032708e+06 9.602044905031031918e-01 2.891095014770907147e-04
2.458806607853132766e+06 9.594998994249269719e-01 2.889530753016533639e-04
2.458806612493233290e+06 9.587418840063894887e-01 2.887966491105176873e-04
2.458806617133333348e+06 9.579257430566712195e-01 2.886408900755509706e-04
2.458806621773433406e+06 9.570514765026175708e-01 2.884859772966724082e-04
2.458806626413533930e+06 9.561215049382538744e-01 2.883310645022474708e-04
2.458806631053633988e+06 9.552187450200008145e-01 2.881761517233689626e-04
2.458806635693734512e+06 9.543839587307162420e-01 2.880212389289439710e-04
2.458806640333834570e+06 9.536171462379511299e-01 2.878891225591645800e-04
2.458806644973934628e+06 9.529183074545193310e-01 2.877581792187301800e-04
2.458806649614035152e+06 9.522758406035126688e-01 2.876272358651549245e-04
2.458806654254135210e+06 9.516568272572867304e-01 2.874962925247205245e-04
2.458806658894235734e+06 9.510592588833839400e-01 2.873714990815029284e-04
2.458806663534335792e+06 9.504831356017434674e-01 2.872538874460244993e-04
2.458806668174436316e+06 9.499270354011728479e-01 2.871362757987431743e-04
2.458806672814536374e+06 9.493503035885186847e-01 2.870186641632647452e-04
2.458806677454636432e+06 9.487343000794029590e-01 2.869010525277863703e-04
2.458806682094736956e+06 9.480790248060940728e-01 2.867637959154592368e-04
2.458806686734837014e+06 9.473844779001138194e-01 2.866259637948379794e-04
2.458806691374937538e+06 9.466758198984730477e-01 2.864881316603844707e-04
2.458806696015037596e+06 9.460196301612013858e-01 2.863502995397633217e-04
2.458806700655137654e+06 9.454194688605052077e-01 2.862068855847289795e-04
2.458806705295238178e+06 9.448753359445891675e-01 2.860574674912449229e-04
2.458806709935338236e+06 9.443858985229219849e-01 2.859080494127558703e-04
2.458806714575438760e+06 9.439188155361674104e-01 2.857586313192719222e-04
2.458806719215538818e+06 9.434602549951818240e-01 2.856092132407828696e-04
2.458806723855639342e+06 9.430102168079264047e-01 2.855467590258764054e-04
2.458806728495739400e+06 9.425687010647292308e-01 2.854850049120720326e-04
2.458806733135839459e+06 9.421526523626521099e-01 2.854232507982676055e-04
2.458806737775939982e+06 9.418038959474741567e-01 2.853614966782658789e-04
2.458806742416040041e+06 9.415243728703164283e-01 2.853161842009661973e-04
2.458806747056140564e+06 9.413140830750755805e-01 2.852871659192751804e-04
2.458806751696240623e+06 9.411695270486361009e-01 2.852581476404962763e-04
2.458806756336340681e+06 9.410176776367039642e-01 2.852291293617174265e-04
2.458806760976441205e+06 9.408293983025308727e-01 2.852013091316533359e-04
2.458806765616541263e+06 9.406046890839064867e-01 2.852682125614349048e-04
2.458806770256641787e+06 9.403435499357292171e-01 2.853351159979306126e-04
2.458806774896741845e+06 9.400812320529824406e-01 2.854020194277121273e-04
2.458806779536841903e+06 9.398989061887766949e-01 2.854689228574936962e-04
2.458806784176942427e+06 9.397998033011319974e-01 2.854461141916533841e-04
2.458806788817042485e+06 9.397839234099389927e-01 2.853413946900484302e-04
2.458806793457143009e+06 9.398477254259473002e-01 2.852366751779342505e-04
2.458806798097243067e+06 9.399269323752934557e-01 2.851319556763292967e-04
2.458806802737343591e+06 9.399976230073933126e-01 2.850343226822300933e-04
2.458806807377443649e+06 9.400597973080586645e-01 2.851445682789065499e-04
2.458806812017543707e+06 9.401134552848108283e-01 2.852548138755830608e-04
2.458806816657644231e+06 9.401884627963328356e-01 2.853650594833232585e-04
2.458806821297744289e+06 9.403489687519843709e-01 2.854753050799997151e-04
2.458806825937844813e+06 9.405971326829759560e-01 2.855184878329106364e-04
2.458806830577944871e+06 9.409329545394979899e-01 2.855052754419668947e-04
2.458806835218044929e+06 9.413514628306480780e-01 2.854920630510232615e-04
2.458806839858145453e+06 9.417734089381945006e-01 2.854788506587536490e-04
2.458806844498245511e+06 9.421712890999746071e-01 2.854694862048083484e-04
2.458806849138346035e+06 9.425451033958472946e-01 2.855282763253708502e-04
2.458806853778446093e+06 9.428948517507839133e-01 2.855870664400333406e-04
2.458806858418546617e+06 9.432468432539111713e-01 2.856458565605957340e-04
2.458806863058646675e+06 9.436537779557176986e-01 2.857046466752582244e-04
2.458806867698746733e+06 9.441171307181229766e-01 2.857989188656453322e-04
2.458806872338847257e+06 9.446369015961197935e-01 2.859206562377051273e-04
2.458806876978947315e+06 9.452091414528946967e-01 2.860423935975478071e-04
2.458806881619047839e+06 9.457781179755839762e-01 2.861641309696076022e-04
2.458806886259147897e+06 9.463258004825704228e-01 2.862936915477946875e-04
2.458806890899247956e+06 9.468521890320227286e-01 2.865212661851979374e-04
2.458806895539348479e+06 9.473572836735614233e-01 2.867488408454396350e-04
2.458806900179448538e+06 9.478778526672643201e-01 2.869764154828428849e-04
2.458806904819549061e+06 9.484825575707287459e-01 2.872039901430845825e-04
2.458806909459649120e+06 9.491729618951910696e-01 2.873125947143304244e-04
2.458806914099749178e+06 9.499490656970367430e-01 2.873365076342871598e-04
2.458806918739849702e+06 9.508043561680206146e-01 2.873604205566436683e-04
2.458806923379949760e+06 9.516568845366046858e-01 2.873843334766004037e-04
2.458806928020050284e+06 9.524819499283160296e-01 2.874195028373570599e-04
2.458806932660150342e+06 9.532795521775541125e-01 2.875626663712298929e-04
2.458806937300250866e+06 9.540496914444072107e-01 2.877058299194700311e-04
2.458806941940350924e+06 9.548139302987027621e-01 2.878489934533428100e-04
2.458806946580450982e+06 9.556097872428379603e-01 2.879921569872156430e-04
2.458806951220551506e+06 9.564379390186499297e-01 2.882068080462931239e-04
2.458806955860651564e+06 9.572983854599187437e-01 2.884682048907966068e-04
2.458806960500752088e+06 9.581905903886380749e-01 2.887296017615327407e-04
2.458806965140852146e+06 9.591085002617337762e-01 2.889909986060361694e-04
2.458806969780952204e+06 9.600504163480261255e-01 2.892365773048317132e-04
2.458806974421052728e+06 9.610163387456555073e-01 2.893602676465144969e-04
2.458806979061152786e+06 9.620062672607501142e-01 2.894839579757843041e-04
2.458806983701253310e+06 9.630055243861058711e-01 2.896076483174671421e-04
2.458806988341353368e+06 9.639903305628680918e-01 2.897313386467369493e-04
2.458806992981453426e+06 9.649603580963318494e-01 2.898849173577633929e-04
2.458806997621553950e+06 9.659156070816203865e-01 2.900564209837825725e-04
2.458807002261654008e+06 9.668578865080036389e-01 2.902279245925903678e-04
2.458807006901754532e+06 9.678056086871374974e-01 2.903994282186095474e-04
2.458807011541854590e+06 9.687635803609349061e-01 2.905840170972730143e-04
2.458807016181955114e+06 9.697318017216720598e-01 2.908522022678154792e-04
2.458807020822055172e+06 9.707102725750157424e-01 2.911203874114440347e-04
2.458807025462155230e+06 9.716958436886037331e-01 2.913885725550725359e-04
2.458807030102255754e+06 9.726837685634861508e-01 2.916567577256150550e-04
2.458807034742355812e+06 9.736739993463043863e-01 2.918671405225263570e-04
2.458807039382456336e+06 9.746665362358093443e-01 2.920457903906220382e-04
2.458807044022556394e+06 9.756608243456407203e-01 2.922244402407891896e-04
2.458807048662656453e+06 9.766517498788838125e-01 2.924030900909562868e-04
2.458807053302756976e+06 9.776380721505978366e-01 2.925876441765564123e-04
2.458807057942857035e+06 9.786197909628170377e-01 2.928041854533434073e-04
2.458807062582957558e+06 9.795969065125833541e-01 2.930207267518615544e-04
2.458807067223057617e+06 9.805447142438119545e-01 2.932372680286486036e-04
2.458807071863158140e+06 9.814286125195794686e-01 2.934538093271667506e-04
2.458807076503258198e+06 9.822483650173700065e-01 2.935777602335412108e-04
2.458807081143358257e+06 9.830039718291064821e-01 2.936552888286012605e-04
2.458807085783458780e+06 9.837043940228042960e-01 2.937328174314417619e-04
2.458807090423558839e+06 9.844247778485999412e-01 2.938103460265017574e-04
2.458807095063659362e+06 9.851820482355211350e-01 2.939132884978772021e-04
2.458807099703759421e+06 9.859762050315744597e-01 2.941349728105279739e-04
2.458807104343859479e+06 9.868072483109059378e-01 2.943566571231786915e-04
2.458807108983960003e+06 9.876388856441398190e-01 2.945783414580766956e-04
2.458807113624060061e+06 9.884239376366081853e-01 2.948000257707274131e-04
2.458807118264160585e+06 9.891622076517386786e-01 2.949133226249003197e-04
2.458807122904260643e+06 9.898536955413523852e-01 2.949771301783107630e-04
2.458807127544360701e+06 9.905065339637239008e-01 2.950409377317211521e-04
2.458807132184461225e+06 9.911829796196288678e-01 2.951047452915350018e-04
2.458807136824561283e+06 9.918960305387813925e-01 2.951929593089864167e-04
2.458807141464661807e+06 9.926456868642988818e-01 2.953808025858994674e-04
2.458807146104761865e+06 9.934319484457164728e-01 2.955686458439612239e-04
2.458807150744862389e+06 9.941894479028011711e-01 2.957564891208742204e-04
2.458807155384962447e+06 9.948394350299329947e-01 2.959443323789360853e-04
2.458807160025062505e+06 9.953817429195657152e-01 2.960731135087463434e-04
2.458807164665163029e+06 9.958163716099135421e-01 2.961774185520313655e-04
2.458807169305263087e+06 9.961560366503167119e-01 2.962817235848487409e-04
2.458807173945363611e+06 9.964898790700210673e-01 2.963860286281337630e-04
2.458807178585463669e+06 9.968351245701223551e-01 2.964741280784317251e-04
2.458807183225563727e+06 9.971917731835518994e-01 2.965038371157742588e-04
2.458807187865664251e+06 9.975598249478180302e-01 2.965335461560981859e-04
2.458807192505764309e+06 9.979170153456956571e-01 2.965632551934407196e-04
2.458807197145864833e+06 9.982385308068650875e-01 2.965929642337647009e-04
2.458807201785964891e+06 9.985243532812358991e-01 2.966837062287224804e-04
2.458807206426065415e+06 9.987744828261758689e-01 2.967973114387206356e-04
2.458807211066165473e+06 9.989914718996926180e-01 2.969109166373178088e-04
2.458807215706265531e+06 9.991917531522250817e-01 2.970245218359149819e-04
2.458807220346366055e+06 9.993782604821713766e-01 2.971006444209281440e-04
2.458807224986466113e+06 9.995509938520973359e-01 2.970565738176582891e-04
2.458807229626566637e+06 9.997099532966724489e-01 2.970125032099657026e-04
2.458807234266666695e+06 9.998422751206658132e-01 2.969684326066957935e-04
2.458807238906766754e+06 9.999347238473369481e-01 2.969243620034259928e-04
2.458807243546867277e+06 9.999872988106325300e-01 2.969007746224926214e-04
2.458807248186967336e+06 1.000000000000000000e+00 2.968840895854065018e-04
2.458807252827067859e+06 9.999749667069196546e-01 2.968674045466458320e-04
2.458807257467167918e+06 9.999248780374042633e-01 2.968507195095597124e-04
2.458807262107267976e+06 9.998518212818935380e-01 2.968393055477025044e-04
2.458807266747368500e+06 9.997557964295983313e-01 2.968430356618332179e-04
2.458807271387468558e+06 9.996368017837719000e-01 2.968467657755895564e-04
2.458807276027569082e+06 9.994849008459055772e-01 2.968504958897203241e-04
2.458807280667669140e+06 9.992906676177815140e-01 2.968542260034767169e-04
2.458807285307769664e+06 9.990541020604145617e-01 2.968071051564583084e-04
2.458807289947869722e+06 9.987752042212864056e-01 2.967446602905249916e-04
2.458807294587969780e+06 9.984568615727549279e-01 2.966822154245917290e-04
2.458807299228070304e+06 9.981148637889706299e-01 2.966197705523917236e-04
2.458807303868170362e+06 9.977516022611361279e-01 2.965506286471787179e-04
2.458807308508270886e+06 9.973670769163411887e-01 2.964641515438153378e-04
2.458807313148370944e+06 9.969612859657400739e-01 2.963776744491304540e-04
2.458807317788471002e+06 9.965324880930630513e-01 2.962911973544456244e-04
2.458807322428571526e+06 9.960791572862817134e-01 2.962047202510822985e-04
2.458807327068671584e+06 9.956012936363846100e-01 2.961017461424250838e-04
2.458807331708772108e+06 9.950988970474593520e-01 2.959943577917118927e-04
2.458807336348872166e+06 9.945728224663672457e-01 2.958869694517757254e-04
2.458807340988972690e+06 9.940273911193454603e-01 2.957795811010624802e-04
2.458807345629072748e+06 9.934632036421370271e-01 2.956734100417965643e-04
2.458807350269172806e+06 9.928802599809462004e-01 2.955700909190857816e-04
2.458807354909273330e+06 9.922785567416114727e-01 2.954667717860063399e-04
2.458807359549373388e+06 9.916568459450612050e-01 2.953634526632955572e-04
2.458807364189473912e+06 9.910141150512096209e-01 2.952601335302161155e-04
2.458807368829573970e+06 9.903503641890601950e-01 2.951134646469738966e-04
2.458807373469674028e+06 9.896655932951659018e-01 2.949565863680240953e-04
2.458807378109774552e+06 9.889555040992638046e-01 2.947997080733307028e-04
2.458807382749874610e+06 9.881999764280199328e-01 2.946428297943809015e-04
2.458807387389975134e+06 9.873964519174203147e-01 2.944637791646055190e-04
2.458807392030075192e+06 9.865449307287418312e-01 2.942375295694592838e-04
2.458807396670175251e+06 9.856455517362413543e-01 2.940112799743130486e-04
2.458807401310275774e+06 9.847266324072573296e-01 2.937850303564613430e-04
2.458807405950375833e+06 9.838094704377295940e-01 2.935587807613151078e-04
2.458807410590476356e+06 9.828940656435728451e-01 2.933812715230777325e-04
2.458807415230576415e+06 9.819804182085198896e-01 2.932137555127797921e-04
2.458807419870676938e+06 9.810667721762530435e-01 2.930462394856705923e-04
2.458807424510776997e+06 9.801455054459294880e-01 2.928787234753725977e-04
2.458807429150877055e+06 9.792157341423893824e-01 2.927134349625289947e-04
2.458807433790977579e+06 9.782774581710440565e-01 2.925524686172406748e-04
2.458807438431077637e+06 9.773306309102005596e-01 2.923915022881063168e-04
2.458807443071178161e+06 9.763691987599468769e-01 2.922305359428179969e-04
2.458807447711278219e+06 9.753889346540439709e-01 2.920695696136835304e-04
2.458807452351378277e+06 9.743898384969511550e-01 2.918957237481543130e-04
2.458807456991478801e+06 9.733719101855686784e-01 2.917196108798356655e-04
2.458807461631578859e+06 9.723377034581600631e-01 2.915434980291910314e-04
2.458807466271679383e+06 9.712975122906410963e-01 2.913673851608724382e-04
2.458807470911779441e+06 9.702524213065466530e-01 2.911681635379531597e-04
2.458807475551879965e+06 9.692024302961151916e-01 2.909279605365097752e-04
2.458807480191980023e+06 9.681478496408880696e-01 2.906877575591721623e-04
2.458807484832080081e+06 9.671165975237507872e-01 2.904475545818344952e-04
2.458807489472180605e+06 9.661267980108878550e-01 2.902073515803911107e-04
2.458807494112280663e+06 9.651784513009635802e-01 2.900079971430679889e-04
2.458807498752381187e+06 9.642715572036337779e-01 2.898147031484684332e-04
2.458807503392481245e+06 9.633900498027183623e-01 2.896214091732669891e-04
2.458807508032581303e+06 9.624737173677345714e-01 2.894281151980655992e-04
2.458807512672681827e+06 9.615168213731407620e-01 2.892684305339821320e-04
2.458807517312781885e+06 9.605193620109974129e-01 2.891633405539621423e-04
2.458807521952882409e+06 9.594823273564302424e-01 2.890582505633957928e-04
2.458807526592982467e+06 9.584715642927291723e-01 2.889531605833758031e-04
2.458807531233082525e+06 9.575268513330044140e-01 2.888480706033558134e-04
2.458807535873183049e+06 9.566481883923908525e-01 2.886034327153534727e-04
2.458807540513283107e+06 9.558355756472468601e-01 2.883417721663559846e-04
2.458807545153383631e+06 9.550673266841721576e-01 2.880801115910993368e-04
2.458807549793483689e+06 9.542678129555719480e-01 2.878184510421017946e-04
2.458807554433584213e+06 9.534305446718028820e-01 2.875981536178426421e-04
2.458807559073684271e+06 9.525555220009146451e-01 2.874395107636302398e-04
2.458807563713784330e+06 9.516437655909032456e-01 2.872808679094177834e-04
2.458807568353884853e+06 9.507478719151807312e-01 2.871222250392846311e-04
2.458807572993984912e+06 9.498974331815458472e-01 2.869635821850721746e-04
2.458807577634085435e+06 9.490924492193054673e-01 2.869006179105606982e-04
2.458807582274185494e+06 9.483329201900293492e-01 2.868469143259152164e-04
2.458807586914285552e+06 9.476066452130813555e-01 2.867932107412696804e-04
2.458807591554386076e+06 9.468739995877495375e-01 2.867395071512347381e-04
2.458807596194486134e+06 9.461319388527180685e-01 2.866130016668916292e-04
2.458807600834586658e+06 9.453804628590467551e-01 2.863867771777651419e-04
2.458807605474686716e+06 9.446208121164388904e-01 2.861605527113415771e-04
2.458807610114786774e+06 9.439040561130738194e-01 2.859343282449180123e-04
2.458807614754887298e+06 9.432569717069614335e-01 2.857081037557915250e-04
2.458807619394987356e+06 9.426795590279790638e-01 2.856392538258890933e-04
2.458807624035087880e+06 9.421718179602331933e-01 2.855818452407511720e-04
2.458807628675187938e+06 9.417188021010064469e-01 2.855244366613745384e-04
2.458807633315288462e+06 9.412752771000620911e-01 2.854670280762365629e-04
2.458807637955388520e+06 9.408381504496391434e-01 2.853902893860177023e-04
2.458807642595488578e+06 9.404074221049061322e-01 2.852891932693335194e-04
2.458807647235589102e+06 9.399839683628371523e-01 2.851880971425038063e-04
2.458807651875689160e+06 9.395973554667526040e-01 2.850870010258196776e-04
2.458807656515789684e+06 9.392620371737695484e-01 2.849859048989899645e-04
2.458807661155889742e+06 9.389780135511902603e-01 2.849146261719799796e-04
2.458807665795989800e+06 9.387452845627896059e-01 2.848448278405963925e-04
2.458807670436090324e+06 9.385481199673662012e-01 2.847750295022081547e-04
2.458807675076190382e+06 9.383421359158797825e-01 2.847052311708245676e-04
2.458807679716290906e+06 9.381246519734345313e-01 2.846865567450756378e-04
2.458807684356390964e+06 9.378956681836815301e-01 2.847271923728203914e-04
2.458807688996491488e+06 9.376571017715219503e-01 2.847678280046432087e-04
2.458807693636591546e+06 9.374630263368924910e-01 2.848084636323879623e-04
2.458807698276691604e+06 9.373380968029789706e-01 2.848490992601327159e-04
2.458807702916792128e+06 9.372823131676528696e-01 2.848073193829736669e-04
2.458807707556892186e+06 9.372956754421104542e-01 2.847632676245700177e-04
2.458807712196992710e+06 9.373634086486959394e-01 2.847192158617456426e-04
2.458807716837092768e+06 9.374466325608451500e-01 2.846751641033420477e-04
2.458807721477192827e+06 9.375432907171409314e-01 2.846528779361039542e-04
2.458807726117293350e+06 9.376533831293062393e-01 2.846538512822316099e-04
2.458807730757393409e+06 9.377780029623840052e-01 2.846548246282615247e-04
2.458807735397493932e+06 9.379433437856244948e-01 2.846557979743891261e-04
2.458807740037593991e+06 9.381605464856049847e-01 2.846567713204190410e-04
2.458807744677694049e+06 9.384296110763160614e-01 2.847501180197363002e-04
2.458807749317794573e+06 9.387505375925671025e-01 2.848440553405291145e-04
2.458807753957894631e+06 9.391065021880763419e-01 2.849379926518947367e-04
2.458807758597995155e+06 9.394562074136205698e-01 2.850319299726874426e-04
2.458807763238095213e+06 9.397977591468518188e-01 2.851096918236438612e-04
2.458807767878195737e+06 9.401311574563231410e-01 2.851715275611829150e-04
2.458807772518295795e+06 9.404585146095064685e-01 2.852333632925163750e-04
2.458807777158395853e+06 9.408234061170128726e-01 2.852951990238498351e-04
2.458807781798496377e+06 9.412431218365551189e-01 2.853577548587157083e-04
2.458807786438596435e+06 9.417176616838912606e-01 2.854705876398434860e-04
2.458807791078696959e+06 9.422470257542669980e-01 2.855834204322946711e-04
2.458807795718797017e+06 9.428195415539648572e-01 2.856962532134223946e-04
2.458807800358897075e+06 9.434084800854529718e-01 2.858090859945501181e-04
2.458807804998997599e+06 9.440127909891091740e-01 2.859142663687124744e-04
2.458807809639097657e+06 9.446324741436412653e-01 2.860125052415652042e-04
2.458807814279198181e+06 9.452660692055019354e-01 2.861107441242767471e-04
2.458807818919298239e+06 9.458873470613037293e-01 2.862089829971294769e-04
2.458807823559398763e+06 9.464866004380134701e-01 2.863089165443859435e-04
2.458807828199498821e+06 9.470638292153538140e-01 2.864561429776862596e-04
2.458807832839598879e+06 9.476190334545685490e-01 2.866033694109865757e-04
2.458807837479699403e+06 9.481893335933635480e-01 2.867505958590619111e-04
2.458807842119799461e+06 9.488540203139735896e-01 2.868978222923622271e-04
2.458807846759899985e+06 9.496157258588895367e-01 2.870524183162007862e-04
2.458807851400000043e+06 9.504744500752282388e-01 2.872131711155956812e-04
