2.458829000000000000e+06 9.396687971917272453e-01 2.674513034007793650e-04
2.458829004640100058e+06 9.395903048847895622e-01 2.674442190905890779e-04
2.458829009280200582e+06 9.394848545490481762e-01 2.674371347796877709e-04
2.458829013920300640e+06 9.393524350806902179e-01 2.674288893483524505e-04
2.458829018560401164e+06 9.391930464531376144e-01 2.674202098106388988e-04
2.458829023200501222e+06 9.390275625225716905e-01 2.674115302737963408e-04
2.458829027840601280e+06 9.389901516258734038e-01 2.674028507369538912e-04
2.458829032480701804e+06 9.391047317853008503e-01 2.674066818141888013e-04
2.458829037120801862e+06 9.393713029778564261e-01 2.674505442532105017e-04
2.458829041760902386e+06 9.397898652570441103e-01 2.674944066966340088e-04
2.458829046401002444e+06 9.402584727204953419e-01 2.675382691356557093e-04
2.458829051041102968e+06 9.406723931675227135e-01 2.675821315790791622e-04
2.458829055681203026e+06 9.410316217711550690e-01 2.676428901705583691e-04
2.458829060321303084e+06 9.413361585756762073e-01 2.677093307165958540e-04
2.458829064961403608e+06 9.415967043843997963e-01 2.677757712693010195e-04
2.458829069601503666e+06 9.418765833384090680e-01 2.678422118153384501e-04
2.458829074241604190e+06 9.421862041286790390e-01 2.679211992166251419e-04
2.458829078881704248e+06 9.425255666930650866e-01 2.680361622827722150e-04
2.458829083521804307e+06 9.428946763190740876e-01 2.681511253489192339e-04
2.458829088161904830e+06 9.433223219826886163e-01 2.682660884266034650e-04
2.458829092802004889e+06 9.438357726537099923e-01 2.683810514927505381e-04
2.458829097442105412e+06 9.444350284351936686e-01 2.684810752831331276e-04
2.458829102082205471e+06 9.451200892068621906e-01 2.685766067399167432e-04
2.458829106722305994e+06 9.458770471411498404e-01 2.686721382062875790e-04
2.458829111362406053e+06 9.466299615686574187e-01 2.687676696630711946e-04
2.458829116002506111e+06 9.473673496416662454e-01 2.688789968489552792e-04
2.458829120642606635e+06 9.480892114318402175e-01 2.690311337462545564e-04
2.458829125282706693e+06 9.487955833308802100e-01 2.691832706282859360e-04
2.458829129922807217e+06 9.495198271292741854e-01 2.693354075255851589e-04
2.458829134562907275e+06 9.502911366418597128e-01 2.694875444076165385e-04
2.458829139203007333e+06 9.511095119389570973e-01 2.695941855105244301e-04
2.458829143843107857e+06 9.519749531097800865e-01 2.696886807181804696e-04
2.458829148483207915e+06 9.528680592131346661e-01 2.697831759163533722e-04
2.458829153123308439e+06 9.536908986355450146e-01 2.698776711240094116e-04
2.458829157763408497e+06 9.544298838651879002e-01 2.699928229960897206e-04
2.458829162403508555e+06 9.550850149888479024e-01 2.701562834890991862e-04
2.458829167043609079e+06 9.556566125573335846e-01 2.703197439985127932e-04
2.458829171683709137e+06 9.562631126672390680e-01 2.704832044915221503e-04
2.458829176323809661e+06 9.570004511260183921e-01 2.706466650009358116e-04
2.458829180963909719e+06 9.578686277856788278e-01 2.708063570509336958e-04
2.458829185604010243e+06 9.588676428204739866e-01 2.709651637792618185e-04
2.458829190244110301e+06 9.599662581578521925e-01 2.711239704916526571e-04
2.458829194884210359e+06 9.610184516062159066e-01 2.712827772040435500e-04
2.458829199524310883e+06 9.620056881946184024e-01 2.714412362543093885e-04
2.458829204164410941e+06 9.629279677249097391e-01 2.715989564610070861e-04
2.458829208804511465e+06 9.637856888262462673e-01 2.717566766835329971e-04
2.458829213444611523e+06 9.646592807801949165e-01 2.719143968902306948e-04
2.458829218084711581e+06 9.656091506936456126e-01 2.720721170969283924e-04
2.458829222724812105e+06 9.666352986734055852e-01 2.722886328407695669e-04
2.458829227364912163e+06 9.677377245135149186e-01 2.725171710771335317e-04
2.458829232005012687e+06 9.688930108674695951e-01 2.727457093364326008e-04
2.458829236645112745e+06 9.699996357424152116e-01 2.729742475727965655e-04
2.458829241285213269e+06 9.710458486145348012e-01 2.731781803922627111e-04
2.458829245925313327e+06 9.720316492738412251e-01 2.733344498322423329e-04
2.458829250565413386e+06 9.729574321648124524e-01 2.734907192722219006e-04
2.458829255205513909e+06 9.738738155953874376e-01 2.736469887278841274e-04
2.458829259845613968e+06 9.748160994068723051e-01 2.738032581678637493e-04
2.458829264485714491e+06 9.757842837883947684e-01 2.739720297996771966e-04
2.458829269125814550e+06 9.767783685456286058e-01 2.741429954290563000e-04
2.458829273765914608e+06 9.777761682455570202e-01 2.743139610584354035e-04
2.458829278406015132e+06 9.786883670011909953e-01 2.744849267049718979e-04
2.458829283046115190e+06 9.795055729180571769e-01 2.746365761279045297e-04
2.458829287686215714e+06 9.802277861601786935e-01 2.747540263041887455e-04
2.458829292326315772e+06 9.808566471736848147e-01 2.748714764686861116e-04
2.458829296966415830e+06 9.815389307676505304e-01 2.749889266331835319e-04
2.458829301606516354e+06 9.823697932007791067e-01 2.751063768094677477e-04
2.458829306246616412e+06 9.833492343063069407e-01 2.753370412596715792e-04
2.458829310886716936e+06 9.844772542808191140e-01 2.755844459384470808e-04
2.458829315526816994e+06 9.856901274591981510e-01 2.758318505923941359e-04
2.458829320166917518e+06 9.867493488538988666e-01 2.760792552711696375e-04
2.458829324807017576e+06 9.876322309646847764e-01 2.762701598656635768e-04
2.458829329447117634e+06 9.883387739067035493e-01 2.763694344944644379e-04
2.458829334087218158e+06 9.888711844914683802e-01 2.764687091332281412e-04
2.458829338727318216e+06 9.893757397012636901e-01 2.765679837620290565e-04
2.458829343367418740e+06 9.899406893385719330e-01 2.766672584007927598e-04
2.458829348007518798e+06 9.905660332900011467e-01 2.767837922372275443e-04
2.458829352647618856e+06 9.912517716092165143e-01 2.769024231289422431e-04
2.458829357287719380e+06 9.919721101298289989e-01 2.770210540325622950e-04
2.458829361927819438e+06 9.926372140493554541e-01 2.771396849242770480e-04
2.458829366567919962e+06 9.932393903665532875e-01 2.772362300337673029e-04
2.458829371208020020e+06 9.937786389605587356e-01 2.772999072327241694e-04
2.458829375848120078e+06 9.942560972096490257e-01 2.773635844316810358e-04
2.458829380488220602e+06 9.947301073231475943e-01 2.774272616370281898e-04
2.458829385128320660e+06 9.952334503137405530e-01 2.774909388359850563e-04
2.458829389768421184e+06 9.957661262824548665e-01 2.775868508871915112e-04
2.458829394408521242e+06 9.963281351223759463e-01 2.776858680253346703e-04
2.458829399048621766e+06 9.968937902500709658e-01 2.777848851734148134e-04
2.458829403688721824e+06 9.973797797630618023e-01 2.778839023115580267e-04
2.458829408328821883e+06 9.977797160049446390e-01 2.779559336202768773e-04
2.458829412968922406e+06 9.980935990029012883e-01 2.779910600257831741e-04
2.458829417609022465e+06 9.983232885460171513e-01 2.780261864277643502e-04
2.458829422249122988e+06 9.985450570494507350e-01 2.780613128332705929e-04
2.458829426889223047e+06 9.987988427829889160e-01 2.780964392352518232e-04
2.458829431529323105e+06 9.990846457672808434e-01 2.781775505472967739e-04
2.458829436169423629e+06 9.994024660358282741e-01 2.782619845570836179e-04
2.458829440809523687e+06 9.997164219559926401e-01 2.783464185583969883e-04
2.458829445449624211e+06 9.999180657991681986e-01 2.784308525681838324e-04
2.458829450089724269e+06 1.000000000000000000e+00 2.784662384294655157e-04
2.458829454729824793e+06 9.999622245749330007e-01 2.784399171763334794e-04
2.458829459369924851e+06 9.998086661343766890e-01 2.784135959258429390e-04
2.458829464010024909e+06 9.996713277176854096e-01 2.783872746753523987e-04
2.458829468650125433e+06 9.996146551687549175e-01 2.783609534222203623e-04
2.458829473290225491e+06 9.996386484989600030e-01 2.783938557592308279e-04
2.458829477930326015e+06 9.997433077131162582e-01 2.784296730136623377e-04
2.458829482570426073e+06 9.998793132693722940e-01 2.784654902644993920e-04
2.458829487210526131e+06 9.999076925838981111e-01 2.785013075153365005e-04
2.458829491850626655e+06 9.998200734699695946e-01 2.785336125199800198e-04
2.458829496490726713e+06 9.996164559451731213e-01 2.785618492999491396e-04
2.458829501130827237e+06 9.992986077084239360e-01 2.785900860827520385e-04
2.458829505770927295e+06 9.989162222740926023e-01 2.786183228627211583e-04
2.458829510411027353e+06 9.984919272039030069e-01 2.786465596426902780e-04
2.458829515051127877e+06 9.980257224489654799e-01 2.784755765855338001e-04
2.458829519691227935e+06 9.975176081028531705e-01 2.782991846287575133e-04
2.458829524331328459e+06 9.969957991984809142e-01 2.781227926542792950e-04
2.458829528971428517e+06 9.965344440795808056e-01 2.779464006975030624e-04
2.458829533611529041e+06 9.961374541540799488e-01 2.778366735543418052e-04
2.458829538251629099e+06 9.958048295016591611e-01 2.777980740762347285e-04
2.458829542891729157e+06 9.955318189023665276e-01 2.777594745981277059e-04
2.458829547531829681e+06 9.952049239686264759e-01 2.777208751161469374e-04
2.458829552171929739e+06 9.947759353673524263e-01 2.776822756380398606e-04
2.458829556812030263e+06 9.942448530124416983e-01 2.775503242628550625e-04
2.458829561452130321e+06 9.936116770104883589e-01 2.774178136206838100e-04
2.458829566092230380e+06 9.929123072762763291e-01 2.772853029785125574e-04
2.458829570732330903e+06 9.922347485538109968e-01 2.771527923230430231e-04
2.458829575372430962e+06 9.915830255527929848e-01 2.770403611748638241e-04
2.458829580012531485e+06 9.909571381424142622e-01 2.769476684043972498e-04
2.458829584652631544e+06 9.903549486234769494e-01 2.768549756432329674e-04
2.458829589292732067e+06 9.897324794023721894e-01 2.767622828727663389e-04
2.458829593932832126e+06 9.890723050126878357e-01 2.766692435329102585e-04
2.458829598572932184e+06 9.883744253938475666e-01 2.765526851622279562e-04
2.458829603213032708e+06 9.876388404701386126e-01 2.764361267798483052e-04
2.458829607853132766e+06 9.868637395901972420e-01 2.763195684091660029e-04
2.458829612493233290e+06 9.860449816463330297e-01 2.762030100267862977e-04
2.458829617133333348e+06 9.851824045839067123e-01 2.760372069962609793e-04
2.458829621773433406e+06 9.842760083229498136e-01 2.758268065449312229e-04
2.458829626413533930e+06 9.833270296153437950e-01 2.756164060724865749e-04
2.458829631053633988e+06 9.823576229961785700e-01 2.754060056211568184e-04
2.458829635693734512e+06 9.813759763365855759e-01 2.751975617098323759e-04
2.458829640333834570e+06 9.803820898335928735e-01 2.750430633037337174e-04
2.458829644973934628e+06 9.793759633893008854e-01 2.748885648976350589e-04
2.458829649614035152e+06 9.783576529441178060e-01 2.747340664760315504e-04
2.458829654254135210e+06 9.773272782475229681e-01 2.745795680699328377e-04
2.458829658894235734e+06 9.762848430471343653e-01 2.744162896675028575e-04
2.458829663534335792e+06 9.752303475521808540e-01 2.742456882568010531e-04
2.458829668174436316e+06 9.741668176970189608e-01 2.740750868289783954e-04
2.458829672814536374e+06 9.731418953744580547e-01 2.739044854182766451e-04
2.458829677454636432e+06 9.721720000867617451e-01 2.737357174026583775e-04
2.458829682094736956e+06 9.712571317448790431e-01 2.735981635640421443e-04
2.458829686734837014e+06 9.703972905324343978e-01 2.734606097392302442e-04
2.458829691374937538e+06 9.695563714829753543e-01 2.733230559006140110e-04
2.458829696015037596e+06 9.686625539738917823e-01 2.731855020758020567e-04
2.458829700655137654e+06 9.677138667300935193e-01 2.730265737762662976e-04
2.458829705295238178e+06 9.667103096481145519e-01 2.728512369050980851e-04
2.458829709935338236e+06 9.656564418762352275e-01 2.726759000515259859e-04
2.458829714575438760e+06 9.646158538482952904e-01 2.725005631803577733e-04
2.458829719215538818e+06 9.636089748523515297e-01 2.723256580401998235e-04
2.458829723855639342e+06 9.626358046863113804e-01 2.721560049563471963e-04
2.458829728495739400e+06 9.616963435455018194e-01 2.719863518895201753e-04
2.458829733135839459e+06 9.607649450761549526e-01 2.718166988226932085e-04
2.458829737775939982e+06 9.597940517803182914e-01 2.716470457388405271e-04
2.458829742416040041e+06 9.587826042737636056e-01 2.714658436568021644e-04
2.458829747056140564e+06 9.577306023534815083e-01 2.712764888797507918e-04
2.458829751696240623e+06 9.566444931821299624e-01 2.710871341217022308e-04
2.458829756336340681e+06 9.556045010568912090e-01 2.708977793636536697e-04
2.458829760976441205e+06 9.546346365653506361e-01 2.707162912501569142e-04
2.458829765616541263e+06 9.537348999021716400e-01 2.706085129084364617e-04
2.458829770256641787e+06 9.529052908867663430e-01 2.705007345558998457e-04
2.458829774896741845e+06 9.521134732177201077e-01 2.703929562141793932e-04
2.458829779536841903e+06 9.513035793389847949e-01 2.702851778724589950e-04
2.458829784176942427e+06 9.504746264786076981e-01 2.701330797761716004e-04
2.458829788817042485e+06 9.496266148029697263e-01 2.699522475563829516e-04
2.458829793457143009e+06 9.487642703567753522e-01 2.697714153184468185e-04
2.458829798097243067e+06 9.479403750750070579e-01 2.695905830986582239e-04
2.458829802737343591e+06 9.471696357297505475e-01 2.694221875830715902e-04
2.458829807377443649e+06 9.464520524757018549e-01 2.693477331665984176e-04
2.458829812017543707e+06 9.457876252328458744e-01 2.692732787501252991e-04
2.458829816657644231e+06 9.451747211562944173e-01 2.691988243261801846e-04
2.458829821297744289e+06 9.446107139810390185e-01 2.691243699097070120e-04
2.458829825937844813e+06 9.440955684313301344e-01 2.690513058712962506e-04
2.458829830577944871e+06 9.436292846105630572e-01 2.689790684458105707e-04
2.458829835218044929e+06 9.432059833634461876e-01 2.689068310203249451e-04
2.458829839858145453e+06 9.427664318139780120e-01 2.688345935875898558e-04
2.458829844498245511e+06 9.422952778384233730e-01 2.687591773911510097e-04
2.458829849138346035e+06 9.417925213422159159e-01 2.686638028755853908e-04
2.458829853778446093e+06 9.412581624262649216e-01 2.685684283695911629e-04
2.458829858418546617e+06 9.407422862932519614e-01 2.684730538540255982e-04
2.458829863058646675e+06 9.403198335640775563e-01 2.683776793480314245e-04
2.458829867698746733e+06 9.399915306863483311e-01 2.683427826420143204e-04
2.458829872338847257e+06 9.397573776412893043e-01 2.683407917477196821e-04
2.458829876978947315e+06 9.396050920200831325e-01 2.683388008536248081e-04
2.458829881619047839e+06 9.394225235285798004e-01 2.683368099593301699e-04
2.458829886259147897e+06 9.391826614106890680e-01 2.683324107898040064e-04
2.458829890899247956e+06 9.388855056509638475e-01 2.683151647478271783e-04
2.458829895539348479e+06 9.385310562109583365e-01 2.682979187041195841e-04
2.458829900179448538e+06 9.381777174974879063e-01 2.682806726621428102e-04
2.458829904819549061e+06 9.379066896993151214e-01 2.682634266184352159e-04
2.458829909459649120e+06 9.377185033835343519e-01 2.682342388053112533e-04
2.458829914099749178e+06 9.376131585187893469e-01 2.681991186798273570e-04
2.458829918739849702e+06 9.375865069027059517e-01 2.681639985508189362e-04
2.458829923379949760e+06 9.376040832072758402e-01 2.681288784253350399e-04
2.458829928020050284e+06 9.376581831706340964e-01 2.681056053527013246e-04
2.458829932660150342e+06 9.377488067819222950e-01 2.681369132614167764e-04
2.458829937300250866e+06 9.378759540593296640e-01 2.681682211732742461e-04
2.458829941940350924e+06 9.380223783757517531e-01 2.681995290819898063e-04
2.458829946580450982e+06 9.381658282346069244e-01 2.682308369907053123e-04
2.458829951220551506e+06 9.383062160251234296e-01 2.682396786416705605e-04
2.458829955860651564e+06 9.384435417191238082e-01 2.682383597528379955e-04
2.458829960500752088e+06 9.385829498605856580e-01 2.682370408638731036e-04
2.458829965140852146e+06 9.387634717098652937e-01 2.682357219750405386e-04
2.458829969780952204e+06 9.389931940484227413e-01 2.682494397542613523e-04
2.458829974421052728e+06 9.392721169067181908e-01 2.683237497267984377e-04
2.458829979061152786e+06 9.396002402287686461e-01 2.683980596918780553e-04
2.458829983701253310e+06 9.399762041516128708e-01 2.684723696644151949e-04
2.458829988341353368e+06 9.403983828576465420e-01 2.685466796294948668e-04
2.458829992981453426e+06 9.408667732120081784e-01 2.686482609983449729e-04
2.458829997621553950e+06 9.413813752686596148e-01 2.687610322852682196e-04
2.458830002261654008e+06 9.419400786845250062e-01 2.688738035608742387e-04
2.458830006901754532e+06 9.425282177486031809e-01 2.689865748477975396e-04
2.458830011541854590e+06 9.431429804656612514e-01 2.691020222050166471e-04
2.458830016181955114e+06 9.437843669590889606e-01 2.692269963522836776e-04
2.458830020822055172e+06 9.444523771001528401e-01 2.693519704870088742e-04
2.458830025462155230e+06 9.451068918430868271e-01 2.694769446217340166e-04
2.458830030102255754e+06 9.457035515655376479e-01 2.696019187690011014e-04
2.458830034742355812e+06 9.462423284977400373e-01 2.697760740460059805e-04
2.458830039382456336e+06 9.467232227478330486e-01 2.699684622634441989e-04
2.458830044022556394e+06 9.471680553282664228e-01 2.701608504615751077e-04
2.458830048662656453e+06 9.477161296014389169e-01 2.703532386597060706e-04
2.458830053302756976e+06 9.483921172811374811e-01 2.705206680555913745e-04
2.458830057942857035e+06 9.491960182316835359e-01 2.706089645207454260e-04
2.458830062582957558e+06 9.501278326144293462e-01 2.706972609947606075e-04
2.458830067223057617e+06 9.510883753299457233e-01 2.707855574599146590e-04
2.458830071863158140e+06 9.519764238823186231e-01 2.708738539339297863e-04
2.458830076503258198e+06 9.527919754833954480e-01 2.709904505856836521e-04
2.458830081143358257e+06 9.535350302259351096e-01 2.711164798314512217e-04
2.458830085783458780e+06 9.542200574854365902e-01 2.712425090898666603e-04
2.458830090423558839e+06 9.549321137868259646e-01 2.713685383356342299e-04
2.458830095063659362e+06 9.556850861745377346e-01 2.714905205485220840e-04
2.458830099703759421e+06 9.564789744974411256e-01 2.716009994672592145e-04
2.458830104343859479e+06 9.573137706869985220e-01 2.717114783859963449e-04
2.458830108983960003e+06 9.581539838544396170e-01 2.718219573158206894e-04
2.458830113624060061e+06 9.589662168393640052e-01 2.719324362345578740e-04
2.458830118264160585e+06 9.597504698047966132e-01 2.721237268725936733e-04
2.458830122904260643e+06 9.605067425933284664e-01 2.723390888484753664e-04
2.458830127544360701e+06 9.612488157169143399e-01 2.725544508243571136e-04
2.458830132184461225e+06 9.620514446292770527e-01 2.727698128218516722e-04
2.458830136824561283e+06 9.629258544529073482e-01 2.729631534840263056e-04
2.458830141464661807e+06 9.638720453633095042e-01 2.731000729967941808e-04
2.458830146104761865e+06 9.648898945788297876e-01 2.732369924958214197e-04
2.458830150744862389e+06 9.658774305981052688e-01 2.733739120085893490e-04
2.458830155384962447e+06 9.667459915127855075e-01 2.735108315076165879e-04
2.458830160025062505e+06 9.674955774279452303e-01 2.736352425099949871e-04
2.458830164665163029e+06 9.681261884009003671e-01 2.737563479136777929e-04
2.458830169305263087e+06 9.686755743555990339e-01 2.738774533052069633e-04
2.458830173945363611e+06 9.693330780470733599e-01 2.739985587088898233e-04
2.458830178585463669e+06 9.701247805857450279e-01 2.741346389755725281e-04
2.458830183225563727e+06 9.710506820308646425e-01 2.743054601934433265e-04
2.458830187865664251e+06 9.721103256094490996e-01 2.744762814284569877e-04
2.458830192505764309e+06 9.731444076358460871e-01 2.746471026463277862e-04
2.458830197145864833e+06 9.740246984172047373e-01 2.748179238813414473e-04
2.458830201785964891e+06 9.747511977768400504e-01 2.749014414641590956e-04
2.458830206426065415e+06 9.753239058605693845e-01 2.749646727665642923e-04
2.458830211066165473e+06 9.757764382444172879e-01 2.750279040626237622e-04
2.458830215706265531e+06 9.762649502406881563e-01 2.750911353586833405e-04
2.458830220346366055e+06 9.768091154239493257e-01 2.751753861596711957e-04
2.458830224986466113e+06 9.774089336849804965e-01 2.753039589709541492e-04
2.458830229626566637e+06 9.780644089643515393e-01 2.754325317951400844e-04
2.458830234266666695e+06 9.787762805450478387e-01 2.755611046064229837e-04
2.458830238906766754e+06 9.795451004131916495e-01 2.756896774177058831e-04
2.458830243546867277e+06 9.803708686545111739e-01 2.758682572083782621e-04
2.458830248186967336e+06 9.812535851032649914e-01 2.760569399442795832e-04
2.458830252827067859e+06 9.821641933738027852e-01 2.762456226991164411e-04
2.458830257467167918e+06 9.829774992170559056e-01 2.764343054350177622e-04
2.458830262107267976e+06 9.836791243882427871e-01 2.765997410145297790e-04
2.458830266747368500e+06 9.842690689409644422e-01 2.767204821509588542e-04
2.458830271387468558e+06 9.847481393627232071e-01 2.768412232752707775e-04
2.458830276027569082e+06 9.852165340998666476e-01 2.769619644116997443e-04
2.458830280667669140e+06 9.857437058947305930e-01 2.770827055360117219e-04
2.458830285307769664e+06 9.863296548531250707e-01 2.772034413189934567e-04
2.458830289947869722e+06 9.869743808574429345e-01 2.773241761628828005e-04
2.458830294587969780e+06 9.876510096477066902e-01 2.774449110067720901e-04
2.458830299228070304e+06 9.882520040714157794e-01 2.775656458627779352e-04
2.458830303868170362e+06 9.887661478081246624e-01 2.776521151494364039e-04
2.458830308508270886e+06 9.891934409610285694e-01 2.776783610374914681e-04
2.458830313148370944e+06 9.895339717982866157e-01 2.777046069229125716e-04
2.458830317788471002e+06 9.897954355567157858e-01 2.777308528083337292e-04
2.458830322428571526e+06 9.899827913527579071e-01 2.777570986963887934e-04
2.458830327068671584e+06 9.900960391488083934e-01 2.777433310925729007e-04
2.458830331708772108e+06 9.901351789675976178e-01 2.777237361725605307e-04
2.458830336348872166e+06 9.901420028354260827e-01 2.777041412545146323e-04
2.458830340988972690e+06 9.902719910351608368e-01 2.776845463345022622e-04
2.458830345629072748e+06 9.905398079816185586e-01 2.777276169648664221e-04
2.458830350269172806e+06 9.909454536809284564e-01 2.778715893691243149e-04
2.458830354909273330e+06 9.914862413105892669e-01 2.780155617878307195e-04
2.458830359549373388e+06 9.919880660957964835e-01 2.781595341920886665e-04
2.458830364189473912e+06 9.923465099662179822e-01 2.783035066107951254e-04
2.458830368829573970e+06 9.925615728499096457e-01 2.782804049454191552e-04
2.458830373469674028e+06 9.926332547900384995e-01 2.782373589309047727e-04
2.458830378109774552e+06 9.925919779665042242e-01 2.781943129120704951e-04
2.458830382749874610e+06 9.925430690141202605e-01 2.781512668975561669e-04
2.458830387389975134e+06 9.924954674672663568e-01 2.781225599280585676e-04
2.458830392030075192e+06 9.924491733354972034e-01 2.781150422625532147e-04
2.458830396670175251e+06 9.924042237148523737e-01 2.781075245970478617e-04
2.458830401310275774e+06 9.923624847583140118e-01 2.781000069307880667e-04
2.458830405950375833e+06 9.923249988947611122e-01 2.780924892652827138e-04
2.458830410590476356e+06 9.922917661166699155e-01 2.781258178896901085e-04
2.458830415230576415e+06 9.922627864307100864e-01 2.781629979897667655e-04
2.458830419870676938e+06 9.922239317554176763e-01 2.782001780935745958e-04
2.458830424510776997e+06 9.921296474819909506e-01 2.782373581936511985e-04
2.458830429150877055e+06 9.919764736184222276e-01 2.782318448538442053e-04
2.458830433790977579e+06 9.917644101404750057e-01 2.781683497779156400e-04
2.458830438431077637e+06 9.914944859329839488e-01 2.781048547083590935e-04
2.458830443071178161e+06 9.912081684612161769e-01 2.780413596324305282e-04
2.458830447711278219e+06 9.909270453653942212e-01 2.779778645628740901e-04
2.458830452351378277e+06 9.906511166165232751e-01 2.779370135603768531e-04
2.458830456991478801e+06 9.903803821876947522e-01 2.778977546374532064e-04
2.458830461631578859e+06 9.901151669693110113e-01 2.778584957184694420e-04
2.458830466271679383e+06 9.898564469868647020e-01 2.778192367955457953e-04
2.458830470911779441e+06 9.896042882109228334e-01 2.777908692654280660e-04
2.458830475551879965e+06 9.893586905908741125e-01 2.777761102718477289e-04
2.458830480191980023e+06 9.891179747157784474e-01 2.777613512797485746e-04
2.458830484832080081e+06 9.888265501673354496e-01 2.777465922876494204e-04
2.458830489472180605e+06 9.884574333648507016e-01 2.777318332940691375e-04
2.458830494112280663e+06 9.880106243824103851e-01 2.775909867463423808e-04
2.458830498752381187e+06 9.874861231303345699e-01 2.774441693025436729e-04
2.458830503392481245e+06 9.869021591312682196e-01 2.772973518734790014e-04
2.458830508032581303e+06 9.863098027940386814e-01 2.771505344444143300e-04
2.458830512672681827e+06 9.857120981098111967e-01 2.770439592468243711e-04
2.458830517312781885e+06 9.851090451985521357e-01 2.769836797561854363e-04
2.458830521952882409e+06 9.845019048983415511e-01 2.769234002594971413e-04
2.458830526592982467e+06 9.839256301401432259e-01 2.768631207688582608e-04
2.458830531233082525e+06 9.833960449593968089e-01 2.768028412782193803e-04
2.458830535873183049e+06 9.829131493099834138e-01 2.767524660034751836e-04
2.458830540513283107e+06 9.824769432888260656e-01 2.767023419552579275e-04
2.458830545153383631e+06 9.820434308918558619e-01 2.766522179020104613e-04
2.458830549793483689e+06 9.814976570358949770e-01 2.766020938537932594e-04
2.458830554433584213e+06 9.808336262893847524e-01 2.764682981062442082e-04
2.458830559073684271e+06 9.800513387856036873e-01 2.762458329971161585e-04
2.458830563713784330e+06 9.791567307109378948e-01 2.760233678879881088e-04
2.458830568353884853e+06 9.782898005331360780e-01 2.758009027565344390e-04
2.458830572993984912e+06 9.775096730573219483e-01 2.755784376474063892e-04
2.458830577634085435e+06 9.768163481269145354e-01 2.754522538654647062e-04
2.458830582274185494e+06 9.762098258810725238e-01 2.753264821367136907e-04
2.458830586914285552e+06 9.756562779934532248e-01 2.752007104079626752e-04
2.458830591554386076e+06 9.750732534842357913e-01 2.750749386665897575e-04
2.458830596194486134e+06 9.744570280461806178e-01 2.749710203068407837e-04
2.458830600834586658e+06 9.738076015556039744e-01 2.748884390311335927e-04
2.458830605474686716e+06 9.731221123003527262e-01 2.748058577637138805e-04
2.458830610114786774e+06 9.723423817686810411e-01 2.747232764962942225e-04
2.458830614754887298e+06 9.714454894561241893e-01 2.746387664509053017e-04
2.458830619394987356e+06 9.704314355426991723e-01 2.744372339929061484e-04
2.458830624035087880e+06 9.693002198248732437e-01 2.742357015146821252e-04
2.458830628675187938e+06 9.681394146499843201e-01 2.740341690566829719e-04
2.458830633315288462e+06 9.671481332476049575e-01 2.738326365784588944e-04
2.458830637955388520e+06 9.663340721693035595e-01 2.736891007372607384e-04
2.458830642595488578e+06 9.656972313067067049e-01 2.735977331616604950e-04
2.458830647235589102e+06 9.652254323558139282e-01 2.735063655768909369e-04
2.458830651875689160e+06 9.647029243803644238e-01 2.734149980012906935e-04
2.458830656515789684e+06 9.640504254429428377e-01 2.733222782312375249e-04
2.458830661155889742e+06 9.632679356745135202e-01 2.731940571408158287e-04
2.458830665795989800e+06 9.623554550161168564e-01 2.730658360503941326e-04
2.458830670436090324e+06 9.613708720111877604e-01 2.729376149471046372e-04
2.458830675076190382e+06 9.604369600589874878e-01 2.728093938566829952e-04
2.458830679716290906e+06 9.595577209346983771e-01 2.726548404780174736e-04
2.458830684356390964e+06 9.587331548147941529e-01 2.724784736744701331e-04
2.458830688996491488e+06 9.579591623661226629e-01 2.723021068532233547e-04
2.458830693636591546e+06 9.571718687475213594e-01 2.721257400496760142e-04
2.458830698276691604e+06 9.563493864009848799e-01 2.719484017099119632e-04
2.458830702916792128e+06 9.554917152386750434e-01 2.717550400700296945e-04
2.458830707556892186e+06 9.545988554327363707e-01 2.715616784495523679e-04
2.458830712196992710e+06 9.537052437515911585e-01 2.713683168096700992e-04
2.458830716837092768e+06 9.528789891056284045e-01 2.711749551891928268e-04
2.458830721477192827e+06 9.521219304895625068e-01 2.710549169536178096e-04
2.458830726117293350e+06 9.514340678378345739e-01 2.709907812817171431e-04
2.458830730757393409e+06 9.508127242527558698e-01 2.709266456162528428e-04
2.458830735397493932e+06 9.502209176604996532e-01 2.708625099443521763e-04
2.458830740037593991e+06 9.496468362649346240e-01 2.707940641478028833e-04
2.458830744677694049e+06 9.490904800057798907e-01 2.706744158357425665e-04
2.458830749317794573e+06 9.485518488298704254e-01 2.705547675116748191e-04
2.458830753957894631e+06 9.480234705762906611e-01 2.704351191996145023e-04
2.458830758597995155e+06 9.474915690531742207e-01 2.703154708755467549e-04
2.458830763238095213e+06 9.469558430075079025e-01 2.702161736149153478e-04
2.458830767878195737e+06 9.464162923317648302e-01 2.701311429801274725e-04
2.458830772518295795e+06 9.458738650083351462e-01 2.700461123538728647e-04
2.458830777158395853e+06 9.453402490508132638e-01 2.699610817276183110e-04
2.458830781798496377e+06 9.448189221433089813e-01 2.698740711715709949e-04
2.458830786438596435e+06 9.443098843904588202e-01 2.697688615511398746e-04
2.458830791078696959e+06 9.438131356900927305e-01 2.696636519201503599e-04
2.458830795718797017e+06 9.433429595089007913e-01 2.695584422997192395e-04
2.458830800358897075e+06 9.429238891527049748e-01 2.694532326792881734e-04
2.458830804998997599e+06 9.425563471838470653e-01 2.693862456331588178e-04
2.458830809639097657e+06 9.422403336760969417e-01 2.693438653500403895e-04
2.458830814279198181e+06 9.419711569113008442e-01 2.693014850626688529e-04
2.458830818919298239e+06 9.416968724177560146e-01 2.692591047795504246e-04
2.458830823559398763e+06 9.414030918288115446e-01 2.692166313900436745e-04
2.458830828199498821e+06 9.410898152034327113e-01 2.691734660532944193e-04
2.458830832839598879e+06 9.407570425131152048e-01 2.691303007165452184e-04
2.458830837479699403e+06 9.404322584741903190e-01 2.690871353754641418e-04
2.458830842119799461e+06 9.401594128840234932e-01 2.690439700387148867e-04
2.458830846759899985e+06 9.399390799073811253e-01 2.689988379354201083e-04
2.458830851400000043e+06 9.397712595884866182e-01 2.689525449508493480e-04
