2.458819000000000000e+06 9.573077736980484254e-01 2.692519389841511492e-04
2.458819004640100058e+06 9.580415101965923386e-01 2.694078506995815155e-04
2.458819009280200582e+06 9.588386057371688365e-01 2.695637624306585997e-04
2.458819013920300640e+06 9.596992412245587412e-01 2.696929471798183891e-04
2.458819018560401164e+06 9.606234168315015420e-01 2.698102545257980551e-04
2.458819023200501222e+06 9.616009886020813191e-01 2.699275618600051828e-04
2.458819027840601280e+06 9.625562383444044023e-01 2.700448691942123106e-04
2.458819032480701804e+06 9.634736973829965967e-01 2.701792193762215643e-04
2.458819037120801862e+06 9.643533655337129806e-01 2.703806602668418213e-04
2.458819041760902386e+06 9.651952429731134320e-01 2.705821011776777868e-04
2.458819046401002444e+06 9.659954395155246898e-01 2.707835420682980438e-04
2.458819051041102968e+06 9.667493702495620900e-01 2.709849829791341176e-04
2.458819055681203026e+06 9.674570274307007223e-01 2.711218300276511386e-04
2.458819060321303084e+06 9.681184111369239842e-01 2.712326520272992261e-04
2.458819064961403608e+06 9.687453132427793490e-01 2.713434740380689511e-04
2.458819069601503666e+06 9.694184049934176928e-01 2.714542960377170386e-04
2.458819074241604190e+06 9.701529329008501401e-01 2.715689465268567569e-04
2.458819078881704248e+06 9.709488968176482881e-01 2.716969330005893123e-04
2.458819083521804307e+06 9.718062968144435265e-01 2.718249194743219219e-04
2.458819088161904830e+06 9.726776616661828578e-01 2.719529059608987494e-04
2.458819092802004889e+06 9.735112577322120320e-01 2.720808924346313049e-04
2.458819097442105412e+06 9.743070615275227775e-01 2.722039023408562189e-04
2.458819102082205471e+06 9.750650728923885291e-01 2.723251021260117682e-04
2.458819106722305994e+06 9.757920026207531627e-01 2.724463019233304396e-04
2.458819111362406053e+06 9.765300413478267272e-01 2.725675017084859346e-04
2.458819116002506111e+06 9.772865521854221527e-01 2.726930832715453255e-04
2.458819120642606635e+06 9.780615352122405959e-01 2.728322762664385243e-04
2.458819125282706693e+06 9.788549902727333718e-01 2.729714692473629708e-04
2.458819129922807217e+06 9.796223802878760711e-01 2.731106622422562239e-04
2.458819134562907275e+06 9.803189258209709100e-01 2.732498552231806704e-04
2.458819139203007333e+06 9.809446268704209437e-01 2.733527045895030425e-04
2.458819143843107857e+06 9.814994834883539188e-01 2.734436813449003171e-04
2.458819148483207915e+06 9.819972566065172659e-01 2.735346580911675253e-04
2.458819153123308439e+06 9.825176470099303838e-01 2.736256348465648000e-04
2.458819157763408497e+06 9.830734716218484381e-01 2.737199430555007826e-04
2.458819162403508555e+06 9.836647304927172986e-01 2.738235388936178507e-04
2.458819167043609079e+06 9.842914077892191971e-01 2.739271347421314419e-04
2.458819171683709137e+06 9.849083896387864634e-01 2.740307305802486184e-04
2.458819176323809661e+06 9.854738404627532145e-01 2.741343264287621553e-04
2.458819180963909719e+06 9.859877601476263465e-01 2.742511679507786512e-04
2.458819185604010243e+06 9.864501487965557924e-01 2.743718717710927390e-04
2.458819190244110301e+06 9.868686260915957575e-01 2.744925755792934695e-04
2.458819194884210359e+06 9.872839331059740653e-01 2.746132793874942542e-04
2.458819199524310883e+06 9.877020929536585170e-01 2.747050392194962825e-04
2.458819204164410941e+06 9.881231055507193606e-01 2.747239992476231143e-04
2.458819208804511465e+06 9.885469244625929575e-01 2.747429592776526666e-04
2.458819213444611523e+06 9.889416261452995682e-01 2.747619193057794984e-04
2.458819218084711581e+06 9.892798466962378079e-01 2.747808793339063301e-04
2.458819222724812105e+06 9.895615861408483260e-01 2.748301896520336570e-04
2.458819227364912163e+06 9.897868444225825790e-01 2.748873396970795196e-04
2.458819232005012687e+06 9.899672245143107396e-01 2.749444897478607033e-04
2.458819236645112745e+06 9.901601049915139674e-01 2.750016397929065659e-04
2.458819241285213269e+06 9.903732633715095490e-01 2.750498564870497691e-04
2.458819245925313327e+06 9.906066996115141521e-01 2.750777126608242159e-04
2.458819250565413386e+06 9.908603395897878086e-01 2.751055688345985543e-04
2.458819255205513909e+06 9.911113201883628987e-01 2.751334250111685080e-04
2.458819259845613968e+06 9.913414923648614652e-01 2.751612811849429548e-04
2.458819264485714491e+06 9.915508561654818864e-01 2.751992606097026063e-04
2.458819269125814550e+06 9.917394115482023320e-01 2.752395349731843349e-04
2.458819273765914608e+06 9.918968701155428391e-01 2.752798093366661176e-04
2.458819278406015132e+06 9.919760973597822051e-01 2.753200837041895892e-04
2.458819283046115190e+06 9.919712531422850699e-01 2.753325164350908577e-04
2.458819287686215714e+06 9.918823374620788780e-01 2.752872383776349416e-04
2.458819292326315772e+06 9.917098871841869556e-01 2.752419603247229711e-04
2.458819296966415830e+06 9.915488923776512031e-01 2.751966822718110006e-04
2.458819301606516354e+06 9.914692955520808537e-01 2.751514042143550845e-04
2.458819306246616412e+06 9.914710967234520167e-01 2.751672109199631254e-04
2.458819310886716936e+06 9.915542958921261807e-01 2.751950294263556091e-04
2.458819315526816994e+06 9.916816599940748711e-01 2.752228479299563806e-04
2.458819320166917518e+06 9.916949360661969637e-01 2.752506664363488643e-04
2.458819324807017576e+06 9.915762612975014267e-01 2.752410060782172103e-04
2.458819329447117634e+06 9.913256356959415649e-01 2.751604761875183869e-04
2.458819334087218158e+06 9.909440080347284852e-01 2.750799462887378120e-04
2.458819338727318216e+06 9.905412209800787959e-01 2.749994163980389343e-04
2.458819343367418740e+06 9.901923976594346755e-01 2.749188864992584678e-04
2.458819348007518798e+06 9.898975381428084530e-01 2.748784651306185301e-04
2.458819352647618856e+06 9.896566423924862965e-01 2.748447828305016481e-04
2.458819357287719380e+06 9.894458147947038373e-01 2.748111005270045489e-04
2.458819361927819438e+06 9.891707109217939831e-01 2.747774182268876127e-04
2.458819366567919962e+06 9.888216667786170477e-01 2.747360462287266099e-04
2.458819371208020020e+06 9.883986824352302136e-01 2.746813760573532616e-04
2.458819375848120078e+06 9.879027436707127352e-01 2.746267058859799132e-04
2.458819380488220602e+06 9.874148770644394224e-01 2.745720357091201223e-04
2.458819385128320660e+06 9.869866138904309638e-01 2.745173655377467739e-04
2.458819389768421184e+06 9.866179540627302291e-01 2.744256947024169735e-04
2.458819394408521242e+06 9.863088976553313625e-01 2.743288164989712515e-04
2.458819399048621766e+06 9.860203396997642145e-01 2.742319382858032176e-04
2.458819403688721824e+06 9.856087082227397156e-01 2.741350600823574957e-04
2.458819408328821883e+06 9.850607156721837843e-01 2.740362242712502425e-04
2.458819412968922406e+06 9.843763619725754976e-01 2.739342858649765301e-04
2.458819417609022465e+06 9.835581741017104251e-01 2.738323474689329158e-04
2.458819422249122988e+06 9.827620354786676948e-01 2.737304090626592576e-04
2.458819426889223047e+06 9.820802234075277637e-01 2.736284706666156975e-04
2.458819431529323105e+06 9.815127378026562432e-01 2.735297707561906992e-04
2.458819436169423629e+06 9.810595786243133665e-01 2.734314422891673453e-04
2.458819440809523687e+06 9.806858637311673954e-01 2.733331138320118031e-04
2.458819445449624211e+06 9.802723932243463389e-01 2.732347853649884492e-04
2.458819450089724269e+06 9.798092493218686361e-01 2.731318843677615557e-04
2.458819454729824793e+06 9.792964319307757570e-01 2.730223305616572460e-04
2.458819459369924851e+06 9.787331036095243686e-01 2.729127767665473427e-04
2.458819464010024909e+06 9.780788953846150102e-01 2.728032229714374393e-04
2.458819468650125433e+06 9.773115471581366176e-01 2.726936691653331296e-04
2.458819473290225491e+06 9.764310590841049908e-01 2.725499140699258927e-04
2.458819477930326015e+06 9.754374309857957170e-01 2.724030868571258217e-04
2.458819482570426073e+06 9.743844837198812892e-01 2.722562596590607630e-04
2.458819487210526131e+06 9.734435247286626902e-01 2.721094324609957043e-04
2.458819491850626655e+06 9.726272949694443337e-01 2.719772998302777542e-04
2.458819496490726713e+06 9.719357946060530606e-01 2.718648204151952771e-04
2.458819501130827237e+06 9.713655385313760826e-01 2.717523409888248460e-04
2.458819505770927295e+06 9.707812613086270748e-01 2.716398615737423690e-04
2.458819510411027353e+06 9.701134429848505825e-01 2.715273821586598919e-04
2.458819515051127877e+06 9.693620834804516084e-01 2.713824411407976360e-04
2.458819519691227935e+06 9.685271829462364090e-01 2.712353565416878711e-04
2.458819524331328459e+06 9.676388686997925426e-01 2.710882719278172900e-04
2.458819528971428517e+06 9.667865134338102795e-01 2.709411873287075252e-04
2.458819533611529041e+06 9.659760197954498917e-01 2.707848966219087599e-04
2.458819538251629099e+06 9.652073879473873630e-01 2.706172761800600644e-04
2.458819542891729157e+06 9.644782659813766479e-01 2.704496557382113689e-04
2.458819547531829681e+06 9.637133945562897930e-01 2.702820352795409515e-04
2.458819552171929739e+06 9.628767064170887791e-01 2.701144148376922018e-04
2.458819556812030263e+06 9.619682013958406053e-01 2.699759566965625633e-04
2.458819561452130321e+06 9.609878796748926311e-01 2.698387601904866776e-04
2.458819566092230380e+06 9.599850031358444502e-01 2.697015636844107920e-04
2.458819570732330903e+06 9.590958291947294656e-01 2.695643671645664061e-04
2.458819575372430962e+06 9.583282890860884695e-01 2.694330743399785295e-04
2.458819580012531485e+06 9.576823826558673591e-01 2.693084718017235073e-04
2.458819584652631544e+06 9.571518445109804540e-01 2.691838692759730223e-04
2.458819589292732067e+06 9.565682410837936800e-01 2.690592667377180000e-04
2.458819593932832126e+06 9.558562822295105788e-01 2.689346642119675693e-04
2.458819598572932184e+06 9.550159678960035148e-01 2.687833926121077329e-04
2.458819603213032708e+06 9.540472979796202901e-01 2.686315491601887553e-04
2.458819607853132766e+06 9.530201340466801785e-01 2.684797057235081309e-04
2.458819612493233290e+06 9.521147048684484027e-01 2.683278622715891534e-04
2.458819617133333348e+06 9.513401737250321011e-01 2.681982200934988556e-04
2.458819621773433406e+06 9.506965405189979901e-01 2.680917551551365344e-04
2.458819626413533930e+06 9.501779835613375358e-01 2.679852902060898888e-04
2.458819631053633988e+06 9.496510076650392929e-01 2.678788252677276219e-04
2.458819635693734512e+06 9.490599466303262233e-01 2.677723603186809762e-04
2.458819640333834570e+06 9.484048005758312083e-01 2.676760356451270985e-04
2.458819644973934628e+06 9.476855694454535683e-01 2.675797162038985361e-04
2.458819649614035152e+06 9.469551661189059555e-01 2.674833967530037149e-04
2.458819654254135210e+06 9.463409286126235331e-01 2.673870773117751525e-04
2.458819658894235734e+06 9.458484526069672604e-01 2.673087073085583581e-04
2.458819663534335792e+06 9.454777382007831799e-01 2.672476020354177455e-04
2.458819668174436316e+06 9.452221442281183439e-01 2.671864967561449395e-04
2.458819672814536374e+06 9.449501193554850076e-01 2.671253914830043269e-04
2.458819677454636432e+06 9.446104918327600242e-01 2.670640459846712741e-04
2.458819682094736956e+06 9.442032616156831315e-01 2.669909054829216512e-04
2.458819686734837014e+06 9.437284287859903920e-01 2.669177649885121312e-04
2.458819691374937538e+06 9.432180011046299439e-01 2.668446244867625082e-04
2.458819696015037596e+06 9.427438354702780687e-01 2.667714839923529882e-04
2.458819700655137654e+06 9.423086272343518255e-01 2.666942226109391681e-04
2.458819705295238178e+06 9.419123763590400156e-01 2.666133097555331978e-04
2.458819709935338236e+06 9.415557824236310269e-01 2.665323969082474139e-04
2.458819714575438760e+06 9.412509424224512200e-01 2.664514840528414436e-04
2.458819719215538818e+06 9.410022453492252748e-01 2.663740785818502228e-04
2.458819723855639342e+06 9.408096911540367868e-01 2.663799047092412983e-04
2.458819728495739400e+06 9.406732798755336189e-01 2.663857308360477721e-04
2.458819733135839459e+06 9.405759330197511758e-01 2.663915569628541916e-04
2.458819737775939982e+06 9.404818886348168538e-01 2.663973830902453214e-04
2.458819742416040041e+06 9.403900188618868894e-01 2.664049378246202411e-04
2.458819747056140564e+06 9.403003236825222544e-01 2.664139030292694832e-04
2.458819751696240623e+06 9.402144525335014436e-01 2.664228682330190543e-04
2.458819756336340681e+06 9.401575334920077021e-01 2.664318334367685713e-04
2.458819760976441205e+06 9.401380672594562560e-01 2.664400938542226286e-04
2.458819765616541263e+06 9.401560538397539801e-01 2.664374884203598855e-04
2.458819770256641787e+06 9.402114932365113198e-01 2.664348829862355785e-04
2.458819774896741845e+06 9.402959824197296701e-01 2.664322775523728353e-04
2.458819779536841903e+06 9.403931136424906745e-01 2.664296721185100379e-04
2.458819784176942427e+06 9.405024598322031526e-01 2.664510805506708569e-04
2.458819788817042485e+06 9.406240209669201047e-01 2.664905199125026762e-04
2.458819793457143009e+06 9.407617683739775138e-01 2.665299592782924298e-04
2.458819798097243067e+06 9.409694095755554155e-01 2.665693986401241949e-04
2.458819802737343591e+06 9.412638785149697318e-01 2.666124453978432830e-04
2.458819807377443649e+06 9.416451751331170739e-01 2.666962085251211841e-04
2.458819812017543707e+06 9.421132994551923989e-01 2.667799716523990851e-04
2.458819816657644231e+06 9.426340191181203920e-01 2.668637347880831309e-04
2.458819821297744289e+06 9.431450312240533540e-01 2.669474979153610319e-04
2.458819825937844813e+06 9.436450281933894679e-01 2.670173212331964372e-04
2.458819830577944871e+06 9.441340099257735652e-01 2.670775224481203606e-04
2.458819835218044929e+06 9.446146742884815595e-01 2.671377236630442299e-04
2.458819839858145453e+06 9.451196251279621041e-01 2.671979248840096531e-04
2.458819844498245511e+06 9.456584378576493588e-01 2.672617047921019870e-04
2.458819849138346035e+06 9.462311125856894822e-01 2.673570385641700544e-04
2.458819853778446093e+06 9.468376491971397524e-01 2.674523723266707424e-04
2.458819858418546617e+06 9.474609728934475505e-01 2.675477060987387556e-04
2.458819863058646675e+06 9.480721347922781428e-01 2.676430398612394436e-04
2.458819867698746733e+06 9.486706594021007133e-01 2.677372707230609816e-04
2.458819872338847257e+06 9.492565467810786251e-01 2.678308026648633291e-04
2.458819876978947315e+06 9.498374818171215761e-01 2.679243345972792505e-04
2.458819881619047839e+06 9.504969391272863888e-01 2.680178665390816522e-04
2.458819886259147897e+06 9.512577377783913990e-01 2.681185974629095195e-04
2.458819890899247956e+06 9.521198778315322908e-01 2.682709745290705371e-04
2.458819895539348479e+06 9.530833593884848742e-01 2.684233516105234132e-04
2.458819900179448538e+06 9.540880962827509304e-01 2.685757286766844308e-04
2.458819904819549061e+06 9.550392650169452491e-01 2.687281057581373069e-04
2.458819909459649120e+06 9.559356934734430933e-01 2.689091325489671464e-04
2.458819914099749178e+06 9.567773817504465761e-01 2.691068002108204797e-04
2.458819918739849702e+06 9.575746232769272170e-01 2.693044678925109181e-04
2.458819923379949760e+06 9.584284137457679265e-01 2.695021355543641972e-04
2.458819928020050284e+06 9.593644285613517342e-01 2.696910066665261806e-04
2.458819932660150342e+06 9.603826675358091425e-01 2.698270793647318988e-04
2.458819937300250866e+06 9.614831308735130033e-01 2.699631520765934144e-04
2.458819941940350924e+06 9.626059093127580235e-01 2.700992247747991868e-04
2.458819946580450982e+06 9.636630803346790675e-01 2.702352974730050134e-04
2.458819951220551506e+06 9.646538699550294416e-01 2.704033949131301982e-04
2.458819955860651564e+06 9.655782779749462197e-01 2.705885062680530250e-04
2.458819960500752088e+06 9.664430129596294217e-01 2.707736176415528970e-04
2.458819965140852146e+06 9.673077943518120225e-01 2.709587289964757238e-04
2.458819969780952204e+06 9.681867258799813358e-01 2.711386910325483813e-04
2.458819974421052728e+06 9.690798076344731005e-01 2.712922672345947678e-04
2.458819979061152786e+06 9.699870394360354808e-01 2.714458434212289493e-04
2.458819983701253310e+06 9.709152048861383610e-01 2.715994196232753358e-04
2.458819988341353368e+06 9.718735513679686022e-01 2.717529958099094631e-04
2.458819992981453426e+06 9.728621325140419662e-01 2.719238031214785871e-04
2.458819997621553950e+06 9.738809484281201190e-01 2.721029628008915079e-04
2.458820002261654008e+06 9.749251203769030427e-01 2.722821224623246704e-04
2.458820006901754532e+06 9.759550911774157456e-01 2.724612821417375912e-04
2.458820011541854590e+06 9.769621928436925673e-01 2.726493933036964936e-04
2.458820016181955114e+06 9.779464255778707038e-01 2.728772651796460198e-04
2.458820020822055172e+06 9.789077891824032873e-01 2.731051370327271743e-04
2.458820025462155230e+06 9.798338259045160648e-01 2.733330088858083829e-04
2.458820030102255754e+06 9.807087813182715497e-01 2.735608807617579091e-04
2.458820034742355812e+06 9.815326024566852769e-01 2.736991892679000414e-04
2.458820039382456336e+06 9.823052894851079797e-01 2.737980074089424475e-04
2.458820044022556394e+06 9.830368116926847533e-01 2.738968255400678190e-04
2.458820048662656453e+06 9.838010509189197839e-01 2.739956436711932447e-04
2.458820053302756976e+06 9.846130062682703077e-01 2.741075431889554003e-04
2.458820057942857035e+06 9.854726775777671310e-01 2.742704110388698938e-04
2.458820062582957558e+06 9.863800650199562314e-01 2.744332789051292230e-04
2.458820067223057617e+06 9.872876062468592950e-01 2.745961467550437707e-04
2.458820071863158140e+06 9.881395939363460945e-01 2.747590146213030999e-04
2.458820076503258198e+06 9.889359425515253932e-01 2.748819428245557182e-04
2.458820081143358257e+06 9.896766521806912298e-01 2.749889099985147376e-04
2.458820085783458780e+06 9.903676218696675360e-01 2.750958771832084969e-04
2.458820090423558839e+06 9.910489277738243619e-01 2.752028443571675163e-04
2.458820095063659362e+06 9.917280957681788855e-01 2.753049880851883005e-04
2.458820099703759421e+06 9.924051257164143713e-01 2.753904902514980662e-04
2.458820104343859479e+06 9.930800176867962126e-01 2.754759924178077778e-04
2.458820108983960003e+06 9.937294178043341031e-01 2.755614945926981364e-04
2.458820113624060061e+06 9.943280392286528713e-01 2.756469967590079021e-04
2.458820118264160585e+06 9.948758721847389408e-01 2.757723003964953593e-04
2.458820122904260643e+06 9.953729165626351572e-01 2.759119579109648454e-04
2.458820127544360701e+06 9.958243533711559348e-01 2.760516154254343316e-04
2.458820132184461225e+06 9.962625368317968855e-01 2.761912729539192993e-04
2.458820136824561283e+06 9.966930763055524833e-01 2.763023899132139379e-04
2.458820141464661807e+06 9.971159718788373816e-01 2.763256441944236157e-04
2.458820146104761865e+06 9.975312234663414879e-01 2.763488984732994942e-04
2.458820150744862389e+06 9.979342282510471618e-01 2.763721527545091720e-04
2.458820155384962447e+06 9.983203888741856158e-01 2.763954070333851046e-04
2.458820160025062505e+06 9.986897053770453780e-01 2.764533302200389395e-04
2.458820164665163029e+06 9.990421777941541626e-01 2.765224778030621637e-04
2.458820169305263087e+06 9.993707098005525369e-01 2.765916253791460603e-04
2.458820173945363611e+06 9.996344702986410535e-01 2.766607729621692303e-04
2.458820178585463669e+06 9.998269370345906903e-01 2.767293951619172665e-04
2.458820183225563727e+06 9.999481100384485233e-01 2.767965651213377979e-04
2.458820187865664251e+06 9.999979990191739665e-01 2.768637350874991396e-04
2.458820192505764309e+06 1.000000000000000000e+00 2.769309050469197253e-04
2.458820197145864833e+06 9.999756695108984461e-01 2.769980750130810669e-04
2.458820201785964891e+06 9.999250075567527318e-01 2.769636120441427681e-04
2.458820206426065415e+06 9.998480141273944355e-01 2.768997946148963902e-04
2.458820211066165473e+06 9.997498080553640643e-01 2.768359771920544487e-04
2.458820215706265531e+06 9.996575841638900561e-01 2.767721597692124531e-04
2.458820220346366055e+06 9.995753351433298572e-01 2.767405464643930336e-04
2.458820224986466113e+06 9.995030610101912627e-01 2.767892774872333277e-04
2.458820229626566637e+06 9.994407322149927442e-01 2.768380085149640241e-04
2.458820234266666695e+06 9.993696219522673063e-01 2.768867395378043182e-04
2.458820238906766754e+06 9.992737784990284311e-01 2.769354705606446123e-04
2.458820243546867277e+06 9.991532018419346795e-01 2.768483483749111700e-04
2.458820248186967336e+06 9.990078920051869149e-01 2.767264894297697493e-04
2.458820252827067859e+06 9.988285609602548520e-01 2.766046304723990702e-04
2.458820257467167918e+06 9.985695632356227369e-01 2.764827715272577036e-04
2.458820262107267976e+06 9.982247557317106557e-01 2.763688991704903782e-04
2.458820266747368500e+06 9.977941384009979542e-01 2.762730882715499570e-04
2.458820271387468558e+06 9.972779244938428933e-01 2.761772773822246743e-04
2.458820276027569082e+06 9.967385370363779362e-01 2.760814664832842531e-04
2.458820280667669140e+06 9.962252257015083989e-01 2.759856555939590788e-04
2.458820285307769664e+06 9.957379903862068060e-01 2.759072398552236136e-04
2.458820289947869722e+06 9.952768311882671526e-01 2.758327244617380476e-04
2.458820294587969780e+06 9.948245010135147171e-01 2.757582090682525358e-04
2.458820299228070304e+06 9.943024658812592564e-01 2.756836936672888479e-04
2.458820303868170362e+06 9.937010668676243830e-01 2.756034428990249878e-04
2.458820308508270886e+06 9.930203038519019865e-01 2.755113926160249085e-04
2.458820313148370944e+06 9.922604096613112379e-01 2.754193423422625570e-04
2.458820317788471002e+06 9.914610161202012106e-01 2.753272920685002055e-04
2.458820322428571526e+06 9.906511302810219188e-01 2.752352417855001262e-04
2.458820327068671584e+06 9.898307523063269997e-01 2.750691490993057830e-04
2.458820331708772108e+06 9.889998820314567229e-01 2.748886710277327161e-04
2.458820336348872166e+06 9.881669152968980407e-01 2.747081929742716802e-04
2.458820340988972690e+06 9.873673237106563860e-01 2.745277149026986133e-04
2.458820345629072748e+06 9.866050807480305496e-01 2.743752823538970868e-04
2.458820350269172806e+06 9.858801863269028853e-01 2.742754973961028606e-04
2.458820354909273330e+06 9.851921829336308667e-01 2.741757124282946721e-04
2.458820359549373388e+06 9.844896840218203549e-01 2.740759274705005001e-04
2.458820364189473912e+06 9.837377513554844688e-01 2.739761425026923116e-04
2.458820368829573970e+06 9.829363850855451501e-01 2.737813220025728396e-04
2.458820373469674028e+06 9.820855851390219993e-01 2.735707464901426474e-04
2.458820378109774552e+06 9.811917731168326995e-01 2.733601709565799997e-04
2.458820382749874610e+06 9.802801547977684216e-01 2.731495954441498617e-04
2.458820387389975134e+06 9.793532913500789805e-01 2.729670908764183059e-04
2.458820392030075192e+06 9.784111829597971211e-01 2.728327886385033306e-04
2.458820396670175251e+06 9.774539030914334292e-01 2.726984864005883554e-04
2.458820401310275774e+06 9.764873492742315308e-01 2.725641841491953919e-04
2.458820405950375833e+06 9.755152508189472993e-01 2.724298819112804166e-04
2.458820410590476356e+06 9.745376075304692520e-01 2.722532053229136974e-04
2.458820415230576415e+06 9.735544196050224253e-01 2.720706554872477211e-04
2.458820419870676938e+06 9.725689512317282626e-01 2.718881056332618723e-04
2.458820424510776997e+06 9.715931185424020455e-01 2.717055557975958419e-04
2.458820429150877055e+06 9.706280150920407745e-01 2.715287036841931563e-04
2.458820433790977579e+06 9.696736407854056328e-01 2.713608195955514242e-04
2.458820438431077637e+06 9.687298477957986265e-01 2.711929355237578144e-04
2.458820443071178161e+06 9.677876950480902574e-01 2.710250514351160282e-04
2.458820447711278219e+06 9.668419201946841790e-01 2.708571673633223642e-04
2.458820452351378277e+06 9.658925231412116563e-01 2.707548427726705017e-04
2.458820456991478801e+06 9.649395037918496731e-01 2.706599045434180035e-04
2.458820461631578859e+06 9.639853822527987282e-01 2.705649663236931487e-04
2.458820466271679383e+06 9.630387203956354281e-01 2.704700280944406505e-04
2.458820470911779441e+06 9.621002245967292810e-01 2.703362134010986397e-04
2.458820475551879965e+06 9.611698946677128541e-01 2.701462176576871466e-04
2.458820480191980023e+06 9.602472956080179145e-01 2.699562219333428667e-04
2.458820484832080081e+06 9.593118323792380053e-01 2.697662262089985867e-04
2.458820489472180605e+06 9.583522124400611908e-01 2.695762304655871478e-04
2.458820494112280663e+06 9.573684359830942903e-01 2.693701972108597346e-04
2.458820498752381187e+06 9.563605028108821404e-01 2.691627544849740992e-04
2.458820503392481245e+06 9.553382162403842859e-01 2.689553117799065008e-04
2.458820508032581303e+06 9.543326032160095451e-01 2.687478690748389023e-04
2.458820512672681827e+06 9.533459500836999334e-01 2.685606907195452978e-04
2.458820517312781885e+06 9.523782570414883741e-01 2.684004346064300188e-04
2.458820521952882409e+06 9.514302595916153127e-01 2.682401784772321185e-04
2.458820526592982467e+06 9.505300546352895008e-01 2.680799223641167853e-04
2.458820531233082525e+06 9.496920018844906553e-01 2.679196662510015064e-04
2.458820535873183049e+06 9.489161012644713455e-01 2.677741824918971106e-04
2.458820540513283107e+06 9.482023529309636656e-01 2.676296468751270538e-04
2.458820545153383631e+06 9.475339783524162618e-01 2.674851112438518899e-04
2.458820549793483689e+06 9.468614824845718037e-01 2.673405756270818331e-04
2.458820554433584213e+06 9.461816279718229250e-01 2.672110447919252146e-04
2.458820559073684271e+06 9.454944149506245843e-01 2.670998587189081269e-04
2.458820563713784330e+06 9.448006919297101680e-01 2.669886726458910934e-04
2.458820568353884853e+06 9.441272223948853348e-01 2.668774865617158849e-04
2.458820572993984912e+06 9.434867616676777535e-01 2.667663004886988514e-04
2.458820577634085435e+06 9.428793096195392520e-01 2.666825239056404609e-04
2.458820582274185494e+06 9.423048663723925245e-01 2.665998845900490648e-04
2.458820586914285552e+06 9.417618335818014330e-01 2.665172452744577229e-04
2.458820591554386076e+06 9.412458148596870577e-01 2.664346059505729391e-04
2.458820596194486134e+06 9.407565570661847731e-01 2.663584548827575599e-04
2.458820600834586658e+06 9.402940601030949086e-01 2.662896086603371492e-04
2.458820605474686716e+06 9.398588393384388340e-01 2.662207624448258169e-04
2.458820610114786774e+06 9.394645656247631038e-01 2.661519162293145388e-04
2.458820614754887298e+06 9.391173161838460848e-01 2.660830700068941282e-04
2.458820619394987356e+06 9.388170910853850248e-01 2.660420084076398984e-04
2.458820624035087880e+06 9.385638902691209040e-01 2.660014954892239540e-04
2.458820628675187938e+06 9.383397139926353825e-01 2.659609825748738220e-04
2.458820633315288462e+06 9.380983819621691033e-01 2.659204696564579319e-04
2.458820637955388520e+06 9.378375724292973281e-01 2.658877073765586658e-04
2.458820642595488578e+06 9.375572853707782039e-01 2.658629840142913924e-04
2.458820647235589102e+06 9.372619293616396563e-01 2.658382606495429223e-04
2.458820651875689160e+06 9.370513877266137825e-01 2.658135372872755947e-04
2.458820656515789684e+06 9.369670817481103864e-01 2.657888399832155626e-04
2.458820661155889742e+06 9.370090114430508210e-01 2.657876471343504688e-04
2.458820665795989800e+06 9.371771767966400324e-01 2.657864542854853208e-04
2.458820670436090324e+06 9.374212225290422529e-01 2.657852614365004769e-04
2.458820675076190382e+06 9.376206312163049006e-01 2.657840685876353831e-04
2.458820679716290906e+06 9.377701702879794876e-01 2.658000251350845617e-04
2.458820684356390964e+06 9.378698397140518006e-01 2.658323701730617170e-04
2.458820688996491488e+06 9.379234344425740888e-01 2.658647152142849194e-04
2.458820693636591546e+06 9.380052965138623300e-01 2.658970602522621289e-04
2.458820698276691604e+06 9.381441851695959677e-01 2.659295533741769745e-04
2.458820702916792128e+06 9.383401004322978745e-01 2.659687604359857720e-04
2.458820707556892186e+06 9.385930422626453939e-01 2.660079674938598915e-04
2.458820712196992710e+06 9.389008969498920942e-01 2.660471745556686890e-04
2.458820716837092768e+06 9.392589451196889927e-01 2.660863816135428084e-04
2.458820721477192827e+06 9.396670120835152185e-01 2.661430240156308904e-04
2.458820726117293350e+06 9.401250978898526567e-01 2.662150155877224494e-04
2.458820730757393409e+06 9.406280782951418340e-01 2.662870071525892646e-04
2.458820735397493932e+06 9.410882471594810283e-01 2.663589987246808778e-04
2.458820740037593991e+06 9.414739587102026741e-01 2.664321083889429893e-04
2.458820744677694049e+06 9.417852129972232866e-01 2.665306879282127242e-04
2.458820749317794573e+06 9.420220100405708452e-01 2.666292674773754787e-04
2.458820753957894631e+06 9.422555303310226060e-01 2.667278470166452135e-04
2.458820758597995155e+06 9.426340060838289681e-01 2.668264265658079680e-04
2.458820763238095213e+06 9.431620452830254964e-01 2.669276967701998335e-04
2.458820767878195737e+06 9.438396480345956352e-01 2.670311481610091082e-04
2.458820772518295795e+06 9.446571331310529285e-01 2.671345995414363883e-04
2.458820777158395853e+06 9.454684314508855492e-01 2.672380509218636683e-04
2.458820781798496377e+06 9.462244012846642294e-01 2.673427007479609084e-04
2.458820786438596435e+06 9.469250424806568978e-01 2.674653193276603849e-04
2.458820791078696959e+06 9.475703551794906199e-01 2.675879379196653392e-04
2.458820795718797017e+06 9.482036819207716460e-01 2.677105564993648157e-04
2.458820800358897075e+06 9.489091876902072675e-01 2.678331750790642922e-04
2.458820804998997599e+06 9.496890284791069670e-01 2.679539633645897892e-04
2.458820809639097657e+06 9.505432041309473945e-01 2.680733863624346872e-04
2.458820814279198181e+06 9.514639838709684216e-01 2.681928093722643560e-04
2.458820818919298239e+06 9.523477597631928582e-01 2.683122323701092539e-04
2.458820823559398763e+06 9.531620458409064689e-01 2.684335890790554425e-04
2.458820828199498821e+06 9.539068419406723232e-01 2.685763102971191335e-04
2.458820832839598879e+06 9.545821481476957082e-01 2.687190315151828787e-04
2.458820837479699403e+06 9.552367118482461006e-01 2.688617527475694225e-04
2.458820842119799461e+06 9.559587615801319327e-01 2.690044739656331676e-04
2.458820846759899985e+06 9.567501161501443807e-01 2.691634373591438533e-04
2.458820851400000043e+06 9.576107753994491656e-01 2.693335375959017867e-04
