2.458824000000000000e+06 9.936944466554205047e-01 2.757278031476497024e-04
2.458824004640100058e+06 9.932286506948223570e-01 2.756293375527339739e-04
2.458824009280200582e+06 9.927230848526603646e-01 2.755308719479365558e-04
2.458824013920300640e+06 9.921776737128219503e-01 2.754341525498309141e-04
2.458824018560401164e+06 9.915924171658367925e-01 2.753381407405386611e-04
2.458824023200501222e+06 9.909673864239082475e-01 2.752421289408818212e-04
2.458824027840601280e+06 9.903030702247453965e-01 2.751461171412249271e-04
2.458824032480701804e+06 9.895995612948615960e-01 2.750394149977653533e-04
2.458824037120801862e+06 9.888568597754595624e-01 2.748952184443039220e-04
2.458824041760902386e+06 9.880749655174704271e-01 2.747510218763715901e-04
2.458824046401002444e+06 9.872576357171080064e-01 2.746068253229102130e-04
2.458824051041102968e+06 9.864089834922716848e-01 2.744626287549778811e-04
2.458824055681203026e+06 9.855290110998129460e-01 2.742933331007376373e-04
2.458824060321303084e+06 9.846177184561362150e-01 2.741148524470212269e-04
2.458824064961403608e+06 9.836837907387420143e-01 2.739363717753932545e-04
2.458824069601503666e+06 9.827821004801632343e-01 2.737578911216768441e-04
2.458824074241604190e+06 9.819222689801564430e-01 2.735947683709778972e-04
2.458824078881704248e+06 9.811042964112999254e-01 2.734796659238385619e-04
2.458824083521804307e+06 9.803281826852041636e-01 2.733645634766992808e-04
2.458824088161904830e+06 9.795587400627797647e-01 2.732494610180086930e-04
2.458824092802004889e+06 9.787604191080281346e-01 2.731343585708694119e-04
2.458824097442105412e+06 9.779332194283463231e-01 2.730379677795249298e-04
2.458824102082205471e+06 9.770771411897630765e-01 2.729477296198053833e-04
2.458824106722305994e+06 9.761916532770481547e-01 2.728574914510299297e-04
2.458824111362406053e+06 9.752736659445915279e-01 2.727672532913103290e-04
2.458824116002506111e+06 9.743226797511007620e-01 2.726401090668413791e-04
2.458824120642606635e+06 9.733386945961716163e-01 2.724094272020588709e-04
2.458824125282706693e+06 9.723217114537637817e-01 2.721787453604266271e-04
2.458824129922807217e+06 9.712742395004612117e-01 2.719480634956441189e-04
2.458824134562907275e+06 9.701986171154777239e-01 2.717173816540118751e-04
2.458824139203007333e+06 9.690948441951056092e-01 2.714926279593993458e-04
2.458824143843107857e+06 9.679629206243375306e-01 2.712696149895176250e-04
2.458824148483207915e+06 9.668138522683108471e-01 2.710466020420166018e-04
2.458824153123308439e+06 9.657067639400654935e-01 2.708235890721348810e-04
2.458824157763408497e+06 9.646504418126128355e-01 2.706159820582556630e-04
2.458824162403508555e+06 9.636448857723027839e-01 2.704473605265000327e-04
2.458824167043609079e+06 9.626900610020922011e-01 2.702787389778221749e-04
2.458824171683709137e+06 9.617606250860316619e-01 2.701101174460665446e-04
2.458824176323809661e+06 9.608347521763473953e-01 2.699414958973887411e-04
2.458824180963909719e+06 9.599124424588726390e-01 2.697768331352054646e-04
2.458824185604010243e+06 9.589936957484890279e-01 2.696132007610856887e-04
2.458824190244110301e+06 9.580761291335423424e-01 2.694495684033873474e-04
2.458824194884210359e+06 9.571479019482066475e-01 2.692859360456890602e-04
2.458824199524310883e+06 9.562074004864866694e-01 2.691311376992920547e-04
2.458824204164410941e+06 9.552546249371522968e-01 2.689965931707087566e-04
2.458824208804511465e+06 9.542896703806407199e-01 2.688620486286231841e-04
2.458824213444611523e+06 9.533431259179110384e-01 2.687275041000398317e-04
2.458824218084711581e+06 9.524393869568847926e-01 2.685929595714565336e-04
2.458824222724812105e+06 9.515784534133100436e-01 2.684297337029741774e-04
2.458824227364912163e+06 9.507603254599864551e-01 2.682599511722454804e-04
2.458824232005012687e+06 9.499803645255560092e-01 2.680901686244781127e-04
2.458824236645112745e+06 9.492172209057477827e-01 2.679203860937494157e-04
2.458824241285213269e+06 9.484682341264026872e-01 2.677688210365268399e-04
2.458824245925313327e+06 9.477334043378508044e-01 2.676552373142063158e-04
2.458824250565413386e+06 9.470127021373914156e-01 2.675416535918857916e-04
2.458824255205513909e+06 9.463007798858538155e-01 2.674280698581665079e-04
2.458824259845613968e+06 9.455936819045398511e-01 2.673144861358459838e-04
2.458824264485714491e+06 9.448914080515262714e-01 2.672048453996322417e-04
2.458824269125814550e+06 9.441939584677677688e-01 2.670959872746898065e-04
2.458824273765914608e+06 9.435062769776250136e-01 2.669871291497474255e-04
2.458824278406015132e+06 9.428494750525442392e-01 2.668782710138804608e-04
2.458824283046115190e+06 9.422259500332622606e-01 2.667798459204728584e-04
2.458824287686215714e+06 9.416357017946302976e-01 2.667012617196855219e-04
2.458824292326315772e+06 9.410787527647973549e-01 2.666226775267845637e-04
2.458824296966415830e+06 9.405577484436373759e-01 2.665440933338835512e-04
2.458824301606516354e+06 9.400745065230178277e-01 2.664655091330962147e-04
2.458824306246616412e+06 9.396290270999311245e-01 2.664185610328632155e-04
2.458824310886716936e+06 9.392213100849643448e-01 2.663769845810012274e-04
2.458824315526816994e+06 9.388489457216648848e-01 2.663354081333116287e-04
2.458824320166917518e+06 9.385023749991632247e-01 2.662938316814496406e-04
2.458824324807017576e+06 9.381806126523252187e-01 2.662307415209852436e-04
2.458824329447117634e+06 9.378836586451256840e-01 2.661302363444017875e-04
2.458824334087218158e+06 9.376118906967811917e-01 2.660297311577319987e-04
2.458824338727318216e+06 9.373969861642559298e-01 2.659292259811485426e-04
2.458824343367418740e+06 9.372591844682571782e-01 2.658287207944788079e-04
2.458824348007518798e+06 9.371984856364433680e-01 2.658389140326065047e-04
2.458824352647618856e+06 9.372148896511166560e-01 2.658648765624551497e-04
2.458824357287719380e+06 9.372836849498514811e-01 2.658908390949092952e-04
2.458824361927819438e+06 9.373137203808046269e-01 2.659168016247578860e-04
2.458824366567919962e+06 9.372965033425960657e-01 2.659284357306764403e-04
2.458824371208020020e+06 9.372320338386812555e-01 2.659172336238889607e-04
2.458824375848120078e+06 9.371213781158397316e-01 2.659060315171014812e-04
2.458824380488220602e+06 9.370314605603612401e-01 2.658948294091897924e-04
2.458824385128320660e+06 9.370020817893557341e-01 2.658836273024023128e-04
2.458824389768421184e+06 9.370332417969263750e-01 2.659023881476457957e-04
2.458824394408521242e+06 9.371249405768190543e-01 2.659246354684715826e-04
2.458824399048621766e+06 9.372751929194652609e-01 2.659468827915299587e-04
2.458824403688721824e+06 9.374771831308702508e-01 2.659691301123557456e-04
2.458824408328821883e+06 9.377303400805885314e-01 2.660101097275542007e-04
2.458824412968922406e+06 9.380346638017280636e-01 2.660784959261292600e-04
2.458824417609022465e+06 9.383895048122732341e-01 2.661468821178414280e-04
2.458824422249122988e+06 9.387630815512505444e-01 2.662152683164165415e-04
2.458824426889223047e+06 9.391377874373746382e-01 2.662836545081286553e-04
2.458824431529323105e+06 9.395136225080797931e-01 2.663364640604778629e-04
2.458824436169423629e+06 9.398905868012532583e-01 2.663878494136881318e-04
2.458824440809523687e+06 9.402783940242428473e-01 2.664392347617416642e-04
2.458824445449624211e+06 9.407081077474452879e-01 2.664906201149519873e-04
2.458824450089724269e+06 9.411820559168856404e-01 2.665610340294288089e-04
2.458824454729824793e+06 9.417002386276907000e-01 2.666570395415698933e-04
2.458824459369924851e+06 9.422620455413079910e-01 2.667530450440762694e-04
2.458824464010024909e+06 9.428434656825480653e-01 2.668490505465826996e-04
2.458824468650125433e+06 9.434321007837842554e-01 2.669450560587238383e-04
2.458824473290225491e+06 9.440279507268706238e-01 2.670698066963883869e-04
2.458824477930326015e+06 9.446310156314010609e-01 2.671965003318821342e-04
2.458824482570426073e+06 9.452520171262930315e-01 2.673231939546613883e-04
2.458824487210526131e+06 9.459229112873839274e-01 2.674498875774406425e-04
2.458824491850626655e+06 9.466458261671738539e-01 2.675971873550783437e-04
2.458824496490726713e+06 9.474207616205653215e-01 2.677699884658991968e-04
2.458824501130827237e+06 9.482470150682967835e-01 2.679427895940617011e-04
2.458824505770927295e+06 9.491018179707867430e-01 2.681155907048826084e-04
2.458824510411027353e+06 9.499742073102790396e-01 2.682883918157034074e-04
2.458824515051127877e+06 9.508641831769701902e-01 2.684210799257068648e-04
2.458824519691227935e+06 9.517717453922319715e-01 2.685519719819404205e-04
2.458824524331328459e+06 9.526665391101205582e-01 2.686828640513097360e-04
2.458824528971428517e+06 9.534642033326085064e-01 2.688137561075432916e-04
2.458824533611529041e+06 9.541597841879239095e-01 2.689197315654337245e-04
2.458824538251629099e+06 9.547532815364553338e-01 2.689973116374954720e-04
2.458824542891729157e+06 9.552498636364262774e-01 2.690748917095571653e-04
2.458824547531829681e+06 9.557900581309076715e-01 2.691524717894045143e-04
2.458824552171929739e+06 9.564369808584941568e-01 2.692300518614662618e-04
2.458824556812030263e+06 9.571906319490312010e-01 2.693833762575642684e-04
2.458824561452130321e+06 9.580510112512516940e-01 2.695384359906576868e-04
2.458824566092230380e+06 9.589925424098753037e-01 2.696934957237511594e-04
2.458824570732330903e+06 9.599489262945768431e-01 2.698485554724057520e-04
2.458824575372430962e+06 9.609167593365320892e-01 2.700197522610822882e-04
2.458824580012531485e+06 9.618960417299962096e-01 2.702078911717555412e-04
2.458824584652631544e+06 9.628849688138587659e-01 2.703960300635480638e-04
2.458824589292732067e+06 9.638417224987045895e-01 2.705841689742213710e-04
2.458824593932832126e+06 9.647487806393079124e-01 2.707723078660138395e-04
2.458824598572932184e+06 9.656061433341783795e-01 2.708856791405753802e-04
2.458824603213032708e+06 9.664138106618764823e-01 2.709989051345920025e-04
2.458824607853132766e+06 9.671874074610500305e-01 2.711121311172456981e-04
2.458824612493233290e+06 9.679647190028403125e-01 2.712253571112623204e-04
2.458824617133333348e+06 9.687474231888016929e-01 2.713539710086412793e-04
2.458824621773433406e+06 9.695355200966712106e-01 2.714974709186972592e-04
2.458824626413533930e+06 9.703271238721971059e-01 2.716409708431542628e-04
2.458824631053633988e+06 9.710845044288942685e-01 2.717844707532102427e-04
2.458824635693734512e+06 9.717929136271509227e-01 2.719275430067620461e-04
2.458824640333834570e+06 9.724523513247809170e-01 2.720479483750492069e-04
2.458824644973934628e+06 9.730628175953346393e-01 2.721683537433364219e-04
2.458824649614035152e+06 9.736611468218574483e-01 2.722887591237069618e-04
2.458824654254135210e+06 9.743304382340156611e-01 2.724091644919942310e-04
2.458824658894235734e+06 9.750738456016567746e-01 2.725405864694893350e-04
2.458824663534335792e+06 9.758913687755703670e-01 2.726818271282635455e-04
2.458824668174436316e+06 9.767760296111116514e-01 2.728230678012120731e-04
2.458824672814536374e+06 9.776060136236502940e-01 2.729643084599862836e-04
2.458824677454636432e+06 9.783369056950115272e-01 2.731034832316576685e-04
2.458824682094736956e+06 9.789687058836279432e-01 2.731917194252452279e-04
2.458824686734837014e+06 9.795014140626897570e-01 2.732799556099777287e-04
2.458824691374937538e+06 9.799952289532901650e-01 2.733681918035652881e-04
2.458824696015037596e+06 9.805768354193514780e-01 2.734564279882977888e-04
2.458824700655137654e+06 9.812502811436237815e-01 2.735859410816950652e-04
2.458824705295238178e+06 9.820155662075165104e-01 2.737493349357203237e-04
2.458824709935338236e+06 9.828631843806919788e-01 2.739127287733480543e-04
2.458824714575438760e+06 9.836470270440113017e-01 2.740761226273732585e-04
2.458824719215538818e+06 9.843174159934324763e-01 2.742335811804603399e-04
2.458824723855639342e+06 9.848743513635103142e-01 2.742971099832854521e-04
2.458824728495739400e+06 9.853178330424614551e-01 2.743606387797350760e-04
2.458824733135839459e+06 9.856902348521564550e-01 2.744241675761846999e-04
2.458824737775939982e+06 9.860747169881556307e-01 2.744876963790098120e-04
2.458824742416040041e+06 9.864734758688394889e-01 2.745840760223528811e-04
2.458824747056140564e+06 9.868865115742432303e-01 2.747052721341931435e-04
2.458824751696240623e+06 9.873120529835961445e-01 2.748264682338706633e-04
2.458824756336340681e+06 9.877259456134500626e-01 2.749476643335481830e-04
2.458824760976441205e+06 9.881205343018797382e-01 2.750594864167861054e-04
2.458824765616541263e+06 9.884958189696870789e-01 2.750633459653207690e-04
2.458824770256641787e+06 9.888517996921954989e-01 2.750672055142427638e-04
2.458824774896741845e+06 9.891950411185927994e-01 2.750710650627774274e-04
2.458824779536841903e+06 9.895375530416643528e-01 2.750749246113121452e-04
2.458824784176942427e+06 9.898795918162405227e-01 2.751131146842546670e-04
2.458824788817042485e+06 9.902211573736696693e-01 2.751751498654132180e-04
2.458824793457143009e+06 9.905584912735679870e-01 2.752371850527973664e-04
2.458824798097243067e+06 9.908458018056439665e-01 2.752992202339559174e-04
2.458824802737343591e+06 9.910695693810989138e-01 2.753561859597966448e-04
2.458824807377443649e+06 9.912297939550199777e-01 2.753677018479990923e-04
2.458824812017543707e+06 9.913264755530523109e-01 2.753792177362016482e-04
2.458824816657644231e+06 9.913856234251144928e-01 2.753907336255597468e-04
2.458824821297744289e+06 9.914515674063806294e-01 2.754022495137622485e-04
2.458824825937844813e+06 9.915250500098601316e-01 2.754339933734796693e-04
2.458824830577944871e+06 9.916060712208042416e-01 2.754786386207125804e-04
2.458824835218044929e+06 9.916934225760608568e-01 2.755232838679455456e-04
2.458824839858145453e+06 9.917738750232293343e-01 2.755679291196589222e-04
2.458824844498245511e+06 9.918437926185417197e-01 2.756054487440886018e-04
2.458824849138346035e+06 9.919031753760307879e-01 2.755911087949904298e-04
2.458824853778446093e+06 9.919520232837781837e-01 2.755767688473312652e-04
2.458824858418546617e+06 9.919593237198329749e-01 2.755624288982330390e-04
2.458824863058646675e+06 9.918758687458637535e-01 2.755480889505739286e-04
2.458824867698746733e+06 9.917010360216066411e-01 2.755143838260572871e-04
2.458824872338847257e+06 9.914348255157608980e-01 2.754693557583200213e-04
2.458824876978947315e+06 9.910878845049656549e-01 2.754243276951015475e-04
2.458824881619047839e+06 9.907654704025096182e-01 2.753792996273642275e-04
2.458824886259147897e+06 9.904944901802803514e-01 2.753320677157368120e-04
2.458824890899247956e+06 9.902749438033411344e-01 2.752714382928754641e-04
2.458824895539348479e+06 9.901068312574012875e-01 2.752108088639295736e-04
2.458824900179448538e+06 9.899520255565316118e-01 2.751501794410682257e-04
2.458824904819549061e+06 9.897542592773411751e-01 2.750895500121223894e-04
2.458824909459649120e+06 9.895130229039845737e-01 2.750365457096269964e-04
2.458824914099749178e+06 9.892283164187964939e-01 2.749876204450966955e-04
2.458824918739849702e+06 9.889003642157341289e-01 2.749386951756564767e-04
2.458824923379949760e+06 9.885311789260367021e-01 2.748897699111262300e-04
2.458824928020050284e+06 9.881212384795597936e-01 2.748439410431857428e-04
2.458824932660150342e+06 9.876705429585833640e-01 2.748141629037543034e-04
2.458824937300250866e+06 9.871790922726471074e-01 2.747843847613345319e-04
2.458824941940350924e+06 9.866744925394638210e-01 2.747546066219031468e-04
2.458824946580450982e+06 9.861945939599521260e-01 2.747248284824717075e-04
2.458824951220551506e+06 9.857396236625710628e-01 2.746361400703788841e-04
2.458824955860651564e+06 9.853095817386389177e-01 2.745186905699661365e-04
2.458824960500752088e+06 9.848999923462953276e-01 2.744012410577666475e-04
2.458824965140852146e+06 9.844743052252404869e-01 2.742837915573538457e-04
2.458824969780952204e+06 9.840244644548405972e-01 2.741691407477750311e-04
2.458824974421052728e+06 9.835504699863159006e-01 2.740670541235568363e-04
2.458824979061152786e+06 9.830523219148020742e-01 2.739649675095835930e-04
2.458824983701253310e+06 9.825211054776727959e-01 2.738628808853653439e-04
2.458824988341353368e+06 9.819454802917538805e-01 2.737607942713921006e-04
2.458824992981453426e+06 9.813254063955351159e-01 2.736667029869162293e-04
2.458824997621553950e+06 9.806608837200971873e-01 2.735761636314926171e-04
2.458825002261654008e+06 9.799531596688779711e-01 2.734856242851551071e-04
2.458825006901754532e+06 9.792115417575316672e-01 2.733950849297314949e-04
2.458825011541854590e+06 9.784379311680863056e-01 2.732938244737094925e-04
2.458825016181955114e+06 9.776323277452690919e-01 2.731503747900417738e-04
2.458825020822055172e+06 9.767947316507744615e-01 2.730069251207701457e-04
2.458825025462155230e+06 9.759560779734998137e-01 2.728634754514984635e-04
2.458825030102255754e+06 9.751528217996925374e-01 2.727200257678307448e-04
2.458825034742355812e+06 9.743850235155393502e-01 2.725671993094729321e-04
2.458825039382456336e+06 9.736526829669335248e-01 2.724105957865824521e-04
2.458825044022556394e+06 9.729532964228050362e-01 2.722539922794080789e-04
2.458825048662656453e+06 9.722697370744670664e-01 2.720973887722336515e-04
2.458825053302756976e+06 9.715987685419473774e-01 2.719477782603090931e-04
2.458825057942857035e+06 9.709403909599166882e-01 2.718225218124572986e-04
2.458825062582957558e+06 9.702946041962313695e-01 2.716972653520352641e-04
2.458825067223057617e+06 9.696234039551461237e-01 2.715720089041834696e-04
2.458825071863158140e+06 9.688853785163317189e-01 2.714467524437614351e-04
2.458825076503258198e+06 9.680805091479008917e-01 2.712974457795966549e-04
2.458825081143358257e+06 9.672087957791423163e-01 2.711393925921304566e-04
2.458825085783458780e+06 9.662848465227309447e-01 2.709813393888028141e-04
2.458825090423558839e+06 9.654004979778517681e-01 2.708232862013367241e-04
2.458825095063659362e+06 9.645717757782136248e-01 2.706715207271553490e-04
2.458825099703759421e+06 9.637986800901509055e-01 2.705392857206571282e-04
2.458825104343859479e+06 9.630812108277053696e-01 2.704070507141588531e-04
2.458825108983960003e+06 9.623582532873071749e-01 2.702748156943901060e-04
2.458825113624060061e+06 9.615683630035246621e-01 2.701425806878918309e-04
2.458825118264160585e+06 9.607115397065359996e-01 2.699857428485286049e-04
2.458825122904260643e+06 9.597877835683154002e-01 2.698208679925311916e-04
2.458825127544360701e+06 9.588139253570437948e-01 2.696559931365337241e-04
2.458825132184461225e+06 9.578874461752621139e-01 2.694911182639901388e-04
2.458825136824561283e+06 9.570240227559188018e-01 2.693426633805976302e-04
2.458825141464661807e+06 9.562236549257147056e-01 2.692399868531390847e-04
2.458825146104761865e+06 9.554863308104553088e-01 2.691373103359847425e-04
2.458825150744862389e+06 9.547778510375953820e-01 2.690346338085261970e-04
2.458825155384962447e+06 9.540664998282744058e-01 2.689319572913719089e-04
2.458825160025062505e+06 9.533522771115361394e-01 2.688125763236239160e-04
2.458825164665163029e+06 9.526351828152718193e-01 2.686883239816428913e-04
2.458825169305263087e+06 9.519160569150528772e-01 2.685640716521313300e-04
2.458825173945363611e+06 9.511993900691141368e-01 2.684398193101503053e-04
2.458825178585463669e+06 9.504858464016965325e-01 2.683181428955521905e-04
2.458825183225563727e+06 9.497754258407214989e-01 2.682029463851459683e-04
2.458825187865664251e+06 9.490681298206937733e-01 2.680877498631790068e-04
2.458825192505764309e+06 9.483649933365286833e-01 2.679725533527726761e-04
2.458825197145864833e+06 9.476669034178090145e-01 2.678573568308057688e-04
2.458825201785964891e+06 9.469738602046493536e-01 2.677875731928555550e-04
2.458825206426065415e+06 9.462858635579477484e-01 2.677295230836609918e-04
2.458825211066165473e+06 9.456123769304745075e-01 2.676714729802920096e-04
2.458825215706265531e+06 9.450002064958049619e-01 2.676134228769230816e-04
2.458825220346366055e+06 9.444556979329605806e-01 2.675317604679438221e-04
2.458825224986466113e+06 9.439788513512307189e-01 2.673962683888372362e-04
2.458825229626566637e+06 9.435695324950883478e-01 2.672607762961332371e-04
2.458825234266666695e+06 9.431862931702825747e-01 2.671252842170266512e-04
2.458825238906766754e+06 9.427962240719109932e-01 2.669897921379201194e-04
2.458825243546867277e+06 9.423993251597996279e-01 2.668855250755693045e-04
2.458825248186967336e+06 9.419955965136109777e-01 2.667883397911716614e-04
2.458825252827067859e+06 9.415912317571043522e-01 2.666911544970209692e-04
2.458825257467167918e+06 9.412146136761158077e-01 2.665939692126233261e-04
2.458825262107267976e+06 9.408692600460795141e-01 2.665201221685198373e-04
2.458825266747368500e+06 9.405551708370436526e-01 2.664946679806679442e-04
2.458825271387468558e+06 9.402723381899920074e-01 2.664692137953704313e-04
2.458825276027569082e+06 9.400193576212468871e-01 2.664437596075184839e-04
2.458825280667669140e+06 9.397951947739310308e-01 2.664183054222209711e-04
2.458825285307769664e+06 9.395998496030522062e-01 2.664250276017855875e-04
2.458825289947869722e+06 9.394333221478186058e-01 2.664380810298514748e-04
2.458825294587969780e+06 9.393059939741188469e-01 2.664511344579174163e-04
2.458825299228070304e+06 9.392620052836557765e-01 2.664641878872933451e-04
2.458825303868170362e+06 9.393063405734450866e-01 2.664677184582392943e-04
2.458825308508270886e+06 9.394389998523854368e-01 2.664532341725055426e-04
2.458825313148370944e+06 9.396591703734964440e-01 2.664387498882253807e-04
2.458825317788471002e+06 9.398725828527175752e-01 2.664242656039452189e-04
2.458825322428571526e+06 9.400147407455903270e-01 2.664097813182115214e-04
2.458825327068671584e+06 9.400856440235819678e-01 2.664319410049137719e-04
2.458825331708772108e+06 9.400852927009236693e-01 2.664602631806141223e-04
2.458825336348872166e+06 9.400526487018665556e-01 2.664885853534721284e-04
2.458825340988972690e+06 9.401416053073985424e-01 2.665169075291724246e-04
2.458825345629072748e+06 9.403679350530386172e-01 2.665639055522209797e-04
2.458825350269172806e+06 9.407316379408210416e-01 2.666432176755489740e-04
2.458825354909273330e+06 9.412314091713588349e-01 2.667225298068363675e-04
2.458825359549373388e+06 9.417597896074674235e-01 2.668018419301643076e-04
2.458825364189473912e+06 9.422484068970422566e-01 2.668811540614517011e-04
2.458825368829573970e+06 9.426972609420122273e-01 2.669842067275609090e-04
2.458825373469674028e+06 9.431063517934082929e-01 2.670906047105365741e-04
2.458825378109774552e+06 9.434856880701307791e-01 2.671970027041898417e-04
2.458825382749874610e+06 9.438720338960988610e-01 2.673034006871655068e-04
2.458825387389975134e+06 9.442687942711189830e-01 2.673829447436214778e-04
2.458825392030075192e+06 9.446759691155566241e-01 2.674199022593548710e-04
2.458825396670175251e+06 9.450940226850449433e-01 2.674568597750882101e-04
2.458825401310275774e+06 9.455516491874346174e-01 2.674938172945304964e-04
2.458825405950375833e+06 9.460658433379439680e-01 2.675307748102638355e-04
2.458825410590476356e+06 9.466366052397777731e-01 2.676597318664079785e-04
2.458825415230576415e+06 9.472639347783772257e-01 2.677992591934471841e-04
2.458825419870676938e+06 9.479478039060069694e-01 2.679387865344887523e-04
2.458825424510776997e+06 9.486881161555131836e-01 2.680783138615279578e-04
2.458825429150877055e+06 9.494848635707204831e-01 2.682357358413172094e-04
2.458825433790977579e+06 9.503380462400826678e-01 2.684192118117896173e-04
2.458825438431077637e+06 9.512465533620255709e-01 2.686026877638491282e-04
2.458825443071178161e+06 9.521567482428100471e-01 2.687861637343214819e-04
2.458825447711278219e+06 9.530390367068130031e-01 2.689696396863809928e-04
2.458825452351378277e+06 9.538934188467782516e-01 2.690576249719172177e-04
2.458825456991478801e+06 9.547198947442470107e-01 2.691370124061242186e-04
2.458825461631578859e+06 9.555241923262515202e-01 2.692163998323642308e-04
2.458825466271679383e+06 9.563245556342478970e-01 2.692957872665711775e-04
2.458825470911779441e+06 9.571223428247187526e-01 2.694227368569906901e-04
2.458825475551879965e+06 9.579175540577894443e-01 2.696133482787513606e-04
2.458825480191980023e+06 9.587113942481910733e-01 2.698039596813831269e-04
2.458825484832080081e+06 9.595507297196691487e-01 2.699945710840148390e-04
2.458825489472180605e+06 9.604596638900613215e-01 2.701851825057755094e-04
2.458825494112280663e+06 9.614381965769340788e-01 2.703204274919019582e-04
2.458825498752381187e+06 9.624863279766903146e-01 2.704520035320901123e-04
2.458825503392481245e+06 9.635761494927211901e-01 2.705835795590738765e-04
2.458825508032581303e+06 9.646248119730828074e-01 2.707151555860575322e-04
2.458825512672681827e+06 9.656268366708067319e-01 2.708627121976707615e-04
2.458825517312781885e+06 9.665822233847751743e-01 2.710299529391732055e-04
2.458825521952882409e+06 9.674921486846552732e-01 2.711971936974592618e-04
2.458825526592982467e+06 9.683943316391707690e-01 2.713644344389615974e-04
2.458825531233082525e+06 9.693068626596126336e-01 2.715316751804640414e-04
2.458825535873183049e+06 9.702297418391161443e-01 2.717182329560885587e-04
2.458825540513283107e+06 9.711629689924485831e-01 2.719056311992497886e-04
2.458825545153383631e+06 9.721086968526247984e-01 2.720930294612175352e-04
2.458825549793483689e+06 9.730728838714880480e-01 2.722804277043787652e-04
2.458825554433584213e+06 9.740558775911756229e-01 2.724585491648291160e-04
2.458825559073684271e+06 9.750576778143889012e-01 2.726261476204020558e-04
2.458825563713784330e+06 9.760766878334579122e-01 2.727937460759749955e-04
2.458825568353884853e+06 9.770698957643683125e-01 2.729613445483674346e-04
2.458825572993984912e+06 9.780180588630718042e-01 2.731289430039404286e-04
2.458825577634085435e+06 9.789211773198761568e-01 2.732678873249303267e-04
2.458825582274185494e+06 9.797792509535147021e-01 2.734062097047967855e-04
2.458825586914285552e+06 9.806040116442578114e-01 2.735445320846632443e-04
2.458825591554386076e+06 9.814257517520568186e-01 2.736828544784112313e-04
2.458825596194486134e+06 9.822460139343203167e-01 2.738286583491492793e-04
2.458825600834586658e+06 9.830647983556849434e-01 2.739822808617790179e-04
2.458825605474686716e+06 9.838833017405994585e-01 2.741359033589918352e-04
2.458825610114786774e+06 9.847290249882145741e-01 2.742895258562046525e-04
2.458825614754887298e+06 9.856134462284132924e-01 2.744431483688343368e-04
2.458825619394987356e+06 9.865365652836819432e-01 2.746025022992426025e-04
2.458825624035087880e+06 9.874983823393013171e-01 2.747618607851289876e-04
2.458825628675187938e+06 9.884537142112156394e-01 2.749212192550227942e-04
2.458825633315288462e+06 9.892937217645141335e-01 2.750805777409091792e-04
2.458825637955388520e+06 9.900136119533047285e-01 2.752103219320240239e-04
2.458825642595488578e+06 9.906133848679146148e-01 2.753115487315115442e-04
2.458825647235589102e+06 9.910994718115334612e-01 2.754127755411577678e-04
2.458825651875689160e+06 9.915995253485078154e-01 2.755140023406453965e-04
2.458825656515789684e+06 9.921632503573020179e-01 2.756171555224889037e-04
2.458825661155889742e+06 9.927906467247699096e-01 2.758163645833994573e-04
2.458825665795989800e+06 9.934817145042899034e-01 2.760155736443100651e-04
2.458825670436090324e+06 9.942004895160792000e-01 2.762147827252124394e-04
2.458825675076190382e+06 9.948661488814987131e-01 2.764139917861230472e-04
2.458825679716290906e+06 9.954756535162566644e-01 2.765015572698151605e-04
2.458825684356390964e+06 9.960290032980179120e-01 2.764900727664722137e-04
2.458825688996491488e+06 9.965263074340683369e-01 2.764785882619767601e-04
2.458825693636591546e+06 9.969694563673827670e-01 2.764671037586338134e-04
2.458825698276691604e+06 9.973591368018814851e-01 2.764586948834171255e-04
2.458825702916792128e+06 9.976953487686223143e-01 2.765238867016497491e-04
2.458825707556892186e+06 9.979780922001235677e-01 2.765890785133400258e-04
2.458825712196992710e+06 9.982243686513766479e-01 2.766542703315727036e-04
2.458825716837092768e+06 9.984698188945716479e-01 2.767194621432629261e-04
2.458825721477192827e+06 9.987155703147397867e-01 2.767954434520636798e-04
2.458825726117293350e+06 9.989616229365885225e-01 2.768802405109738944e-04
2.458825730757393409e+06 9.992064395875114302e-01 2.769650375613742603e-04
2.458825735397493932e+06 9.994265548343876926e-01 2.770498346202844749e-04
2.458825740037593991e+06 9.996140210622833644e-01 2.771266242573876336e-04
2.458825744677694049e+06 9.997688382949267982e-01 2.770792051855623423e-04
2.458825749317794573e+06 9.998910065429397198e-01 2.770317861089782166e-04
2.458825753957894631e+06 9.999729786135803655e-01 2.769843670371529253e-04
2.458825758597995155e+06 1.000000000000000000e+00 2.769369479605688538e-04
2.458825763238095213e+06 9.999716852954566582e-01 2.769124148553507906e-04
2.458825767878195737e+06 9.998880344942671083e-01 2.769050911310076669e-04
2.458825772518295795e+06 9.997503162209631089e-01 2.768977674073995238e-04
2.458825777158395853e+06 9.995757226310587606e-01 2.768904436837913807e-04
2.458825781798496377e+06 9.993696812323401568e-01 2.768800547061952134e-04
2.458825786438596435e+06 9.991321920661622169e-01 2.768348948817871071e-04
2.458825791078696959e+06 9.988632550848582925e-01 2.767897350528469272e-04
2.458825795718797017e+06 9.985860927117277130e-01 2.767445752284388208e-04
2.458825800358897075e+06 9.983430248214791858e-01 2.766994154040307145e-04
2.458825804998997599e+06 9.981349434236562734e-01 2.766825105131959445e-04
2.458825809639097657e+06 9.979618485600237898e-01 2.766851400248696675e-04
2.458825814279198181e+06 9.978151945991869942e-01 2.766877695368072311e-04
2.458825818919298239e+06 9.975914892821078350e-01 2.766903990484810083e-04
2.458825823559398763e+06 9.972602960703920161e-01 2.766835936812108072e-04
2.458825828199498821e+06 9.968216150305133638e-01 2.765932363823279364e-04
2.458825832839598879e+06 9.962754461346287060e-01 2.765028790834451198e-04
2.458825837479699403e+06 9.956791957570859664e-01 2.764125217754944156e-04
2.458825842119799461e+06 9.951303277119417645e-01 2.763221644766115990e-04
2.458825846759899985e+06 9.946304512885518756e-01 2.762342908557332546e-04
2.458825851400000043e+06 9.941795665872470433e-01 2.761479939263565531e-04
