2.458756000000000000e+06 9.473314127381565752e-01 2.820014038009364130e-04
2.458756004640100058e+06 9.482792706338507571e-01 2.821648000574975782e-04
2.458756009280200582e+06 9.491654527325975588e-01 2.823281963304565424e-04
2.458756013920300640e+06 9.499838930229678180e-01 2.824966175498846294e-04
2.458756018560401164e+06 9.507345916692320209e-01 2.826702609949216407e-04
2.458756023200501222e+06 9.514221444545292172e-01 2.828439044225325959e-04
2.458756027840601280e+06 9.521510742448366926e-01 2.830175478501434968e-04
2.458756032480701804e+06 9.529648018623203543e-01 2.831912067492010584e-04
2.458756037120801862e+06 9.538633271436559591e-01 2.833915756523177221e-04
2.458756041760902386e+06 9.548466502691876912e-01 2.835919445755425415e-04
2.458756046401002444e+06 9.558599957377320600e-01 2.837923134786592594e-04
2.458756051041102968e+06 9.567720245985735783e-01 2.839926824018841329e-04
2.458756055681203026e+06 9.575770109598253921e-01 2.841946026121525441e-04
2.458756060321303084e+06 9.582749549183864346e-01 2.843980086437370900e-04
2.458756064961403608e+06 9.588720735049479638e-01 2.846014146957346149e-04
2.458756069601503666e+06 9.594906403926741767e-01 2.848048207273191608e-04
2.458756074241604190e+06 9.601780506638657453e-01 2.850086570857818962e-04
2.458756078881704248e+06 9.609343041805514796e-01 2.852325700045787028e-04
2.458756083521804307e+06 9.617594010082622935e-01 2.854564829233754552e-04
2.458756088161904830e+06 9.626374463080871191e-01 2.856803958646432734e-04
2.458756092802004889e+06 9.635328778615297463e-01 2.859043087834400800e-04
2.458756097442105412e+06 9.644443727016358547e-01 2.861066124385287660e-04
2.458756102082205471e+06 9.653719306454580096e-01 2.862898441560135466e-04
2.458756106722305994e+06 9.663132393857516433e-01 2.864730758918867214e-04
2.458756111362406053e+06 9.672285539080301975e-01 2.866563076093715020e-04
2.458756116002506111e+06 9.681035021087501802e-01 2.868399135770001245e-04
2.458756120642606635e+06 9.689380840696409924e-01 2.870321876692396852e-04
2.458756125282706693e+06 9.697322996231924064e-01 2.872244617421834830e-04
2.458756129922807217e+06 9.704862919541457078e-01 2.874167358344230979e-04
2.458756134562907275e+06 9.712003594507278015e-01 2.876090099073668957e-04
2.458756139203007333e+06 9.718745115279791014e-01 2.877054415111271078e-04
2.458756143843107857e+06 9.725087482475459622e-01 2.877239592115572796e-04
2.458756148483207915e+06 9.731073987686517102e-01 2.877424769101291288e-04
2.458756153123308439e+06 9.737360634825907857e-01 2.877609946105593548e-04
2.458756157763408497e+06 9.744168661775725049e-01 2.877845023830376443e-04
2.458756162403508555e+06 9.751498069140711600e-01 2.878837738113190119e-04
2.458756167043609079e+06 9.759348857734899685e-01 2.879830452495628964e-04
2.458756171683709137e+06 9.767419035668426508e-01 2.880823166778442640e-04
2.458756176323809661e+06 9.775120679955232594e-01 2.881815881160882027e-04
2.458756180963909719e+06 9.782438616415014554e-01 2.882695029673101221e-04
2.458756185604010243e+06 9.789372846516570803e-01 2.883489201179052731e-04
2.458756190244110301e+06 9.795933981881455033e-01 2.884283372605303455e-04
2.458756194884210359e+06 9.802264882968497739e-01 2.885077544031554721e-04
2.458756199524310883e+06 9.808410465080982243e-01 2.885908430338089128e-04
2.458756204164410941e+06 9.814370726985411908e-01 2.887149260441019432e-04
2.458756208804511465e+06 9.820145669878087569e-01 2.888390090668475235e-04
2.458756213444611523e+06 9.825689727930330131e-01 2.889630920771405539e-04
2.458756218084711581e+06 9.830920201023123361e-01 2.890871750874336385e-04
2.458756222724812105e+06 9.835835369188759003e-01 2.891393050253912274e-04
2.458756227364912163e+06 9.840435231440703978e-01 2.891419279999771306e-04
2.458756232005012687e+06 9.844744682483784759e-01 2.891445509748263322e-04
2.458756236645112745e+06 9.849063352346507649e-01 2.891471739494121812e-04
2.458756241285213269e+06 9.853479009156314028e-01 2.891551975025589364e-04
2.458756245925313327e+06 9.857991652026927287e-01 2.892104556692749132e-04
2.458756250565413386e+06 9.862601281396620179e-01 2.892657138359907816e-04
2.458756255205513909e+06 9.867183293735783955e-01 2.893209720082522357e-04
2.458756259845613968e+06 9.871526966479239329e-01 2.893762301749681584e-04
2.458756264485714491e+06 9.875628870969388462e-01 2.894442550628208285e-04
2.458756269125814550e+06 9.879489006382929928e-01 2.895203464226459738e-04
2.458756273765914608e+06 9.883102445331761743e-01 2.895964377824711733e-04
2.458756278406015132e+06 9.886415849121860111e-01 2.896725291499325171e-04
2.458756283046115190e+06 9.889414671276027802e-01 2.897446707618987522e-04
2.458756287686215714e+06 9.892098912396165566e-01 2.897886526525846702e-04
2.458756292326315772e+06 9.894468571943511037e-01 2.898326345388567470e-04
2.458756296966415830e+06 9.896503436823157474e-01 2.898766164251288238e-04
2.458756301606516354e+06 9.898171681102743147e-01 2.899205983158147418e-04
2.458756306246616412e+06 9.899472914975009363e-01 2.899358403231845800e-04
2.458756310886716936e+06 9.900407138701126097e-01 2.899344347098996885e-04
2.458756315526816994e+06 9.900968046170134373e-01 2.899330290967559059e-04
2.458756320166917518e+06 9.901093950572954494e-01 2.899316234834710144e-04
2.458756324807017576e+06 9.900769204389530120e-01 2.899253150496983655e-04
2.458756329447117634e+06 9.899993807655110833e-01 2.898897229176740083e-04
2.458756334087218158e+06 9.898767760224044254e-01 2.898541307820776385e-04
2.458756338727318216e+06 9.897549581422763199e-01 2.898185386500532813e-04
2.458756343367418740e+06 9.897010793589603450e-01 2.897829465144569116e-04
2.458756348007518798e+06 9.897157246205160464e-01 2.897919005623228114e-04
2.458756352647618856e+06 9.897988939180980550e-01 2.898244618418014513e-04
2.458756357287719380e+06 9.899352109169048397e-01 2.898570231245478222e-04
2.458756361927819438e+06 9.899881399475685129e-01 2.898895844040265163e-04
2.458756366567919962e+06 9.899255002164257800e-01 2.899108503229345631e-04
2.458756371208020020e+06 9.897472917360490285e-01 2.898744612584758826e-04
2.458756375848120078e+06 9.894535145059514258e-01 2.898380721940172020e-04
2.458756380488220602e+06 9.891104387972442513e-01 2.898016831259066575e-04
2.458756385128320660e+06 9.888082401309605807e-01 2.897652940614479770e-04
2.458756389768421184e+06 9.885474343783797746e-01 2.897259654743922284e-04
2.458756394408521242e+06 9.883280215918486267e-01 2.896852152433391863e-04
2.458756399048621766e+06 9.881459178507299157e-01 2.896444650081965878e-04
2.458756403688721824e+06 9.879680799591037399e-01 2.896037147771435456e-04
2.458756408328821883e+06 9.877872802680437436e-01 2.895769002992261139e-04
2.458756412968922406e+06 9.876035187589597975e-01 2.896117959032548173e-04
2.458756417609022465e+06 9.874167954687351756e-01 2.896466915037816019e-04
2.458756422249122988e+06 9.871865856973861542e-01 2.896815871078103053e-04
2.458756426889223047e+06 9.868617251005535884e-01 2.897164827083370899e-04
2.458756431529323105e+06 9.864420445737606125e-01 2.896430013233011335e-04
2.458756436169423629e+06 9.859275440606158902e-01 2.895218299307826212e-04
2.458756440809523687e+06 9.853260097130955852e-01 2.894006585504244663e-04
2.458756445449624211e+06 9.846950409090137191e-01 2.892794871579059540e-04
2.458756450089724269e+06 9.840463133063540591e-01 2.891750714246117985e-04
2.458756454729824793e+06 9.833798267749087607e-01 2.891357832791660175e-04
2.458756459369924851e+06 9.826955814484502616e-01 2.890964951376630461e-04
2.458756464010024909e+06 9.820291975931061401e-01 2.890572069961600205e-04
2.458756468650125433e+06 9.814223367051518876e-01 2.890179188507142937e-04
2.458756473290225491e+06 9.808750616208427031e-01 2.889118086346717951e-04
2.458756477930326015e+06 9.803873722303338978e-01 2.887790409328123368e-04
2.458756482570426073e+06 9.799475844264068369e-01 2.886462732442769642e-04
2.458756487210526131e+06 9.794764304440085612e-01 2.885135055557415374e-04
2.458756491850626655e+06 9.789590443063215242e-01 2.883950409914937747e-04
2.458756496490726713e+06 9.783954261171915467e-01 2.883258333708842115e-04
2.458756501130827237e+06 9.777855757634936751e-01 2.882566257433292491e-04
2.458756505770927295e+06 9.771182873293932092e-01 2.881874181227196859e-04
2.458756510411027353e+06 9.763814416196293644e-01 2.881182105021101768e-04
2.458756515051127877e+06 9.755750339464465126e-01 2.879625431146388254e-04
2.458756519691227935e+06 9.746990644717002938e-01 2.877757408970375028e-04
2.458756524331328459e+06 9.737679656551856411e-01 2.875889386606893488e-04
2.458756528971428517e+06 9.728717689886738906e-01 2.874021364430879178e-04
2.458756533611529041e+06 9.720260670436914330e-01 2.872231319332567705e-04
2.458756538251629099e+06 9.712308599899799333e-01 2.870681003404957016e-04
2.458756542891729157e+06 9.704861477312290985e-01 2.869130687477346869e-04
2.458756547531829681e+06 9.697612777559742048e-01 2.867580371394153169e-04
2.458756552171929739e+06 9.690256637985643628e-01 2.866030055466543022e-04
2.458756556812030263e+06 9.682793057113540103e-01 2.864616442246833180e-04
2.458756561452130321e+06 9.675222036441453177e-01 2.863247036222204569e-04
2.458756566092230380e+06 9.667571663377380053e-01 2.861877630197576499e-04
2.458756570732330903e+06 9.660003426891965450e-01 2.860508224035520925e-04
2.458756575372430962e+06 9.652543103392177137e-01 2.859189280456668676e-04
2.458756580012531485e+06 9.645190691380645109e-01 2.858009694860786645e-04
2.458756584652631544e+06 9.637946073278285120e-01 2.856830109383282144e-04
2.458756589292732067e+06 9.630526707539242004e-01 2.855650523787399571e-04
2.458756593932832126e+06 9.622672436114566574e-01 2.854470938309895071e-04
2.458756598572932184e+06 9.614383258281509192e-01 2.853770631566790667e-04
2.458756603213032708e+06 9.605659173142729879e-01 2.853208637267776399e-04
2.458756607853132766e+06 9.596591524745867741e-01 2.852646643025162328e-04
2.458756612493233290e+06 9.587665345813747297e-01 2.852084648726149144e-04
2.458756617133333348e+06 9.578951811578202413e-01 2.851066647912542493e-04
2.458756621773433406e+06 9.570450921132768185e-01 2.848911604607194800e-04
2.458756626413533930e+06 9.562162466567095676e-01 2.846756561085575336e-04
2.458756631053633988e+06 9.553955722764725378e-01 2.844601517780228185e-04
2.458756635693734512e+06 9.545719373392704821e-01 2.842446474258609264e-04
2.458756640333834570e+06 9.537453420104170521e-01 2.840394335041801803e-04
2.458756644973934628e+06 9.529157862074040253e-01 2.838368495188852347e-04
2.458756649614035152e+06 9.520883097246340965e-01 2.836342655132597637e-04
2.458756654254135210e+06 9.512876754350159114e-01 2.834316815279648181e-04
2.458756658894235734e+06 9.505172149435110462e-01 2.832539397346163696e-04
2.458756663534335792e+06 9.497769284047602456e-01 2.831323667532291443e-04
2.458756668174436316e+06 9.490667252507567486e-01 2.830107937596413920e-04
2.458756672814536374e+06 9.483601476683247711e-01 2.828892207782542209e-04
2.458756677454636432e+06 9.476363231688326172e-01 2.827676477968669414e-04
2.458756682094736956e+06 9.468952516770438033e-01 2.826458595192331735e-04
2.458756686734837014e+06 9.461369333417003480e-01 2.825240229853933000e-04
2.458756691374937538e+06 9.453757083775952141e-01 2.824021864393263907e-04
2.458756696015037596e+06 9.446768776667909817e-01 2.822803499054865172e-04
2.458756700655137654e+06 9.440484729255271823e-01 2.821681756047478241e-04
2.458756705295238178e+06 9.434904941013408930e-01 2.820758820365796920e-04
2.458756709935338236e+06 9.430025773541536038e-01 2.819835884776737906e-04
2.458756714575438760e+06 9.425226713988374971e-01 2.818912949095057126e-04
2.458756719215538818e+06 9.420053529080919530e-01 2.817990013505998113e-04
2.458756723855639342e+06 9.414506217780853614e-01 2.817277021711630191e-04
2.458756728495739400e+06 9.408584781201584368e-01 2.816604837456122899e-04
2.458756733135839459e+06 9.402549497576532245e-01 2.815932653200615607e-04
2.458756737775939982e+06 9.397500359859223273e-01 2.815260468877650883e-04
2.458756742416040041e+06 9.393560628323401884e-01 2.814988704318820969e-04
2.458756747056140564e+06 9.390730302178315059e-01 2.815468934575417605e-04
2.458756751696240623e+06 9.389002233785415097e-01 2.815949164783821453e-04
2.458756756336340681e+06 9.387571780803264376e-01 2.816429394992224218e-04
2.458756760976441205e+06 9.385891640579321349e-01 2.816909625248820853e-04
2.458756765616541263e+06 9.383961813450807377e-01 2.816718841397747330e-04
2.458756770256641787e+06 9.381782299030385630e-01 2.816416697305600819e-04
2.458756774896741845e+06 9.379426118217933928e-01 2.816114553243776191e-04
2.458756779536841903e+06 9.377180032825840339e-01 2.815812409181951020e-04
2.458756784176942427e+06 9.375073203901000962e-01 2.815568505548580167e-04
2.458756788817042485e+06 9.373105631866280874e-01 2.815424681213331152e-04
2.458756793457143009e+06 9.371281152123293046e-01 2.815280856863648694e-04
2.458756798097243067e+06 9.369908155111876802e-01 2.815137032528399678e-04
2.458756802737343591e+06 9.369181763494919268e-01 2.814993208178717221e-04
2.458756807377443649e+06 9.369101977418213822e-01 2.815768495259369716e-04
2.458756812017543707e+06 9.369668796776418063e-01 2.816671413412142168e-04
2.458756816657644231e+06 9.370836714244482613e-01 2.817574331655526816e-04
2.458756821297744289e+06 9.372439487243708900e-01 2.818477249808299268e-04
2.458756825937844813e+06 9.374461841350183455e-01 2.819552812830699359e-04
2.458756830577944871e+06 9.376903776157993198e-01 2.820900381591375026e-04
2.458756835218044929e+06 9.379759633138865516e-01 2.822247950352051778e-04
2.458756839858145453e+06 9.382686501896122522e-01 2.823595519247963778e-04
2.458756844498245511e+06 9.385482370361060145e-01 2.824943088008640530e-04
2.458756849138346035e+06 9.388147239094841723e-01 2.825210365543601122e-04
2.458756853778446093e+06 9.390681107562598440e-01 2.825355570391666288e-04
2.458756858418546617e+06 9.393181579652030155e-01 2.825500775254304216e-04
2.458756863058646675e+06 9.395980618182719901e-01 2.825645980102369924e-04
2.458756867698746733e+06 9.399105645213107207e-01 2.825777285580224527e-04
2.458756872338847257e+06 9.402556661105875291e-01 2.825888479623696044e-04
2.458756876978947315e+06 9.406338899310010548e-01 2.825999673656008951e-04
2.458756881619047839e+06 9.410700949854494679e-01 2.826110867699481010e-04
2.458756886259147897e+06 9.415779266968389294e-01 2.826222061731793918e-04
2.458756890899247956e+06 9.421573851053512971e-01 2.826785772083927019e-04
2.458756895539348479e+06 9.428084702799206518e-01 2.827389432748824544e-04
2.458756900179448538e+06 9.435135026469900765e-01 2.827993093353141731e-04
2.458756904819549061e+06 9.442164579477685393e-01 2.828596754018039257e-04
2.458756909459649120e+06 9.449131991948387377e-01 2.829485684849025870e-04
2.458756914099749178e+06 9.456037264590581026e-01 2.830754187875664566e-04
2.458756918739849702e+06 9.462884275817011748e-01 2.832022691029605402e-04
2.458756923379949760e+06 9.469821688250740221e-01 2.833291194056244099e-04
2.458756928020050284e+06 9.476925584652035051e-01 2.834559697210184393e-04
2.458756932660150342e+06 9.484195963595061230e-01 2.835664051019399644e-04
2.458756937300250866e+06 9.491632826539069256e-01 2.836757793783345992e-04
2.458756941940350924e+06 9.499297443272235464e-01 2.837851536437529338e-04
2.458756946580450982e+06 9.507370823580836294e-01 2.838945279091712143e-04
2.458756951220551506e+06 9.515864837346487137e-01 2.839938554292203684e-04
2.458756955860651564e+06 9.524779482864341729e-01 2.840808779351823750e-04
2.458756960500752088e+06 9.534095221998716285e-01 2.841679004498775759e-04
2.458756965140852146e+06 9.543193264697873435e-01 2.842549229558396368e-04
2.458756969780952204e+06 9.551778244191180267e-01 2.843419454618016434e-04
2.458756974421052728e+06 9.559850161262961610e-01 2.845153427553680833e-04
2.458756979061152786e+06 9.567409014293084546e-01 2.846923684238543764e-04
2.458756983701253310e+06 9.574930531984591209e-01 2.848693941101062979e-04
2.458756988341353368e+06 9.583725477937261594e-01 2.850464197785926453e-04
2.458756992981453426e+06 9.593869595946145079e-01 2.852587811749446485e-04
2.458756997621553950e+06 9.605362887232361535e-01 2.855110071612566793e-04
2.458757002261654008e+06 9.618139776229924776e-01 2.857632331222562756e-04
2.458757006901754532e+06 9.630453112196538656e-01 2.860154591085683064e-04
2.458757011541854590e+06 9.641524822491834845e-01 2.862676850695679027e-04
2.458757016181955114e+06 9.651354909338035748e-01 2.864951322054355102e-04
2.458757020822055172e+06 9.659943370762127390e-01 2.867220759572830491e-04
2.458757025462155230e+06 9.667845986891338006e-01 2.869490197091306423e-04
2.458757030102255754e+06 9.676491387215210294e-01 2.871759634837533657e-04
2.458757034742355812e+06 9.685951675051044374e-01 2.874215453628884732e-04
2.458757039382456336e+06 9.696226852297630261e-01 2.876865034493192850e-04
2.458757044022556394e+06 9.707285946151787970e-01 2.879514615091599301e-04
2.458757048662656453e+06 9.718424171984320070e-01 2.882164195690006835e-04
2.458757053302756976e+06 9.729348666776456156e-01 2.884813624365990077e-04
2.458757057942857035e+06 9.740059428335523517e-01 2.887155538805713344e-04
2.458757062582957558e+06 9.750556458811295846e-01 2.889497453480461284e-04
2.458757067223057617e+06 9.760759140989535565e-01 2.891839367920184551e-04
2.458757071863158140e+06 9.770474124611889799e-01 2.894181282594932491e-04
2.458757076503258198e+06 9.779692973311197024e-01 2.896149021868752241e-04
2.458757081143358257e+06 9.788415688087310773e-01 2.897758260522772362e-04
2.458757085783458780e+06 9.796672140391049499e-01 2.899367499338289817e-04
2.458757090423558839e+06 9.805050156043271237e-01 2.900976737992310480e-04
2.458757095063659362e+06 9.813777651872742647e-01 2.902604807468121806e-04
2.458757099703759421e+06 9.822854626127751621e-01 2.905115081661005321e-04
2.458757104343859479e+06 9.832281079666619350e-01 2.907625355853889378e-04
2.458757108983960003e+06 9.841793990712067730e-01 2.910135630298694314e-04
2.458757113624060061e+06 9.850804721836950995e-01 2.912645904491577829e-04
2.458757118264160585e+06 9.859291358588384568e-01 2.914570525485035376e-04
2.458757122904260643e+06 9.867253899262999894e-01 2.915978083771186553e-04
2.458757127544360701e+06 9.874715451316045112e-01 2.917385642057337188e-04
2.458757132184461225e+06 9.882073364684839101e-01 2.918793200484744188e-04
2.458757136824561283e+06 9.889471365887362309e-01 2.920180122978544750e-04
2.458757141464661807e+06 9.896909456408483630e-01 2.921088061228563088e-04
2.458757146104761865e+06 9.904387634755286163e-01 2.921995999387463992e-04
2.458757150744862389e+06 9.911805796920719613e-01 2.922903937637482330e-04
2.458757155384962447e+06 9.918954928154258832e-01 2.923811875796383233e-04
2.458757160025062505e+06 9.925828486931792538e-01 2.924673717068073460e-04
2.458757164665163029e+06 9.932426473901635466e-01 2.925498071517163077e-04
2.458757169305263087e+06 9.938742762999379643e-01 2.926322425883524274e-04
2.458757173945363611e+06 9.944684501335027127e-01 2.927146780332614434e-04
2.458757178585463669e+06 9.950220363060886530e-01 2.927894349814546150e-04
2.458757183225563727e+06 9.955350348793612358e-01 2.927474360174797652e-04
2.458757187865664251e+06 9.960074458986927226e-01 2.927054370492899711e-04
2.458757192505764309e+06 9.964314395066182772e-01 2.926634380853151214e-04
2.458757197145864833e+06 9.967917680192649454e-01 2.926214391171253816e-04
2.458757201785964891e+06 9.970880375236291782e-01 2.926050100949399474e-04
2.458757206426065415e+06 9.973202480791756308e-01 2.926077209202578022e-04
2.458757211066165473e+06 9.974945297047868031e-01 2.926104317453036307e-04
2.458757215706265531e+06 9.976934386257870768e-01 2.926131425703494050e-04
2.458757220346366055e+06 9.979429381188853476e-01 2.926168555627713910e-04
2.458757224986466113e+06 9.982430281340043399e-01 2.926317713755813678e-04
2.458757229626566637e+06 9.985937087313753180e-01 2.926466871898881399e-04
2.458757234266666695e+06 9.989582406132827552e-01 2.926616030026980625e-04
2.458757238906766754e+06 9.992699212455816715e-01 2.926765188155080392e-04
2.458757243546867277e+06 9.995273616509400272e-01 2.926882195975454297e-04
2.458757248186967336e+06 9.997305617776861553e-01 2.926977074852056939e-04
2.458757252827067859e+06 9.998791992307859422e-01 2.927071953738182128e-04
2.458757257467167918e+06 9.999693911946293534e-01 2.927166832614785312e-04
2.458757262107267976e+06 1.000000000000000000e+00 2.927225822397686397e-04
2.458757266747368500e+06 9.999710256410005993e-01 2.926970615764174334e-04
2.458757271387468558e+06 9.998824681234464995e-01 2.926715409156273838e-04
2.458757276027569082e+06 9.997455863213258187e-01 2.926460202522761234e-04
2.458757280667669140e+06 9.995794264137153329e-01 2.926204995914860737e-04
2.458757285307769664e+06 9.993842987022945046e-01 2.925689724510831410e-04
2.458757289947869722e+06 9.991602032262277833e-01 2.925010072981406315e-04
2.458757294587969780e+06 9.989080778823440365e-01 2.924330421451981220e-04
2.458757299228070304e+06 9.986380793042143322e-01 2.923650769854348967e-04
2.458757303868170362e+06 9.983529781889634025e-01 2.922954565676818607e-04
2.458757308508270886e+06 9.980527744793676881e-01 2.922140251321498380e-04
2.458757313148370944e+06 9.977374682356817681e-01 2.921325937047899350e-04
2.458757317788471002e+06 9.973868295201510081e-01 2.920511622774300321e-04
2.458757322428571526e+06 9.969689961007803802e-01 2.919697308418980094e-04
2.458757327068671584e+06 9.964835776159992609e-01 2.919076036041324380e-04
2.458757331708772108e+06 9.959305739683790293e-01 2.918566626783677519e-04
2.458757336348872166e+06 9.953210924184144881e-01 2.918057217577152418e-04
2.458757340988972690e+06 9.947638347047589313e-01 2.917547808319505016e-04
2.458757345629072748e+06 9.942863831244608264e-01 2.916994896963023072e-04
2.458757350269172806e+06 9.938887376175917776e-01 2.916181963220350164e-04
2.458757354909273330e+06 9.935708981562590969e-01 2.915369029396093210e-04
2.458757359549373388e+06 9.932432500832025779e-01 2.914556095653420302e-04
2.458757364189473912e+06 9.927745057849058918e-01 2.913743161829163890e-04
2.458757368829573970e+06 9.921635198530545097e-01 2.912339369140650564e-04
2.458757373469674028e+06 9.914102922477446844e-01 2.910622325064944442e-04
2.458757378109774552e+06 9.905310103879954031e-01 2.908905280816922816e-04
2.458757382749874610e+06 9.896694739005118535e-01 2.907188236741216152e-04
2.458757387389975134e+06 9.888595866947377244e-01 2.905607476782315931e-04
2.458757392030075192e+06 9.881013489332264310e-01 2.904722819108801718e-04
2.458757396670175251e+06 9.873947605321099497e-01 2.903838161435286962e-04
2.458757401310275774e+06 9.866774447702791884e-01 2.902953503672991769e-04
2.458757405950375833e+06 9.858644961936442463e-01 2.902068845999477556e-04
2.458757410590476356e+06 9.849554278224078585e-01 2.900468862231577599e-04
2.458757415230576415e+06 9.839502398390309601e-01 2.898522778544851365e-04
2.458757419870676938e+06 9.828653788596478647e-01 2.896576694662824540e-04
2.458757424510776997e+06 9.818339736098773418e-01 2.894630610976098848e-04
2.458757429150877055e+06 9.808851534477109890e-01 2.892922165188317480e-04
2.458757433790977579e+06 9.800189182903602525e-01 2.892266672580970409e-04
2.458757438431077637e+06 9.792352683116890555e-01 2.891611180039406221e-04
2.458757443071178161e+06 9.784565582800055505e-01 2.890955687432059150e-04
2.458757447711278219e+06 9.775847238333941203e-01 2.890300194890494420e-04
2.458757452351378277e+06 9.766194398726697479e-01 2.888667213982311181e-04
2.458757456991478801e+06 9.755607062868933976e-01 2.886603912008141380e-04
2.458757461631578859e+06 9.744228460975935535e-01 2.884540610241036304e-04
2.458757466271679383e+06 9.733118587831260937e-01 2.882477308266866503e-04
2.458757470911779441e+06 9.722492384726378889e-01 2.880438738943449429e-04
2.458757475551879965e+06 9.712349849528487677e-01 2.878496357389333541e-04
2.458757480191980023e+06 9.702690984273311114e-01 2.876553976030147446e-04
2.458757484832080081e+06 9.693166441393893384e-01 2.874611594670960809e-04
2.458757489472180605e+06 9.683367478392450600e-01 2.872669213116845464e-04
2.458757494112280663e+06 9.673293479166630293e-01 2.870645025065699527e-04
2.458757498752381187e+06 9.662944441694465425e-01 2.868588186401749870e-04
2.458757503392481245e+06 9.652385390868046811e-01 2.866531347944216044e-04
2.458757508032581303e+06 9.642057625929734144e-01 2.864474509486681676e-04
2.458757512672681827e+06 9.632043937772605258e-01 2.862579767838590856e-04
2.458757517312781885e+06 9.622344328406526870e-01 2.861243557037894077e-04
2.458757521952882409e+06 9.612958795884669616e-01 2.859907346103101006e-04
2.458757526592982467e+06 9.603887342090824397e-01 2.858571135302404227e-04
2.458757531233082525e+06 9.595129966067335037e-01 2.857234924501707448e-04
2.458757535873183049e+06 9.586535920897102381e-01 2.855898713566913834e-04
2.458757540513283107e+06 9.577717648889395585e-01 2.854562502766217597e-04
2.458757545153383631e+06 9.568655580705668351e-01 2.853226291831423983e-04
2.458757549793483689e+06 9.559349718164782406e-01 2.851890081030727204e-04
2.458757554433584213e+06 9.549800059398942942e-01 2.850361935925819199e-04
2.458757559073684271e+06 9.540006606324877847e-01 2.848243413697109099e-04
2.458757563713784330e+06 9.529969358066829876e-01 2.846124891468398998e-04
2.458757568353884853e+06 9.520046951597604945e-01 2.844006369027082815e-04
2.458757572993984912e+06 9.510597391874955342e-01 2.841887846798372714e-04
2.458757577634085435e+06 9.501620677002242665e-01 2.840210434755703899e-04
2.458757582274185494e+06 9.493116808781201232e-01 2.838675743860715676e-04
2.458757586914285552e+06 9.485002862234972465e-01 2.837141052965728538e-04
2.458757591554386076e+06 9.476801892062561850e-01 2.835606361916725602e-04
2.458757596194486134e+06 9.468437746375232278e-01 2.834076940557969985e-04
2.458757600834586658e+06 9.459910423494203302e-01 2.832562078727579201e-04
2.458757605474686716e+06 9.451220173595425988e-01 2.831047217049214161e-04
2.458757610114786774e+06 9.442962046107452601e-01 2.829532355370848579e-04
2.458757614754887298e+06 9.435684162182441659e-01 2.828017493540457795e-04
2.458757619394987356e+06 9.429386523281151344e-01 2.826993633698148402e-04
2.458757624035087880e+06 9.424069128139572760e-01 2.826111548749314509e-04
2.458757628675187938e+06 9.419573933296795376e-01 2.825229463889003013e-04
2.458757633315288462e+06 9.415061393924019084e-01 2.824347378940168579e-04
2.458757637955388520e+06 9.410408266845847747e-01 2.823493449186549337e-04
2.458757642595488578e+06 9.405614551616474639e-01 2.822709757248426576e-04
2.458757647235589102e+06 9.400680612030296590e-01 2.821926065231655789e-04
2.458757651875689160e+06 9.395837472458313799e-01 2.821142373293533028e-04
2.458757656515789684e+06 9.391281923001164600e-01 2.820358681276761699e-04
2.458757661155889742e+06 9.387013964573198699e-01 2.819834441417267334e-04
2.458757665795989800e+06 9.383033596702811119e-01 2.819376550457197684e-04
2.458757670436090324e+06 9.379409360797064110e-01 2.818918659451176835e-04
2.458757675076190382e+06 9.376478152760467921e-01 2.818460768491107184e-04
2.458757679716290906e+06 9.374285319829490648e-01 2.818327857133260338e-04
2.458757684356390964e+06 9.372830862444262445e-01 2.818930074420335002e-04
2.458757688996491488e+06 9.372112411550155286e-01 2.819532291767845806e-04
2.458757693636591546e+06 9.371434707882470017e-01 2.820134509054921012e-04
2.458757698276691604e+06 9.370249066346805211e-01 2.820736726341995133e-04
2.458757702916792128e+06 9.368555486747712768e-01 2.820338046254651076e-04
2.458757707556892186e+06 9.366353969425113002e-01 2.819714807538225491e-04
2.458757712196992710e+06 9.363891044252816709e-01 2.819091568759254452e-04
2.458757716837092768e+06 9.362289733365680711e-01 2.818468330042829409e-04
2.458757721477192827e+06 9.361688226588124051e-01 2.818210576219934644e-04
2.458757726117293350e+06 9.362086524010286848e-01 2.818705176306105582e-04
2.458757730757393409e+06 9.363480268616533042e-01 2.819199776342640662e-04
2.458757735397493932e+06 9.365124923548784341e-01 2.819694376428811058e-04
2.458757740037593991e+06 9.366475264973385118e-01 2.820188976465346138e-04
2.458757744677694049e+06 9.367531293070154863e-01 2.821728966772777520e-04
2.458757749317794573e+06 9.368293007900768687e-01 2.823472303437837188e-04
2.458757753957894631e+06 9.368992526226006534e-01 2.825215639927943488e-04
2.458757758597995155e+06 9.370611183252384180e-01 2.826958976593003155e-04
2.458757763238095213e+06 9.373258993451346610e-01 2.828373025036093769e-04
2.458757767878195737e+06 9.376935957354337603e-01 2.829168388661089275e-04
2.458757772518295795e+06 9.381634843664886647e-01 2.829963752206265818e-04
2.458757777158395853e+06 9.386540237620653038e-01 2.830759115751441818e-04
2.458757781798496377e+06 9.391097308341734839e-01 2.831554479376437866e-04
2.458757786438596435e+06 9.395306054913472593e-01 2.832999198393096872e-04
2.458757791078696959e+06 9.399166478180611684e-01 2.834551773289321398e-04
2.458757795718797017e+06 9.402917625760527365e-01 2.836104348029736314e-04
2.458757800358897075e+06 9.407498618445652161e-01 2.837656922770150146e-04
2.458757804998997599e+06 9.413005004781075380e-01 2.839092956901225016e-04
2.458757809639097657e+06 9.419436783661599977e-01 2.840328641235080262e-04
2.458757814279198181e+06 9.426784355969065610e-01 2.841564325692943300e-04
2.458757818919298239e+06 9.434274674152418605e-01 2.842800010026798547e-04
2.458757823559398763e+06 9.441418445069558185e-01 2.844035694484661585e-04
2.458757828199498821e+06 9.448215667286645747e-01 2.845773825439201483e-04
2.458757832839598879e+06 9.454666341537990570e-01 2.847581795022129797e-04
2.458757837479699403e+06 9.460898377845007312e-01 2.849389764786499344e-04
2.458757842119799461e+06 9.467379207993902313e-01 2.851197734369427658e-04
2.458757846759899985e+06 9.474151804725868820e-01 2.852736795031810490e-04
2.458757851400000043e+06 9.481216166681569746e-01 2.853851998235670687e-04
