2.458691000000000000e+06 9.960243161968396208e-01 3.462160816912466426e-04
2.458691004699247889e+06 9.958539488940711948e-01 3.461559241167871709e-04
2.458691009398496244e+06 9.957986522013254627e-01 3.460957665363665389e-04
2.458691014097744133e+06 9.958584261295614359e-01 3.461289966953242183e-04
2.458691018796992488e+06 9.960332706906253053e-01 3.461811110123587951e-04
2.458691023496240377e+06 9.962985502826644524e-01 3.462332253242292627e-04
2.458691028195488732e+06 9.965583456280309171e-01 3.462853396412638395e-04
2.458691032894736622e+06 9.968030163628102125e-01 3.462976455036110342e-04
2.458691037593984976e+06 9.970325625354923282e-01 3.462498767732285891e-04
2.458691042293232866e+06 9.972460503807549781e-01 3.462021080475797164e-04
2.458691046992481221e+06 9.974068710313189756e-01 3.461543393171972170e-04
2.458691051691729110e+06 9.974961440411918012e-01 3.461065705915482901e-04
2.458691056390977465e+06 9.975138694280660800e-01 3.461065935355749057e-04
2.458691061090225354e+06 9.974600471884286224e-01 3.461083343878866027e-04
2.458691065789473709e+06 9.973720007699499179e-01 3.461100752403706879e-04
2.458691070488721598e+06 9.973413759226208430e-01 3.461118160926823306e-04
2.458691075187969953e+06 9.973723785300493416e-01 3.460901436563782038e-04
2.458691079887217842e+06 9.974650085860912174e-01 3.460478789045840831e-04
2.458691084586466197e+06 9.976124609993403114e-01 3.460056141486018521e-04
2.458691089285714086e+06 9.977168008075677497e-01 3.459633493968077315e-04
2.458691093984962441e+06 9.977459746523906770e-01 3.459320306761618814e-04
2.458691098684210330e+06 9.976999825280279399e-01 3.460005521923099512e-04
2.458691103383458685e+06 9.975788244253643855e-01 3.460690737152480540e-04
2.458691108082706574e+06 9.974365775750818619e-01 3.461375952313961238e-04
2.458691112781954929e+06 9.973571734157705704e-01 3.462061167543342807e-04
2.458691117481202818e+06 9.973415765692404955e-01 3.461937954418645136e-04
2.458691122180451173e+06 9.973897870324009984e-01 3.461408499671206015e-04
2.458691126879699063e+06 9.974937820497943308e-01 3.460879044976231437e-04
2.458691131578947417e+06 9.975940577278686883e-01 3.460349590228791773e-04
2.458691136278195307e+06 9.976785252855107089e-01 3.459866490434362419e-04
2.458691140977443662e+06 9.977471847394605575e-01 3.459536579269691711e-04
2.458691145676691551e+06 9.978000456208014901e-01 3.459206668137712951e-04
2.458691150375939906e+06 9.978771278770666164e-01 3.458876756973042242e-04
2.458691155075187795e+06 9.980160451765607288e-01 3.458546845841063483e-04
2.458691159774436150e+06 9.982167975468156929e-01 3.459528431900123430e-04
2.458691164473684039e+06 9.984793849480450012e-01 3.460839830256565489e-04
2.458691169172932394e+06 9.987728534664395141e-01 3.462151228742957852e-04
2.458691173872180283e+06 9.989615696731207750e-01 3.463462627099400453e-04
2.458691178571428638e+06 9.990296230560177237e-01 3.463902978814012087e-04
2.458691183270676527e+06 9.989770136016437041e-01 3.462833205506575963e-04
2.458691187969924882e+06 9.988060721905586137e-01 3.461763432093133055e-04
2.458691192669172771e+06 9.986481216235271186e-01 3.460693658785697472e-04
2.458691197368421126e+06 9.985789790873108585e-01 3.459623885372254022e-04
2.458691202067669015e+06 9.985986445956124280e-01 3.460206850305868860e-04
2.458691206766917370e+06 9.987071181523295982e-01 3.460909343137136512e-04
2.458691211466165259e+06 9.988730213986468653e-01 3.461611835898791879e-04
2.458691216165413614e+06 9.990102346278769696e-01 3.462314328730058989e-04
2.458691220864661504e+06 9.991138177556008193e-01 3.463025709753967838e-04
2.458691225563909858e+06 9.991837708023466602e-01 3.463746003782375098e-04
2.458691230263157748e+06 9.992208711113198527e-01 3.464466297739407161e-04
2.458691234962406103e+06 9.992387918348623055e-01 3.465186591767814963e-04
2.458691239661653992e+06 9.992425384564508350e-01 3.465740352640244945e-04
2.458691244360902347e+06 9.992321109768284026e-01 3.463939617649725825e-04
2.458691249060150236e+06 9.992075093980611333e-01 3.462138882837647409e-04
2.458691253759398591e+06 9.991755912125356298e-01 3.460338147847128289e-04
2.458691258458646480e+06 9.991482915180890378e-01 3.458537413035049873e-04
2.458691263157894835e+06 9.991258257702180234e-01 3.458303387891485778e-04
2.458691267857142724e+06 9.991081939733752471e-01 3.458978458943702951e-04
2.458691272556391079e+06 9.991000654482979915e-01 3.459653530062815939e-04
2.458691277255638968e+06 9.991414981704626053e-01 3.460328601115033654e-04
2.458691281954887323e+06 9.992416805129015200e-01 3.460833719610462329e-04
2.458691286654135212e+06 9.994006124557597293e-01 3.460657147467159156e-04
2.458691291353383567e+06 9.996182940305354814e-01 3.460480575306358587e-04
2.458691296052631456e+06 9.998143649561234136e-01 3.460304003163055414e-04
2.458691300751879811e+06 9.999028597207837432e-01 3.460127431002254844e-04
2.458691305451127701e+06 9.998837540814197178e-01 3.459178475347850852e-04
2.458691310150376055e+06 9.997570480342452548e-01 3.457993975889613611e-04
2.458691314849623945e+06 9.995491711812570790e-01 3.456809476548751555e-04
2.458691319548872299e+06 9.993908981350855258e-01 3.455624977090514856e-04
2.458691324248120189e+06 9.992999666866534403e-01 3.454758281614175169e-04
2.458691328947368544e+06 9.992763768179392381e-01 3.454527978641614566e-04
2.458691333646616433e+06 9.993196890149191880e-01 3.454297675691875877e-04
2.458691338345864788e+06 9.993908124586017294e-01 3.454067372719315816e-04
2.458691343045112677e+06 9.994644370506210462e-01 3.453837069769577126e-04
2.458691347744361032e+06 9.995405628055685776e-01 3.454197065565591581e-04
2.458691352443608921e+06 9.996191897083572808e-01 3.454622788977939046e-04
2.458691357142857276e+06 9.996971509972312209e-01 3.455048512432472817e-04
2.458691361842105165e+06 9.997647247117829039e-01 3.455474235844820281e-04
2.458691366541353520e+06 9.998212298548542210e-01 3.456027989488221690e-04
2.458691371240601409e+06 9.998666664152464634e-01 3.456728126162363383e-04
2.458691375939849764e+06 9.999009698078612507e-01 3.457428262905884258e-04
2.458691380639097653e+06 9.999227182820050741e-01 3.458128399580027035e-04
2.458691385338346008e+06 9.999313300907101132e-01 3.458779865797084133e-04
2.458691390037593897e+06 9.999268052322700662e-01 3.458018864762783069e-04
2.458691394736842252e+06 9.999091437057878728e-01 3.457257863653072491e-04
2.458691399436090142e+06 9.998886415096052138e-01 3.456496862618771426e-04
2.458691404135338496e+06 9.998853576290612777e-01 3.455735861509060848e-04
2.458691408834586386e+06 9.998998108106337268e-01 3.455516607739517079e-04
2.458691413533834741e+06 9.999320010571868256e-01 3.455658428290590291e-04
2.458691418233082630e+06 9.999781187197714916e-01 3.455800248827610617e-04
2.458691422932330985e+06 1.000000000000000000e+00 3.455942069378683829e-04
2.458691427631578874e+06 9.999877944013647602e-01 3.456061258997840716e-04
2.458691432330827229e+06 9.999415019214468181e-01 3.456067410881596275e-04
2.458691437030075118e+06 9.998611225694206128e-01 3.456073562764742512e-04
2.458691441729323473e+06 9.997653891354068012e-01 3.456079714648498070e-04
2.458691446428571362e+06 9.996770142945633486e-01 3.456085866531644849e-04
2.458691451127819717e+06 9.995960495168146887e-01 3.456150588513584826e-04
2.458691455827067606e+06 9.995224948182069857e-01 3.456236583982656837e-04
2.458691460526315961e+06 9.994576371133783166e-01 3.456322579460250678e-04
2.458691465225563850e+06 9.994086975791133254e-01 3.456408574929322689e-04
2.458691469924812205e+06 9.993768000148747221e-01 3.456306245926580125e-04
2.458691474624060094e+06 9.993619444269842278e-01 3.455765142004068625e-04
2.458691479323308449e+06 9.993639678378771762e-01 3.455224038027937365e-04
2.458691484022556338e+06 9.993560300197090740e-01 3.454682934105426408e-04
2.458691488721804693e+06 9.993185916779242506e-01 3.454141830129295689e-04
2.458691493421052583e+06 9.992516528199423265e-01 3.454917386485044112e-04
2.458691498120300937e+06 9.991552134324970247e-01 3.455894816057235503e-04
2.458691502819548827e+06 9.990375527668172717e-01 3.456872245532570235e-04
2.458691507518797182e+06 9.989271394332176479e-01 3.457849675104762168e-04
2.458691512218045071e+06 9.988263647666949518e-01 3.458723278807190470e-04
2.458691516917293426e+06 9.987352287472771595e-01 3.459461373917253001e-04
2.458691521616541315e+06 9.986531706771935024e-01 3.460199468954174712e-04
2.458691526315789670e+06 9.985642612373671900e-01 3.460937564064236701e-04
2.458691531015037559e+06 9.984612159507487705e-01 3.461675150820396640e-04
2.458691535714285914e+06 9.983440347969164685e-01 3.461506039474022186e-04
2.458691540413533803e+06 9.982127177990933742e-01 3.461336928144406787e-04
2.458691545112782158e+06 9.980856647674842819e-01 3.461167816798033418e-04
2.458691549812030047e+06 9.980029584160855505e-01 3.460998705468417477e-04
2.458691554511278402e+06 9.979659964538198924e-01 3.461747136796446611e-04
2.458691559210526291e+06 9.979747788880126702e-01 3.463195381615744831e-04
2.458691563909774646e+06 9.980238875452919212e-01 3.464643626578554013e-04
2.458691568609022535e+06 9.980492009288624011e-01 3.466091871397852776e-04
2.458691573308270890e+06 9.980321440399256838e-01 3.467268361740156622e-04
2.458691578007518779e+06 9.979727168818621763e-01 3.466689495766079460e-04
2.458691582706767134e+06 9.978709194428944107e-01 3.466110629734639329e-04
2.458691587406015024e+06 9.977627974286230605e-01 3.465531763760561624e-04
2.458691592105263378e+06 9.976976642565379416e-01 3.464952897729122036e-04
2.458691596804511268e+06 9.976758118806431375e-01 3.465342514796573153e-04
2.458691601503759623e+06 9.976972402966077791e-01 3.466145597337194151e-04
2.458691606203007512e+06 9.977484590806201536e-01 3.466948679798235252e-04
2.458691610902255867e+06 9.977431803625615991e-01 3.467751762338856249e-04
2.458691615601503756e+06 9.976660935591045165e-01 3.468347466926442594e-04
2.458691620300752111e+06 9.975171986549717928e-01 3.468375477628698523e-04
2.458691625000000000e+06 9.972966695590904651e-01 3.468403488328178894e-04
2.458691629699247889e+06 9.970780092313445975e-01 3.468431499027659808e-04
2.458691634398496244e+06 9.969215871174818000e-01 3.468459509729915737e-04
2.458691639097744133e+06 9.968274032485026082e-01 3.468523175430228878e-04
2.458691643796992488e+06 9.967954576057409533e-01 3.468593922085514238e-04
2.458691648496240377e+06 9.968135503355158855e-01 3.468664668733789148e-04
2.458691653195488732e+06 9.968346033888806357e-01 3.468735415389074509e-04
2.458691657894736622e+06 9.968539430024963011e-01 3.469348068509107053e-04
2.458691662593984976e+06 9.968715691801955936e-01 3.470770004258438737e-04
2.458691667293232866e+06 9.968870789058013049e-01 3.472191939866865881e-04
2.458691671992481221e+06 9.968850601306743497e-01 3.473613875616197023e-04
2.458691676691729110e+06 9.968576323085188706e-01 3.475035811224625251e-04
2.458691681390977465e+06 9.968047954338988825e-01 3.474721124441474004e-04
2.458691686090225354e+06 9.967265495172856760e-01 3.474348673778816310e-04
2.458691690789473709e+06 9.966428912319396094e-01 3.473976223079251833e-04
2.458691695488721598e+06 9.966025054639889857e-01 3.473603772416594140e-04
2.458691700187969953e+06 9.966075861472284414e-01 3.473593900644113188e-04
2.458691704887217842e+06 9.966581332806510041e-01 3.473899727730143526e-04
2.458691709586466197e+06 9.967482869723780503e-01 3.474205554846478941e-04
2.458691714285714086e+06 9.967949323840062936e-01 3.474511381932509821e-04
2.458691718984962441e+06 9.967710999900616375e-01 3.474836456349544010e-04
2.458691723684210330e+06 9.966767897952671929e-01 3.475332271875325343e-04
2.458691728383458685e+06 9.965120017809323549e-01 3.475828087450238925e-04
2.458691733082706574e+06 9.963427169480841838e-01 3.476323902976020800e-04
2.458691737781954929e+06 9.962704395345342023e-01 3.476819718550933839e-04
2.458691742481202818e+06 9.962962906280045106e-01 3.477008303978488396e-04
2.458691747180451173e+06 9.964202702336181217e-01 3.477044233591822958e-04
2.458691751879699063e+06 9.966263634928266280e-01 3.477080163201598626e-04
2.458691756578947417e+06 9.967970641207037907e-01 3.477116092814933187e-04
2.458691761278195307e+06 9.969087238273356411e-01 3.477276165153073248e-04
2.458691765977443662e+06 9.969613426348514773e-01 3.477840796729731506e-04
2.458691770676691551e+06 9.969549205328231967e-01 3.478405428250437885e-04
2.458691775375939906e+06 9.968894575199778174e-01 3.478970059827095600e-04
2.458691780075187795e+06 9.967649536092894058e-01 3.479534691347801979e-04
2.458691784774436150e+06 9.966142337681617169e-01 3.480099322924459695e-04
2.458691789473684039e+06 9.965046412950190335e-01 3.480663954445166615e-04
2.458691794172932394e+06 9.964381880946570069e-01 3.481228586021823789e-04
2.458691798872180283e+06 9.964148741802454357e-01 3.481793217542530710e-04
2.458691803571428638e+06 9.964346995471641266e-01 3.481901235721791398e-04
2.458691808270676527e+06 9.964976641914837785e-01 3.481226099405092581e-04
2.458691812969924882e+06 9.966030759517469084e-01 3.480550963021493069e-04
2.458691817669172771e+06 9.967131069063529525e-01 3.479875826704794794e-04
2.458691822368421126e+06 9.968061061521408250e-01 3.479200690321194740e-04
2.458691827067669015e+06 9.968820736706796026e-01 3.478888135436316318e-04
2.458691831766917370e+06 9.969410094770244646e-01 3.478600763981619598e-04
2.458691836466165259e+06 9.969838546960406722e-01 3.478313392555399449e-04
2.458691841165413614e+06 9.970131704565201591e-01 3.478026021100703272e-04
2.458691845864661504e+06 9.970291013161395322e-01 3.478047255157924690e-04
2.458691850563909858e+06 9.970316472780559325e-01 3.478374875617478486e-04
2.458691855263157748e+06 9.970217591498625742e-01 3.478702496044567475e-04
2.458691859962406103e+06 9.970158946558663748e-01 3.479030116504120730e-04
2.458691864661653992e+06 9.970200276348687440e-01 3.479397630988851514e-04
2.458691869360902347e+06 9.970341580876883603e-01 3.480307193363732228e-04
2.458691874060150236e+06 9.970582860115253521e-01 3.481216755648482131e-04
2.458691878759398591e+06 9.970845395143664858e-01 3.482126318023362303e-04
2.458691883458646480e+06 9.970993360911121206e-01 3.483035880308112207e-04
2.458691888157894835e+06 9.971024379402576576e-01 3.483268972926929861e-04
2.458691892857142724e+06 9.970938450611886994e-01 3.483113736084004759e-04
2.458691897556391079e+06 9.970736155847755855e-01 3.482958499225696455e-04
2.458691902255638968e+06 9.970422425817687673e-01 3.482803262382770811e-04
2.458691906954887323e+06 9.969998381176288227e-01 3.482752027473194167e-04
2.458691911654135212e+06 9.969464022007596959e-01 3.483111519883502023e-04
2.458691916353383567e+06 9.968819348205707476e-01 3.483471012329432425e-04
2.458691921052631456e+06 9.968333523979976407e-01 3.483830504739739739e-04
2.458691925751879811e+06 9.968291695128077556e-01 3.484189997185670683e-04
2.458691930451127701e+06 9.968693920529979602e-01 3.483649864577146541e-04
2.458691935150376055e+06 9.969540200265400998e-01 3.482839190477709504e-04
2.458691939849623945e+06 9.970671590886147628e-01 3.482028516458604800e-04
2.458691944548872299e+06 9.971308980390142240e-01 3.481217842359167762e-04
2.458691949248120189e+06 9.971347823562511925e-01 3.480873406454627547e-04
2.458691953947368544e+06 9.970788120410951638e-01 3.481452206949938637e-04
2.458691958646616433e+06 9.969639875034790322e-01 3.482031007387894890e-04
2.458691963345864788e+06 9.968758664764764132e-01 3.482609807883205980e-04
2.458691968045112677e+06 9.968693597006990093e-01 3.483188608321162775e-04
2.458691972744361032e+06 9.969444671748572961e-01 3.483332140486903260e-04
2.458691977443608921e+06 9.971011888840660697e-01 3.483428541778858323e-04
2.458691982142857276e+06 9.972895464120714593e-01 3.483524943080366291e-04
2.458691986842105165e+06 9.973574139073762002e-01 3.483621344372321896e-04
2.458691991541353520e+06 9.972942884683225762e-01 3.483134961068127459e-04
2.458691996240601409e+06 9.971001701074214685e-01 3.481988878660125116e-04
2.458692000939849764e+06 9.967849710353818837e-01 3.480842796138554763e-04
2.458692005639097653e+06 9.965629703352713031e-01 3.479696713730552962e-04
2.458692010338346008e+06 9.965211097934558726e-01 3.478635815977973336e-04
2.458692015037593897e+06 9.966593894182320668e-01 3.479869399109043683e-04
2.458692019736842252e+06 9.969778092370045197e-01 3.481102982362352404e-04
2.458692024436090142e+06 9.973539282621224356e-01 3.482336565493421667e-04
2.458692029135338496e+06 9.975512259896601730e-01 3.483570148746730931e-04
2.458692033834586386e+06 9.975637359979016017e-01 3.483268883820907495e-04
2.458692038533834741e+06 9.973914582893264047e-01 3.481955195267842596e-04
2.458692043233082630e+06 9.970575587563286213e-01 3.480641506844955142e-04
2.458692047932330985e+06 9.967913047650966973e-01 3.479327818291890785e-04
2.458692052631578874e+06 9.966513510473399284e-01 3.478429459085982016e-04
2.458692057330827229e+06 9.966376975753213907e-01 3.479569062497819918e-04
2.458692062030075118e+06 9.967503443517473638e-01 3.480708665796731116e-04
2.458692066729323473e+06 9.969079201072770235e-01 3.481848269208569560e-04
2.458692071428571362e+06 9.970126818175633066e-01 3.482987872507480758e-04
2.458692076127819717e+06 9.970644286516787691e-01 3.483535505227523615e-04
2.458692080827067606e+06 9.970631605993679480e-01 3.483870848199618962e-04
2.458692085526315961e+06 9.970168033039804589e-01 3.484206191204944564e-04
2.458692090225563850e+06 9.969693994211225041e-01 3.484541534177040454e-04
2.458692094924812205e+06 9.969277337200573852e-01 3.484237540255974343e-04
2.458692099624060094e+06 9.968918062090426080e-01 3.482461413652484725e-04
2.458692104323308449e+06 9.968618822821191383e-01 3.480685286872994399e-04
2.458692109022556338e+06 9.968793369628338175e-01 3.478909160269504780e-04
2.458692113721804693e+06 9.969740211341689973e-01 3.477133033490014454e-04
2.458692118421052583e+06 9.971459347773594661e-01 3.477698767904919869e-04
2.458692123120300937e+06 9.973950779264763034e-01 3.478615856396058566e-04
2.458692127819548827e+06 9.976766140281408957e-01 3.479532944796319438e-04
2.458692132518797182e+06 9.978376973191339649e-01 3.480450033287458135e-04
2.458692137218045071e+06 9.978656574107044319e-01 3.480920577915610744e-04
2.458692141917293426e+06 9.977604943083937528e-01 3.480814163451428542e-04
2.458692146616541315e+06 9.975277661804742291e-01 3.480707748997791291e-04
2.458692151315789670e+06 9.973221518267416652e-01 3.480601334533608006e-04
2.458692156015037559e+06 9.972137927911934874e-01 3.480497339270873587e-04
2.458692160714285914e+06 9.972026890523544296e-01 3.481187135351694432e-04
2.458692165413533803e+06 9.972888406124253979e-01 3.481876931364161210e-04
2.458692170112782158e+06 9.974177238982281368e-01 3.482566727444982055e-04
2.458692174812030047e+06 9.974715596144770879e-01 3.483256523457448290e-04
2.458692179511278402e+06 9.974463258433733381e-01 3.482960967999754252e-04
2.458692184210526291e+06 9.973420225899175540e-01 3.481921431010947653e-04
2.458692188909774646e+06 9.971668616026077014e-01 3.480881893919130464e-04
2.458692193609022535e+06 9.970167638268895294e-01 3.479842356930323323e-04
2.458692198308270890e+06 9.969192767555211665e-01 3.478872464271424839e-04
2.458692203007518779e+06 9.968744004078234910e-01 3.478343009848643011e-04
2.458692207706767134e+06 9.968821347749025064e-01 3.477813555373396098e-04
2.458692212406015024e+06 9.969224949513572076e-01 3.477284100950613728e-04
2.458692217105263378e+06 9.969683847689950751e-01 3.476754646475366814e-04
2.458692221804511268e+06 9.970196527338450743e-01 3.477566229078293846e-04
2.458692226503759623e+06 9.970762988560669671e-01 3.478943596060500294e-04
2.458692231203007512e+06 9.971348852403979501e-01 3.480320962906219241e-04
2.458692235902255867e+06 9.971736432593036881e-01 3.481698329888425689e-04
2.458692240601503756e+06 9.971887476870063827e-01 3.482277309577152527e-04
2.458692245300752111e+06 9.971801985264996393e-01 3.480698043082444681e-04
2.458692250000000000e+06 9.971480526852647408e-01 3.479118776744231120e-04
2.458692254699247889e+06 9.971142783075017668e-01 3.477539510406016474e-04
2.458692259398496244e+06 9.970967521919190668e-01 3.475960243911309171e-04
2.458692264097744133e+06 9.970954743419905286e-01 3.475565349626209182e-04
2.458692268796992488e+06 9.971104447574629104e-01 3.475401473980179140e-04
2.458692273496240377e+06 9.971304118070228872e-01 3.475237598350387194e-04
2.458692278195488732e+06 9.971123362730480721e-01 3.475073722704357152e-04
2.458692282894736622e+06 9.970519970456002135e-01 3.474576695064962128e-04
2.458692287593984976e+06 9.969493941127204328e-01 3.473587223884071532e-04
2.458692292293232866e+06 9.968059611545746490e-01 3.472597752801229675e-04
2.458692296992481221e+06 9.966752123523436868e-01 3.471608281620338536e-04
2.458692301691729110e+06 9.965842805657675330e-01 3.470618810537496679e-04
2.458692306390977465e+06 9.965331657768250473e-01 3.470609022721350993e-04
2.458692311090225354e+06 9.965218679956462378e-01 3.470629245392466253e-04
2.458692315789473709e+06 9.965465542804329280e-01 3.470649468065586203e-04
2.458692320488721598e+06 9.965979706198471177e-01 3.470669690736702005e-04
2.458692325187969953e+06 9.966757074904623037e-01 3.470920435729313042e-04
2.458692329887217842e+06 9.967797648768719210e-01 3.471369915681489374e-04
2.458692334586466197e+06 9.969043959614209971e-01 3.471819395678205815e-04
2.458692339285714086e+06 9.969692401532628256e-01 3.472268875630382147e-04
2.458692343984962441e+06 9.969484421337801994e-01 3.472712623547460713e-04
2.458692348684210330e+06 9.968420019070945992e-01 3.473106867457098124e-04
2.458692353383458685e+06 9.966499194521115657e-01 3.473501111405802051e-04
2.458692358082706574e+06 9.964405191002978501e-01 3.473895355315439462e-04
2.458692362781954929e+06 9.963179960905494958e-01 3.474289599264143388e-04
2.458692367481202818e+06 9.962834560483498914e-01 3.473349501915940591e-04
2.458692372180451173e+06 9.963368989668537345e-01 3.471753743250394122e-04
2.458692376879699063e+06 9.964654938112630367e-01 3.470157984742976371e-04
2.458692381578947417e+06 9.965760855569387733e-01 3.468562226077429901e-04
2.458692386278195307e+06 9.966501005204666530e-01 3.467320070287823819e-04
2.458692390977443662e+06 9.966875387165154976e-01 3.467214604798259580e-04
2.458692395676691551e+06 9.966884001376655755e-01 3.467109139319146508e-04
2.458692400375939906e+06 9.966526847840876391e-01 3.467003673829582269e-04
2.458692405075187795e+06 9.965803926628600262e-01 3.466898208350468113e-04
2.458692409774436150e+06 9.964890220240698593e-01 3.466792742860903874e-04
2.458692414473684039e+06 9.964141717667114317e-01 3.466687277381790802e-04
2.458692419172932394e+06 9.963568815376006027e-01 3.466581811892226563e-04
2.458692423872180283e+06 9.963171513480914010e-01 3.466476346413112407e-04
2.458692428571428638e+06 9.962949811903100139e-01 3.466646446772612814e-04
2.458692433270676527e+06 9.962903710686501491e-01 3.467284213493672666e-04
2.458692437969924882e+06 9.963026101193743767e-01 3.467921980277931205e-04
2.458692442669172771e+06 9.962939772797514415e-01 3.468559746998991600e-04
2.458692447368421126e+06 9.962430659958473322e-01 3.469197513783249596e-04
2.458692452067669015e+06 9.961498762777515337e-01 3.468620674038139489e-04
2.458692456766917370e+06 9.960144081069955968e-01 3.467962880918737259e-04
2.458692461466165259e+06 9.958593538021556224e-01 3.467305087864516722e-04
2.458692466165413614e+06 9.957459510279974557e-01 3.466647294745113950e-04
2.458692470864661504e+06 9.956776015099569888e-01 3.466315855956269708e-04
2.458692475563909858e+06 9.956543052344883904e-01 3.466305253778839994e-04
2.458692480263157748e+06 9.956731357133571381e-01 3.466294651602460871e-04
2.458692484962406103e+06 9.956842254698199390e-01 3.466284049425031699e-04
2.458692489661653992e+06 9.956696246149674412e-01 3.466272838447702386e-04
2.458692494360902347e+06 9.956293331459059592e-01 3.466253662905002461e-04
2.458692499060150236e+06 9.955633510706207723e-01 3.466234487364202601e-04
2.458692503759398591e+06 9.954825248897062329e-01 3.466215311821503218e-04
2.458692508458646480e+06 9.954054106093701559e-01 3.466196136280702816e-04
2.458692513157894835e+06 9.953323232775316276e-01 3.466599562614258137e-04
2.458692517857142724e+06 9.952632629086755056e-01 3.467243023067941498e-04
2.458692522556391079e+06 9.951982293600172280e-01 3.467886483585386789e-04
2.458692527255638968e+06 9.951372215616262062e-01 3.468529944039070150e-04
2.458692531954887323e+06 9.950802392574960020e-01 3.469212204877792196e-04
2.458692536654135212e+06 9.950272824589196929e-01 3.470045391942371514e-04
2.458692541353383567e+06 9.949783511554017856e-01 3.470878579089514454e-04
2.458692546052631456e+06 9.949491323832326817e-01 3.471711766154094315e-04
2.458692550751879811e+06 9.949560853351234746e-01 3.472544953301236713e-04
2.458692555451127701e+06 9.949992123707388503e-01 3.472697382005918393e-04
2.458692560150376055e+06 9.950785134986258607e-01 3.472647905181232525e-04
2.458692564849623945e+06 9.951802937322712372e-01 3.472598428361448877e-04
2.458692569548872299e+06 9.952380384907896227e-01 3.472548951536763009e-04
2.458692574248120189e+06 9.952429169124282771e-01 3.472822216036527184e-04
2.458692578947368544e+06 9.951949289981538715e-01 3.473727589571858152e-04
2.458692583646616433e+06 9.950946544575839381e-01 3.474632963017473017e-04
2.458692588345864788e+06 9.949898355225084146e-01 3.475538336552803443e-04
2.458692593045112677e+06 9.949108492521854252e-01 3.476443709998418307e-04
2.458692597744361032e+06 9.948576956309611585e-01 3.476533736654305339e-04
2.458692602443608921e+06 9.948303746693695215e-01 3.476537925168149911e-04
2.458692607142857276e+06 9.948253307162306935e-01 3.476542113682408648e-04
2.458692611842105165e+06 9.948318316831101793e-01 3.476546302196253219e-04
2.458692616541353520e+06 9.948491471884405302e-01 3.477252527436905144e-04
2.458692621240601409e+06 9.948772772287901578e-01 3.478745667176799694e-04
2.458692625939849764e+06 9.949159463372715395e-01 3.480238807064653687e-04
2.458692630639097653e+06 9.949593031016402689e-01 3.481731946804548236e-04
2.458692635338346008e+06 9.950049930274734722e-01 3.483187908780834767e-04
2.458692640037593897e+06 9.950530161057157263e-01 3.483708953341019157e-04
2.458692644736842252e+06 9.951033723458849733e-01 3.484229997952835423e-04
2.458692649436090142e+06 9.951560617380009743e-01 3.484751042513019271e-04
2.458692654135338496e+06 9.952110842925061540e-01 3.485272087124834995e-04
2.458692658834586386e+06 9.952626848785020020e-01 3.485793131685018843e-04
2.458692663533834741e+06 9.952876246463464582e-01 3.486314176296834567e-04
2.458692668233082630e+06 9.952834502138705464e-01 3.486835220857018957e-04
2.458692672932330985e+06 9.952501615802468171e-01 3.487356265468834681e-04
2.458692677631578874e+06 9.951877587520725488e-01 3.487874685575235436e-04
2.458692682330827229e+06 9.950962417169807450e-01 3.488380448649419175e-04
2.458692687030075118e+06 9.949756104931084533e-01 3.488886211673484583e-04
2.458692691729323473e+06 9.948773502294259163e-01 3.489391974747668322e-04
2.458692696428571362e+06 9.948627380945928023e-01 3.489897737771734273e-04
2.458692701127819717e+06 9.949318877945273476e-01 3.491192354822165197e-04
2.458692705827067606e+06 9.950847993155252924e-01 3.492766319684600745e-04
2.458692710526315961e+06 9.953005972189642447e-01 3.494340284703004737e-04
2.458692715225563850e+06 9.954643761087552667e-01 3.495914249565439742e-04
2.458692719924812205e+06 9.955586120055055499e-01 3.496702487836400152e-04
2.458692724624060094e+06 9.955833048905390337e-01 3.495702283886603623e-04
2.458692729323308449e+06 9.955387618463992228e-01 3.494702079837694753e-04
2.458692734022556338e+06 9.954704104005956955e-01 3.493701875887898767e-04
2.458692738721804693e+06 9.954107371266741611e-01 3.492701671838989354e-04
2.458692743421052583e+06 9.953597420364609372e-01 3.492981659800484468e-04
2.458692748120300937e+06 9.953174251198494416e-01 3.493449595346496744e-04
2.458692752819548827e+06 9.952945400214774363e-01 3.493917530846139862e-04
2.458692757518797182e+06 9.953274352062679853e-01 3.494385466392151596e-04
2.458692762218045071e+06 9.954190846713484309e-01 3.495169071578398600e-04
2.458692766917293426e+06 9.955694884348822438e-01 3.496356515264701943e-04
2.458692771616541315e+06 9.957740098299238118e-01 3.497543958833337907e-04
2.458692776315789670e+06 9.959061778695631473e-01 3.498731402519640707e-04
2.458692781015037559e+06 9.959091156670026868e-01 3.499913377497310867e-04
2.458692785714285914e+06 9.957828232228246312e-01 3.500102384182131690e-04
2.458692790413533803e+06 9.955273005620584037e-01 3.500291390848223462e-04
2.458692795112782158e+06 9.952230196161432341e-01 3.500480397533043742e-04
2.458692799812030047e+06 9.950423766028496653e-01 3.500669404199136057e-04
2.458692804511278402e+06 9.949911369473962708e-01 3.501132429074814423e-04
2.458692809210526291e+06 9.950693006599380386e-01 3.501800300636648939e-04
2.458692813909774646e+06 9.952665285575434950e-01 3.502468172264664782e-04
2.458692818609022535e+06 9.954635828039312129e-01 3.503136043826499840e-04
2.458692823308270890e+06 9.956265101308581222e-01 3.503716057022334698e-04
2.458692828007518779e+06 9.957553105060342746e-01 3.503751724830755573e-04
2.458692832706767134e+06 9.958499839549861399e-01 3.503787392642709864e-04
2.458692837406015024e+06 9.959225792526000820e-01 3.503823060451130198e-04
2.458692842105263378e+06 9.959892883027374744e-01 3.503858728263085031e-04
2.458692846804511268e+06 9.960501964991431700e-01 3.504487887874857435e-04
2.458692851503759623e+06 9.961053038538882909e-01 3.505364530702622760e-04
2.458692856203007512e+06 9.961502338763288389e-01 3.506241173443519097e-04
2.458692860902255867e+06 9.961575477459747585e-01 3.507117816271283881e-04
2.458692865601503756e+06 9.961224698615372963e-01 3.507895421918607497e-04
2.458692870300752111e+06 9.960450002160647909e-01 3.508408580292068707e-04
2.458692875000000000e+06 9.959253242314208832e-01 3.508921738614678666e-04
