2.458781000000000000e+06 9.955526905696813200e-01 3.168646683054552270e-04
2.458781004699247889e+06 9.955558137149108644e-01 3.168825050485206299e-04
2.458781009398496244e+06 9.956011230471785156e-01 3.169003417933533907e-04
2.458781014097744133e+06 9.956886185575042347e-01 3.169234454252104296e-04
2.458781018796992488e+06 9.958183002632285952e-01 3.169468745493099482e-04
2.458781023496240377e+06 9.959650976395545419e-01 3.169703036710877562e-04
2.458781028195488732e+06 9.960623200802627419e-01 3.169937327951872206e-04
2.458781032894736622e+06 9.961063644871759326e-01 3.169792547280777715e-04
2.458781037593984976e+06 9.960972308690227983e-01 3.169281253436840120e-04
2.458781042293232866e+06 9.960384868063849595e-01 3.168769959643568377e-04
2.458781046992481221e+06 9.959893726983547468e-01 3.168258665799630783e-04
2.458781051691729110e+06 9.959709162297873952e-01 3.167840100918379231e-04
2.458781056390977465e+06 9.959831173970252749e-01 3.168564428413295957e-04
2.458781061090225354e+06 9.960259761976503201e-01 3.169288755836436873e-04
2.458781065789473709e+06 9.960980972612759610e-01 3.170013083331353057e-04
2.458781070488721598e+06 9.961971261694342328e-01 3.170737410754494515e-04
2.458781075187969953e+06 9.963230249459714694e-01 3.171003673756381670e-04
2.458781079887217842e+06 9.964757935659359633e-01 3.171014139025039305e-04
2.458781084586466197e+06 9.966480699437242352e-01 3.171024604294733437e-04
2.458781089285714086e+06 9.967791692152766503e-01 3.171035069563391071e-04
2.458781093984962441e+06 9.968556135257123918e-01 3.171081216466526851e-04
2.458781098684210330e+06 9.968774028598812453e-01 3.171262985101520209e-04
2.458781103383458685e+06 9.968445372221019785e-01 3.171444753754525418e-04
2.458781108082706574e+06 9.968094436022231219e-01 3.171626522389519318e-04
2.458781112781954929e+06 9.968263276885102053e-01 3.171808291042524527e-04
2.458781117481202818e+06 9.968951932333539601e-01 3.171888029040951379e-04
2.458781122180451173e+06 9.970160402504026909e-01 3.171938131518493593e-04
2.458781126879699063e+06 9.971784680009594393e-01 3.171988233991071245e-04
2.458781131578947417e+06 9.973326387863130638e-01 3.172038336468613459e-04
2.458781136278195307e+06 9.974720389188209690e-01 3.172217025901834784e-04
2.458781140977443662e+06 9.975966684261103889e-01 3.172643616438684875e-04
2.458781145676691551e+06 9.977062437946305762e-01 3.173070206933262466e-04
2.458781150375939906e+06 9.977786055927727604e-01 3.173496797470112558e-04
2.458781155075187795e+06 9.977998260434568500e-01 3.173923387964690149e-04
2.458781159774436150e+06 9.977699051508885919e-01 3.173724066515342334e-04
2.458781164473684039e+06 9.976888429209975762e-01 3.173461453691709994e-04
2.458781169172932394e+06 9.975896089574706194e-01 3.173198840842054091e-04
2.458781173872180283e+06 9.975705770832027364e-01 3.172936228018422293e-04
2.458781178571428638e+06 9.976383106245436672e-01 3.172840784885032198e-04
2.458781183270676527e+06 9.977928095680695941e-01 3.172930262926053672e-04
2.458781187969924882e+06 9.980296604546838868e-01 3.173019740975940666e-04
2.458781192669172771e+06 9.982572394559333651e-01 3.173109219016961597e-04
2.458781197368421126e+06 9.984390811533262466e-01 3.173217491341418384e-04
2.458781202067669015e+06 9.985751855108241370e-01 3.173760769552023205e-04
2.458781206766917370e+06 9.986655525554014590e-01 3.174304047816464084e-04
2.458781211466165259e+06 9.987151427556290040e-01 3.174847326027069446e-04
2.458781216165413614e+06 9.987333575073983338e-01 3.175390604291510326e-04
2.458781220864661504e+06 9.987204208508869696e-01 3.175415711669964179e-04
2.458781225563909858e+06 9.986763327835308512e-01 3.175106790017790791e-04
2.458781230263157748e+06 9.986073598712524868e-01 3.174797868396228768e-04
2.458781234962406103e+06 9.985739105053540454e-01 3.174488946744055923e-04
2.458781239661653992e+06 9.985911422661937209e-01 3.174312695968938718e-04
2.458781244360902347e+06 9.986590551571868923e-01 3.174763356594791281e-04
2.458781249060150236e+06 9.987776491648745480e-01 3.175214017175986099e-04
2.458781253759398591e+06 9.989112318847122030e-01 3.175664677801838661e-04
2.458781258458646480e+06 9.990177790425468496e-01 3.176115338383033479e-04
2.458781263157894835e+06 9.990972219703734281e-01 3.176322550679004327e-04
2.458781267857142724e+06 9.991495606524473105e-01 3.176444798082114014e-04
2.458781272556391079e+06 9.991786788301364464e-01 3.176567045497338034e-04
2.458781277255638968e+06 9.992057277297001772e-01 3.176689292900447721e-04
2.458781281954887323e+06 9.992338968083392947e-01 3.177185153274902441e-04
2.458781286654135212e+06 9.992631860604711536e-01 3.178520783008184983e-04
2.458781291353383567e+06 9.992937600146555299e-01 3.179856412873818252e-04
2.458781296052631456e+06 9.993486675784805096e-01 3.181192042607100252e-04
2.458781300751879811e+06 9.994442370852542057e-01 3.182527672472733522e-04
2.458781305451127701e+06 9.995804685160357694e-01 3.182088741733758307e-04
2.458781310150376055e+06 9.997573618978241594e-01 3.181395221485702014e-04
2.458781314849623945e+06 9.999382087201055258e-01 3.180701701306367876e-04
2.458781319548872299e+06 1.000000000000000000e+00 3.180008181058311583e-04
2.458781324248120189e+06 9.999328054358963547e-01 3.179104912468734448e-04
2.458781328947368544e+06 9.997366250144776867e-01 3.177935942052891104e-04
2.458781333646616433e+06 9.994178128052204624e-01 3.176766971752884462e-04
2.458781338345864788e+06 9.991463804101977653e-01 3.175598001337040575e-04
2.458781343045112677e+06 9.989981740027711332e-01 3.174438177131817698e-04
2.458781347744361032e+06 9.989731935535677287e-01 3.174444652516283526e-04
2.458781352443608921e+06 9.990714390675383694e-01 3.174451127900107506e-04
2.458781357142857276e+06 9.992445962773879309e-01 3.174457603284572792e-04
2.458781361842105165e+06 9.993899473895471175e-01 3.174464078668396772e-04
2.458781366541353520e+06 9.995041232204032733e-01 3.174796666860661763e-04
2.458781371240601409e+06 9.995871237473281656e-01 3.175370882967631903e-04
2.458781375939849764e+06 9.996394850109435737e-01 3.175945099131501515e-04
2.458781380639097653e+06 9.996673208452662163e-01 3.176519315238471655e-04
2.458781385338346008e+06 9.996723593250748108e-01 3.176970589404303673e-04
2.458781390037593897e+06 9.996546004493706006e-01 3.176673048801292192e-04
2.458781394736842252e+06 9.996140442146341787e-01 3.176375508168796918e-04
2.458781399436090142e+06 9.995695242060455010e-01 3.176077967565785979e-04
2.458781404135338496e+06 9.995461665618678992e-01 3.175780426933290704e-04
2.458781408834586386e+06 9.995440974717522131e-01 3.176293400172092575e-04
2.458781413533834741e+06 9.995633169352884373e-01 3.177141217662663689e-04
2.458781418233082630e+06 9.995949194321049891e-01 3.177989035069222145e-04
2.458781422932330985e+06 9.995834926811958399e-01 3.178836852559793259e-04
2.458781427631578874e+06 9.995194633955709618e-01 3.179221143573942644e-04
2.458781432330827229e+06 9.994028315625406167e-01 3.178378951202349458e-04
2.458781437030075118e+06 9.992337664032845401e-01 3.177536758914211107e-04
2.458781441729323473e+06 9.990688284254151119e-01 3.176694566542617921e-04
2.458781446428571362e+06 9.989533330547988310e-01 3.175852374254479571e-04
2.458781451127819717e+06 9.988872802685468955e-01 3.176012141616431556e-04
2.458781455827067606e+06 9.988706700797497229e-01 3.176361485279909514e-04
2.458781460526315961e+06 9.988917360900825271e-01 3.176710828978004963e-04
2.458781465225563850e+06 9.989061125706940603e-01 3.177060172641483463e-04
2.458781469924812205e+06 9.989095349496216469e-01 3.176994816612166710e-04
2.458781474624060094e+06 9.989020032261868298e-01 3.176326543979704747e-04
2.458781479323308449e+06 9.988830573227167609e-01 3.175658271281021883e-04
2.458781484022556338e+06 9.988361620397804286e-01 3.174989998648559920e-04
2.458781488721804693e+06 9.987530455059485668e-01 3.174321725949877057e-04
2.458781493421052583e+06 9.986337077376936655e-01 3.173886975049512488e-04
2.458781498120300937e+06 9.984781487113646437e-01 3.173458422370470508e-04
2.458781502819548827e+06 9.983138914316872503e-01 3.173029869733895642e-04
2.458781507518797182e+06 9.982065334436786008e-01 3.172601317054853662e-04
2.458781512218045071e+06 9.981588968233353620e-01 3.172435778887604295e-04
2.458781516917293426e+06 9.981709815612165304e-01 3.172493599485864783e-04
2.458781521616541315e+06 9.982356918094388298e-01 3.172551420078396347e-04
2.458781526315789670e+06 9.982558659982823102e-01 3.172609240676657377e-04
2.458781531015037559e+06 9.982006369119050815e-01 3.172693956675010562e-04
2.458781535714285914e+06 9.980700045393613440e-01 3.173002224178984041e-04
2.458781540413533803e+06 9.978639689065408325e-01 3.173310491652410665e-04
2.458781545112782158e+06 9.976375387722080657e-01 3.173618759156383601e-04
2.458781549812030047e+06 9.974735520676635270e-01 3.173927026629810226e-04
2.458781554511278402e+06 9.973728370846912661e-01 3.173911307935193367e-04
2.458781559210526291e+06 9.973353938432516497e-01 3.173738892688015255e-04
2.458781563909774646e+06 9.973518556871823204e-01 3.173566477423751743e-04
2.458781568609022535e+06 9.973552076831245783e-01 3.173394062176573089e-04
2.458781573308270890e+06 9.973322606600416584e-01 3.173240392606864035e-04
2.458781578007518779e+06 9.972830146224808123e-01 3.173145878180989561e-04
2.458781582706767134e+06 9.972074807316014811e-01 3.173051363745749750e-04
2.458781587406015024e+06 9.971260499473169059e-01 3.172956849319875819e-04
2.458781592105263378e+06 9.970572807549377137e-01 3.172862334884636007e-04
2.458781596804511268e+06 9.970011731680930023e-01 3.172673570560803234e-04
2.458781601503759623e+06 9.969577271756633330e-01 3.172462302999678758e-04
2.458781606203007512e+06 9.969233722866147618e-01 3.172251035459489684e-04
2.458781610902255867e+06 9.968829204356857154e-01 3.172039767898365207e-04
2.458781615601503756e+06 9.968346555115814578e-01 3.172010639423988214e-04
2.458781620300752111e+06 9.967785775047368624e-01 3.172286529997642526e-04
2.458781625000000000e+06 9.967150618611827495e-01 3.172562420543958680e-04
2.458781629699247889e+06 9.966633284925153768e-01 3.172838311090274291e-04
2.458781634398496244e+06 9.966341700919020274e-01 3.173114201663929145e-04
2.458781639097744133e+06 9.966275866651220783e-01 3.174276727484765101e-04
2.458781643796992488e+06 9.966435782108701291e-01 3.175495342269703649e-04
2.458781648496240377e+06 9.966638479791315453e-01 3.176713956933885927e-04
2.458781653195488732e+06 9.966395094138217337e-01 3.177932571718823933e-04
2.458781657894736622e+06 9.965678986056955013e-01 3.177653757826985961e-04
2.458781662593984976e+06 9.964490155405607563e-01 3.175919597889620004e-04
2.458781667293232866e+06 9.962874876520364520e-01 3.174185438124096838e-04
2.458781671992481221e+06 9.961607824104116160e-01 3.172451278186730339e-04
2.458781676691729110e+06 9.960965192966768633e-01 3.170846418587144823e-04
2.458781681390977465e+06 9.960946982980959374e-01 3.170865517696652832e-04
2.458781686090225354e+06 9.961553194150297719e-01 3.170884616804268909e-04
2.458781690789473709e+06 9.962258814556764763e-01 3.170903715913776918e-04
2.458781695488721598e+06 9.962173983096713759e-01 3.170922815021392453e-04
2.458781700187969953e+06 9.961284096280059730e-01 3.170990919959453609e-04
2.458781704887217842e+06 9.959589154283161605e-01 3.171086546313337602e-04
2.458781709586466197e+06 9.957239465019519509e-01 3.171182172676697522e-04
2.458781714285714086e+06 9.955481286797460694e-01 3.171277799030580973e-04
2.458781718984962441e+06 9.954592735777983981e-01 3.171491106417718086e-04
2.458781723684210330e+06 9.954573812137189615e-01 3.172155258232992677e-04
2.458781728383458685e+06 9.955424515871325042e-01 3.172819410114080508e-04
2.458781733082706574e+06 9.956602549644715250e-01 3.173483561929355099e-04
2.458781737781954929e+06 9.957544327091955028e-01 3.174147713810442930e-04
2.458781742481202818e+06 9.958249796045598456e-01 3.173510469454011301e-04
2.458781747180451173e+06 9.958718956645462583e-01 3.172492395368902937e-04
2.458781751879699063e+06 9.958977832743114433e-01 3.171474321384679042e-04
2.458781756578947417e+06 9.959151734940301370e-01 3.170456247299570677e-04
2.458781761278195307e+06 9.959257134503058939e-01 3.169811399344927920e-04
2.458781765977443662e+06 9.959294031452275986e-01 3.169890281279105879e-04
2.458781770676691551e+06 9.959262425780639472e-01 3.169969163205466197e-04
2.458781775375939906e+06 9.959162317481885518e-01 3.170048045139644156e-04
2.458781780075187795e+06 9.958993706575853810e-01 3.170126927066005558e-04
2.458781784774436150e+06 9.958853640098077609e-01 3.170205809000182975e-04
2.458781789473684039e+06 9.958880058015946446e-01 3.170284690926543835e-04
2.458781794172932394e+06 9.959073984034353400e-01 3.170363572860721794e-04
2.458781798872180283e+06 9.959435418114864769e-01 3.170442454787082654e-04
2.458781803571428638e+06 9.959964360329112143e-01 3.170612325073890393e-04
2.458781808270676527e+06 9.960660810572266044e-01 3.170883375398832887e-04
2.458781812969924882e+06 9.961507467842375396e-01 3.171154425750634322e-04
2.458781817669172771e+06 9.962141821165765299e-01 3.171425476075576816e-04
2.458781822368421126e+06 9.962418951442023607e-01 3.171664311580578975e-04
2.458781827067669015e+06 9.962338858616227588e-01 3.171132087523132305e-04
2.458781831766917370e+06 9.961901542672503274e-01 3.170599863412946790e-04
2.458781836466165259e+06 9.961246977190176821e-01 3.170067639355500662e-04
2.458781841165413614e+06 9.960641644463272826e-01 3.169535415245315147e-04
2.458781845864661504e+06 9.960091982058351112e-01 3.169607073262656208e-04
2.458781850563909858e+06 9.959597989866477707e-01 3.170070161208568831e-04
2.458781855263157748e+06 9.959171496590032424e-01 3.170533249108592596e-04
2.458781859962406103e+06 9.958927252339945246e-01 3.170996337054505219e-04
2.458781864661653992e+06 9.958894185765833074e-01 3.171330417194300356e-04
2.458781869360902347e+06 9.959072296861143370e-01 3.171049294031653954e-04
2.458781874060150236e+06 9.959461585590578814e-01 3.170768170896865585e-04
2.458781878759398591e+06 9.959905406876868872e-01 3.170487047734219725e-04
2.458781883458646480e+06 9.960218407275273078e-01 3.170205924599431356e-04
2.458781888157894835e+06 9.960400265338381631e-01 3.170062886367952309e-04
2.458781892857142724e+06 9.960450981030150031e-01 3.169968371961090947e-04
2.458781897556391079e+06 9.960414455949231360e-01 3.169873857544864247e-04
2.458781902255638968e+06 9.960531008602677705e-01 3.169779343138002885e-04
2.458781906954887323e+06 9.960837075338454527e-01 3.169683745830729929e-04
2.458781911654135212e+06 9.961332656095907012e-01 3.169585699399782926e-04
2.458781916353383567e+06 9.962015768243561720e-01 3.169487652959120387e-04
2.458781921052631456e+06 9.962600959358711705e-01 3.169389606528173384e-04
2.458781925751879811e+06 9.962885045370002413e-01 3.169291560087510846e-04
2.458781930451127701e+06 9.962868026221135542e-01 3.168939008847701066e-04
2.458781935150376055e+06 9.962549901908733796e-01 3.168549504808911357e-04
2.458781939849623945e+06 9.961971965612835822e-01 3.168160000808718161e-04
2.458781944548872299e+06 9.961273226208432474e-01 3.167770496769927910e-04
2.458781949248120189e+06 9.960464986117640862e-01 3.167529669531313945e-04
2.458781953947368544e+06 9.959547245180280228e-01 3.167478193515919265e-04
2.458781958646616433e+06 9.958529986840263248e-01 3.167426717505625214e-04
2.458781963345864788e+06 9.957683211616566998e-01 3.167375241490230533e-04
2.458781968045112677e+06 9.957127915669269358e-01 3.167326542476985680e-04
2.458781972744361032e+06 9.956864098888321690e-01 3.167705123388173854e-04
2.458781977443608921e+06 9.956891761326007728e-01 3.168083704261847548e-04
2.458781982142857276e+06 9.957249478280788546e-01 3.168462285173035721e-04
2.458781986842105165e+06 9.958019632487479234e-01 3.168840866046708873e-04
2.458781991541353520e+06 9.959204957522475032e-01 3.169179863967111119e-04
2.458781996240601409e+06 9.960805453150861632e-01 3.169489374100867307e-04
2.458782000939849764e+06 9.962769609037542828e-01 3.169798884265293947e-04
2.458782005639097653e+06 9.964505824839724468e-01 3.170108394399050135e-04
2.458782010338346008e+06 9.965846107348848015e-01 3.170508749752912582e-04
2.458782015037593897e+06 9.966790456299285950e-01 3.171468545103975291e-04
2.458782019736842252e+06 9.967338871878194118e-01 3.172428340550145298e-04
2.458782024436090142e+06 9.967675727738573022e-01 3.173388135901208007e-04
2.458782029135338496e+06 9.968048195225668318e-01 3.174347931347378557e-04
2.458782033834586386e+06 9.968457557007130987e-01 3.173855922255929452e-04
2.458782038533834741e+06 9.968903813164095018e-01 3.172760274612559960e-04
2.458782043233082630e+06 9.969308150003490798e-01 3.171664627077760848e-04
2.458782047932330985e+06 9.969177519165769441e-01 3.170568979434391357e-04
2.458782052631578874e+06 9.968426290603488171e-01 3.169798018052434586e-04
2.458782057330827229e+06 9.967054464167761640e-01 3.169891943789159548e-04
2.458782062030075118e+06 9.965064676155462875e-01 3.169985869516577176e-04
2.458782066729323473e+06 9.963378363924140224e-01 3.170079795253302681e-04
2.458782071428571362e+06 9.962737436617703501e-01 3.170173720980719767e-04
2.458782076127819717e+06 9.963141894109129870e-01 3.170389061933611362e-04
2.458782080827067606e+06 9.964591736318261228e-01 3.170627604491117833e-04
2.458782085526315961e+06 9.966791846317651915e-01 3.170866147072261537e-04
2.458782090225563850e+06 9.968624199617521775e-01 3.171104689629768007e-04
2.458782094924812205e+06 9.969980612966226063e-01 3.171345131806931473e-04
2.458782099624060094e+06 9.970861086094948700e-01 3.171588351028233207e-04
2.458782104323308449e+06 9.971265619178184547e-01 3.171831570273635670e-04
2.458782109022556338e+06 9.971194212135757740e-01 3.172074789494937403e-04
2.458782113721804693e+06 9.970646864953522925e-01 3.172318008740339867e-04
2.458782118421052583e+06 9.969837682530710010e-01 3.172561227961641600e-04
2.458782123120300937e+06 9.969004876096340118e-01 3.172804447207044063e-04
2.458782127819548827e+06 9.968148613107434830e-01 3.173047666428345796e-04
2.458782132518797182e+06 9.967268893394296558e-01 3.173290885673748802e-04
2.458782137218045071e+06 9.966365717131273616e-01 3.173005443821228910e-04
2.458782141917293426e+06 9.965439084139368076e-01 3.172268623953814403e-04
2.458782146616541315e+06 9.964521748518039290e-01 3.171531804159412782e-04
2.458782151315789670e+06 9.964065632864901323e-01 3.170794984291997734e-04
2.458782156015037559e+06 9.964214972652908342e-01 3.170140493599835595e-04
2.458782160714285914e+06 9.964969767911652232e-01 3.170179999965557806e-04
2.458782165413533803e+06 9.966330018491549314e-01 3.170219506327366047e-04
2.458782170112782158e+06 9.967865872549486195e-01 3.170259012693088258e-04
2.458782174812030047e+06 9.968926924311239945e-01 3.170298519054896499e-04
2.458782179511278402e+06 9.969506521464041038e-01 3.170239249964477545e-04
2.458782184210526291e+06 9.969604663893020247e-01 3.170131915631979711e-04
2.458782188909774646e+06 9.969235818368338276e-01 3.170024581288845853e-04
2.458782193609022535e+06 9.968504083515835612e-01 3.169917246956348018e-04
2.458782198308270890e+06 9.967430051480982156e-01 3.170049256406920414e-04
2.458782203007518779e+06 9.966013722476640968e-01 3.170942139388594904e-04
2.458782207706767134e+06 9.964255422569927578e-01 3.171835022458746253e-04
2.458782212406015024e+06 9.962822194717200208e-01 3.172727905440420200e-04
2.458782217105263378e+06 9.962324305505233513e-01 3.173620788510572634e-04
2.458782221804511268e+06 9.962761755032703004e-01 3.173603580796971707e-04
2.458782226503759623e+06 9.964134543386301557e-01 3.173367196692105491e-04
2.458782231203007512e+06 9.966146319932708275e-01 3.173130812610662922e-04
2.458782235902255867e+06 9.967530300608556937e-01 3.172894428505797248e-04
2.458782240601503756e+06 9.968142453589763363e-01 3.172443374365809020e-04
2.458782245300752111e+06 9.967982778997652726e-01 3.171630746809756766e-04
2.458782250000000000e+06 9.967064024733951477e-01 3.170818119334229833e-04
2.458782254699247889e+06 9.966049169624588977e-01 3.170005491858703442e-04
2.458782259398496244e+06 9.965312240413511935e-01 3.169192864302650646e-04
2.458782264097744133e+06 9.964853237246763529e-01 3.169842471233345177e-04
2.458782268796992488e+06 9.964672160033380965e-01 3.170586812974698823e-04
2.458782273496240377e+06 9.964734363518873428e-01 3.171331154642293652e-04
2.458782278195488732e+06 9.964946853746802224e-01 3.172075496383646755e-04
2.458782282894736622e+06 9.965304518017282787e-01 3.172260459851061732e-04
2.458782287593984976e+06 9.965807356401198414e-01 3.171898819666178499e-04
2.458782292293232866e+06 9.966413927987542998e-01 3.171537179517131401e-04
2.458782296992481221e+06 9.966424533094723204e-01 3.171175539332248168e-04
2.458782301691729110e+06 9.965588555027253825e-01 3.170788508722632067e-04
2.458782306390977465e+06 9.963905993619454060e-01 3.170076151469319913e-04
2.458782311090225354e+06 9.961376849204787165e-01 3.169363794286597451e-04
2.458782315789473709e+06 9.958877987311272051e-01 3.168651437033285297e-04
2.458782320488721598e+06 9.957902655315697960e-01 3.167939079850562835e-04
2.458782325187969953e+06 9.958475786318338185e-01 3.168186082672612273e-04
2.458782329887217842e+06 9.960597380205609142e-01 3.168975032478690075e-04
2.458782334586466197e+06 9.963958120974776289e-01 3.169763982362947528e-04
2.458782339285714086e+06 9.965977596343589262e-01 3.170552932169026414e-04
2.458782343984962441e+06 9.966077085076276987e-01 3.171051005991152270e-04
2.458782348684210330e+06 9.964256587153128564e-01 3.170425445074498351e-04
2.458782353383458685e+06 9.960516102213345935e-01 3.169799884095855715e-04
2.458782358082706574e+06 9.956642047524357775e-01 3.169174323179201795e-04
2.458782362781954929e+06 9.954500922509001981e-01 3.168548762200559701e-04
2.458782367481202818e+06 9.954092950721500355e-01 3.169093911848018747e-04
2.458782372180451173e+06 9.955418132080999793e-01 3.169984309318943112e-04
2.458782376879699063e+06 9.958074935271099548e-01 3.170874706701635646e-04
2.458782381578947417e+06 9.960120041076653274e-01 3.171765104172559468e-04
2.458782386278195307e+06 9.961296495183193933e-01 3.172215076996772387e-04
2.458782390977443662e+06 9.961604297823879461e-01 3.171805819891389787e-04
2.458782395676691551e+06 9.961051648581122908e-01 3.171396562826561769e-04
2.458782400375939906e+06 9.960305567295792972e-01 3.170987305721178627e-04
2.458782405075187795e+06 9.959789246557793074e-01 3.170578048656350610e-04
2.458782409774436150e+06 9.959502686264793958e-01 3.171324305362354322e-04
2.458782414473684039e+06 9.959445886473590193e-01 3.172191155891192086e-04
2.458782419172932394e+06 9.959520682698539407e-01 3.173058006505927934e-04
2.458782423872180283e+06 9.959431478863540743e-01 3.173924857034765156e-04
2.458782428571428638e+06 9.959158238931501428e-01 3.173968685799562857e-04
2.458782433270676527e+06 9.958700962956574809e-01 3.173092285740988241e-04
2.458782437969924882e+06 9.958070409671452294e-01 3.172215885595570115e-04
2.458782442669172771e+06 9.957494203941301691e-01 3.171339485536995499e-04
2.458782447368421126e+06 9.957063764568737652e-01 3.170472491064370724e-04
2.458782452067669015e+06 9.956779091639065271e-01 3.169838885021576008e-04
2.458782456766917370e+06 9.956640185095867457e-01 3.169205278915995685e-04
2.458782461466165259e+06 9.956617425706328905e-01 3.168571672873200969e-04
2.458782466165413614e+06 9.956654159299078710e-01 3.167938066767620104e-04
2.458782470864661504e+06 9.956748997907257648e-01 3.168040893312331773e-04
2.458782475563909858e+06 9.956901941549664015e-01 3.168623808300121683e-04
2.458782480263157748e+06 9.957072804226405616e-01 3.169206723230149096e-04
2.458782484962406103e+06 9.956869151178913135e-01 3.169789638217939006e-04
2.458782489661653992e+06 9.956191564401911664e-01 3.170289795542761946e-04
2.458782494360902347e+06 9.955040043761115287e-01 3.170391504789397182e-04
2.458782499060150236e+06 9.953414589484739228e-01 3.170493214025953675e-04
2.458782503759398591e+06 9.951901553650533971e-01 3.170594923272588911e-04
2.458782508458646480e+06 9.951198344972670418e-01 3.170696632509145403e-04
2.458782513157894835e+06 9.951306247718046949e-01 3.170258039959489402e-04
2.458782517857142724e+06 9.952225261865274009e-01 3.169628227601345503e-04
2.458782522556391079e+06 9.953728737654815584e-01 3.168998415180792217e-04
2.458782527255638968e+06 9.954569355637140626e-01 3.168368602822648318e-04
2.458782531954887323e+06 9.954556927639078845e-01 3.168115467135325315e-04
2.458782536654135212e+06 9.953691453663093824e-01 3.168719770411556453e-04
2.458782541353383567e+06 9.951978761462528800e-01 3.169324073747669702e-04
2.458782546052631456e+06 9.950282445657492314e-01 3.169928377023900840e-04
2.458782550751879811e+06 9.949220264141911407e-01 3.170532680360013547e-04
2.458782555451127701e+06 9.948792217126293247e-01 3.171557373322918022e-04
2.458782560150376055e+06 9.948998304525806802e-01 3.172643863496765249e-04
2.458782564849623945e+06 9.949633029542039875e-01 3.173730353562949575e-04
2.458782569548872299e+06 9.950001291852881291e-01 3.174816843736796802e-04
2.458782574248120189e+06 9.950046155718725860e-01 3.174754120022860258e-04
2.458782578947368544e+06 9.949767621148465357e-01 3.173219585955140221e-04
2.458782583646616433e+06 9.949171771305338474e-01 3.171685052039481707e-04
2.458782588345864788e+06 9.948424985567888568e-01 3.170150517971762755e-04
2.458782593045112677e+06 9.947602173563719896e-01 3.168624170407359866e-04
2.458782597744361032e+06 9.946703335129765122e-01 3.168701220879708300e-04
2.458782602443608921e+06 9.945728470444157310e-01 3.168778271344421782e-04
2.458782607142857276e+06 9.944904464383131915e-01 3.168855321816770759e-04
2.458782611842105165e+06 9.944718139064073759e-01 3.168932372281484241e-04
2.458782616541353520e+06 9.945185839951357076e-01 3.168624305536841255e-04
2.458782621240601409e+06 9.946307566952289347e-01 3.168027720415495939e-04
2.458782625939849764e+06 9.947977451360419110e-01 3.167431135235033958e-04
2.458782630639097653e+06 9.948970784043640325e-01 3.166834550113688642e-04
2.458782635338346008e+06 9.948938106928253422e-01 3.166308270528634056e-04
2.458782640037593897e+06 9.947879420020731001e-01 3.166219969913151920e-04
2.458782644736842252e+06 9.945794723111257563e-01 3.166131669288919188e-04
2.458782649436090142e+06 9.943475042536988884e-01 3.166043368673436510e-04
2.458782654135338496e+06 9.941986183423704437e-01 3.165955068049204320e-04
2.458782658834586386e+06 9.941333865937816983e-01 3.166243059397158858e-04
2.458782663533834741e+06 9.941518089950047710e-01 3.166688552388421864e-04
2.458782668233082630e+06 9.942437583955178182e-01 3.167134045335539411e-04
2.458782672932330985e+06 9.943455235908593703e-01 3.167579538326801875e-04
2.458782677631578874e+06 9.944459789936153093e-01 3.168108068984056198e-04
2.458782682330827229e+06 9.945451246236943765e-01 3.168859343743015496e-04
2.458782687030075118e+06 9.946429310538990043e-01 3.169610618427529136e-04
2.458782691729323473e+06 9.947286170441702602e-01 3.170361893186488976e-04
2.458782696428571362e+06 9.947934569526653004e-01 3.171113167871002073e-04
2.458782701127819717e+06 9.948374507922344012e-01 3.170772688323659008e-04
2.458782705827067606e+06 9.948605985541587593e-01 3.170221430876237552e-04
2.458782710526315961e+06 9.948673195370607569e-01 3.169670173374190738e-04
2.458782715225563850e+06 9.948744384139164287e-01 3.169118915926769282e-04
2.458782719924812205e+06 9.948835944402278919e-01 3.168726123078826175e-04
2.458782724624060094e+06 9.948947876141805979e-01 3.168566331679449036e-04
2.458782729323308449e+06 9.949074101973436335e-01 3.168406540264237666e-04
2.458782734022556338e+06 9.948990406956543797e-01 3.168246748864861069e-04
2.458782738721804693e+06 9.948583576452496580e-01 3.168086957449649699e-04
2.458782743421052583e+06 9.947853610541923519e-01 3.168254706151956476e-04
2.458782748120300937e+06 9.946800509080158115e-01 3.168432092282964471e-04
2.458782752819548827e+06 9.945698194455454555e-01 3.168609478396394838e-04
2.458782757518797182e+06 9.945205597823723043e-01 3.168786864527402833e-04
2.458782762218045071e+06 9.945351649128333360e-01 3.168948977381400305e-04
2.458782766917293426e+06 9.946136348398230131e-01 3.169097976495487720e-04
2.458782771616541315e+06 9.947520260080652266e-01 3.169246975594810470e-04
2.458782776315789670e+06 9.948954926036649438e-01 3.169395974708897343e-04
2.458782781015037559e+06 9.950264458392732436e-01 3.169537916265494407e-04
2.458782785714285914e+06 9.951448857408430326e-01 3.169619479870022013e-04
2.458782790413533803e+06 9.952508122849014205e-01 3.169701043466466891e-04
2.458782795112782158e+06 9.953360211734260110e-01 3.169782607070994497e-04
2.458782799812030047e+06 9.953880369343065526e-01 3.169864170667439376e-04
2.458782804511278402e+06 9.954067289756025616e-01 3.170174927212383257e-04
2.458782809210526291e+06 9.953920972936098899e-01 3.170597919817203457e-04
2.458782813909774646e+06 9.953478873531902416e-01 3.171020912463939456e-04
2.458782818609022535e+06 9.953012117502098022e-01 3.171443905068759114e-04
2.458782823308270890e+06 9.952574622259534598e-01 3.171710019904273978e-04
2.458782828007518779e+06 9.952166387890919452e-01 3.171473570510081083e-04
2.458782832706767134e+06 9.951787540444880786e-01 3.171237121092457495e-04
2.458782837406015024e+06 9.951730246076003761e-01 3.171000671698264058e-04
2.458782842105263378e+06 9.952263256160164273e-01 3.170764222280641012e-04
2.458782846804511268e+06 9.953386570591727933e-01 3.170995894019141507e-04
2.458782851503759623e+06 9.955100189593316662e-01 3.171341312933240891e-04
2.458782856203007512e+06 9.957167516212052094e-01 3.171686731813112012e-04
2.458782860902255867e+06 9.958572029359522571e-01 3.172032150727211938e-04
2.458782865601503756e+06 9.959197401612374101e-01 3.172214878433877745e-04
2.458782870300752111e+06 9.959043633094548653e-01 3.172121933865431460e-04
2.458782875000000000e+06 9.958128636257901345e-01 3.172028989306195472e-04
