2.458731000000000000e+06 9.970890905750354749e-01 3.096771321479422842e-04
2.458731004699247889e+06 9.971555944949395123e-01 3.096812539078993361e-04
2.458731009398496244e+06 9.971548000343137819e-01 3.096853756682646985e-04
2.458731014097744133e+06 9.970867071933156023e-01 3.096707090224501348e-04
2.458731018796992488e+06 9.969513159584502127e-01 3.096551379277363869e-04
2.458731023496240377e+06 9.967713185636140061e-01 3.096395668345655128e-04
2.458731028195488732e+06 9.966046045459295843e-01 3.096239957398517107e-04
2.458731032894736622e+06 9.964540510266446383e-01 3.096224008163419336e-04
2.458731037593984976e+06 9.963196579759213689e-01 3.096336669610889728e-04
2.458731042293232866e+06 9.962038596028572890e-01 3.096449331047195007e-04
2.458731046992481221e+06 9.961441126813254110e-01 3.096561992494665399e-04
2.458731051691729110e+06 9.961531611852681989e-01 3.096669995215053299e-04
2.458731056390977465e+06 9.962310051164792180e-01 3.096729400901473148e-04
2.458731061090225354e+06 9.963776444595308091e-01 3.096788806582006864e-04
2.458731065789473709e+06 9.965453447798522379e-01 3.096848212268427797e-04
2.458731070488721598e+06 9.966569994733930349e-01 3.096907617948961512e-04
2.458731075187969953e+06 9.967115583141669122e-01 3.097121273527213780e-04
2.458731079887217842e+06 9.967090212913608527e-01 3.097416470036650415e-04
2.458731084586466197e+06 9.966535376544348734e-01 3.097711666575338825e-04
2.458731089285714086e+06 9.965774500084024767e-01 3.098006863084775461e-04
2.458731093984962441e+06 9.964876154967576838e-01 3.098258676906509470e-04
2.458731098684210330e+06 9.963840341373045861e-01 3.098357468289330099e-04
2.458731103383458685e+06 9.962667063943287937e-01 3.098456259681939989e-04
2.458731108082706574e+06 9.961628900744463611e-01 3.098555051064760617e-04
2.458731112781954929e+06 9.960993865019329707e-01 3.098653842457370507e-04
2.458731117481202818e+06 9.960761956893738889e-01 3.099369007648799710e-04
2.458731122180451173e+06 9.960933176321731253e-01 3.100250410040517848e-04
2.458731126879699063e+06 9.961392859672383304e-01 3.101131812344894829e-04
2.458731131578947417e+06 9.961616905370516140e-01 3.102013214736612425e-04
2.458731136278195307e+06 9.961540556113843703e-01 3.102288270315911719e-04
2.458731140977443662e+06 9.961163811887233654e-01 3.101458226362250963e-04
2.458731145676691551e+06 9.960492631618534931e-01 3.100628182490841036e-04
2.458731150375939906e+06 9.959916219738249588e-01 3.099798138537179738e-04
2.458731155075187795e+06 9.959668485771775437e-01 3.098968094665770353e-04
2.458731159774436150e+06 9.959749429670015086e-01 3.098564359521685258e-04
2.458731164473684039e+06 9.960159051416923592e-01 3.098197195794535007e-04
2.458731169172932394e+06 9.960784908734335863e-01 3.097830032031001642e-04
2.458731173872180283e+06 9.961305950278741550e-01 3.097462868303851933e-04
2.458731178571428638e+06 9.961702363718557551e-01 3.097192000727444169e-04
2.458731183270676527e+06 9.961974148975223375e-01 3.097022288915801387e-04
2.458731187969924882e+06 9.962131719898840165e-01 3.096852577087341545e-04
2.458731192669172771e+06 9.962372840993982681e-01 3.096682865275698763e-04
2.458731197368421126e+06 9.962772834919326748e-01 3.096513950641193651e-04
2.458731202067669015e+06 9.963331701595598000e-01 3.096358893977892482e-04
2.458731206766917370e+06 9.964049441133555618e-01 3.096203837299226543e-04
2.458731211466165259e+06 9.964772432117680045e-01 3.096048780635925375e-04
2.458731216165413614e+06 9.965222279747962819e-01 3.095893723957259436e-04
2.458731220864661504e+06 9.965393221522242939e-01 3.095337028344631201e-04
2.458731225563909858e+06 9.965285257474398861e-01 3.094535313348693384e-04
2.458731230263157748e+06 9.964925155169956916e-01 3.093733598432199397e-04
2.458731234962406103e+06 9.964555380153370390e-01 3.092931883436261581e-04
2.458731239661653992e+06 9.964233970672610186e-01 3.092421035705715440e-04
2.458731244360902347e+06 9.963960926663978368e-01 3.093168121011246469e-04
2.458731249060150236e+06 9.963736248181586097e-01 3.093915206242747631e-04
2.458731253759398591e+06 9.963715498512525359e-01 3.094662291548279744e-04
2.458731258458646480e+06 9.964072861731471109e-01 3.095409376779780907e-04
2.458731263157894835e+06 9.964808475168559498e-01 3.094994747676455254e-04
2.458731267857142724e+06 9.965922338678006032e-01 3.094202126835984639e-04
2.458731272556391079e+06 9.967208140202450384e-01 3.093409505916971166e-04
2.458731277255638968e+06 9.967598164921748216e-01 3.092616885076501093e-04
2.458731281954887323e+06 9.966940094998087973e-01 3.091838049889377967e-04
2.458731286654135212e+06 9.965233930561886444e-01 3.091088347684594847e-04
2.458731291353383567e+06 9.962492281575557884e-01 3.090338645405520568e-04
2.458731296052631456e+06 9.960084638983973671e-01 3.089588943200737448e-04
2.458731300751879811e+06 9.958935897385607916e-01 3.088839240921664253e-04
2.458731305451127701e+06 9.959046057008121844e-01 3.089443760380775365e-04
2.458731310150376055e+06 9.960415117873347990e-01 3.090219239996381227e-04
2.458731314849623945e+06 9.962636648946900930e-01 3.090994719535143176e-04
2.458731319548872299e+06 9.964410563475463167e-01 3.091770199150750123e-04
2.458731324248120189e+06 9.965639381771005390e-01 3.092159647200469572e-04
2.458731328947368544e+06 9.966323104077060568e-01 3.092085978926852833e-04
2.458731333646616433e+06 9.966471012825071085e-01 3.092012310660537111e-04
2.458731338345864788e+06 9.966306488798289953e-01 3.091938642386920914e-04
2.458731343045112677e+06 9.965924725723137589e-01 3.091859586277677851e-04
2.458731347744361032e+06 9.965325723523952295e-01 3.091533116752504949e-04
2.458731352443608921e+06 9.964509482319449107e-01 3.091206647259682472e-04
2.458731357142857276e+06 9.963707812451073620e-01 3.090880177734509570e-04
2.458731361842105165e+06 9.963391278127119444e-01 3.090553708241687092e-04
2.458731366541353520e+06 9.963573539919100552e-01 3.090617716486913566e-04
2.458731371240601409e+06 9.964254597790894730e-01 3.090955308171813962e-04
2.458731375939849764e+06 9.965379554157960396e-01 3.091292899890167958e-04
2.458731380639097653e+06 9.966364488924813747e-01 3.091630491575068896e-04
2.458731385338346008e+06 9.967052095596002914e-01 3.092070976443337359e-04
2.458731390037593897e+06 9.967442374035252461e-01 3.093073610662544081e-04
2.458731394736842252e+06 9.967535324319907186e-01 3.094076244981104379e-04
2.458731399436090142e+06 9.967551529193674487e-01 3.095078879200311101e-04
2.458731404135338496e+06 9.967770785513130338e-01 3.096081513518870857e-04
2.458731408834586386e+06 9.968194054710967089e-01 3.096145225513532019e-04
2.458731413533834741e+06 9.968821336871077632e-01 3.095846365248136611e-04
2.458731418233082630e+06 9.969579203782125143e-01 3.095547505012356728e-04
2.458731422932330985e+06 9.970035386408069300e-01 3.095248644746960778e-04
2.458731427631578874e+06 9.970119205559084818e-01 3.095125807728171677e-04
2.458731432330827229e+06 9.969830661251782855e-01 3.095437883786418976e-04
2.458731437030075118e+06 9.969171264099727647e-01 3.095749959813741577e-04
2.458731441729323473e+06 9.968475978162257833e-01 3.096062035871988334e-04
2.458731446428571362e+06 9.967999758815927480e-01 3.096374111899310934e-04
2.458731451127819717e+06 9.967742605966354308e-01 3.096455099530544416e-04
2.458731455827067606e+06 9.967704519664503104e-01 3.096496840516075157e-04
2.458731460526315961e+06 9.967785636103121405e-01 3.096538581505742130e-04
2.458731465225563850e+06 9.967627509110704720e-01 3.096580322491272871e-04
2.458731469924812205e+06 9.967198036589864918e-01 3.096506842180307760e-04
2.458731474624060094e+06 9.966497218625721688e-01 3.096275238592880157e-04
2.458731479323308449e+06 9.965544045800432960e-01 3.096043634982502705e-04
2.458731484022556338e+06 9.964938368365555688e-01 3.095812031395075645e-04
2.458731488721804693e+06 9.964966231586758205e-01 3.095580427784698193e-04
2.458731493421052583e+06 9.965627635458520484e-01 3.096313144733905693e-04
2.458731498120300937e+06 9.966922580111921004e-01 3.097057351233667650e-04
2.458731502819548827e+06 9.968427468372629274e-01 3.097801557659684343e-04
2.458731507518797182e+06 9.969179957921320279e-01 3.098545764159446299e-04
2.458731512218045071e+06 9.969142922761764503e-01 3.098927382817950535e-04
2.458731516917293426e+06 9.968316362886626703e-01 3.099018192367108179e-04
2.458731521616541315e+06 9.966801450575170085e-01 3.099109001907266944e-04
2.458731526315789670e+06 9.965878124740669142e-01 3.099199811456425130e-04
2.458731531015037559e+06 9.965933522055326899e-01 3.099319037366076281e-04
2.458731535714285914e+06 9.966967642530121241e-01 3.099643478680347004e-04
2.458731540413533803e+06 9.968980485960106108e-01 3.099967919962467880e-04
2.458731545112782158e+06 9.971186449322969603e-01 3.100292361276738603e-04
2.458731549812030047e+06 9.972461323624555174e-01 3.100616802558859480e-04
2.458731554511278402e+06 9.972796448307305051e-01 3.101004876686088395e-04
2.458731559210526291e+06 9.972191823304803471e-01 3.101421763115502794e-04
2.458731563909774646e+06 9.970832964577576174e-01 3.101838649586226922e-04
2.458731568609022535e+06 9.969969300020233849e-01 3.102255536015641321e-04
2.458731573308270890e+06 9.969833572545365730e-01 3.102559779392632098e-04
2.458731578007518779e+06 9.970425782179872520e-01 3.102534983416996924e-04
2.458731582706767134e+06 9.971744747586902546e-01 3.102510187438903863e-04
2.458731587406015024e+06 9.972929316914932452e-01 3.102485391463269231e-04
2.458731592105263378e+06 9.973237918305832839e-01 3.102460595485176712e-04
2.458731596804511268e+06 9.972670551698441521e-01 3.102233548059141828e-04
2.458731601503759623e+06 9.971227216980315111e-01 3.101962624199022106e-04
2.458731606203007512e+06 9.969194013352830064e-01 3.101691700365748314e-04
2.458731610902255867e+06 9.967725813761362241e-01 3.101420776505628592e-04
2.458731615601503756e+06 9.966944487829566546e-01 3.101389245293167149e-04
2.458731620300752111e+06 9.966850035402593511e-01 3.101734622510644249e-04
2.458731625000000000e+06 9.967434441733621364e-01 3.102079999693896882e-04
2.458731629699247889e+06 9.968348831242215269e-01 3.102425376877150057e-04
2.458731634398496244e+06 9.969406907198017365e-01 3.102770754094627157e-04
2.458731639097744133e+06 9.970608669391334278e-01 3.102810245114684634e-04
2.458731643796992488e+06 9.971954118060338823e-01 3.102835368215375910e-04
2.458731648496240377e+06 9.973075287544411749e-01 3.102860491313577315e-04
2.458731653195488732e+06 9.973036852013017484e-01 3.102885614414268049e-04
2.458731657894736622e+06 9.971792668005268201e-01 3.102461611978850342e-04
2.458731662593984976e+06 9.969342735274581146e-01 3.101626072606656378e-04
2.458731667293232866e+06 9.965808606172257278e-01 3.100790533317258598e-04
2.458731671992481221e+06 9.963048799472160599e-01 3.099954993945064092e-04
2.458731676691729110e+06 9.961693347891017458e-01 3.099197874769847962e-04
2.458731681390977465e+06 9.961742251160196071e-01 3.099248055545367002e-04
2.458731686090225354e+06 9.963195509270004191e-01 3.099298236315912807e-04
2.458731690789473709e+06 9.965160551357673535e-01 3.099348417091431305e-04
2.458731695488721598e+06 9.966200934760133245e-01 3.099398597861977652e-04
2.458731700187969953e+06 9.966297389091791636e-01 3.099464682986030921e-04
2.458731704887217842e+06 9.965449914333528447e-01 3.099539136331018094e-04
2.458731709586466197e+06 9.963819356840064589e-01 3.099613589683382722e-04
2.458731714285714086e+06 9.962653664463800851e-01 3.099688043028369353e-04
2.458731718984962441e+06 9.962216381994337677e-01 3.099818254697343138e-04
2.458731723684210330e+06 9.962507509518335747e-01 3.100143939013112033e-04
2.458731728383458685e+06 9.963527030667784778e-01 3.100469623361154373e-04
2.458731733082706574e+06 9.964682015720511821e-01 3.100795307676922725e-04
2.458731737781954929e+06 9.965391903940623575e-01 3.101120992024965608e-04
2.458731742481202818e+06 9.965656695187428138e-01 3.101239876943811288e-04
2.458731747180451173e+06 9.965476389513405753e-01 3.101303338940114931e-04
2.458731751879699063e+06 9.964933051197946146e-01 3.101366800930130743e-04
2.458731756578947417e+06 9.964400320568337355e-01 3.101430262926434386e-04
2.458731761278195307e+06 9.963924146934013404e-01 3.101615405909838026e-04
2.458731765977443662e+06 9.963504530200604226e-01 3.102021300969083802e-04
2.458731770676691551e+06 9.963142464307714885e-01 3.102427195988108387e-04
2.458731775375939906e+06 9.962901960508796506e-01 3.102833091047354705e-04
2.458731780075187795e+06 9.962821348212184125e-01 3.103238986066379291e-04
2.458731784774436150e+06 9.962900627401904963e-01 3.103735367780678677e-04
2.458731789473684039e+06 9.963139798062243813e-01 3.104239399893277953e-04
2.458731794172932394e+06 9.963394425654569231e-01 3.104743432055823713e-04
2.458731798872180283e+06 9.963253590593084130e-01 3.105247464168423531e-04
2.458731803571428638e+06 9.962692099137548940e-01 3.105543684605937909e-04
2.458731808270676527e+06 9.961709951399244645e-01 3.105622521404442782e-04
2.458731812969924882e+06 9.960342489735295457e-01 3.105701358210760416e-04
2.458731817669172771e+06 9.959256184093100428e-01 3.105780195009265289e-04
2.458731822368421126e+06 9.958703968860611599e-01 3.105873403856426046e-04
2.458731827067669015e+06 9.958685844147264765e-01 3.106211453423870172e-04
2.458731831766917370e+06 9.959201809949471684e-01 3.106549503024812892e-04
2.458731836466165259e+06 9.959910763855329696e-01 3.106887552592257017e-04
2.458731841165413614e+06 9.960196784608731368e-01 3.107225602193199195e-04
2.458731845864661504e+06 9.960047273395579159e-01 3.107368355358551180e-04
2.458731850563909858e+06 9.959462230186243437e-01 3.107392497084883508e-04
2.458731855263157748e+06 9.958475287312050783e-01 3.107416638808823545e-04
2.458731859962406103e+06 9.957389604032900188e-01 3.107440780535155873e-04
2.458731864661653992e+06 9.956277472862341549e-01 3.107609367076863915e-04
2.458731869360902347e+06 9.955138893579966730e-01 3.108398389352118644e-04
2.458731874060150236e+06 9.953973866411428562e-01 3.109187411549186675e-04
2.458731878759398591e+06 9.953005076079791680e-01 3.109976433824440862e-04
2.458731883458646480e+06 9.952480863699999514e-01 3.110765456021508894e-04
2.458731888157894835e+06 9.952401411297370215e-01 3.110752897857294963e-04
2.458731892857142724e+06 9.952766718887647857e-01 3.110480992701596592e-04
2.458731897556391079e+06 9.953445588499287844e-01 3.110209087518955254e-04
2.458731902255638968e+06 9.953761735117717668e-01 3.109937182363256883e-04
2.458731906954887323e+06 9.953619105793953814e-01 3.109626695378860388e-04
2.458731911654135212e+06 9.953017700556261449e-01 3.109235062977029856e-04
2.458731916353383567e+06 9.951960516788525002e-01 3.108843430536391392e-04
2.458731921052631456e+06 9.950767145277461534e-01 3.108451798134560318e-04
2.458731925751879811e+06 9.949652624630414000e-01 3.108060165693921312e-04
2.458731930451127701e+06 9.948616955068265710e-01 3.107548201967029271e-04
2.458731935150376055e+06 9.947660136385759744e-01 3.107021205769429015e-04
2.458731939849623945e+06 9.946857901465041563e-01 3.106494209624050440e-04
2.458731944548872299e+06 9.946451635582644890e-01 3.105967213426450726e-04
2.458731949248120189e+06 9.946459332385998442e-01 3.105534269941090495e-04
2.458731953947368544e+06 9.946880991876624334e-01 3.105213688765642399e-04
2.458731958646616433e+06 9.947700808927296690e-01 3.104893107621960885e-04
2.458731963345864788e+06 9.948541435760955842e-01 3.104572526446511705e-04
2.458731968045112677e+06 9.949242630339641957e-01 3.104258257459171426e-04
2.458731972744361032e+06 9.949804392802323871e-01 3.104220114843471412e-04
2.458731977443608921e+06 9.950226723037665089e-01 3.104181972231550386e-04
2.458731982142857276e+06 9.950409143867011696e-01 3.104143829615850373e-04
2.458731986842105165e+06 9.950148410767600815e-01 3.104105687003929888e-04
2.458731991541353520e+06 9.949438680191604600e-01 3.103908342371192327e-04
2.458731996240601409e+06 9.948279952279678318e-01 3.103599930232919736e-04
2.458732000939849764e+06 9.946755211601814306e-01 3.103291518064085655e-04
2.458732005639097653e+06 9.945742551019004507e-01 3.102983105925813064e-04
2.458732010338346008e+06 9.945477664170259136e-01 3.102755428020135620e-04
2.458732015037593897e+06 9.945960551108075087e-01 3.102965375942807222e-04
2.458732019736842252e+06 9.947191211928152477e-01 3.103175323886283037e-04
2.458732024436090142e+06 9.948533830479046047e-01 3.103385271808954096e-04
2.458732029135338496e+06 9.949184986354236981e-01 3.103595219752429911e-04
2.458732033834586386e+06 9.949142005485644980e-01 3.103324708216734468e-04
2.458732038533834741e+06 9.948404887864751300e-01 3.102869613817401165e-04
2.458732043233082630e+06 9.947125472474344088e-01 3.102414519463164168e-04
2.458732047932330985e+06 9.946193979903418247e-01 3.101959425063830866e-04
2.458732052631578874e+06 9.945755364965922496e-01 3.101789663935105548e-04
2.458732057330827229e+06 9.945809627574933032e-01 3.102321370665704083e-04
2.458732062030075118e+06 9.946355625480655105e-01 3.102853077343614187e-04
2.458732066729323473e+06 9.947146820660486277e-01 3.103384784074212721e-04
2.458732071428571362e+06 9.947996268495152838e-01 3.103916490752122825e-04
2.458732076127819717e+06 9.948903969153001237e-01 3.104102548175492271e-04
2.458732080827067606e+06 9.949869922454137594e-01 3.104230388073196006e-04
2.458732085526315961e+06 9.950859708158047434e-01 3.104358227983567559e-04
2.458732090225563850e+06 9.951750223634574510e-01 3.104486067881270751e-04
2.458732094924812205e+06 9.952530502339607121e-01 3.104701045469713139e-04
2.458732099624060094e+06 9.953200544118504522e-01 3.105035104076506658e-04
2.458732104323308449e+06 9.953752481434881005e-01 3.105369162716402494e-04
2.458732109022556338e+06 9.953940045942742953e-01 3.105703221323196555e-04
2.458732113721804693e+06 9.953646211010972467e-01 3.106037279963091849e-04
2.458732118421052583e+06 9.952870976697804073e-01 3.105776872606026803e-04
2.458732123120300937e+06 9.951614342849596229e-01 3.105510005163473293e-04
2.458732127819548827e+06 9.950166908140922750e-01 3.105243137747364015e-04
2.458732132518797182e+06 9.949186574455227694e-01 3.104976270304809962e-04
2.458732137218045071e+06 9.948698516790801527e-01 3.105079169312307727e-04
2.458732141917293426e+06 9.948702735050918289e-01 3.105477409588481988e-04
2.458732146616541315e+06 9.949164063712833128e-01 3.105875649825194000e-04
2.458732151315789670e+06 9.949640093716808353e-01 3.106273890101367719e-04
2.458732156015037559e+06 9.949997485304881151e-01 3.106616698394408581e-04
2.458732160714285914e+06 9.950236238547883749e-01 3.106562984698542211e-04
2.458732165413533803e+06 9.950356353398496223e-01 3.106509271007998189e-04
2.458732170112782158e+06 9.950528925142182457e-01 3.106455557312131819e-04
2.458732174812030047e+06 9.950997897635666112e-01 3.106401843621587797e-04
2.458732179511278402e+06 9.951765112773320876e-01 3.106802201661651658e-04
2.458732184210526291e+06 9.952830570403098376e-01 3.107407183982427456e-04
2.458732188909774646e+06 9.954112511034513000e-01 3.108012166363152587e-04
2.458732193609022535e+06 9.955062620937574769e-01 3.108617148683928385e-04
2.458732198308270890e+06 9.955579161555235812e-01 3.108722956671011142e-04
2.458732203007518779e+06 9.955662132785125795e-01 3.107378413424946996e-04
2.458732207706767134e+06 9.955312154747922859e-01 3.106033870045647955e-04
2.458732212406015024e+06 9.954958945407800242e-01 3.104689326799583266e-04
2.458732217105263378e+06 9.954971126589036157e-01 3.103344783420284225e-04
2.458732221804511268e+06 9.955348698289211429e-01 3.103095695864935169e-04
2.458732226503759623e+06 9.956091660583158420e-01 3.103082610921338320e-04
2.458732231203007512e+06 9.957093900637636885e-01 3.103069525979038176e-04
2.458732235902255867e+06 9.957928638443044322e-01 3.103056441035440785e-04
2.458732240601503756e+06 9.958551055484528014e-01 3.102955731925991618e-04
2.458732245300752111e+06 9.958961151885445950e-01 3.102717651377245932e-04
2.458732250000000000e+06 9.959163092959444352e-01 3.102479570852092485e-04
2.458732254699247889e+06 9.959336260209750158e-01 3.102241490326939038e-04
2.458732259398496244e+06 9.959576109113876807e-01 3.102003409778193352e-04
2.458732264097744133e+06 9.959882639624288991e-01 3.101754632237786616e-04
2.458732268796992488e+06 9.960255851801738114e-01 3.101505364073409393e-04
2.458732273496240377e+06 9.960806713954941660e-01 3.101256095933732464e-04
2.458732278195488732e+06 9.961816328081611882e-01 3.101006827769354698e-04
2.458732282894736622e+06 9.963298464449464875e-01 3.101336754918537840e-04
2.458732287593984976e+06 9.965253123352240117e-01 3.102195258029551909e-04
2.458732292293232866e+06 9.967616061858791676e-01 3.103053761055494597e-04
2.458732296992481221e+06 9.969410944760971338e-01 3.103912264166508125e-04
2.458732301691729110e+06 9.970307939754220472e-01 3.104630559773854047e-04
2.458732306390977465e+06 9.970307047016307989e-01 3.103923318604058469e-04
2.458732311090225354e+06 9.969408266547414854e-01 3.103216077504345177e-04
2.458732315789473709e+06 9.968318356547235526e-01 3.102508836334549598e-04
2.458732320488721598e+06 9.968170708068910812e-01 3.101801595234836306e-04
2.458732325187969953e+06 9.968980306199429764e-01 3.101759842306307975e-04
2.458732329887217842e+06 9.970747150778340728e-01 3.102066684182673410e-04
2.458732334586466197e+06 9.973311267082598519e-01 3.102373526089445294e-04
2.458732339285714086e+06 9.975436940230316685e-01 3.102680367965811271e-04
2.458732343984962441e+06 9.976864186238824095e-01 3.103025192217929323e-04
2.458732348684210330e+06 9.977593004825257017e-01 3.103502400031621280e-04
2.458732353383458685e+06 9.977623414916954037e-01 3.103979607892600173e-04
2.458732358082706574e+06 9.977435298813719378e-01 3.104456815706291587e-04
2.458732362781954929e+06 9.977496660604245893e-01 3.104934023567271022e-04
2.458732367481202818e+06 9.977807500276367758e-01 3.105351199784897294e-04
2.458732372180451173e+06 9.978367817891692360e-01 3.105752384110741946e-04
2.458732376879699063e+06 9.979091670949921111e-01 3.106153568396831616e-04
2.458732381578947417e+06 9.979589206011305613e-01 3.106554752722676268e-04
2.458732386278195307e+06 9.979812694944335538e-01 3.106854405818584288e-04
2.458732390977443662e+06 9.979762137793298793e-01 3.106970665532048114e-04
2.458732395676691551e+06 9.979446242557085123e-01 3.107086925233991208e-04
2.458732400375939906e+06 9.979418501565706645e-01 3.107203184947455576e-04
2.458732405075187795e+06 9.980009185857794396e-01 3.107319444649398669e-04
2.458732409774436150e+06 9.981218295550406960e-01 3.107669594208384832e-04
2.458732414473684039e+06 9.983045830403922682e-01 3.108039243778793208e-04
2.458732419172932394e+06 9.985083122860810567e-01 3.108408893385831355e-04
2.458732423872180283e+06 9.986171464062230108e-01 3.108778542956240273e-04
2.458732428571428638e+06 9.986240253157054880e-01 3.109048832642636261e-04
2.458732433270676527e+06 9.985289490131653567e-01 3.109215600213615597e-04
2.458732437969924882e+06 9.983402479400914631e-01 3.109382367801120342e-04
2.458732442669172771e+06 9.982139690961662204e-01 3.109549135372099136e-04
2.458732447368421126e+06 9.982091339172457500e-01 3.109726888653653750e-04
2.458732452067669015e+06 9.983257424042880634e-01 3.110088294703440689e-04
2.458732456766917370e+06 9.985637945804030080e-01 3.110449700789039910e-04
2.458732461466165259e+06 9.988455646007797784e-01 3.110811106838826307e-04
2.458732466165413614e+06 9.990311861873113486e-01 3.111172512924426071e-04
2.458732470864661504e+06 9.991178305418642047e-01 3.111720476901565333e-04
2.458732475563909858e+06 9.991054976816101663e-01 3.112381266449819133e-04
2.458732480263157748e+06 9.990065952983239184e-01 3.113042055932593627e-04
2.458732484962406103e+06 9.989324475976609774e-01 3.113702845480847427e-04
2.458732489661653992e+06 9.989095059395509679e-01 3.114330833255643961e-04
2.458732494360902347e+06 9.989377703194464164e-01 3.114818836139828266e-04
2.458732499060150236e+06 9.990172407317462477e-01 3.115306838975654444e-04
2.458732503759398591e+06 9.991252373121897179e-01 3.115794841859838207e-04
2.458732508458646480e+06 9.992365636398206075e-01 3.116282844695664384e-04
2.458732513157894835e+06 9.993512025227858642e-01 3.116808761738218067e-04
2.458732517857142724e+06 9.994691539383656620e-01 3.117346879894092922e-04
2.458732522556391079e+06 9.995803001191360115e-01 3.117884998103291551e-04
2.458732527255638968e+06 9.996326835925717358e-01 3.118423116259166948e-04
2.458732531954887323e+06 9.996189557333974296e-01 3.118772618216178894e-04
2.458732536654135212e+06 9.995391165443339165e-01 3.118727213475530721e-04
2.458732541353383567e+06 9.993938813541864974e-01 3.118681808730383652e-04
2.458732546052631456e+06 9.992582091099047048e-01 3.118636403989735479e-04
2.458732550751879811e+06 9.991823591268181870e-01 3.118590999244588409e-04
2.458732555451127701e+06 9.991663314199590307e-01 3.119224018022638371e-04
2.458732560150376055e+06 9.992101259861508877e-01 3.119940941938090652e-04
2.458732564849623945e+06 9.992964443138331321e-01 3.120657865782501669e-04
2.458732569548872299e+06 9.993703378811239491e-01 3.121374789697953407e-04
2.458732574248120189e+06 9.994277333596561785e-01 3.121578816501142158e-04
2.458732578947368544e+06 9.994686307608048326e-01 3.121172529093271548e-04
2.458732583646616433e+06 9.994937216190828977e-01 3.120766241725661159e-04
2.458732588345864788e+06 9.995193936634865217e-01 3.120359954317790548e-04
2.458732593045112677e+06 9.995525827523308315e-01 3.119978614080385964e-04
2.458732597744361032e+06 9.995932888921938986e-01 3.120641497160021004e-04
2.458732602443608921e+06 9.996415120750078431e-01 3.121304380173968570e-04
2.458732607142857276e+06 9.996965014894877433e-01 3.121967263253603610e-04
2.458732611842105165e+06 9.997567434625553862e-01 3.122630146267551718e-04
2.458732616541353520e+06 9.998221948866800046e-01 3.122935259987472708e-04
2.458732621240601409e+06 9.998928557488901969e-01 3.122991786924311721e-04
2.458732625939849764e+06 9.999650447530804565e-01 3.123048313866751721e-04
2.458732630639097653e+06 1.000000000000000000e+00 3.123104840803590733e-04
2.458732635338346008e+06 9.999873532519183428e-01 3.123072393506039560e-04
2.458732640037593897e+06 9.999271045113423684e-01 3.122561230372185564e-04
2.458732644736842252e+06 9.998192537663316282e-01 3.122050067187678185e-04
2.458732649436090142e+06 9.996919971790872994e-01 3.121538904053823647e-04
2.458732654135338496e+06 9.995808342915533107e-01 3.121027740869316267e-04
2.458732658834586386e+06 9.994858796799704903e-01 3.120618479447946538e-04
2.458732663533834741e+06 9.994071333255203360e-01 3.120248175643478656e-04
2.458732668233082630e+06 9.993473196657125524e-01 3.119877871875704513e-04
2.458732672932330985e+06 9.993223499161028034e-01 3.119507568071236631e-04
2.458732677631578874e+06 9.993348047009117385e-01 3.119441575390352367e-04
2.458732682330827229e+06 9.993846840226078276e-01 3.120120160368107347e-04
2.458732687030075118e+06 9.994718052256114094e-01 3.120798745278620108e-04
2.458732691729323473e+06 9.995577310202971022e-01 3.121477330256375630e-04
2.458732696428571362e+06 9.996134192652956774e-01 3.122155915166887848e-04
2.458732701127819717e+06 9.996388699716436399e-01 3.122274989739068341e-04
2.458732705827067606e+06 9.996340831342970246e-01 3.122300570793260042e-04
2.458732710526315961e+06 9.996038021864303014e-01 3.122326151849987149e-04
2.458732715225563850e+06 9.995649337838662385e-01 3.122351732904178850e-04
2.458732719924812205e+06 9.995189764975299651e-01 3.122504054535745507e-04
2.458732724624060094e+06 9.994659303365298619e-01 3.122828888133961358e-04
2.458732729323308449e+06 9.994060703182682248e-01 3.123153721764365546e-04
2.458732734022556338e+06 9.993479317244672311e-01 3.123478555362581397e-04
2.458732738721804693e+06 9.992955570867686488e-01 3.123803388992986126e-04
2.458732743421052583e+06 9.992489464155525081e-01 3.123622251921432552e-04
2.458732748120300937e+06 9.992080997015809762e-01 3.123436118661173169e-04
2.458732752819548827e+06 9.991540744785805117e-01 3.123249985419358776e-04
2.458732757518797182e+06 9.990441270399366136e-01 3.123063852159098852e-04
2.458732762218045071e+06 9.988766344793684748e-01 3.123064783056443195e-04
2.458732766917293426e+06 9.986515967636813151e-01 3.123214540182352324e-04
2.458732771616541315e+06 9.983793930372838465e-01 3.123364297293420894e-04
2.458732776315789670e+06 9.981899128431555024e-01 3.123514054419330023e-04
2.458732781015037559e+06 9.981221726629124769e-01 3.123795090868014676e-04
2.458732785714285914e+06 9.981761724831301752e-01 3.125006821636453478e-04
2.458732790413533803e+06 9.983519122931061585e-01 3.126218552284817974e-04
2.458732795112782158e+06 9.985509774760260582e-01 3.127430283053256235e-04
2.458732799812030047e+06 9.986335381099008535e-01 3.128642013701621273e-04
2.458732804511278402e+06 9.985985587166535948e-01 3.128335384855215721e-04
2.458732809210526291e+06 9.984460393032166259e-01 3.127347602914229223e-04
2.458732813909774646e+06 9.981969432094485173e-01 3.126359820875360953e-04
2.458732818609022535e+06 9.979912960240803210e-01 3.125372038934373913e-04
2.458732823308270890e+06 9.978549823227211846e-01 3.124843914156828772e-04
2.458732828007518779e+06 9.977880021323866089e-01 3.125644581471943200e-04
2.458732832706767134e+06 9.977902513351911695e-01 3.126445248866397374e-04
2.458732837406015024e+06 9.977928808445246656e-01 3.127245916181511259e-04
2.458732842105263378e+06 9.977370459719997475e-01 3.128046583575966517e-04
2.458732846804511268e+06 9.976227467286818973e-01 3.128387451827990004e-04
2.458732851503759623e+06 9.974499830919190124e-01 3.128629915735288663e-04
2.458732856203007512e+06 9.972409886382346267e-01 3.128872379618561402e-04
2.458732860902255867e+06 9.970848774326585007e-01 3.129114843525860061e-04
2.458732865601503756e+06 9.969909647298236255e-01 3.129447267964796122e-04
2.458732870300752111e+06 9.969592505111181113e-01 3.129920157636128012e-04
2.458732875000000000e+06 9.969885906465406622e-01 3.130393047260600142e-04
