2.458963000000000000e+06 9.977993516027905407e-01 3.364956053249338642e-04
2.458963004699247889e+06 9.978966098847906752e-01 3.365643439318510149e-04
2.458963009398496244e+06 9.979188976006920786e-01 3.366330825455796658e-04
2.458963014097744133e+06 9.978646210496037172e-01 3.366199652736914598e-04
2.458963018796992488e+06 9.977337802207684181e-01 3.365163797289976778e-04
2.458963023496240377e+06 9.975335769695853338e-01 3.364127941945685798e-04
2.458963028195488732e+06 9.974132417579069099e-01 3.363092086498748520e-04
2.458963032894736622e+06 9.974321135665026317e-01 3.362088866106211328e-04
2.458963037593984976e+06 9.975901923991128406e-01 3.361835136481197413e-04
2.458963042293232866e+06 9.978874782244085972e-01 3.361581406881326145e-04
2.458963046992481221e+06 9.982437025453244628e-01 3.361327677256312229e-04
2.458963051691729110e+06 9.985069219115004779e-01 3.361073947656440420e-04
2.458963056390977465e+06 9.986735288306409775e-01 3.359965876123063334e-04
2.458963061090225354e+06 9.987435232697263743e-01 3.358307997234166817e-04
2.458963065789473709e+06 9.987238263184057274e-01 3.356650118180987108e-04
2.458963070488721598e+06 9.986810123031630848e-01 3.354992239292091676e-04
2.458963075187969953e+06 9.986317592031093149e-01 3.353260133262415802e-04
2.458963079887217842e+06 9.985760670280051654e-01 3.351178477525049789e-04
2.458963084586466197e+06 9.985139357668136872e-01 3.349096821581406180e-04
2.458963089285714086e+06 9.984704983876413475e-01 3.347015165844040708e-04
2.458963093984962441e+06 9.984752861853262162e-01 3.344933509900397100e-04
2.458963098684210330e+06 9.985283462421522538e-01 3.343106684331217764e-04
2.458963103383458685e+06 9.986296785686358257e-01 3.341368525172341212e-04
2.458963108082706574e+06 9.987700175896762067e-01 3.339630366185703187e-04
2.458963112781954929e+06 9.988990250807529003e-01 3.337892207026826093e-04
2.458963117481202818e+06 9.990091301515194866e-01 3.336173410366103840e-04
2.458963122180451173e+06 9.991003328237973991e-01 3.334497996619910690e-04
2.458963126879699063e+06 9.991725589675466424e-01 3.332822583039739251e-04
2.458963131578947417e+06 9.992155776886540997e-01 3.331147169293547186e-04
2.458963136278195307e+06 9.992221599935289245e-01 3.329471755713375746e-04
2.458963140977443662e+06 9.991923058834759619e-01 3.327571789743389696e-04
2.458963145676691551e+06 9.991260153644117015e-01 3.325639833161388214e-04
2.458963150375939906e+06 9.990365736370848682e-01 3.323707876387944275e-04
2.458963155075187795e+06 9.989683736110497314e-01 3.321775919805943335e-04
2.458963159774436150e+06 9.989249833026067060e-01 3.320099414826147683e-04
2.458963164473684039e+06 9.989064027203552465e-01 3.318745383348753355e-04
2.458963169172932394e+06 9.989138095689682473e-01 3.317391351737183588e-04
2.458963173872180283e+06 9.989784861012472872e-01 3.316037320259789260e-04
2.458963178571428638e+06 9.991143453111196449e-01 3.314708762040795569e-04
2.458963183270676527e+06 9.993213871716604135e-01 3.316272555568921913e-04
2.458963187969924882e+06 9.995996117239018819e-01 3.317836349252010022e-04
2.458963192669172771e+06 9.998768134015688647e-01 3.319400142780136367e-04
2.458963197368421126e+06 1.000000000000000000e+00 3.320963936463223933e-04
2.458963202067669015e+06 9.999641966030592410e-01 3.321255002483965353e-04
2.458963206766917370e+06 9.997694032036507084e-01 3.320607069405957595e-04
2.458963211466165259e+06 9.994358535164418189e-01 3.319959136392155205e-04
2.458963216165413614e+06 9.991930323381237322e-01 3.319311203314146905e-04
2.458963220864661504e+06 9.991055567262020487e-01 3.318839017325684367e-04
2.458963225563909858e+06 9.991734266633401917e-01 3.319427345546190631e-04
2.458963230263157748e+06 9.993966421360873653e-01 3.320015673708398259e-04
2.458963234962406103e+06 9.996603494861371342e-01 3.320604001928904522e-04
2.458963239661653992e+06 9.998119790279843544e-01 3.321192330091112151e-04
2.458963244360902347e+06 9.998507869448053365e-01 3.322069004326866750e-04
2.458963249060150236e+06 9.997767732289088993e-01 3.323064098056738649e-04
2.458963253759398591e+06 9.996107220906901292e-01 3.324059191885217110e-04
2.458963258458646480e+06 9.994812952959832852e-01 3.325054285615089010e-04
2.458963263157894835e+06 9.994106096466659483e-01 3.325690033805935551e-04
2.458963267857142724e+06 9.993986651567469126e-01 3.325381213863139304e-04
2.458963272556391079e+06 9.994453743295559356e-01 3.325072393889741992e-04
2.458963277255638968e+06 9.995227640640671485e-01 3.324763573946946829e-04
2.458963281954887323e+06 9.996085358875795857e-01 3.324454753973548975e-04
2.458963286654135212e+06 9.997026897830945114e-01 3.325216506608354421e-04
2.458963291353383567e+06 9.998052257692719991e-01 3.326178690194960702e-04
2.458963296052631456e+06 9.998907328965843666e-01 3.327140873686221701e-04
2.458963300751879811e+06 9.998638898525042951e-01 3.328103057272828523e-04
2.458963305451127701e+06 9.997156002933270669e-01 3.328389650706924281e-04
2.458963310150376055e+06 9.994458641896644124e-01 3.327700105446990933e-04
2.458963314849623945e+06 9.990607621206164524e-01 3.327010560255385632e-04
2.458963319548872299e+06 9.987756457684150435e-01 3.326321014995451742e-04
2.458963324248120189e+06 9.986976794022687232e-01 3.325631469803846984e-04
2.458963328947368544e+06 9.988268630067252962e-01 3.325209607084730554e-04
2.458963333646616433e+06 9.991631965561826867e-01 3.324794401288759982e-04
2.458963338345864788e+06 9.995707698667464225e-01 3.324379195451645022e-04
2.458963343045112677e+06 9.997274525695877267e-01 3.323963989655674450e-04
2.458963347744361032e+06 9.996195559452937252e-01 3.322759952195377341e-04
2.458963352443608921e+06 9.992470800152479793e-01 3.320890544694200613e-04
2.458963357142857276e+06 9.986386774175085579e-01 3.319021137007778727e-04
2.458963361842105165e+06 9.981828557929431911e-01 3.317151729506600914e-04
2.458963366541353520e+06 9.980023058636046107e-01 3.315446947840748051e-04
2.458963371240601409e+06 9.980970276652753048e-01 3.315085589250904531e-04
2.458963375939849764e+06 9.984670212167277015e-01 3.314724230625253607e-04
2.458963380639097653e+06 9.989286977250519950e-01 3.314362872035410087e-04
2.458963385338346008e+06 9.992073752781346352e-01 3.314001513409758621e-04
2.458963390037593897e+06 9.993003916048375235e-01 3.312481818482873749e-04
2.458963394736842252e+06 9.992077467235954691e-01 3.310406639860787406e-04
2.458963399436090142e+06 9.989558798165880660e-01 3.308331461444336810e-04
2.458963404135338496e+06 9.987324204880687617e-01 3.306256282822250467e-04
2.458963408834586386e+06 9.985740283052628730e-01 3.304178977492851265e-04
2.458963413533834741e+06 9.984807032367787327e-01 3.302095031524062774e-04
2.458963418233082630e+06 9.984524173104218914e-01 3.300011085761778476e-04
2.458963422932330985e+06 9.984455109903246361e-01 3.297927139792989444e-04
2.458963427631578874e+06 9.984205549447472405e-01 3.295843194030705146e-04
2.458963432330827229e+06 9.983775491687434389e-01 3.293962846549495973e-04
2.458963437030075118e+06 9.983164936708364134e-01 3.292130471270272906e-04
2.458963441729323473e+06 9.982367259921693936e-01 3.290298095809474164e-04
2.458963446428571362e+06 9.981354496214249750e-01 3.288465720530251097e-04
2.458963451127819717e+06 9.980123516226492297e-01 3.286994756371536372e-04
2.458963455827067606e+06 9.978674320202380876e-01 3.286123517736310481e-04
2.458963460526315961e+06 9.977014650909039606e-01 3.285252279014750656e-04
2.458963465225563850e+06 9.975530997344640438e-01 3.284381040379525307e-04
2.458963469924812205e+06 9.974438750670455711e-01 3.283509801657965481e-04
2.458963474624060094e+06 9.973737911102952269e-01 3.282026867155234074e-04
2.458963479323308449e+06 9.973428478503233441e-01 3.280506779315761428e-04
2.458963484022556338e+06 9.973286415508844094e-01 3.278986691626917531e-04
2.458963488721804693e+06 9.972717753513048455e-01 3.277466603787444342e-04
2.458963493421052583e+06 9.971690612275112553e-01 3.276521203367020285e-04
2.458963498120300937e+06 9.970204991591473664e-01 3.276129159027910760e-04
2.458963502819548827e+06 9.968321907367720947e-01 3.275737114727650368e-04
2.458963507518797182e+06 9.967047726790325690e-01 3.275345070388540301e-04
2.458963512218045071e+06 9.966738352943490531e-01 3.274946298172182408e-04
2.458963516917293426e+06 9.967393785765904513e-01 3.274465926075707713e-04
2.458963521616541315e+06 9.969014025127663770e-01 3.273985554026833289e-04
2.458963526315789670e+06 9.970867164703091090e-01 3.273505181930358053e-04
2.458963531015037559e+06 9.971723287012400627e-01 3.273024809881484171e-04
2.458963535714285914e+06 9.971562843470291870e-01 3.272991858252744641e-04
2.458963540413533803e+06 9.970385834108562717e-01 3.273207443361115490e-04
2.458963545112782158e+06 9.968327173001083619e-01 3.273423028490850002e-04
2.458963549812030047e+06 9.966492653729346340e-01 3.273638613599220851e-04
2.458963554511278402e+06 9.965126732111700969e-01 3.273987605626275921e-04
2.458963559210526291e+06 9.964229408418854295e-01 3.274839673890030459e-04
2.458963563909774646e+06 9.963800682472969683e-01 3.275691742238219409e-04
2.458963568609022535e+06 9.963610996423997168e-01 3.276543810501973404e-04
2.458963573308270890e+06 9.963424268267896400e-01 3.277395878850161812e-04
2.458963578007518779e+06 9.963240486494518988e-01 3.277738699393087482e-04
2.458963582706767134e+06 9.963059651067441846e-01 3.277934786990602603e-04
2.458963587406015024e+06 9.962895832662326256e-01 3.278130874568686653e-04
2.458963592105263378e+06 9.962816092293916848e-01 3.278326962166202316e-04
2.458963596804511268e+06 9.962829139560829272e-01 3.278683859265606052e-04
2.458963601503759623e+06 9.962934974465648130e-01 3.279348738214718268e-04
2.458963606203007512e+06 9.963132075120687547e-01 3.280013617097945686e-04
2.458963610902255867e+06 9.963304130253136659e-01 3.280678496047058443e-04
2.458963615601503756e+06 9.963378427994129538e-01 3.281343374930285862e-04
2.458963620300752111e+06 9.963354968358388852e-01 3.282268546961226714e-04
2.458963625000000000e+06 9.963233751350564216e-01 3.283219542293612883e-04
2.458963629699247889e+06 9.963136054391603658e-01 3.284170537626000135e-04
2.458963634398496244e+06 9.963421733279400616e-01 3.285121533052623530e-04
2.458963639097744133e+06 9.964114565717219207e-01 3.286019252329359821e-04
2.458963643796992488e+06 9.965214551842366264e-01 3.286858431369048044e-04
2.458963648496240377e+06 9.966668966838103660e-01 3.287697610325580671e-04
2.458963653195488732e+06 9.967396357492274150e-01 3.288536789365268894e-04
2.458963657894736622e+06 9.966968813170756780e-01 3.289329688455211584e-04
2.458963662593984976e+06 9.965386333788819329e-01 3.289096961199835471e-04
2.458963667293232866e+06 9.962648919660082036e-01 3.288864233967521422e-04
2.458963671992481221e+06 9.959581581036053288e-01 3.288631506712145309e-04
2.458963676691729110e+06 9.957738258976680523e-01 3.288398779479831261e-04
2.458963681390977465e+06 9.957155292193622387e-01 3.289132763610383425e-04
2.458963686090225354e+06 9.957832680802414238e-01 3.290485094021466830e-04
2.458963690789473709e+06 9.959657416888852977e-01 3.291837424566557624e-04
2.458963695488721598e+06 9.961550011137412231e-01 3.293189754977641028e-04
2.458963700187969953e+06 9.963241434818799203e-01 3.294499054953748578e-04
2.458963704887217842e+06 9.964731687597794263e-01 3.295607731658757329e-04
2.458963709586466197e+06 9.966020769769744492e-01 3.296716408473627201e-04
2.458963714285714086e+06 9.966848521154696439e-01 3.297825085178635409e-04
2.458963718984962441e+06 9.966910927595155067e-01 3.298933761993505282e-04
2.458963723684210330e+06 9.966207536540683254e-01 3.299101371938423233e-04
2.458963728383458685e+06 9.964738347851876954e-01 3.298944017686469528e-04
2.458963733082706574e+06 9.962777156801132517e-01 3.298786663450107735e-04
2.458963737781954929e+06 9.961803118734058327e-01 3.298629309198154030e-04
2.458963742481202818e+06 9.962037364024354247e-01 3.298755823257836037e-04
2.458963747180451173e+06 9.963479892718449804e-01 3.299514067908619402e-04
2.458963751879699063e+06 9.966121279583221026e-01 3.300272312484266472e-04
2.458963756578947417e+06 9.968697982549700187e-01 3.301030557135049837e-04
2.458963761278195307e+06 9.970321851246340961e-01 3.301788801710696906e-04
2.458963765977443662e+06 9.970992885994972577e-01 3.301937037423869573e-04
2.458963770676691551e+06 9.970711086662601419e-01 3.301999521121319072e-04
2.458963775375939906e+06 9.969667306423607434e-01 3.302062004824960449e-04
2.458963780075187795e+06 9.968496082098193822e-01 3.302124488522409948e-04
2.458963784774436150e+06 9.967248013416333263e-01 3.302158972685321743e-04
2.458963789473684039e+06 9.965923100625377895e-01 3.302158318405767489e-04
2.458963794172932394e+06 9.964553189348721585e-01 3.302157664126148182e-04
2.458963798872180283e+06 9.963974368140873228e-01 3.302157009846593927e-04
2.458963803571428638e+06 9.964556665145392067e-01 3.302161462717017118e-04
2.458963808270676527e+06 9.966300080246875970e-01 3.302662444583054444e-04
2.458963812969924882e+06 9.969204613790842995e-01 3.303163426498734677e-04
2.458963817669172771e+06 9.972453255139039907e-01 3.303664408364772004e-04
2.458963822368421126e+06 9.974323415868306952e-01 3.304165390280452237e-04
2.458963827067669015e+06 9.974759789964291468e-01 3.304337687496850971e-04
2.458963831766917370e+06 9.973762377513476496e-01 3.304268922708864463e-04
2.458963836466165259e+06 9.971463148996126957e-01 3.304200157927692709e-04
2.458963841165413614e+06 9.969347671153486745e-01 3.304131393139705659e-04
2.458963845864661504e+06 9.967832118316795054e-01 3.304034721677832258e-04
2.458963850563909858e+06 9.966916490185694366e-01 3.303771635842920251e-04
2.458963855263157748e+06 9.966600786941647305e-01 3.303508550034077343e-04
2.458963859962406103e+06 9.966671477485147257e-01 3.303245464199164793e-04
2.458963864661653992e+06 9.966846413244337954e-01 3.302982378390322427e-04
2.458963869360902347e+06 9.967124268850499069e-01 3.302308079940306654e-04
2.458963874060150236e+06 9.967505044248563539e-01 3.301466087562869903e-04
2.458963878759398591e+06 9.967965837385049932e-01 3.300624095101998374e-04
2.458963883458646480e+06 9.968365704401506155e-01 3.299782102724562165e-04
2.458963888157894835e+06 9.968680556246483082e-01 3.299127173302351642e-04
2.458963892857142724e+06 9.968910392857578406e-01 3.298960397440195858e-04
2.458963897556391079e+06 9.969055111112866685e-01 3.298793621561513581e-04
2.458963902255638968e+06 9.969083220962048353e-01 3.298626845699357798e-04
2.458963906954887323e+06 9.968969755266917643e-01 3.298460069820674978e-04
2.458963911654135212e+06 9.968714714049963233e-01 3.298723177460474525e-04
2.458963916353383567e+06 9.968318097260639998e-01 3.299065889125053319e-04
2.458963921052631456e+06 9.967881670194659316e-01 3.299408600755672190e-04
2.458963925751879811e+06 9.967785218467999364e-01 3.299751312420250984e-04
2.458963930451127701e+06 9.968064721799504424e-01 3.300009399753801908e-04
2.458963935150376055e+06 9.968720180244566853e-01 3.300145947913397720e-04
2.458963939849623945e+06 9.969736950208366588e-01 3.300282496059463232e-04
2.458963944548872299e+06 9.970603455945592497e-01 3.300419044219058502e-04
2.458963949248120189e+06 9.971066383829957358e-01 3.300555592365123471e-04
2.458963953947368544e+06 9.971125733953208892e-01 3.300779156540896778e-04
2.458963958646616433e+06 9.970781506303586506e-01 3.301004752136311960e-04
2.458963963345864788e+06 9.970184073382731826e-01 3.301230347754082308e-04
2.458963968045112677e+06 9.969688091735418034e-01 3.301455943349497490e-04
2.458963972744361032e+06 9.969308467528787965e-01 3.301369873168239714e-04
2.458963977443608921e+06 9.969045200838080323e-01 3.301022450717062875e-04
2.458963982142857276e+06 9.968893699213161597e-01 3.300675028231459906e-04
2.458963986842105165e+06 9.968792201799616670e-01 3.300327605780283610e-04
2.458963991541353520e+06 9.968721302007048646e-01 3.300071599791859316e-04
2.458963996240601409e+06 9.968680999849507396e-01 3.300550597864375705e-04
2.458964000939849764e+06 9.968671295319007086e-01 3.301029595984357381e-04
2.458964005639097653e+06 9.968745520818520500e-01 3.301508594056873228e-04
2.458964010338346008e+06 9.968983059746572284e-01 3.301987592176854904e-04
2.458964015037593897e+06 9.969384662222235960e-01 3.302060739863715432e-04
2.458964019736842252e+06 9.969950328325105637e-01 3.301940548694967670e-04
2.458964024436090142e+06 9.970642061928896016e-01 3.301820357538128785e-04
2.458964029135338496e+06 9.971191874965207314e-01 3.301700166369381023e-04
2.458964033834586386e+06 9.971547696234501768e-01 3.301746915900905617e-04
2.458964038533834741e+06 9.971709525807295194e-01 3.302310774089404263e-04
2.458964043233082630e+06 9.971677488604232531e-01 3.302874632222028550e-04
2.458964047932330985e+06 9.971626824434020042e-01 3.303438490410527738e-04
2.458964052631578874e+06 9.971714910189871661e-01 3.304002348543152567e-04
2.458964057330827229e+06 9.971941745889246755e-01 3.303165883438266060e-04
2.458964062030075118e+06 9.972307331487190174e-01 3.302002574364459701e-04
2.458964066729323473e+06 9.972761786962103248e-01 3.300839265175377715e-04
2.458964071428571362e+06 9.973095648412648728e-01 3.299675956101570814e-04
2.458964076127819717e+06 9.973285636488383732e-01 3.298106988398265987e-04
2.458964080827067606e+06 9.973331751151655045e-01 3.295869025132261388e-04
2.458964085526315961e+06 9.973230971244330112e-01 3.293631061644491367e-04
2.458964090225563850e+06 9.972834979656876042e-01 3.291393098378487311e-04
2.458964094924812205e+06 9.972061532384450810e-01 3.289155134890717289e-04
2.458964099624060094e+06 9.970910629580338469e-01 3.287714893374867097e-04
2.458964104323308449e+06 9.969382271016448138e-01 3.286321801147219454e-04
2.458964109022556338e+06 9.967826733113233084e-01 3.284928709057616768e-04
2.458964113721804693e+06 9.967168088712931029e-01 3.283535616829969125e-04
2.458964118421052583e+06 9.967455457467806479e-01 3.282204767147376160e-04
2.458964123120300937e+06 9.968688839434814986e-01 3.280933501818699967e-04
2.458964127819548827e+06 9.970776421431242209e-01 3.279662236615996681e-04
2.458964132518797182e+06 9.972217530984121003e-01 3.278390971287319946e-04
2.458964137218045071e+06 9.972484081726120664e-01 3.277033524498135729e-04
2.458964141917293426e+06 9.971576073710067822e-01 3.274652012005455732e-04
2.458964146616541315e+06 9.969493507115918529e-01 3.272270499748765348e-04
2.458964151315789670e+06 9.966988092350130835e-01 3.269888987256085351e-04
2.458964156015037559e+06 9.965316638989162312e-01 3.267507474999395509e-04
2.458964160714285914e+06 9.964498744568162092e-01 3.266257266958967468e-04
2.458964165413533803e+06 9.964534409249224955e-01 3.265631513972115370e-04
2.458964170112782158e+06 9.965423633039419693e-01 3.265005760923255580e-04
2.458964174812030047e+06 9.967166415762515053e-01 3.264380007936403482e-04
2.458964179511278402e+06 9.969723934768094376e-01 3.263754254887543693e-04
2.458964184210526291e+06 9.971934373302669963e-01 3.263128501900692136e-04
2.458964188909774646e+06 9.973255237951632601e-01 3.262502748851831805e-04
2.458964193609022535e+06 9.973686528453203914e-01 3.261876995864980248e-04
2.458964198308270890e+06 9.973228244892861083e-01 3.261251242816120459e-04
2.458964203007518779e+06 9.971880387361427012e-01 3.260509261926644847e-04
2.458964207706767134e+06 9.969642955591775380e-01 3.259734071416394850e-04
2.458964212406015024e+06 9.966814698457590049e-01 3.258958880982961120e-04
2.458964217105263378e+06 9.964811752128290845e-01 3.258183690472710582e-04
2.458964221804511268e+06 9.963816868189405707e-01 3.257920021162073699e-04
2.458964226503759623e+06 9.963830046443763466e-01 3.258629718296833554e-04
2.458964231203007512e+06 9.964838511986452430e-01 3.259339415361266635e-04
2.458964235902255867e+06 9.965886318972946301e-01 3.260049112496026490e-04
2.458964240601503756e+06 9.966378904451891341e-01 3.260758809560459571e-04
2.458964245300752111e+06 9.966316268520909460e-01 3.260626522183694372e-04
2.458964250000000000e+06 9.965698411192415174e-01 3.260412180192076180e-04
2.458964254699247889e+06 9.964642459088278725e-01 3.260197838200457987e-04
2.458964259398496244e+06 9.963494223050729515e-01 3.259983496187599731e-04
2.458964264097744133e+06 9.962276354828267788e-01 3.259455682244884688e-04
2.458964268796992488e+06 9.960988854179528840e-01 3.258585424884376312e-04
2.458964273496240377e+06 9.959677336562647865e-01 3.257715167610104293e-04
2.458964278195488732e+06 9.959267970087365418e-01 3.256844910249596459e-04
2.458964282894736622e+06 9.960125415378494607e-01 3.256084743180070345e-04
2.458964287593984976e+06 9.962249672605971718e-01 3.257681185486797589e-04
2.458964292293232866e+06 9.965640741348797960e-01 3.259277627635328895e-04
2.458964296992481221e+06 9.969223624682266305e-01 3.260874069942056139e-04
2.458964301691729110e+06 9.970983619915538831e-01 3.262470512090586902e-04
2.458964306390977465e+06 9.970874331866848017e-01 3.263249572603148674e-04
2.458964311090225354e+06 9.968895760557849872e-01 3.263508994458083515e-04
2.458964315789473709e+06 9.965272619890778172e-01 3.263768416338725330e-04
2.458964320488721598e+06 9.962136540973304255e-01 3.264027838193659628e-04
2.458964325187969953e+06 9.960015999229531181e-01 3.263936123806781935e-04
2.458964329887217842e+06 9.958910995079721662e-01 3.262223546996461548e-04
2.458964334586466197e+06 9.958821528304878656e-01 3.260510970016436958e-04
2.458964339285714086e+06 9.959103907866033722e-01 3.258798393206116572e-04
2.458964343984962441e+06 9.959010082021397814e-01 3.257085816226091982e-04
2.458964348684210330e+06 9.958539014204210726e-01 3.255457151067668261e-04
2.458964353383458685e+06 9.957690704321113806e-01 3.253857241007358900e-04
2.458964358082706574e+06 9.956598750429687117e-01 3.252257331105589712e-04
2.458964362781954929e+06 9.955980854180025430e-01 3.250657421045280893e-04
2.458964367481202818e+06 9.955943662702937402e-01 3.249542744975742132e-04
2.458964372180451173e+06 9.956487175991052263e-01 3.249500609366376370e-04
2.458964376879699063e+06 9.957606992551037983e-01 3.249458473761186956e-04
2.458964381578947417e+06 9.958729869079203656e-01 3.249416338151821736e-04
2.458964386278195307e+06 9.959454973568032665e-01 3.249374202546631779e-04
2.458964390977443662e+06 9.959782306161228949e-01 3.247017836238135641e-04
2.458964395676691551e+06 9.959711866793922175e-01 3.244340524181657461e-04
2.458964400375939906e+06 9.959264812091110919e-01 3.241663211859876635e-04
2.458964405075187795e+06 9.958511127737426083e-01 3.238985899803398455e-04
2.458964409774436150e+06 9.957456350314383142e-01 3.236843897945631361e-04
2.458964414473684039e+06 9.956100480031025990e-01 3.235369740615609297e-04
2.458964419172932394e+06 9.954458224533839772e-01 3.233895583139508880e-04
2.458964423872180283e+06 9.952911264768722344e-01 3.232421425809486816e-04
2.458964428571428638e+06 9.951627687745679962e-01 3.230952114819468863e-04
2.458964433270676527e+06 9.950607493719100249e-01 3.229894406420825894e-04
2.458964437969924882e+06 9.949850682486793829e-01 3.228836697917373101e-04
2.458964442669172771e+06 9.949374440531916219e-01 3.227778989518730133e-04
2.458964447368421126e+06 9.949214824214933639e-01 3.226721281015276256e-04
2.458964452067669015e+06 9.949372976396619883e-01 3.226650716632546777e-04
2.458964456766917370e+06 9.949848897108322099e-01 3.227299827471852853e-04
2.458964461466165259e+06 9.950593298835654910e-01 3.227948938246835925e-04
2.458964466165413614e+06 9.951055516950740865e-01 3.228598049086141460e-04
2.458964470864661504e+06 9.951082072457222427e-01 3.228887915252887423e-04
2.458964475563909858e+06 9.950672965360365385e-01 3.227060643009632321e-04
2.458964480263157748e+06 9.949828195741248216e-01 3.225233370947447114e-04
2.458964484962406103e+06 9.948788394323188067e-01 3.223406098704192555e-04
2.458964489661653992e+06 9.947869824975398290e-01 3.221578826642007348e-04
2.458964494360902347e+06 9.947073917622225592e-01 3.220741877334873859e-04
2.458964499060150236e+06 9.946400672421407130e-01 3.220305930848258304e-04
2.458964503759398591e+06 9.945834459527057581e-01 3.219869984318443254e-04
2.458964508458646480e+06 9.945279654339780340e-01 3.219434037831827157e-04
2.458964513157894835e+06 9.944720007539700202e-01 3.219068116994980387e-04
2.458964517857142724e+06 9.944155519237730667e-01 3.218883610148253935e-04
2.458964522556391079e+06 9.943587547622104728e-01 3.218699103283244583e-04
2.458964527255638968e+06 9.943412288214759087e-01 3.218514596436519216e-04
2.458964531954887323e+06 9.943942176152396062e-01 3.218330089571509863e-04
2.458964536654135212e+06 9.945177211329996325e-01 3.218698921048865087e-04
2.458964541353383567e+06 9.947117393992329637e-01 3.219169086404298236e-04
2.458964546052631456e+06 9.949401638536204961e-01 3.219639251713141050e-04
2.458964550751879811e+06 9.950689307212238210e-01 3.220109417068573658e-04
2.458964555451127701e+06 9.950854318995334680e-01 3.220542739384762358e-04
2.458964560150376055e+06 9.949896673918195988e-01 3.220923464720751024e-04
2.458964564849623945e+06 9.947848932219477414e-01 3.221304190019013249e-04
2.458964569548872299e+06 9.945833194076880712e-01 3.221684915355001915e-04
2.458964574248120189e+06 9.944402324536608662e-01 3.222065640653263598e-04
2.458964578947368544e+06 9.943556323315083656e-01 3.222422162364366703e-04
2.458964583646616433e+06 9.943295190579967135e-01 3.222778155893812327e-04
2.458964588345864788e+06 9.943424942216295692e-01 3.223134149458534094e-04
2.458964593045112677e+06 9.943490321840784407e-01 3.223490142987979717e-04
2.458964597744361032e+06 9.943472406173352596e-01 3.223985081575869173e-04
2.458964602443608921e+06 9.943371195217554082e-01 3.224595851580900436e-04
2.458964607142857276e+06 9.943211305335222239e-01 3.225206621646454033e-04
2.458964611842105165e+06 9.943321087950407478e-01 3.225817391651484753e-04
2.458964616541353520e+06 9.943803199690155470e-01 3.226461636380871306e-04
2.458964621240601409e+06 9.944657640458917092e-01 3.227371085022534840e-04
2.458964625939849764e+06 9.945884410426031330e-01 3.228280533754318343e-04
2.458964630639097653e+06 9.947387723425085149e-01 3.229189982395981877e-04
2.458964635338346008e+06 9.949025745049596692e-01 3.230099431127765380e-04
2.458964640037593897e+06 9.950797168745910692e-01 3.230706301325129092e-04
2.458964644736842252e+06 9.952701994865095214e-01 3.231169989322405563e-04
2.458964649436090142e+06 9.954655942469028407e-01 3.231633677273734631e-04
2.458964654135338496e+06 9.956068233607545670e-01 3.232097365271011644e-04
2.458964658834586386e+06 9.956824714866736592e-01 3.232523514002187117e-04
2.458964663533834741e+06 9.956925386396525690e-01 3.232834296842185457e-04
2.458964668233082630e+06 9.956370690593264738e-01 3.233145079651386492e-04
2.458964672932330985e+06 9.955721414408110759e-01 3.233455862491384832e-04
2.458964677631578874e+06 9.955478362396343872e-01 3.233766645300586409e-04
2.458964682330827229e+06 9.955641534509797053e-01 3.234935459391497371e-04
2.458964687030075118e+06 9.956210930716128393e-01 3.236302642040144503e-04
2.458964691729323473e+06 9.957067138934004857e-01 3.237669824824270285e-04
2.458964696428571362e+06 9.957711346029471944e-01 3.239037007472917416e-04
2.458964701127819717e+06 9.958088492277800130e-01 3.239909518273891703e-04
2.458964705827067606e+06 9.958198577604248092e-01 3.239971282267972577e-04
2.458964710526315961e+06 9.958048609154874775e-01 3.240033046268174315e-04
2.458964715225563850e+06 9.957976951914353503e-01 3.240094810262255732e-04
2.458964719924812205e+06 9.958170291479842007e-01 3.240156574262457469e-04
2.458964724624060094e+06 9.958628627813020939e-01 3.241010858425883876e-04
2.458964729323308449e+06 9.959351961004724307e-01 3.241910689266731664e-04
2.458964734022556338e+06 9.960220501532129900e-01 3.242810520018413038e-04
2.458964738721804693e+06 9.960919794402450789e-01 3.243710350859261367e-04
2.458964743421052583e+06 9.961433287283261162e-01 3.244148969279532155e-04
2.458964748120300937e+06 9.961760980276326283e-01 3.244148642139700004e-04
2.458964752819548827e+06 9.961907179106195276e-01 3.244148314999900922e-04
2.458964757518797182e+06 9.961941627390025200e-01 3.244147987860069855e-04
2.458964762218045071e+06 9.961888745788668453e-01 3.244164528874094919e-04
2.458964766917293426e+06 9.961748534291643420e-01 3.244377496904450966e-04
2.458964771616541315e+06 9.961520992926737872e-01 3.244590464913704102e-04
2.458964776315789670e+06 9.961414540982055366e-01 3.244803432944060148e-04
2.458964781015037559e+06 9.961775870718494463e-01 3.245016400953312742e-04
2.458964785714285914e+06 9.962610284388090376e-01 3.245489733932499792e-04
2.458964790413533803e+06 9.963917781825474274e-01 3.246105869044008628e-04
2.458964795112782158e+06 9.965604642550095482e-01 3.246722004216571599e-04
2.458964799812030047e+06 9.966912674565786556e-01 3.247338139328080978e-04
2.458964804511278402e+06 9.967676057932104428e-01 3.247735391526693303e-04
2.458964809210526291e+06 9.967894792497760115e-01 3.247321559680756880e-04
2.458964813909774646e+06 9.967568878306101166e-01 3.246907727793812135e-04
2.458964818609022535e+06 9.967089833020101874e-01 3.246493895947875170e-04
2.458964823308270890e+06 9.966855672178451808e-01 3.246080064060930426e-04
2.458964828007518779e+06 9.966866402553963278e-01 3.246151033600670277e-04
2.458964832706767134e+06 9.967122024148759030e-01 3.246359356250074673e-04
2.458964837406015024e+06 9.967628001789091696e-01 3.246567678878835858e-04
2.458964842105263378e+06 9.968410099799305257e-01 3.246776001528240254e-04
2.458964846804511268e+06 9.969471621583213539e-01 3.246988262560313683e-04
2.458964851503759623e+06 9.970812567351192701e-01 3.247207969676111760e-04
2.458964856203007512e+06 9.972427993124552970e-01 3.247427676770137973e-04
2.458964860902255867e+06 9.973955630538973161e-01 3.247647383885936051e-04
2.458964865601503756e+06 9.975171313590792677e-01 3.247867090979961722e-04
2.458964870300752111e+06 9.976075042520945457e-01 3.246835441051644966e-04
2.458964875000000000e+06 9.976666817150321442e-01 3.245684039814523080e-04
