2.458959000000000000e+06 9.952331124708407861e-01 3.825078550268330561e-04
2.458959004699247889e+06 9.953253315190797590e-01 3.823626655602981408e-04
2.458959009398496244e+06 9.954126265996932066e-01 3.822174760793760795e-04
2.458959014097744133e+06 9.954909181028588350e-01 3.820281892670683490e-04
2.458959018796992488e+06 9.955602060440926770e-01 3.817883354540621901e-04
2.458959023496240377e+06 9.956214576383983772e-01 3.815484816648237487e-04
2.458959028195488732e+06 9.956960784973063472e-01 3.813086278518175898e-04
2.458959032894736622e+06 9.957928496688478459e-01 3.810669865134282391e-04
2.458959037593984976e+06 9.959117711722015320e-01 3.807722040965652024e-04
2.458959042293232866e+06 9.960528429837990361e-01 3.804774217089128491e-04
2.458959046992481221e+06 9.961675545974002510e-01 3.801826392920497582e-04
2.458959051691729110e+06 9.961611420114478976e-01 3.798878569043974049e-04
2.458959056390977465e+06 9.960311353923535505e-01 3.794851895001297702e-04
2.458959061090225354e+06 9.957775347658827103e-01 3.790103761063711905e-04
2.458959065789473709e+06 9.954205056267891871e-01 3.785355626655620312e-04
2.458959070488721598e+06 9.951628741886481277e-01 3.780607492718035057e-04
2.458959075187969953e+06 9.950571450871198431e-01 3.776151589843510024e-04
2.458959079887217842e+06 9.951033183431582385e-01 3.773164180735252794e-04
2.458959084586466197e+06 9.953013939659143272e-01 3.770176771330965544e-04
2.458959089285714086e+06 9.955488925926745392e-01 3.767189362222708856e-04
2.458959093984962441e+06 9.957211636803285915e-01 3.764201952818421607e-04
2.458959098684210330e+06 9.958179152434651904e-01 3.760945937062333132e-04
2.458959103383458685e+06 9.958391473012589978e-01 3.757591922649738308e-04
2.458959108082706574e+06 9.957997502313188365e-01 3.754237908569502406e-04
2.458959112781954929e+06 9.957835684993133762e-01 3.750883894156907582e-04
2.458959117481202818e+06 9.958036982622160416e-01 3.747497458819039969e-04
2.458959122180451173e+06 9.958601395240164189e-01 3.744035157447160719e-04
2.458959126879699063e+06 9.959526211530074224e-01 3.740572856418369657e-04
2.458959131578947417e+06 9.960355477988181994e-01 3.737110555046490408e-04
2.458959136278195307e+06 9.960756148883126437e-01 3.733648254017700430e-04
2.458959140977443662e+06 9.960728224294310706e-01 3.731013505987523186e-04
2.458959145676691551e+06 9.960271704227270373e-01 3.728506681277586133e-04
2.458959150375939906e+06 9.959694977134152527e-01 3.725999856319240472e-04
2.458959155075187795e+06 9.960062021677612565e-01 3.723493031609303419e-04
2.458959159774436150e+06 9.961462667282028338e-01 3.721212258142860495e-04
2.458959164473684039e+06 9.963896913669817446e-01 3.719227696759593678e-04
2.458959169172932394e+06 9.967304285142547515e-01 3.717243135179671017e-04
2.458959173872180283e+06 9.969952290727678301e-01 3.715258573796403657e-04
2.458959178571428638e+06 9.971045968696532480e-01 3.713274012216481539e-04
2.458959183270676527e+06 9.970585318832357880e-01 3.710909932540002874e-04
2.458959187969924882e+06 9.968570341043859750e-01 3.708545679856974802e-04
2.458959192669172771e+06 9.965828005081229790e-01 3.706181427408227098e-04
2.458959197368421126e+06 9.964166139777073106e-01 3.703817174725199026e-04
2.458959202067669015e+06 9.963648334931676231e-01 3.701649511863066688e-04
2.458959206766917370e+06 9.964274590442413482e-01 3.699632431503505027e-04
2.458959211466165259e+06 9.965954268042671593e-01 3.697615351343821999e-04
2.458959216165413614e+06 9.967608617509073898e-01 3.695598270984260881e-04
2.458959220864661504e+06 9.968923973919907588e-01 3.693630574869308453e-04
2.458959225563909858e+06 9.969900337535859691e-01 3.691984875985057321e-04
2.458959230263157748e+06 9.970537708163429436e-01 3.690339177263883747e-04
2.458959234962406103e+06 9.970781388175362636e-01 3.688693478379632615e-04
2.458959239661653992e+06 9.970556246272841427e-01 3.687047779658459042e-04
2.458959244360902347e+06 9.969861826382693248e-01 3.685834159129730255e-04
2.458959249060150236e+06 9.968698128642541345e-01 3.684805990009798623e-04
2.458959253759398591e+06 9.967249872478869399e-01 3.683777820787982886e-04
2.458959258458646480e+06 9.966704087401164758e-01 3.682749651668050712e-04
2.458959263157894835e+06 9.967272336945653954e-01 3.682021466200629698e-04
2.458959267857142724e+06 9.968954620999722627e-01 3.682119349680547079e-04
2.458959272556391079e+06 9.971748791892687258e-01 3.682217233170163731e-04
2.458959277255638968e+06 9.974705308291684780e-01 3.682315116650080569e-04
2.458959281954887323e+06 9.977040854253819147e-01 3.682413000139697764e-04
2.458959286654135212e+06 9.978755429316226166e-01 3.681009760128539274e-04
2.458959291353383567e+06 9.979849033818705140e-01 3.679305828457669122e-04
2.458959296052631456e+06 9.980455758772596164e-01 3.677601896955646653e-04
2.458959300751879811e+06 9.981095281570765421e-01 3.675897965284777584e-04
2.458959305451127701e+06 9.981819501006715667e-01 3.673784796471724762e-04
2.458959310150376055e+06 9.982628417223975426e-01 3.671057341080901293e-04
2.458959314849623945e+06 9.983511070546724486e-01 3.668329885960348825e-04
2.458959319548872299e+06 9.984043145553337384e-01 3.665602430569525356e-04
2.458959324248120189e+06 9.984006753094751829e-01 3.662874975448972888e-04
2.458959328947368544e+06 9.983401893163750263e-01 3.658351721246077626e-04
2.458959333646616433e+06 9.982228565880212345e-01 3.653766312050840703e-04
2.458959338345864788e+06 9.980937255542123854e-01 3.649180902401222780e-04
2.458959343045112677e+06 9.980629507122185107e-01 3.644595493205986399e-04
2.458959347744361032e+06 9.981355425907109113e-01 3.640898521526811588e-04
2.458959352443608921e+06 9.983115011753025403e-01 3.637979159889562480e-04
2.458959357142857276e+06 9.985825619246804230e-01 3.635059797963026006e-04
2.458959361842105165e+06 9.988306064990468691e-01 3.632140436325777440e-04
2.458959366541353520e+06 9.990171335806355968e-01 3.629054039903372320e-04
2.458959371240601409e+06 9.991421431324800650e-01 3.624463919738513725e-04
2.458959375939849764e+06 9.992056351793553448e-01 3.619873799118807924e-04
2.458959380639097653e+06 9.992353943220677603e-01 3.615283678953949329e-04
2.458959385338346008e+06 9.992743686531210257e-01 3.610693558334242986e-04
2.458959390037593897e+06 9.993230428456332248e-01 3.607282617238264689e-04
2.458959394736842252e+06 9.993814169092506416e-01 3.604461204229295469e-04
2.458959399436090142e+06 9.994477014244922408e-01 3.601639791499908379e-04
2.458959404135338496e+06 9.995086883800091693e-01 3.598818378490939158e-04
2.458959408834586386e+06 9.995617057095947944e-01 3.596121964307089232e-04
2.458959413533834741e+06 9.996067534237560448e-01 3.593836096983016770e-04
2.458959418233082630e+06 9.996438318923324129e-01 3.591550229885456368e-04
2.458959422932330985e+06 9.996743337619821146e-01 3.589264362561383364e-04
2.458959427631578874e+06 9.996995624113791390e-01 3.586978495463824046e-04
2.458959432330827229e+06 9.997195178455229314e-01 3.585472775594729855e-04
2.458959437030075118e+06 9.997342000604588774e-01 3.584161948297497373e-04
2.458959441729323473e+06 9.997426183414502843e-01 3.582851120870370965e-04
2.458959446428571362e+06 9.997404481301429557e-01 3.581540293573138483e-04
2.458959451127819717e+06 9.997271845499703380e-01 3.580535730846645713e-04
2.458959455827067606e+06 9.997028276035615502e-01 3.580059792065226143e-04
2.458959460526315961e+06 9.996675040423999015e-01 3.579583853236645405e-04
2.458959465225563850e+06 9.996282676597735284e-01 3.579107914455226377e-04
2.458959469924812205e+06 9.995891766161392189e-01 3.578631975626645639e-04
2.458959474624060094e+06 9.995502309192442203e-01 3.578656604912893368e-04
2.458959479323308449e+06 9.995114305613698180e-01 3.578716866070594596e-04
2.458959484022556338e+06 9.994738315274011020e-01 3.578777127222325122e-04
2.458959488721804693e+06 9.994403224117976992e-01 3.578837388380027434e-04
2.458959493421052583e+06 9.994110678846295226e-01 3.578808519762349317e-04
2.458959498120300937e+06 9.993860679400990987e-01 3.578690614652492029e-04
2.458959502819548827e+06 9.993660193433130390e-01 3.578572709554318104e-04
2.458959507518797182e+06 9.993631038197412497e-01 3.578454804444460816e-04
2.458959512218045071e+06 9.993817666694917445e-01 3.578470961452673705e-04
2.458959516917293426e+06 9.994220078962635645e-01 3.580354695144569730e-04
2.458959521616541315e+06 9.994838274920810894e-01 3.582238428649800292e-04
2.458959526315789670e+06 9.995572999305665229e-01 3.584122162341695774e-04
2.458959531015037559e+06 9.996252042284261563e-01 3.586005895846926337e-04
2.458959535714285914e+06 9.996872329132399093e-01 3.587702302129545029e-04
2.458959540413533803e+06 9.997433859727143934e-01 3.589290422297623491e-04
2.458959545112782158e+06 9.997897009231166976e-01 3.590878542623072273e-04
2.458959549812030047e+06 9.997923178774252850e-01 3.592466662791150194e-04
2.458959554511278402e+06 9.997434946590143534e-01 3.594297246866416727e-04
2.458959559210526291e+06 9.996432312775603846e-01 3.597095235608486412e-04
2.458959563909774646e+06 9.994915277131921627e-01 3.599893224627816950e-04
2.458959568609022535e+06 9.993650639679163561e-01 3.602691213369886634e-04
2.458959573308270890e+06 9.993456035359281620e-01 3.605489202389217172e-04
2.458959578007518779e+06 9.994331673117506920e-01 3.608483996803130817e-04
2.458959582706767134e+06 9.996277553127371762e-01 3.611538537396129841e-04
2.458959587406015024e+06 9.998867616793397639e-01 3.614593077686446181e-04
2.458959592105263378e+06 1.000000000000000000e+00 3.617647618279444663e-04
2.458959596804511268e+06 9.999390586315949347e-01 3.620081910743195956e-04
2.458959601503759623e+06 9.997039375620468959e-01 3.621278497118929807e-04
2.458959606203007512e+06 9.992965849921685573e-01 3.622475083376090971e-04
2.458959610902255867e+06 9.988882037960857829e-01 3.623671669751824822e-04
2.458959615601503756e+06 9.985893464427103572e-01 3.624868256008985444e-04
2.458959620300752111e+06 9.984000128728127699e-01 3.627773196682923247e-04
2.458959625000000000e+06 9.983202031239164498e-01 3.630866798762146116e-04
2.458959629699247889e+06 9.983184742242303678e-01 3.633960400841368984e-04
2.458959634398496244e+06 9.982985358139883081e-01 3.637054003227145681e-04
2.458959639097744133e+06 9.982536710457172724e-01 3.639367809103323092e-04
2.458959643796992488e+06 9.981838799105254845e-01 3.640792550372549410e-04
2.458959648496240377e+06 9.980916715768775038e-01 3.642217291500593631e-04
2.458959653195488732e+06 9.980319994806702288e-01 3.643642032769819948e-04
2.458959657894736622e+06 9.980272973493398148e-01 3.645036988616695063e-04
2.458959662593984976e+06 9.980775651819544514e-01 3.645585096888213287e-04
2.458959667293232866e+06 9.981828029685518855e-01 3.646133205105417862e-04
2.458959671992481221e+06 9.983005961914537263e-01 3.646681313376936087e-04
2.458959676691729110e+06 9.983484949047543022e-01 3.647229421594140120e-04
2.458959681390977465e+06 9.983243806073522908e-01 3.647730798215398254e-04
2.458959686090225354e+06 9.982282533040266470e-01 3.648201109994937967e-04
2.458959690789473709e+06 9.980659585528425248e-01 3.648671421821082111e-04
2.458959695488721598e+06 9.978958799389356926e-01 3.649141733600621824e-04
2.458959700187969953e+06 9.977330539825645106e-01 3.649489816717673969e-04
2.458959704887217842e+06 9.975774807159988322e-01 3.649229993662818946e-04
2.458959709586466197e+06 9.974291601084063208e-01 3.648970170582217917e-04
2.458959714285714086e+06 9.972957345779233096e-01 3.648710347527362894e-04
2.458959718984962441e+06 9.971864500881202353e-01 3.648450524446761323e-04
2.458959723684210330e+06 9.971013271566747660e-01 3.647306883676497326e-04
2.458959728383458685e+06 9.970403657667169517e-01 3.645843146044632399e-04
2.458959733082706574e+06 9.969969889935538232e-01 3.644379408557813123e-04
2.458959737781954929e+06 9.969343707329018089e-01 3.642915670925948196e-04
2.458959742481202818e+06 9.968467925650864592e-01 3.641688786629631897e-04
2.458959747180451173e+06 9.967342544727511022e-01 3.641012369856209898e-04
2.458959751879699063e+06 9.965968958340851724e-01 3.640335953149815987e-04
2.458959756578947417e+06 9.964574085247996926e-01 3.639659536376394530e-04
2.458959761278195307e+06 9.963322816508811686e-01 3.638983119670000620e-04
2.458959765977443662e+06 9.962215151875314367e-01 3.638797369522344836e-04
2.458959770676691551e+06 9.961251091567027149e-01 3.638686530880923340e-04
2.458959775375939906e+06 9.960483611217898492e-01 3.638575692228517792e-04
2.458959780075187795e+06 9.960094572731242879e-01 3.638464853587096296e-04
2.458959784774436150e+06 9.960099213963062859e-01 3.638925389984816895e-04
2.458959789473684039e+06 9.960497534912440276e-01 3.640130285868763550e-04
2.458959794172932394e+06 9.961263208324148133e-01 3.641335181872106886e-04
2.458959798872180283e+06 9.961651017586198309e-01 3.642540077756054083e-04
2.458959803571428638e+06 9.961320677409398749e-01 3.643745805702802102e-04
2.458959808270676527e+06 9.960272187859214865e-01 3.645801751269955155e-04
2.458959812969924882e+06 9.958505548727855095e-01 3.647857697040837385e-04
2.458959817669172771e+06 9.956558769369804329e-01 3.649913642607990980e-04
2.458959822368421126e+06 9.955602272024107746e-01 3.651969588378873211e-04
2.458959827067669015e+06 9.955676733728349159e-01 3.653920787465491857e-04
2.458959831766917370e+06 9.956782154497288984e-01 3.655792220291319955e-04
2.458959836466165259e+06 9.958808619099386306e-01 3.657663652931702320e-04
2.458959841165413614e+06 9.960457838215969195e-01 3.659535085757530961e-04
2.458959845864661504e+06 9.961354194643389226e-01 3.661534069702013293e-04
2.458959850563909858e+06 9.961497688559288743e-01 3.664354501258902533e-04
2.458959855263157748e+06 9.960888319935231605e-01 3.667174932536307222e-04
2.458959859962406103e+06 9.959947720602062571e-01 3.669995364093197004e-04
2.458959864661653992e+06 9.959252030113489029e-01 3.672815795370601693e-04
2.458959869360902347e+06 9.958804633676429097e-01 3.676279936712298618e-04
2.458959874060150236e+06 9.958605531379554066e-01 3.680018483520776764e-04
2.458959878759398591e+06 9.958587331680964772e-01 3.683757030699717576e-04
2.458959883458646480e+06 9.958319498976069273e-01 3.687495577508195723e-04
2.458959888157894835e+06 9.957725728347445182e-01 3.691250124556669644e-04
2.458959892857142724e+06 9.956806019912769479e-01 3.695048409159384906e-04
2.458959897556391079e+06 9.955561767639489190e-01 3.698846694138482037e-04
2.458959902255638968e+06 9.954576638855208159e-01 3.702644978741196757e-04
2.458959906954887323e+06 9.954329548440783437e-01 3.706443263720294429e-04
2.458959911654135212e+06 9.954820496445186961e-01 3.710616245511117318e-04
2.458959916353383567e+06 9.956049482965715347e-01 3.714863512006734425e-04
2.458959921052631456e+06 9.957834171827985026e-01 3.719110778081478885e-04
2.458959925751879811e+06 9.959471503185052255e-01 3.723358044577096534e-04
2.458959930451127701e+06 9.960891755306870987e-01 3.727139893072086850e-04
2.458959935150376055e+06 9.962094928474913846e-01 3.730227279594691605e-04
2.458959939849623945e+06 9.963067962538109112e-01 3.733314665811357817e-04
2.458959944548872299e+06 9.963312339956252872e-01 3.736402052333962030e-04
2.458959949248120189e+06 9.962573319848444520e-01 3.739489438550628784e-04
2.458959953947368544e+06 9.960850902068222323e-01 3.741120374893915405e-04
2.458959958646616433e+06 9.958145086956946557e-01 3.742703129755777522e-04
2.458959963345864788e+06 9.955161912480512409e-01 3.744285884774479242e-04
2.458959968045112677e+06 9.953619448041194362e-01 3.745868639636341902e-04
2.458959972744361032e+06 9.953595030769071261e-01 3.747193975089474450e-04
2.458959977443608921e+06 9.955088660668982570e-01 3.748295295049575929e-04
2.458959982142857276e+06 9.957988767050141021e-01 3.749396615118811031e-04
2.458959986842105165e+06 9.960713930926187176e-01 3.750497935078913052e-04
2.458959991541353520e+06 9.962751211545712859e-01 3.751431016824651648e-04
2.458959996240601409e+06 9.964100608504958823e-01 3.750873290378018018e-04
2.458960000939849764e+06 9.964762122071354478e-01 3.750315563876117724e-04
2.458960005639097653e+06 9.964965215558286848e-01 3.749757837429483552e-04
2.458960010338346008e+06 9.965062790997566422e-01 3.749200110927583258e-04
2.458960015037593897e+06 9.965058740936019177e-01 3.747074274917572192e-04
2.458960019736842252e+06 9.964953065372841312e-01 3.744169503976883112e-04
2.458960024436090142e+06 9.964707112141805156e-01 3.741264733324035615e-04
2.458960029135338496e+06 9.964037333280999498e-01 3.738359962383347077e-04
2.458960033834586386e+06 9.962886674615138993e-01 3.735272452150131340e-04
2.458960038533834741e+06 9.961255135916183834e-01 3.731589520505483766e-04
2.458960043233082630e+06 9.959142974372743318e-01 3.727906589225788402e-04
2.458960047932330985e+06 9.957354025576917733e-01 3.724223657581140828e-04
2.458960052631578874e+06 9.956636418949299516e-01 3.720540726301444921e-04
2.458960057330827229e+06 9.956990154347669097e-01 3.716234374989855148e-04
2.458960062030075118e+06 9.958415231701921444e-01 3.711773675828736315e-04
2.458960066729323473e+06 9.960555187209166883e-01 3.707312976225594762e-04
2.458960071428571362e+06 9.961862134994066142e-01 3.702852277064476471e-04
2.458960076127819717e+06 9.962156546778003774e-01 3.698524560883455800e-04
2.458960080827067606e+06 9.961438422502632006e-01 3.694424970613722505e-04
2.458960085526315961e+06 9.959733013335921870e-01 3.690325379937750582e-04
2.458960090225563850e+06 9.958421310326608378e-01 3.686225789668017287e-04
2.458960094924812205e+06 9.958293889650589037e-01 3.682126198992044823e-04
2.458960099624060094e+06 9.959350751333116980e-01 3.677697421896764115e-04
2.458960104323308449e+06 9.961591895583645773e-01 3.673245751553051459e-04
2.458960109022556338e+06 9.964446037545147128e-01 3.668794081650467056e-04
2.458960113721804693e+06 9.966358040729466072e-01 3.664342411306754943e-04
2.458960118421052583e+06 9.967240070957967824e-01 3.660003399665122501e-04
2.458960123120300937e+06 9.967092128405459217e-01 3.655776285651760505e-04
2.458960127819548827e+06 9.965971729110928434e-01 3.651549172057274597e-04
2.458960132518797182e+06 9.964875251176597004e-01 3.647322058043912601e-04
2.458960137218045071e+06 9.964164519908643713e-01 3.643137787549834659e-04
2.458960141917293426e+06 9.963839535166210126e-01 3.639536970809685535e-04
2.458960146616541315e+06 9.963900297013705831e-01 3.635936154426351141e-04
2.458960151315789670e+06 9.964123732273911793e-01 3.632335337686201475e-04
2.458960156015037559e+06 9.964124722159755088e-01 3.628734521302866538e-04
2.458960160714285914e+06 9.963896510272622908e-01 3.626136244803148637e-04
2.458960165413533803e+06 9.963439096657743521e-01 3.624113930277977360e-04
2.458960170112782158e+06 9.962822419758352588e-01 3.622091615552409743e-04
2.458960174812030047e+06 9.962640219365279659e-01 3.620069301027237924e-04
2.458960179511278402e+06 9.963027547729356170e-01 3.617844140025693999e-04
2.458960184210526291e+06 9.963984404773821302e-01 3.614816818738027866e-04
2.458960188909774646e+06 9.965510790688310028e-01 3.611789497150376545e-04
2.458960193609022535e+06 9.966994927933716664e-01 3.608762175862710413e-04
2.458960198308270890e+06 9.967788121993074180e-01 3.605734854275058549e-04
2.458960203007518779e+06 9.967890234514129588e-01 3.603620380692302530e-04
2.458960207706767134e+06 9.967301265517116704e-01 3.601780812385117466e-04
2.458960212406015024e+06 9.966307611528684163e-01 3.599941244260220939e-04
2.458960217105263378e+06 9.966314555580384482e-01 3.598101675953036416e-04
2.458960221804511268e+06 9.967510884443520069e-01 3.596563228593577114e-04
2.458960226503759623e+06 9.969896598355189044e-01 3.595621819758600102e-04
2.458960231203007512e+06 9.973449411338275450e-01 3.594680411016909472e-04
2.458960235902255867e+06 9.976254371229169582e-01 3.593739002181932461e-04
2.458960240601503756e+06 9.977081151081400590e-01 3.592797593440241830e-04
2.458960245300752111e+06 9.975929751058821848e-01 3.590949984910130847e-04
2.458960250000000000e+06 9.972800171389629709e-01 3.589003896532438572e-04
2.458960254699247889e+06 9.968610520301429689e-01 3.587057808154746298e-04
2.458960259398496244e+06 9.966158606926271979e-01 3.585111719584211320e-04
2.458960264097744133e+06 9.965637976640254747e-01 3.583857654613860268e-04
2.458960268796992488e+06 9.967048629340193866e-01 3.583388062519225759e-04
2.458960273496240377e+06 9.970294212690914426e-01 3.582918470471123580e-04
2.458960278195488732e+06 9.973286227412077043e-01 3.582448878376488528e-04
2.458960282894736622e+06 9.975176211009286753e-01 3.581976408987866639e-04
2.458960287593984976e+06 9.975964163857110600e-01 3.581425552650525121e-04
2.458960292293232866e+06 9.975650085799386835e-01 3.580874696367769387e-04
2.458960296992481221e+06 9.974513217547552602e-01 3.580323840030427869e-04
2.458960301691729110e+06 9.973093724645980540e-01 3.579772983747672136e-04
2.458960306390977465e+06 9.971405288766364006e-01 3.577520929829012446e-04
2.458960311090225354e+06 9.969447910243335320e-01 3.574144735084403197e-04
2.458960315789473709e+06 9.967336549940886137e-01 3.570768540005238431e-04
2.458960320488721598e+06 9.966211405757050557e-01 3.567392345260629182e-04
2.458960325187969953e+06 9.966364639817574256e-01 3.564199087833946379e-04
2.458960329887217842e+06 9.967796252092087084e-01 3.561906416053885996e-04
2.458960334586466197e+06 9.970506242864313196e-01 3.559613744046639179e-04
2.458960339285714086e+06 9.973222909991008578e-01 3.557321072266578796e-04
2.458960343984962441e+06 9.974415952477929670e-01 3.555028400259331979e-04
2.458960348684210330e+06 9.974082164438443643e-01 3.551573650277360531e-04
2.458960353383458685e+06 9.972221545806398968e-01 3.547701102090888370e-04
2.458960358082706574e+06 9.969241549830517579e-01 3.543828554288158727e-04
2.458960362781954929e+06 9.967410900571924692e-01 3.539956006101686566e-04
2.458960367481202818e+06 9.967079829499031485e-01 3.536673867493409407e-04
2.458960372180451173e+06 9.968248336546223776e-01 3.534754605279123675e-04
2.458960376879699063e+06 9.970906256073130969e-01 3.532835343255022183e-04
2.458960381578947417e+06 9.973449853003311105e-01 3.530916081040736450e-04
2.458960386278195307e+06 9.974719793656422473e-01 3.528996819016634958e-04
2.458960390977443662e+06 9.974716078284145970e-01 3.526162038791550812e-04
2.458960395676691551e+06 9.973438706887222116e-01 3.523189220802766183e-04
2.458960400375939906e+06 9.971226142333458053e-01 3.520216402519396235e-04
2.458960405075187795e+06 9.969234522992190817e-01 3.517243584530611606e-04
2.458960409774436150e+06 9.967559984860006050e-01 3.514382173406604211e-04
2.458960414473684039e+06 9.966202528268766070e-01 3.511665056307898742e-04
2.458960419172932394e+06 9.965166031545853453e-01 3.508947938939946842e-04
2.458960423872180283e+06 9.964558983099355283e-01 3.506230821841241374e-04
2.458960428571428638e+06 9.964430681174561988e-01 3.503520858373189244e-04
2.458960433270676527e+06 9.964781125796901007e-01 3.503775054430995615e-04
2.458960437969924882e+06 9.965610317035823451e-01 3.504029250513990713e-04
2.458960442669172771e+06 9.966614890767512280e-01 3.504283446571797083e-04
2.458960447368421126e+06 9.967138089164385706e-01 3.504537642654792723e-04
2.458960452067669015e+06 9.967157361396630222e-01 3.504176783250196377e-04
2.458960456766917370e+06 9.966672707468069436e-01 3.503350269757172456e-04
2.458960461466165259e+06 9.965745923541913243e-01 3.502523756346050793e-04
2.458960466165413614e+06 9.965101440917003561e-01 3.501697242853027414e-04
2.458960470864661504e+06 9.964947805681638737e-01 3.501049204974229757e-04
2.458960475563909858e+06 9.965285017805372014e-01 3.501536594077075482e-04
2.458960480263157748e+06 9.966113077221372407e-01 3.502023983131624879e-04
2.458960484962406103e+06 9.966968119633310419e-01 3.502511372234470605e-04
2.458960489661653992e+06 9.967219581887128976e-01 3.502998761289018918e-04
2.458960494360902347e+06 9.966863879188259112e-01 3.503151963146035937e-04
2.458960499060150236e+06 9.965901011607195548e-01 3.503163675139433077e-04
2.458960503759398591e+06 9.964403968992057159e-01 3.503175387133990854e-04
2.458960508458646480e+06 9.962836339517732176e-01 3.503187099127387451e-04
2.458960513157894835e+06 9.961279825866026227e-01 3.503117433386964373e-04
2.458960517857142724e+06 9.959734428345421442e-01 3.502826923606614158e-04
2.458960522556391079e+06 9.958200994789467853e-01 3.502536413797476748e-04
2.458960527255638968e+06 9.957016353103764761e-01 3.502245904017127075e-04
2.458960531954887323e+06 9.956455404897109895e-01 3.501955394207989665e-04
2.458960536654135212e+06 9.956518150280677659e-01 3.502492140486741985e-04
2.458960541353383567e+06 9.957204589266900330e-01 3.503191196088138791e-04
2.458960546052631456e+06 9.958375452449199638e-01 3.503890251620264294e-04
2.458960550751879811e+06 9.959496461596437644e-01 3.504589307221661100e-04
2.458960555451127701e+06 9.960515004479971735e-01 3.505532506058663838e-04
2.458960560150376055e+06 9.961431081301663770e-01 3.506837837295666673e-04
2.458960564849623945e+06 9.962238162002308162e-01 3.508143168403320936e-04
2.458960569548872299e+06 9.962690468232661134e-01 3.509448499640323771e-04
2.458960574248120189e+06 9.962663020970385919e-01 3.510753830747978033e-04
2.458960578947368544e+06 9.962155820210043533e-01 3.511431854215569560e-04
2.458960583646616433e+06 9.961168866052153570e-01 3.512090081345219778e-04
2.458960588345864788e+06 9.959907861971756260e-01 3.512748308540095056e-04
2.458960593045112677e+06 9.958870942638500257e-01 3.513406535669745274e-04
2.458960597744361032e+06 9.958080297084141996e-01 3.514111277023046639e-04
2.458960602443608921e+06 9.957535925465373916e-01 3.514856264491304306e-04
2.458960607142857276e+06 9.957231760611494620e-01 3.515601252033385298e-04
2.458960611842105165e+06 9.957082513916049038e-01 3.516346239501643507e-04
2.458960616541353520e+06 9.957060657327080344e-01 3.517118639424922475e-04
2.458960621240601409e+06 9.957166190848919518e-01 3.518130189268300748e-04
2.458960625939849764e+06 9.957399114502482051e-01 3.519141739211917308e-04
2.458960630639097653e+06 9.957543713824369425e-01 3.520153289055295582e-04
2.458960635338346008e+06 9.957269907436916423e-01 3.521164838998911599e-04
2.458960640037593897e+06 9.956574137822252757e-01 3.522263831214036598e-04
2.458960644736842252e+06 9.955456404842486506e-01 3.523405979688879787e-04
2.458960649436090142e+06 9.954044338098104738e-01 3.524548128050544195e-04
2.458960654135338496e+06 9.953268478584490486e-01 3.525690276525387384e-04
2.458960658834586386e+06 9.953315056963274454e-01 3.526904911534265905e-04
2.458960663533834741e+06 9.954184073243687036e-01 3.528353861954794239e-04
2.458960668233082630e+06 9.955875164902971974e-01 3.529802812231743305e-04
2.458960672932330985e+06 9.957411062239056587e-01 3.531251762652271638e-04
2.458960677631578874e+06 9.957887272192953443e-01 3.532700712929219620e-04
2.458960682330827229e+06 9.957303794859042601e-01 3.533262173322638373e-04
2.458960687030075118e+06 9.955660630352960450e-01 3.533605877799255259e-04
2.458960691729323473e+06 9.953248240863658003e-01 3.533949582309930731e-04
2.458960696428571362e+06 9.951321353041353568e-01 3.534293286786547618e-04
2.458960701127819717e+06 9.950024540223311176e-01 3.534721072719047038e-04
2.458960705827067606e+06 9.949357802666539685e-01 3.535292212342776384e-04
2.458960710526315961e+06 9.949313573752867068e-01 3.535863352023101624e-04
2.458960715225563850e+06 9.949485097643430143e-01 3.536434491646830969e-04
2.458960719924812205e+06 9.949640669474729693e-01 3.537005631327155126e-04
2.458960724624060094e+06 9.949780289215934825e-01 3.537864736771517324e-04
2.458960729323308449e+06 9.949903956894713408e-01 3.538743398083884118e-04
2.458960734022556338e+06 9.949895589705892718e-01 3.539622059309181345e-04
2.458960738721804693e+06 9.949440724956891691e-01 3.540500720621548138e-04
2.458960743421052583e+06 9.948521766142437439e-01 3.540629412419565945e-04
2.458960748120300937e+06 9.947138713080404537e-01 3.540017444332719718e-04
2.458960752819548827e+06 9.945355635607443512e-01 3.539405476306515630e-04
2.458960757518797182e+06 9.944272345194016260e-01 3.538793508219669403e-04
2.458960762218045071e+06 9.944286285803272118e-01 3.538230702903096686e-04
2.458960766917293426e+06 9.945397457437972211e-01 3.538322697675989892e-04
2.458960771616541315e+06 9.947605859877900469e-01 3.538414692439767126e-04
2.458960776315789670e+06 9.950096287846116327e-01 3.538506687212660874e-04
2.458960781015037559e+06 9.951468322909261532e-01 3.538598681976438650e-04
2.458960785714285914e+06 9.951697829767855996e-01 3.538935368422659348e-04
2.458960790413533803e+06 9.950784808376412771e-01 3.539411765215003569e-04
2.458960795112782158e+06 9.948928571918724817e-01 3.539888162054555037e-04
2.458960799812030047e+06 9.947810198208228982e-01 3.540364558846899258e-04
2.458960804511278402e+06 9.947810068956642882e-01 3.540885895408865018e-04
2.458960809210526291e+06 9.948928184163993160e-01 3.541583380617817811e-04
2.458960813909774646e+06 9.951164544051872562e-01 3.542280865895887408e-04
2.458960818609022535e+06 9.953408157020764424e-01 3.542978351104840201e-04
2.458960823308270890e+06 9.954487575330240867e-01 3.543675836382909256e-04
2.458960828007518779e+06 9.954402594535897153e-01 3.544878581658343023e-04
2.458960832706767134e+06 9.953153214620893419e-01 3.546232265766732046e-04
2.458960837406015024e+06 9.951028675786067756e-01 3.547585949740979781e-04
2.458960842105263378e+06 9.949440601999154365e-01 3.548939633849368803e-04
2.458960846804511268e+06 9.948577461554009016e-01 3.550772381455958833e-04
2.458960851503759623e+06 9.948439254279568544e-01 3.553548909389810107e-04
2.458960856203007512e+06 9.949018659932884479e-01 3.556325437048527189e-04
2.458960860902255867e+06 9.949700452082372859e-01 3.559101964982379004e-04
2.458960865601503756e+06 9.950091347415779275e-01 3.561878492641096629e-04
2.458960870300752111e+06 9.950191346010572868e-01 3.564908130315148308e-04
2.458960875000000000e+06 9.950000447846936158e-01 3.567964829799826583e-04
