2.458783000000000000e+06 9.977360556699109706e-01 3.178235255819439158e-04
2.458783004699247889e+06 9.979594762491019733e-01 3.179396275519443221e-04
2.458783009398496244e+06 9.980689289958252219e-01 3.180557295334496314e-04
2.458783014097744133e+06 9.980644138883884020e-01 3.179757719009230262e-04
2.458783018796992488e+06 9.979459309258971178e-01 3.178827358903191301e-04
2.458783023496240377e+06 9.977676604986130959e-01 3.177896998889343677e-04
2.458783028195488732e+06 9.976758711544275737e-01 3.176966638783304173e-04
2.458783032894736622e+06 9.976786940671436010e-01 3.176627137653522379e-04
2.458783037593984976e+06 9.977761292373202862e-01 3.176868921344264672e-04
2.458783042293232866e+06 9.979626228574018931e-01 3.177110705011048806e-04
2.458783046992481221e+06 9.981433918325509635e-01 3.177352488701791098e-04
2.458783051691729110e+06 9.982842904358792957e-01 3.177616826301529339e-04
2.458783056390977465e+06 9.983853186953104419e-01 3.178177607419165334e-04
2.458783061090225354e+06 9.984464765908227513e-01 3.178738388481231630e-04
2.458783065789473709e+06 9.984933927801671327e-01 3.179299169598867624e-04
2.458783070488721598e+06 9.985699690539332485e-01 3.179859950660933921e-04
2.458783075187969953e+06 9.986769543431998075e-01 3.180017251915761623e-04
2.458783079887217842e+06 9.988143486267637705e-01 3.179944945841113959e-04
2.458783084586466197e+06 9.989762716301658907e-01 3.179872639759300803e-04
2.458783089285714086e+06 9.991132892734493343e-01 3.179800333684653139e-04
2.458783093984962441e+06 9.992142455575978577e-01 3.180121968047512106e-04
2.458783098684210330e+06 9.992791404626035767e-01 3.181981313849432404e-04
2.458783103383458685e+06 9.993079740013275369e-01 3.183840659835600394e-04
2.458783108082706574e+06 9.993136702703677710e-01 3.185700005637520692e-04
2.458783112781954929e+06 9.993098232346169230e-01 3.187559351623688139e-04
2.458783117481202818e+06 9.992964350508236615e-01 3.187678794121481568e-04
2.458783122180451173e+06 9.992735057163348866e-01 3.187280161867581531e-04
2.458783126879699063e+06 9.992457104892219499e-01 3.186881529653183857e-04
2.458783131578947417e+06 9.992358213829306557e-01 3.186482897399284362e-04
2.458783136278195307e+06 9.992468717445260884e-01 3.186026702132367661e-04
2.458783140977443662e+06 9.992788615761976079e-01 3.185457349019489137e-04
2.458783145676691551e+06 9.993316875400616306e-01 3.184887995963029783e-04
2.458783150375939906e+06 9.993967229751011816e-01 3.184318642850151801e-04
2.458783155075187795e+06 9.994684617077567168e-01 3.183749289793692447e-04
2.458783159774436150e+06 9.995469037522460853e-01 3.183668907352367027e-04
2.458783164473684039e+06 9.996320490930227232e-01 3.183640573842029834e-04
2.458783169172932394e+06 9.997119291366456384e-01 3.183612240328884558e-04
2.458783173872180283e+06 9.997502920304014440e-01 3.183583906818546823e-04
2.458783178571428638e+06 9.997446557976605863e-01 3.183595497104108095e-04
2.458783183270676527e+06 9.996950204395399497e-01 3.183652033252801477e-04
2.458783187969924882e+06 9.996040212830205052e-01 3.183708569407098015e-04
2.458783192669172771e+06 9.995280983881499326e-01 3.183765105555791939e-04
2.458783197368421126e+06 9.994900509860710214e-01 3.183802069903082462e-04
2.458783202067669015e+06 9.994898790843239622e-01 3.183330084670987835e-04
2.458783206766917370e+06 9.995275826828753374e-01 3.182858099392123978e-04
2.458783211466165259e+06 9.995836023069099019e-01 3.182386114160029892e-04
2.458783216165413614e+06 9.996203057646649848e-01 3.181914128881165493e-04
2.458783220864661504e+06 9.996367549035726219e-01 3.182097725383203858e-04
2.458783225563909858e+06 9.996329497268926501e-01 3.182711770823085768e-04
2.458783230263157748e+06 9.996121976926916064e-01 3.183325816202119542e-04
2.458783234962406103e+06 9.996070669871504055e-01 3.183939861642001452e-04
2.458783239661653992e+06 9.996258588952348090e-01 3.184428765556380765e-04
2.458783244360902347e+06 9.996685734206688378e-01 3.184307841006838759e-04
2.458783249060150236e+06 9.997352105549874857e-01 3.184186916469279897e-04
2.458783253759398591e+06 9.998098120694963731e-01 3.184065991919738433e-04
2.458783258458646480e+06 9.998732742688547503e-01 3.183945067382179029e-04
2.458783263157894835e+06 9.999255593430975697e-01 3.183391672257610732e-04
2.458783267857142724e+06 9.999666672818626756e-01 3.182683858029504822e-04
2.458783272556391079e+06 9.999948004984796635e-01 3.181976043731258620e-04
2.458783277255638968e+06 1.000000000000000000e+00 3.181268229503152168e-04
2.458783281954887323e+06 9.999807364949402366e-01 3.180807174019752181e-04
2.458783286654135212e+06 9.999370099871183193e-01 3.180912394067210111e-04
2.458783291353383567e+06 9.998689591648766140e-01 3.181017614125094812e-04
2.458783296052631456e+06 9.997979055792769465e-01 3.181122834172553284e-04
2.458783300751879811e+06 9.997391961984688491e-01 3.181228054230437986e-04
2.458783305451127701e+06 9.996928310340874591e-01 3.181342156403662138e-04
2.458783310150376055e+06 9.996588100769442375e-01 3.181457584377610378e-04
2.458783314849623945e+06 9.996314215217229071e-01 3.181573012340120285e-04
2.458783319548872299e+06 9.995912289352189006e-01 3.181688440314068525e-04
2.458783324248120189e+06 9.995366255466289207e-01 3.182453764888122259e-04
2.458783328947368544e+06 9.994676113451311794e-01 3.184057258333915035e-04
2.458783333646616433e+06 9.993851181140795958e-01 3.185660751620813104e-04
2.458783338345864788e+06 9.993149940906198569e-01 3.187264245066605338e-04
2.458783343045112677e+06 9.992689452894096824e-01 3.188858970859586119e-04
2.458783347744361032e+06 9.992469717013224839e-01 3.187850808300136127e-04
2.458783352443608921e+06 9.992490733307133333e-01 3.186842645840587776e-04
2.458783357142857276e+06 9.992599930629886273e-01 3.185834483281137241e-04
2.458783361842105165e+06 9.992468015771950318e-01 3.184826320821588889e-04
2.458783366541353520e+06 9.992083768212787209e-01 3.183898830623085830e-04
2.458783371240601409e+06 9.991447188028547144e-01 3.183032204848060091e-04
2.458783375939849764e+06 9.990577556509624424e-01 3.182165578987157951e-04
2.458783380639097653e+06 9.989699953230600782e-01 3.181298953212132212e-04
2.458783385338346008e+06 9.988878990895895260e-01 3.180589966567857162e-04
2.458783390037593897e+06 9.988114669668214374e-01 3.180877424053858032e-04
2.458783394736842252e+06 9.987406989396079293e-01 3.181164881568343604e-04
2.458783399436090142e+06 9.986680780556556059e-01 3.181452339054344474e-04
2.458783404135338496e+06 9.985834122396041179e-01 3.181739796568830046e-04
2.458783408834586386e+06 9.984866445167075444e-01 3.182054126698699082e-04
2.458783413533834741e+06 9.983777748677874486e-01 3.182379798460500237e-04
2.458783418233082630e+06 9.982612761418940828e-01 3.182705470190030656e-04
2.458783422932330985e+06 9.981654862862674449e-01 3.183031141951832353e-04
2.458783427631578874e+06 9.980953876389568880e-01 3.183379307767302924e-04
2.458783432330827229e+06 9.980509801860696362e-01 3.183788344162223898e-04
2.458783437030075118e+06 9.980321855519563856e-01 3.184197380516611432e-04
2.458783441729323473e+06 9.980084486124989329e-01 3.184606416911532406e-04
2.458783446428571362e+06 9.979548797159526474e-01 3.185015453265921024e-04
2.458783451127819717e+06 9.978714788517011325e-01 3.184413076949623735e-04
2.458783455827067606e+06 9.977582460362731664e-01 3.183612933525937594e-04
2.458783460526315961e+06 9.976220799775048498e-01 3.182812790022963747e-04
2.458783465225563850e+06 9.974894070481921116e-01 3.182012646599278148e-04
2.458783469924812205e+06 9.973628241516786508e-01 3.181533059378925340e-04
2.458783474624060094e+06 9.972423313130512890e-01 3.181528217163352061e-04
2.458783479323308449e+06 9.971280624161290573e-01 3.181523374947299023e-04
2.458783484022556338e+06 9.970250418664293734e-01 3.181518532731726287e-04
2.458783488721804693e+06 9.969358217536736788e-01 3.181513690515672707e-04
2.458783493421052583e+06 9.968604020955440514e-01 3.180967862079687081e-04
2.458783498120300937e+06 9.967987828770933367e-01 3.180405118064478739e-04
2.458783502819548827e+06 9.967598385284840434e-01 3.179842374105034709e-04
2.458783507518797182e+06 9.967650431478163320e-01 3.179279630089826367e-04
2.458783512218045071e+06 9.968153517193177882e-01 3.179016683945238013e-04
2.458783516917293426e+06 9.969107642529588809e-01 3.179012954130253587e-04
2.458783521616541315e+06 9.970455312554760141e-01 3.179009224315638873e-04
2.458783526315789670e+06 9.971388874703429606e-01 3.179005494500654447e-04
2.458783531015037559e+06 9.971647762013944316e-01 3.179022472518637380e-04
2.458783535714285914e+06 9.971231974537613230e-01 3.179219956406765472e-04
2.458783540413533803e+06 9.970141512356839320e-01 3.179417440275323714e-04
2.458783545112782158e+06 9.968571823336801474e-01 3.179614924163451264e-04
2.458783549812030047e+06 9.966821946800075160e-01 3.179812408032009507e-04
2.458783554511278402e+06 9.964895103857046577e-01 3.179453447697838816e-04
2.458783559210526291e+06 9.962791294889586924e-01 3.178819837274873285e-04
2.458783563909774646e+06 9.960653020205857411e-01 3.178186226789121607e-04
2.458783568609022535e+06 9.959519549096981228e-01 3.177552616366155535e-04
2.458783573308270890e+06 9.959598924913746210e-01 3.177373433039502740e-04
2.458783578007518779e+06 9.960891147640421606e-01 3.178664145144599021e-04
2.458783582706767134e+06 9.963395832077298619e-01 3.179954857377595380e-04
2.458783587406015024e+06 9.966056020698471629e-01 3.181245569482691661e-04
2.458783592105263378e+06 9.967892840388795639e-01 3.182536281715688561e-04
2.458783596804511268e+06 9.968906290784237401e-01 3.182850159284836495e-04
2.458783601503759623e+06 9.969096372085646252e-01 3.182924035790716589e-04
2.458783606203007512e+06 9.968643874289705442e-01 3.182997912289276150e-04
2.458783610902255867e+06 9.968330512129083276e-01 3.183071788795155703e-04
2.458783615601503756e+06 9.968246466120980198e-01 3.182909275698393953e-04
2.458783620300752111e+06 9.968391736248735091e-01 3.182343194518262954e-04
2.458783625000000000e+06 9.968755163618030490e-01 3.181777113394226950e-04
2.458783629699247889e+06 9.968734285641693837e-01 3.181211032270190946e-04
2.458783634398496244e+06 9.967985487139614520e-01 3.180644951090060490e-04
2.458783639097744133e+06 9.966508768260196049e-01 3.180626055033180903e-04
2.458783643796992488e+06 9.964304128710773645e-01 3.180644573235746355e-04
2.458783648496240377e+06 9.961961607216862635e-01 3.180663091436477337e-04
2.458783653195488732e+06 9.961082078160213849e-01 3.180681609639043330e-04
2.458783657894736622e+06 9.961755389649555870e-01 3.180474213876029383e-04
2.458783662593984976e+06 9.963981541818328624e-01 3.180043256695471430e-04
2.458783667293232866e+06 9.967631811268748976e-01 3.179612299557617490e-04
2.458783671992481221e+06 9.970488722090681266e-01 3.179181342377058995e-04
2.458783676691729110e+06 9.971749418603049753e-01 3.178774980477877370e-04
2.458783681390977465e+06 9.971413901055710127e-01 3.178699271783995699e-04
2.458783686090225354e+06 9.969482169515151426e-01 3.178623563097615623e-04
2.458783690789473709e+06 9.966829568780389836e-01 3.178547854403733952e-04
2.458783695488721598e+06 9.964963238004226342e-01 3.178472145717354418e-04
2.458783700187969953e+06 9.963909363610662373e-01 3.178845044943184937e-04
2.458783704887217842e+06 9.963667945808558635e-01 3.179474860045889599e-04
2.458783709586466197e+06 9.964176376261175694e-01 3.180104675211004733e-04
2.458783714285714086e+06 9.964904791006802265e-01 3.180734490313709396e-04
2.458783718984962441e+06 9.965732966973991358e-01 3.181170863664907586e-04
2.458783723684210330e+06 9.966660903998608712e-01 3.180845257436226269e-04
2.458783728383458685e+06 9.967688602264560549e-01 3.180519651175279096e-04
2.458783733082706574e+06 9.968623062305891347e-01 3.180194044946598321e-04
2.458783737781954929e+06 9.969260105436856811e-01 3.179868438685651689e-04
2.458783742481202818e+06 9.969599691347790227e-01 3.180379490299489373e-04
2.458783747180451173e+06 9.969641820105995533e-01 3.181141746596469178e-04
2.458783751879699063e+06 9.969449650793505979e-01 3.181904002817913702e-04
2.458783756578947417e+06 9.969332525611134255e-01 3.182666259114892964e-04
2.458783761278195307e+06 9.969331914675452211e-01 3.183326853443904517e-04
2.458783765977443662e+06 9.969447817986338833e-01 3.183786274968625424e-04
2.458783770676691551e+06 9.969677959099071396e-01 3.184245696447820682e-04
2.458783775375939906e+06 9.969827906520686289e-01 3.184705117972541047e-04
2.458783780075187795e+06 9.969772911931298331e-01 3.185164539451736305e-04
2.458783784774436150e+06 9.969512975320011794e-01 3.185213668036302164e-04
2.458783789473684039e+06 9.969048096738341025e-01 3.185218379380236504e-04
2.458783794172932394e+06 9.968395544367543160e-01 3.185223090724638136e-04
2.458783798872180283e+06 9.967607888641089042e-01 3.185227802068572476e-04
2.458783803571428638e+06 9.966688759923358898e-01 3.184881233199992495e-04
2.458783808270676527e+06 9.965638158396509239e-01 3.184136840858373227e-04
2.458783812969924882e+06 9.964480049729319555e-01 3.183392448442990265e-04
2.458783817669172771e+06 9.963733191921094745e-01 3.182648056101370997e-04
2.458783822368421126e+06 9.963608194976123489e-01 3.181933497960431857e-04
2.458783827067669015e+06 9.964105058919178193e-01 3.182028313754990028e-04
2.458783831766917370e+06 9.965223783848728978e-01 3.182123129558944437e-04
2.458783836466165259e+06 9.966595793080205157e-01 3.182217945353502607e-04
2.458783841165413614e+06 9.967508340080644125e-01 3.182312761157456474e-04
2.458783845864661504e+06 9.967943388485038803e-01 3.182637651005463934e-04
2.458783850563909858e+06 9.967900938379610221e-01 3.183114543744744018e-04
2.458783855263157748e+06 9.967443125663656422e-01 3.183591436436766981e-04
2.458783859962406103e+06 9.967186231789932904e-01 3.184068329176047065e-04
2.458783864661653992e+06 9.967288173836329479e-01 3.184319076980508248e-04
2.458783869360902347e+06 9.967748951823053316e-01 3.183456115769606664e-04
2.458783874060150236e+06 9.968568565658784131e-01 3.182593154644217191e-04
2.458783878759398591e+06 9.969265756819796209e-01 3.181730193433316149e-04
2.458783883458646480e+06 9.969261181672162131e-01 3.180867232307926676e-04
2.458783888157894835e+06 9.968553621653671870e-01 3.181037960801840056e-04
2.458783892857142724e+06 9.967143076904554366e-01 3.181580615977217951e-04
2.458783897556391079e+06 9.965249472709519774e-01 3.182123271206369563e-04
2.458783902255638968e+06 9.964098325109549403e-01 3.182665926381747458e-04
2.458783906954887323e+06 9.963878976450057934e-01 3.183066153250433848e-04
2.458783911654135212e+06 9.964591426774516147e-01 3.183137216016677690e-04
2.458783916353383567e+06 9.966231116457857642e-01 3.183208278789963425e-04
2.458783921052631456e+06 9.968073956160440341e-01 3.183279341556207267e-04
2.458783925751879811e+06 9.969595940517106403e-01 3.183350404329493002e-04
2.458783930451127701e+06 9.970797069226221554e-01 3.183746871613036731e-04
2.458783935150376055e+06 9.971677342525834264e-01 3.184192551666472130e-04
2.458783939849623945e+06 9.972225790413460356e-01 3.184638231675743637e-04
2.458783944548872299e+06 9.972404889984780585e-01 3.185083911729179036e-04
2.458783949248120189e+06 9.972211514458767523e-01 3.185213229248383404e-04
2.458783953947368544e+06 9.971645663797102932e-01 3.184932053622247178e-04
2.458783958646616433e+06 9.970732071974344191e-01 3.184650878023973322e-04
2.458783963345864788e+06 9.970165415126976960e-01 3.184369702397837638e-04
2.458783968045112677e+06 9.970261893442370349e-01 3.184088848827061223e-04
2.458783972744361032e+06 9.971021506939645729e-01 3.183980422482613772e-04
2.458783977443608921e+06 9.972444255468255747e-01 3.183871996148909681e-04
2.458783982142857276e+06 9.974156791925771204e-01 3.183763569804461688e-04
2.458783986842105165e+06 9.975349219410108992e-01 3.183655143470757597e-04
2.458783991541353520e+06 9.975993589268979944e-01 3.184047225463756460e-04
2.458783996240601409e+06 9.976089901374681768e-01 3.184819231429379216e-04
2.458784000939849764e+06 9.975660648812476605e-01 3.185591237471503277e-04
2.458784005639097653e+06 9.974970478899114479e-01 3.186363243437126034e-04
2.458784010338346008e+06 9.974095761030357110e-01 3.186958571985889360e-04
2.458784015037593897e+06 9.973036495379566935e-01 3.186422787567856694e-04
2.458784019736842252e+06 9.971792681736807440e-01 3.185887003096732274e-04
2.458784024436090142e+06 9.970723260301974644e-01 3.185351218678699066e-04
2.458784029135338496e+06 9.970317564769178853e-01 3.184815434207574646e-04
2.458784033834586386e+06 9.970578428509465629e-01 3.185499703734066845e-04
2.458784038533834741e+06 9.971505851574536949e-01 3.186702601407837617e-04
2.458784043233082630e+06 9.972989450421989588e-01 3.187905498962410118e-04
2.458784047932330985e+06 9.974325592771875471e-01 3.189108396636180891e-04
2.458784052631578874e+06 9.975389836773019825e-01 3.190112255347484957e-04
2.458784057330827229e+06 9.976182182636339491e-01 3.190573378108601003e-04
2.458784062030075118e+06 9.976702488685256220e-01 3.191034500824022806e-04
2.458784066729323473e+06 9.976892478449536084e-01 3.191495623585138852e-04
2.458784071428571362e+06 9.976704413686100503e-01 3.191956746300560655e-04
2.458784076127819717e+06 9.976138294357678182e-01 3.191408654838135068e-04
2.458784080827067606e+06 9.975194120576462709e-01 3.190661056298906418e-04
2.458784085526315961e+06 9.974052571760364527e-01 3.189913457685596945e-04
2.458784090225563850e+06 9.973409467278515628e-01 3.189165859146368838e-04
2.458784094924812205e+06 9.973333693426121860e-01 3.189298853747847399e-04
2.458784099624060094e+06 9.973825250218197880e-01 3.190744189079609740e-04
2.458784104323308449e+06 9.974866531263911762e-01 3.192189524554594105e-04
2.458784109022556338e+06 9.975787099232320543e-01 3.193634859886356446e-04
2.458784113721804693e+06 9.976244651941783559e-01 3.195080195361340810e-04
2.458784118421052583e+06 9.976239189301623345e-01 3.194002947344160839e-04
2.458784123120300937e+06 9.975770711310755212e-01 3.192842779018759103e-04
2.458784127819548827e+06 9.975061837645160523e-01 3.191682610808321287e-04
2.458784132518797182e+06 9.974654017842597975e-01 3.190522442482920094e-04
2.458784137218045071e+06 9.974571598582736565e-01 3.189937368812753452e-04
2.458784141917293426e+06 9.974814579849238250e-01 3.189852564630592138e-04
2.458784146616541315e+06 9.975362821297928395e-01 3.189767760456834475e-04
2.458784151315789670e+06 9.975930933008752000e-01 3.189682956274673162e-04
2.458784156015037559e+06 9.976426362726140695e-01 3.189684546875713256e-04
2.458784160714285914e+06 9.976849110548279276e-01 3.190451710617562371e-04
2.458784165413533803e+06 9.977199176391389202e-01 3.191218874283391566e-04
2.458784170112782158e+06 9.977258455809017157e-01 3.191986038025241223e-04
2.458784174812030047e+06 9.976691456926007895e-01 3.192753201691070418e-04
2.458784179511278402e+06 9.975494476121963272e-01 3.192044116563963235e-04
2.458784184210526291e+06 9.973667513634103532e-01 3.190601398709465557e-04
2.458784188909774646e+06 9.971374803945799448e-01 3.189158680712004439e-04
2.458784193609022535e+06 9.969821925836505061e-01 3.187715962857506219e-04
2.458784198308270890e+06 9.969251596743715638e-01 3.186608873539268976e-04
2.458784203007518779e+06 9.969663816780458543e-01 3.186596571699798377e-04
2.458784207706767134e+06 9.971058315729013355e-01 3.186584269859108593e-04
2.458784212406015024e+06 9.972566110485749924e-01 3.186571968019638536e-04
2.458784217105263378e+06 9.973377658764696063e-01 3.186559666178948752e-04
2.458784221804511268e+06 9.973492960405011543e-01 3.186539185227073973e-04
2.458784226503759623e+06 9.972912015429550303e-01 3.186516675476528250e-04
2.458784231203007512e+06 9.971777085754818248e-01 3.186494165728213273e-04
2.458784235902255867e+06 9.970706701408174055e-01 3.186471655977667007e-04
2.458784240601503756e+06 9.969772715854130496e-01 3.186217192838981739e-04
2.458784245300752111e+06 9.968975128907583416e-01 3.185564148346465099e-04
2.458784250000000000e+06 9.968315104266529669e-01 3.184911103918660149e-04
2.458784254699247889e+06 9.967856619902421000e-01 3.184258059490855199e-04
2.458784259398496244e+06 9.967636357987494922e-01 3.183605014998338017e-04
2.458784264097744133e+06 9.967654318565397631e-01 3.184086819743755766e-04
2.458784268796992488e+06 9.967910501639692944e-01 3.184648189353105345e-04
2.458784273496240377e+06 9.968347871834600804e-01 3.185209558906826680e-04
2.458784278195488732e+06 9.968810880520948547e-01 3.185770928516175175e-04
2.458784282894736622e+06 9.969290711201845845e-01 3.185821339075172701e-04
2.458784287593984976e+06 9.969787363972385519e-01 3.185363030104895981e-04
2.458784292293232866e+06 9.970270131408258685e-01 3.184904721180035407e-04
2.458784296992481221e+06 9.970204853391807509e-01 3.184446412209759230e-04
2.458784301691729110e+06 9.969397128525450125e-01 3.184030470942615220e-04
2.458784306390977465e+06 9.967846956649109025e-01 3.184197854487155776e-04
2.458784311090225354e+06 9.965554338070006235e-01 3.184365238015110207e-04
2.458784315789473709e+06 9.963061533593627894e-01 3.184532621559651847e-04
2.458784320488721598e+06 9.961307134457622059e-01 3.184700005087606279e-04
2.458784325187969953e+06 9.960307758332950234e-01 3.185110414906680521e-04
2.458784329887217842e+06 9.960063405417672877e-01 3.185660922173766917e-04
2.458784334586466197e+06 9.960480493130632329e-01 3.186211429495404402e-04
2.458784339285714086e+06 9.960761496442901430e-01 3.186761936762490797e-04
2.458784343984962441e+06 9.960724450162592447e-01 3.187067587243654879e-04
2.458784348684210330e+06 9.960369354297050615e-01 3.186399558158942158e-04
2.458784353383458685e+06 9.959696208775901116e-01 3.185731529008032931e-04
2.458784358082706574e+06 9.958986125678134238e-01 3.185063499923320753e-04
2.458784362781954929e+06 9.958538281251432256e-01 3.184395470772411526e-04
2.458784367481202818e+06 9.958352747559168217e-01 3.185141287282530938e-04
2.458784372180451173e+06 9.958429524564574864e-01 3.186315262277984164e-04
2.458784376879699063e+06 9.958726793454288906e-01 3.187489237157104124e-04
2.458784381578947417e+06 9.959038552819174939e-01 3.188663212152557350e-04
2.458784386278195307e+06 9.959337003423529566e-01 3.189168852253167490e-04
2.458784390977443662e+06 9.959622145326501030e-01 3.188342862284025692e-04
2.458784395676691551e+06 9.959890917558540391e-01 3.187516872396733568e-04
2.458784400375939906e+06 9.959875554886308269e-01 3.186690882427592312e-04
2.458784405075187795e+06 9.959403327775091519e-01 3.185864892540299646e-04
2.458784409774436150e+06 9.958474236131302781e-01 3.185694175799082522e-04
2.458784414473684039e+06 9.957088280139074765e-01 3.185595630225901897e-04
2.458784419172932394e+06 9.955458042640265015e-01 3.185497084642955863e-04
2.458784423872180283e+06 9.954234109306904221e-01 3.185398539069775239e-04
2.458784428571428638e+06 9.953461812114257068e-01 3.185292072062151977e-04
2.458784433270676527e+06 9.953141151215378901e-01 3.185176578746894984e-04
2.458784437969924882e+06 9.953252347495908925e-01 3.185061085420194237e-04
2.458784442669172771e+06 9.953362500897980913e-01 3.184945592104937787e-04
2.458784447368421126e+06 9.953294942374759646e-01 3.184843033801403544e-04
2.458784452067669015e+06 9.953049671939635523e-01 3.185107785049861554e-04
2.458784456766917370e+06 9.952626689543999650e-01 3.185372536324554546e-04
2.458784461466165259e+06 9.952090115850878993e-01 3.185637287573012556e-04
2.458784466165413614e+06 9.951564599145821255e-01 3.185902038847705548e-04
2.458784470864661504e+06 9.951053342603293217e-01 3.186034890702864786e-04
2.458784475563909858e+06 9.950556346121970375e-01 3.186080041067535212e-04
2.458784480263157748e+06 9.950096671414847549e-01 3.186125191427731135e-04
2.458784484962406103e+06 9.949904772436554135e-01 3.186170341792401019e-04
2.458784489661653992e+06 9.950040025149646805e-01 3.186255995352220384e-04
2.458784494360902347e+06 9.950502429580934116e-01 3.186543321796908470e-04
2.458784499060150236e+06 9.951291985638771598e-01 3.186830648213124866e-04
2.458784503759398591e+06 9.952027795722065973e-01 3.187117974657812953e-04
2.458784508458646480e+06 9.952248677271313682e-01 3.187405301074029348e-04
2.458784513157894835e+06 9.951953599671500283e-01 3.187505924007398681e-04
2.458784517857142724e+06 9.951142562981105666e-01 3.187538837964892422e-04
2.458784522556391079e+06 9.949968680069031235e-01 3.187571751925648528e-04
2.458784527255638968e+06 9.949290308378024861e-01 3.187604665883142269e-04
2.458784531954887323e+06 9.949240903842028194e-01 3.187862510124508356e-04
2.458784536654135212e+06 9.949820466470828961e-01 3.188644003932791619e-04
2.458784541353383567e+06 9.951025372361360644e-01 3.189425497818515107e-04
2.458784546052631456e+06 9.952260090384408286e-01 3.190206991626797829e-04
2.458784550751879811e+06 9.953091236587782165e-01 3.190988485512521317e-04
2.458784555451127701e+06 9.953518810806761818e-01 3.190713738727322881e-04
2.458784560150376055e+06 9.953542813126085020e-01 3.190277088915765636e-04
2.458784564849623945e+06 9.953225608242487477e-01 3.189840439147476731e-04
2.458784569548872299e+06 9.952781669160316591e-01 3.189403789335918944e-04
2.458784574248120189e+06 9.952229014932393314e-01 3.189516994377490275e-04
2.458784578947368544e+06 9.951567645449188593e-01 3.190348153643553469e-04
2.458784583646616433e+06 9.950808872641360159e-01 3.191179312827254161e-04
2.458784588345864788e+06 9.950274518449556682e-01 3.192010472093316812e-04
2.458784593045112677e+06 9.950111839491495580e-01 3.192841030629867756e-04
2.458784597744361032e+06 9.950320835734938196e-01 3.191789746991971531e-04
2.458784602443608921e+06 9.950901507138462110e-01 3.190738463458248704e-04
2.458784607142857276e+06 9.951737339270462224e-01 3.189687179820352480e-04
2.458784611842105165e+06 9.952574246863439278e-01 3.188635896286630194e-04
2.458784616541353520e+06 9.953403346838779475e-01 3.188228735876902690e-04
2.458784621240601409e+06 9.954224639032167588e-01 3.188313605457525931e-04
2.458784625939849764e+06 9.955000939557258066e-01 3.188398475046558787e-04
2.458784630639097653e+06 9.955291155367944622e-01 3.188483344627180945e-04
2.458784635338346008e+06 9.954967310242087697e-01 3.188592927330287938e-04
2.458784640037593897e+06 9.954029404243865953e-01 3.188862847937762313e-04
2.458784644736842252e+06 9.952477437187401410e-01 3.189132768571982871e-04
2.458784649436090142e+06 9.951041554536315115e-01 3.189402689179457245e-04
2.458784654135338496e+06 9.950722759988167576e-01 3.189672609813678345e-04
2.458784658834586386e+06 9.951527058205257292e-01 3.190234190571334338e-04
2.458784663533834741e+06 9.953454449346990085e-01 3.190920672343533254e-04
2.458784668233082630e+06 9.956290840094048633e-01 3.191607154047706616e-04
2.458784672932330985e+06 9.958662826741878638e-01 3.192293635819904991e-04
2.458784677631578874e+06 9.960326032928594753e-01 3.192902086710596127e-04
2.458784682330827229e+06 9.961280458983819974e-01 3.193296072665989093e-04
2.458784687030075118e+06 9.961527065512760792e-01 3.193690058582340481e-04
2.458784691729323473e+06 9.961485346504588279e-01 3.194084044537732364e-04
2.458784696428571362e+06 9.961500941816925359e-01 3.194478030454084294e-04
2.458784701127819717e+06 9.961573851452861783e-01 3.194003194788265433e-04
2.458784705827067606e+06 9.961704075397950220e-01 3.193354665585528777e-04
2.458784710526315961e+06 9.961875464800737934e-01 3.192706136318527121e-04
2.458784715225563850e+06 9.962025483380063662e-01 3.192057607115789922e-04
2.458784719924812205e+06 9.962147892617650990e-01 3.191842316010153557e-04
2.458784724624060094e+06 9.962242692489242657e-01 3.192276871800223017e-04
2.458784729323308449e+06 9.962314116321897561e-01 3.192711427633353194e-04
2.458784734022556338e+06 9.962525865433374817e-01 3.193145983423423197e-04
2.458784738721804693e+06 9.962961966670175196e-01 3.193580539256553373e-04
2.458784743421052583e+06 9.963622419945874498e-01 3.193954690421396420e-04
2.458784748120300937e+06 9.964507225391361356e-01 3.194326755542188753e-04
2.458784752819548827e+06 9.965476908323327443e-01 3.194698820626112250e-04
2.458784757518797182e+06 9.966190444092173362e-01 3.195070885746904583e-04
2.458784762218045071e+06 9.966632322944323219e-01 3.196016822303098751e-04
2.458784766917293426e+06 9.966802544967350297e-01 3.197465101752688769e-04
2.458784771616541315e+06 9.966717915721172716e-01 3.198913381058765115e-04
2.458784776315789670e+06 9.966618733709192712e-01 3.200361660508355133e-04
2.458784781015037559e+06 9.966583347100457235e-01 3.201579604489936700e-04
2.458784785714285914e+06 9.966611755887954116e-01 3.200720962491007790e-04
2.458784790413533803e+06 9.966703960066051193e-01 3.199862320577163814e-04
2.458784795112782158e+06 9.966796867486168443e-01 3.199003678578234903e-04
2.458784799812030047e+06 9.966792891240804364e-01 3.198145036664390927e-04
2.458784804511278402e+06 9.966690926881806023e-01 3.198219255199082436e-04
2.458784809210526291e+06 9.966490974429382810e-01 3.198760339612143457e-04
2.458784813909774646e+06 9.966220536487572224e-01 3.199301424078820986e-04
2.458784818609022535e+06 9.966082862249163732e-01 3.199842508491881465e-04
2.458784823308270890e+06 9.966119113650755423e-01 3.200181606220195213e-04
2.458784828007518779e+06 9.966329290685161935e-01 3.199856065652414549e-04
2.458784832706767134e+06 9.966713452494609937e-01 3.199530525052375076e-04
2.458784837406015024e+06 9.967498981394852242e-01 3.199204984484594954e-04
2.458784842105263378e+06 9.968899004579278023e-01 3.198879443884556023e-04
2.458784846804511268e+06 9.970913521770424781e-01 3.199153945207764966e-04
2.458784851503759623e+06 9.973542533367534269e-01 3.199578751152579279e-04
2.458784856203007512e+06 9.976520796905284927e-01 3.200003557055298899e-04
2.458784860902255867e+06 9.978688468939133083e-01 3.200428363000113754e-04
2.458784865601503756e+06 9.979909842308498646e-01 3.200681742982407294e-04
2.458784870300752111e+06 9.980184917255442434e-01 3.200638555688654712e-04
2.458784875000000000e+06 9.979530297164097563e-01 3.200595368399180934e-04
