2.458974000000000000e+06 9.944627971448004589e-01 3.748054695506568474e-04
2.458974004699247889e+06 9.947174361975078538e-01 3.746150383574746575e-04
2.458974009398496244e+06 9.948632637481789054e-01 3.744246071454220915e-04
2.458974014097744133e+06 9.948915764128963835e-01 3.742137760084718128e-04
2.458974018796992488e+06 9.948023741972713552e-01 3.739830184998357105e-04
2.458974023496240377e+06 9.946031974968193579e-01 3.737522610140659200e-04
2.458974028195488732e+06 9.944212373772266522e-01 3.735215035054298177e-04
2.458974032894736622e+06 9.943020270899894930e-01 3.732958612952706149e-04
2.458974037593984976e+06 9.942455666114824453e-01 3.731355570493957849e-04
2.458974042293232866e+06 9.942518559528948918e-01 3.729752528194059803e-04
2.458974046992481221e+06 9.942994842008092693e-01 3.728149485735312045e-04
2.458974051691729110e+06 9.943520236168998938e-01 3.726546443435413999e-04
2.458974056390977465e+06 9.944088680189938634e-01 3.724303949895212715e-04
2.458974061090225354e+06 9.944700173958254119e-01 3.721700731728887104e-04
2.458974065789473709e+06 9.945330210495968437e-01 3.719097513304601608e-04
2.458974070488721598e+06 9.945774693733602234e-01 3.716494295138275997e-04
2.458974075187969953e+06 9.945987913695186755e-01 3.713941592600255117e-04
2.458974079887217842e+06 9.945969870338468022e-01 3.711583511685366456e-04
2.458974084586466197e+06 9.945720563659868896e-01 3.709225430536808375e-04
2.458974089285714086e+06 9.945501143472771366e-01 3.706867349621919714e-04
2.458974093984962441e+06 9.945583939604180079e-01 3.704509268473361633e-04
2.458974098684210330e+06 9.945968981792918662e-01 3.702786103493555642e-04
2.458974103383458685e+06 9.946656270115293852e-01 3.701249595541688110e-04
2.458974108082706574e+06 9.947566489072307006e-01 3.699713087742076715e-04
2.458974112781954929e+06 9.948316637824059505e-01 3.698176579790209183e-04
2.458974117481202818e+06 9.948856207135551299e-01 3.696549463633093543e-04
2.458974122180451173e+06 9.949185197113720180e-01 3.694746098151817566e-04
2.458974126879699063e+06 9.949306699008381161e-01 3.692942732849243044e-04
2.458974131578947417e+06 9.949469480797007437e-01 3.691139367367967609e-04
2.458974136278195307e+06 9.949830976030786811e-01 3.689336002065392002e-04
2.458974140977443662e+06 9.950391184781363085e-01 3.688128208259625843e-04
2.458974145676691551e+06 9.951150106937712847e-01 3.686982009790287069e-04
2.458974150375939906e+06 9.952051755545564538e-01 3.685835811207367817e-04
2.458974155075187795e+06 9.952928019406648286e-01 3.684689612738029042e-04
2.458974159774436150e+06 9.953767559512100016e-01 3.684030365720461758e-04
2.458974164473684039e+06 9.954570375695532825e-01 3.683913652362950692e-04
2.458974169172932394e+06 9.955337056210428193e-01 3.683796938993873899e-04
2.458974173872180283e+06 9.956079960164614384e-01 3.683680225636362833e-04
2.458974178571428638e+06 9.956804035590812729e-01 3.683583330249961965e-04
2.458974183270676527e+06 9.957509282345520241e-01 3.683965330975583403e-04
2.458974187969924882e+06 9.958195700568506226e-01 3.684347331739057591e-04
2.458974192669172771e+06 9.958852976690278913e-01 3.684729332464677944e-04
2.458974197368421126e+06 9.959461455128995055e-01 3.685111333228152674e-04
2.458974202067669015e+06 9.960020659415343980e-01 3.685106525384904803e-04
2.458974206766917370e+06 9.960530589660154810e-01 3.684850724222858806e-04
2.458974211466165259e+06 9.961015639533659094e-01 3.684594923086160915e-04
2.458974216165413614e+06 9.961712683111916267e-01 3.684339121924115460e-04
2.458974220864661504e+06 9.962681478965697002e-01 3.684139909994453175e-04
2.458974225563909858e+06 9.963922027287001049e-01 3.684210827760656939e-04
2.458974230263157748e+06 9.965434327829969519e-01 3.684281745519832904e-04
2.458974234962406103e+06 9.966971575116186921e-01 3.684352663286036126e-04
2.458974239661653992e+06 9.968241634022101394e-01 3.684423581045212092e-04
2.458974244360902347e+06 9.969243996082993720e-01 3.684894739739120952e-04
2.458974249060150236e+06 9.969978661100212802e-01 3.685506568954055704e-04
2.458974253759398591e+06 9.970469627199353146e-01 3.686118398229618499e-04
2.458974258458646480e+06 9.970848247951850096e-01 3.686730227444553250e-04
2.458974263157894835e+06 9.971134436932329592e-01 3.686617837933687494e-04
2.458974267857142724e+06 9.971328194084072560e-01 3.684868118905304545e-04
2.458974272556391079e+06 9.971432343272604859e-01 3.683118399703537069e-04
2.458974277255638968e+06 9.971852290737782676e-01 3.681368680675154662e-04
2.458974281954887323e+06 9.972876463534448011e-01 3.679618961473387186e-04
2.458974286654135212e+06 9.974504861459626559e-01 3.678736286490286731e-04
2.458974291353383567e+06 9.976737484836043501e-01 3.677979285148591320e-04
2.458974296052631456e+06 9.979270131256728904e-01 3.677222283881909147e-04
2.458974300751879811e+06 9.981079613487817692e-01 3.676465282540213194e-04
2.458974305451127701e+06 9.982082850137188323e-01 3.674795629865563909e-04
2.458974310150376055e+06 9.982279841403663978e-01 3.671965068976288239e-04
2.458974314849623945e+06 9.981706204042677388e-01 3.669134508367501092e-04
2.458974319548872299e+06 9.981322407532470242e-01 3.666303947478225965e-04
2.458974324248120189e+06 9.981558346530683412e-01 3.663473736582728286e-04
2.458974328947368544e+06 9.982414021084081712e-01 3.660694074236694085e-04
2.458974333646616433e+06 9.983889431023081906e-01 3.657914412166104155e-04
2.458974338345864788e+06 9.985786256124238314e-01 3.655134749820069954e-04
2.458974343045112677e+06 9.987681631269923477e-01 3.652355087749479482e-04
2.458974347744361032e+06 9.989561583237327458e-01 3.649093885471378900e-04
2.458974352443608921e+06 9.991426111653871622e-01 3.645474724631963918e-04
2.458974357142857276e+06 9.993231203111624383e-01 3.641855563433917626e-04
2.458974361842105165e+06 9.994472887710853515e-01 3.638236402594502645e-04
2.458974366541353520e+06 9.995008346905422947e-01 3.634491404048739889e-04
2.458974371240601409e+06 9.994837580589209791e-01 3.629975565362886735e-04
2.458974375939849764e+06 9.993960588728372230e-01 3.625459726229545939e-04
2.458974380639097653e+06 9.992910196447067905e-01 3.620943887543692785e-04
2.458974385338346008e+06 9.992398904760741996e-01 3.616428048410351989e-04
2.458974390037593897e+06 9.992430348926637507e-01 3.612977026503922501e-04
2.458974394736842252e+06 9.993004528950990561e-01 3.609967143112047337e-04
2.458974399436090142e+06 9.994015488129694980e-01 3.606957260018429684e-04
2.458974404135338496e+06 9.994802533530624533e-01 3.603947376626553977e-04
2.458974408834586386e+06 9.995251283153341326e-01 3.601119559886534010e-04
2.458974413533834741e+06 9.995361737086784215e-01 3.598774628671392944e-04
2.458974418233082630e+06 9.995134109987432458e-01 3.596429697688617545e-04
2.458974422932330985e+06 9.994641164607817041e-01 3.594084766473477021e-04
2.458974427631578874e+06 9.993941287607659429e-01 3.591739835490701622e-04
2.458974432330827229e+06 9.993034478848245028e-01 3.589348877769096466e-04
2.458974437030075118e+06 9.991920738509297850e-01 3.586949188333273539e-04
2.458974441729323473e+06 9.990815503875742909e-01 3.584549498659658513e-04
2.458974446428571362e+06 9.990531971933909183e-01 3.582149809223835585e-04
2.458974451127819717e+06 9.991148428797286263e-01 3.580819445208989417e-04
2.458974455827067606e+06 9.992664874343702985e-01 3.581045348361167860e-04
2.458974460526315961e+06 9.995052860362235725e-01 3.581271251535731825e-04
2.458974465225563850e+06 9.997288034900009279e-01 3.581497154687909726e-04
2.458974469924812205e+06 9.998857616477904164e-01 3.581723057862473691e-04
2.458974474624060094e+06 9.999761604784846991e-01 3.581385662690461181e-04
2.458974479323308449e+06 1.000000000000000000e+00 3.581033232803008276e-04
2.458974484022556338e+06 9.999695724573612887e-01 3.580680802950479149e-04
2.458974488721804693e+06 9.999141833633947707e-01 3.580328373063026786e-04
2.458974493421052583e+06 9.998350942786115025e-01 3.580742404506353149e-04
2.458974498120300937e+06 9.997323051873370225e-01 3.581807413975371564e-04
2.458974502819548827e+06 9.996104767463879215e-01 3.582872423338854823e-04
2.458974507518797182e+06 9.995334167707700113e-01 3.583937432807873780e-04
2.458974512218045071e+06 9.995213946090559798e-01 3.585068806983259795e-04
2.458974516917293426e+06 9.995744102588633995e-01 3.586751337491057346e-04
2.458974521616541315e+06 9.996924637096850086e-01 3.588433867832128456e-04
2.458974526315789670e+06 9.998093620615799981e-01 3.590116398339926549e-04
2.458974531015037559e+06 9.998254731432766329e-01 3.591798928680997659e-04
2.458974535714285914e+06 9.997398029921903406e-01 3.592932845087495712e-04
2.458974540413533803e+06 9.995523516252997620e-01 3.593801653040269413e-04
2.458974545112782158e+06 9.992826385758164509e-01 3.594670461079134730e-04
2.458974549812030047e+06 9.990701732975018068e-01 3.595539269031908431e-04
2.458974554511278402e+06 9.989423869089086860e-01 3.596638936099298429e-04
2.458974559210526291e+06 9.988992794353621640e-01 3.598465918846975413e-04
2.458974563909774646e+06 9.989408161836692557e-01 3.600292901775693018e-04
2.458974568609022535e+06 9.990054873490278320e-01 3.602119884523370002e-04
2.458974573308270890e+06 9.990373878113791850e-01 3.603946867452087607e-04
2.458974578007518779e+06 9.990365175644017048e-01 3.605910572597022462e-04
2.458974582706767134e+06 9.990028766079220857e-01 3.607906835684195263e-04
2.458974587406015024e+06 9.989364649486082159e-01 3.609903098573552667e-04
2.458974592105263378e+06 9.988372825732977356e-01 3.611899361660726011e-04
2.458974596804511268e+06 9.987105335846453436e-01 3.613895624550083415e-04
2.458974601503759623e+06 9.986107342145911225e-01 3.615891887637256216e-04
2.458974606203007512e+06 9.985524141805223186e-01 3.617888150526614162e-04
2.458974610902255867e+06 9.985355734708813991e-01 3.619884413613786963e-04
2.458974615601503756e+06 9.985602120890053612e-01 3.621880676503144909e-04
2.458974620300752111e+06 9.986263300397775211e-01 3.623577056797945475e-04
2.458974625000000000e+06 9.987339273100940273e-01 3.625254680467596504e-04
2.458974629699247889e+06 9.988445068314447672e-01 3.626932304137248076e-04
2.458974634398496244e+06 9.988554497777487606e-01 3.628609927973139282e-04
2.458974639097744133e+06 9.987611896279188217e-01 3.630286455186516013e-04
2.458974643796992488e+06 9.985617263632733387e-01 3.631961920086768992e-04
2.458974648496240377e+06 9.982648838836790661e-01 3.633637384820995382e-04
2.458974653195488732e+06 9.980009859787214443e-01 3.635312849721247276e-04
2.458974657894736622e+06 9.978163706013343237e-01 3.636930054210629065e-04
2.458974662593984976e+06 9.977110377149291942e-01 3.637824573190288858e-04
2.458974667293232866e+06 9.976849873403821345e-01 3.638719092081309160e-04
2.458974671992481221e+06 9.977097872228618547e-01 3.639613611060969495e-04
2.458974676691729110e+06 9.977373988253100956e-01 3.640508129951989255e-04
2.458974681390977465e+06 9.977670429759070148e-01 3.641305307254012876e-04
2.458974686090225354e+06 9.977987196687773119e-01 3.642048046462433779e-04
2.458974690789473709e+06 9.978283969984144131e-01 3.642790785744455203e-04
2.458974695488721598e+06 9.978227984286980323e-01 3.643533524952876647e-04
2.458974700187969953e+06 9.977745257215150376e-01 3.643967890715279654e-04
2.458974704887217842e+06 9.976835788864323318e-01 3.643228553482234962e-04
2.458974709586466197e+06 9.975499579054257770e-01 3.642489216175927476e-04
2.458974714285714086e+06 9.974071542151650149e-01 3.641749878942882783e-04
2.458974718984962441e+06 9.972898190159140697e-01 3.641010541636575839e-04
2.458974723684210330e+06 9.971979548303956387e-01 3.639403961222129817e-04
2.458974728383458685e+06 9.971315616404032856e-01 3.637545313904044309e-04
2.458974733082706574e+06 9.970868683576137315e-01 3.635686666770136560e-04
2.458974737781954929e+06 9.970458005007569735e-01 3.633828019452050510e-04
2.458974742481202818e+06 9.970059951423086986e-01 3.632067484787604482e-04
2.458974747180451173e+06 9.969674522743794398e-01 3.630496106754055883e-04
2.458974751879699063e+06 9.969299886473553807e-01 3.628924728876219857e-04
2.458974756578947417e+06 9.968792893728608551e-01 3.627353350842671799e-04
2.458974761278195307e+06 9.968063586663230558e-01 3.625781972964835773e-04
2.458974765977443662e+06 9.967111965132877671e-01 3.624757089705476490e-04
2.458974770676691551e+06 9.965938029326153469e-01 3.623787400609981661e-04
2.458974775375939906e+06 9.964620280566380828e-01 3.622817711418397789e-04
2.458974780075187795e+06 9.963392825033101641e-01 3.621848022322903503e-04
2.458974784774436150e+06 9.962271267199213076e-01 3.620501789232318532e-04
2.458974789473684039e+06 9.961255607286990665e-01 3.618739378280529237e-04
2.458974794172932394e+06 9.960354676955560649e-01 3.616976967154097739e-04
2.458974798872180283e+06 9.959751483935935790e-01 3.615214556202308444e-04
2.458974803571428638e+06 9.959518798134743278e-01 3.613549911274684372e-04
2.458974808270676527e+06 9.959656619598097338e-01 3.614130076090421302e-04
2.458974812969924882e+06 9.960164948353311676e-01 3.614710240963648052e-04
2.458974817669172771e+06 9.960877510309552596e-01 3.615290405779384439e-04
2.458974822368421126e+06 9.961479578224543552e-01 3.615870570652611189e-04
2.458974827067669015e+06 9.961963680879737382e-01 3.616060344886878322e-04
2.458974831766917370e+06 9.962329818371079559e-01 3.615998913354612145e-04
2.458974836466165259e+06 9.962548723249499139e-01 3.615937481828433221e-04
2.458974841165413614e+06 9.962338919115470981e-01 3.615876050296167044e-04
2.458974845864661504e+06 9.961629900519218817e-01 3.616017496812613742e-04
2.458974850563909858e+06 9.960421667320222827e-01 3.617114039825711572e-04
2.458974855263157748e+06 9.958714219757938135e-01 3.618210582730150117e-04
2.458974859962406103e+06 9.957160279437397010e-01 3.619307125743247405e-04
2.458974864661653992e+06 9.956526639662909295e-01 3.620403668647685950e-04
2.458974869360902347e+06 9.956814519770980088e-01 3.622191552913608752e-04
2.458974874060150236e+06 9.958023919704558358e-01 3.624219905456363779e-04
2.458974878759398591e+06 9.959902953789133706e-01 3.626248258200114169e-04
2.458974883458646480e+06 9.961083550718693447e-01 3.628276610742868654e-04
2.458974888157894835e+06 9.961360014750119118e-01 3.630365564807069042e-04
2.458974892857142724e+06 9.960732345828620105e-01 3.632590249579184354e-04
2.458974897556391079e+06 9.959207082883224649e-01 3.634814934571749950e-04
2.458974902255638968e+06 9.957685255135177993e-01 3.637039619343865804e-04
2.458974906954887323e+06 9.956803306110856289e-01 3.639264304336431400e-04
2.458974911654135212e+06 9.956561235985049718e-01 3.638776649317000049e-04
2.458974916353383567e+06 9.956959044709781104e-01 3.637902934606227845e-04
2.458974921052631456e+06 9.957817120878335038e-01 3.637029219982034606e-04
2.458974925751879811e+06 9.958535515855341247e-01 3.636155505271262403e-04
2.458974930451127701e+06 9.959066037798068871e-01 3.635541974488184537e-04
2.458974935150376055e+06 9.959408686811654920e-01 3.635256733301077208e-04
2.458974939849623945e+06 9.959566985791669103e-01 3.634971492142234487e-04
2.458974944548872299e+06 9.959634415748008784e-01 3.634686250955127700e-04
2.458974949248120189e+06 9.959652534946992208e-01 3.634391508756302006e-04
2.458974953947368544e+06 9.959621343392215387e-01 3.633034715840787409e-04
2.458974958646616433e+06 9.959540841089856711e-01 3.631677923059720386e-04
2.458974963345864788e+06 9.959580785438584272e-01 3.630321130144204705e-04
2.458974968045112677e+06 9.960100687929230867e-01 3.628964337363138224e-04
2.458974972744361032e+06 9.961112224152219863e-01 3.627651414941915537e-04
2.458974977443608921e+06 9.962615393907078287e-01 3.626370839152197345e-04
2.458974982142857276e+06 9.964524261705118846e-01 3.625090263235582503e-04
2.458974986842105165e+06 9.965864994575116542e-01 3.623809687445863769e-04
2.458974991541353520e+06 9.966363543987628582e-01 3.622385338074906929e-04
2.458974996240601409e+06 9.966019909843852886e-01 3.620094642166894446e-04
2.458975000939849764e+06 9.964834092075687266e-01 3.617803946031890685e-04
2.458975005639097653e+06 9.963547598988298226e-01 3.615513250123878202e-04
2.458975010338346008e+06 9.963144781093444813e-01 3.613222553988873899e-04
2.458975015037593897e+06 9.963630415490714043e-01 3.611629730208344193e-04
2.458975019736842252e+06 9.965004502276352261e-01 3.610323247064643618e-04
2.458975024436090142e+06 9.967097832739292285e-01 3.609016764050406540e-04
2.458975029135338496e+06 9.968863793939235496e-01 3.607710280906705966e-04
2.458975033834586386e+06 9.970122616350325373e-01 3.605895388375181970e-04
2.458975038533834741e+06 9.970874300222044573e-01 3.602745501348655053e-04
2.458975043233082630e+06 9.971119424059546876e-01 3.599595614634259100e-04
2.458975047932330985e+06 9.971041692334098316e-01 3.596445727607731641e-04
2.458975052631578874e+06 9.970787424618224870e-01 3.593295840893335688e-04
2.458975057330827229e+06 9.970356620861534624e-01 3.590351387555047063e-04
2.458975062030075118e+06 9.969749281149408171e-01 3.587445329628677197e-04
2.458975066729323473e+06 9.969097585131807548e-01 3.584539271414337812e-04
2.458975071428571362e+06 9.968896949847722011e-01 3.581633213487967946e-04
2.458975076127819717e+06 9.969194596140024123e-01 3.579151754833434507e-04
2.458975080827067606e+06 9.969990523949728844e-01 3.577283163553882572e-04
2.458975085526315961e+06 9.971256569422412008e-01 3.575414572089166796e-04
2.458975090225563850e+06 9.971997657717875940e-01 3.573545980809615403e-04
2.458975094924812205e+06 9.971719046542772968e-01 3.571677389344899626e-04
2.458975099624060094e+06 9.970420735952325586e-01 3.568438787892809537e-04
2.458975104323308449e+06 9.968102725689226284e-01 3.565166495687387767e-04
2.458975109022556338e+06 9.965495789743520350e-01 3.561894203806227014e-04
2.458975113721804693e+06 9.964330380744991222e-01 3.558621911600805244e-04
2.458975118421052583e+06 9.964679882161305846e-01 3.556718831848705098e-04
2.458975123120300937e+06 9.966544294061729925e-01 3.555969354087351857e-04
2.458975127819548827e+06 9.969773535948511789e-01 3.555219876400265923e-04
2.458975132518797182e+06 9.972335990423899510e-01 3.554470398638912140e-04
2.458975137218045071e+06 9.973590716036250248e-01 3.553657183951341352e-04
2.458975141917293426e+06 9.973537713034233976e-01 3.552325447803460819e-04
2.458975146616541315e+06 9.972176981428348963e-01 3.550993711787546123e-04
2.458975151315789670e+06 9.970163389531944143e-01 3.549661975639666132e-04
2.458975156015037559e+06 9.968475661720591630e-01 3.548330239623750893e-04
2.458975160714285914e+06 9.967123232779975250e-01 3.547861285798426293e-04
2.458975165413533803e+06 9.966106102978130599e-01 3.547805480588808996e-04
2.458975170112782158e+06 9.965454969809521835e-01 3.547749675373661725e-04
2.458975174812030047e+06 9.965387381619847940e-01 3.547693870164044970e-04
2.458975179511278402e+06 9.965945790505542634e-01 3.547835282898800574e-04
2.458975184210526291e+06 9.967130196355937777e-01 3.548591302814299705e-04
2.458975188909774646e+06 9.968940010153242159e-01 3.549347322804716123e-04
2.458975193609022535e+06 9.970479572316305328e-01 3.550103342720215254e-04
2.458975198308270890e+06 9.970941082569269032e-01 3.550859362710631129e-04
2.458975203007518779e+06 9.970324540820668657e-01 3.551451281228423210e-04
2.458975207706767134e+06 9.968629946948314169e-01 3.552004622974863309e-04
2.458975212406015024e+06 9.966230242881747303e-01 3.552557964666471510e-04
2.458975217105263378e+06 9.964697730582073865e-01 3.553111306412912152e-04
2.458975221804511268e+06 9.964208043920432800e-01 3.553785457411905179e-04
2.458975226503759623e+06 9.964761182799772854e-01 3.554659760903763985e-04
2.458975231203007512e+06 9.966335198654495686e-01 3.555534064308985280e-04
2.458975235902255867e+06 9.967839336511801207e-01 3.556408367800843544e-04
2.458975240601503756e+06 9.968666516083437568e-01 3.557282671206064839e-04
2.458975245300752111e+06 9.968816737533339190e-01 3.557299381525316751e-04
2.458975250000000000e+06 9.968290000831737663e-01 3.557264380603302541e-04
2.458975254699247889e+06 9.967371776825948437e-01 3.557229379681289415e-04
2.458975259398496244e+06 9.966817876878025784e-01 3.557194378755806842e-04
2.458975264097744133e+06 9.966668760167662899e-01 3.556937457212685605e-04
2.458975268796992488e+06 9.966924426665308978e-01 3.556467201777190989e-04
2.458975273496240377e+06 9.967572592093075778e-01 3.555996946388295383e-04
2.458975278195488732e+06 9.968411173486038113e-01 3.555526690952800768e-04
2.458975282894736622e+06 9.969368805792067079e-01 3.554945638602530667e-04
2.458975287593984976e+06 9.970445489200949751e-01 3.553028896331917610e-04
2.458975292293232866e+06 9.971641223499305706e-01 3.551112154251240510e-04
2.458975296992481221e+06 9.972756748111708536e-01 3.549195411980627453e-04
2.458975301691729110e+06 9.973457728141800205e-01 3.547278669899950354e-04
2.458975306390977465e+06 9.973738879984342942e-01 3.544973369824695481e-04
2.458975311090225354e+06 9.973600203583620205e-01 3.542452649216854942e-04
2.458975315789473709e+06 9.973072621696488227e-01 3.539931928359229944e-04
2.458975320488721598e+06 9.972409068836356472e-01 3.537411207751389405e-04
2.458975325187969953e+06 9.971665367184275874e-01 3.534691614232517458e-04
2.458975329887217842e+06 9.970841516887639644e-01 3.531224167673410546e-04
2.458975334586466197e+06 9.969937517783169501e-01 3.527756720770704245e-04
2.458975339285714086e+06 9.969149379893417207e-01 3.524289274211597875e-04
2.458975343984962441e+06 9.968678306523396371e-01 3.520821827308891574e-04
2.458975348684210330e+06 9.968524306338826246e-01 3.516965710817320087e-04
2.458975353383458685e+06 9.968687379309187913e-01 3.512997914313450054e-04
2.458975358082706574e+06 9.969083749475552425e-01 3.509030118202759434e-04
2.458975362781954929e+06 9.969314869383121280e-01 3.505062321698888860e-04
2.458975367481202818e+06 9.969329088707801212e-01 3.501077175265469139e-04
2.458975372180451173e+06 9.969126407452409966e-01 3.497058872753239732e-04
2.458975376879699063e+06 9.968708139897168863e-01 3.493040570639194416e-04
2.458975381578947417e+06 9.968173987147300741e-01 3.489022268126965010e-04
2.458975386278195307e+06 9.967586166037354367e-01 3.485003966012919694e-04
2.458975390977443662e+06 9.966944676450831819e-01 3.481213150123528013e-04
2.458975395676691551e+06 9.966249518514866956e-01 3.477444761050658907e-04
2.458975400375939906e+06 9.965502708912076235e-01 3.473676371604369974e-04
2.458975405075187795e+06 9.964710221325309147e-01 3.469907982531501411e-04
2.458975409774436150e+06 9.963872449062052272e-01 3.466552451000454779e-04
2.458975414473684039e+06 9.962989392288340573e-01 3.463649598830963942e-04
2.458975419172932394e+06 9.962088854845879693e-01 3.460746746373821801e-04
2.458975423872180283e+06 9.961738964206902081e-01 3.457843894204330965e-04
2.458975428571428638e+06 9.962164101761304957e-01 3.455024422056361764e-04
2.458975433270676527e+06 9.963364267424834608e-01 3.454028302358074821e-04
2.458975437969924882e+06 9.965339461435346324e-01 3.453032182561080487e-04
2.458975442669172771e+06 9.967379160723969234e-01 3.452036062862794087e-04
2.458975447368421126e+06 9.968147653999920310e-01 3.451039943065799752e-04
2.458975452067669015e+06 9.967613890057547277e-01 3.450547759193199181e-04
2.458975456766917370e+06 9.965777868791065863e-01 3.450377137855446374e-04
2.458975461466165259e+06 9.962845268116221620e-01 3.450206516534600073e-04
2.458975466165413614e+06 9.960775318253388688e-01 3.450035895196847265e-04
2.458975470864661504e+06 9.960055280070767569e-01 3.450021077741724680e-04
2.458975475563909858e+06 9.960685153425655747e-01 3.450729731993730097e-04
2.458975480263157748e+06 9.962664938193221964e-01 3.451438386175513908e-04
2.458975484962406103e+06 9.964958797255795142e-01 3.452147040427520409e-04
2.458975489661653992e+06 9.966359033681342350e-01 3.452855694609304220e-04
2.458975494360902347e+06 9.966863901667931680e-01 3.453420384390997236e-04
2.458975499060150236e+06 9.966473401115509834e-01 3.453935519456300882e-04
2.458975503759398591e+06 9.965377787022056122e-01 3.454450654572649849e-04
2.458975508458646480e+06 9.964602446533705749e-01 3.454965789637952952e-04
2.458975513157894835e+06 9.964300279614035638e-01 3.456043113027716532e-04
2.458975517857142724e+06 9.964471286322932331e-01 3.458367893946526998e-04
2.458975522556391079e+06 9.965110046372835928e-01 3.460692675095706572e-04
2.458975527255638968e+06 9.965499046272853212e-01 3.463017456014517038e-04
2.458975531954887323e+06 9.965135093500452346e-01 3.465342237163696070e-04
2.458975536654135212e+06 9.964018188127763409e-01 3.467390803457726122e-04
2.458975541353383567e+06 9.962148329933433466e-01 3.469400772492473722e-04
2.458975546052631456e+06 9.959774289680687342e-01 3.471410741328047962e-04
2.458975550751879811e+06 9.957721288958600869e-01 3.473420710362795562e-04
2.458975555451127701e+06 9.956054900161623866e-01 3.475591677890872006e-04
2.458975560150376055e+06 9.954775122959503841e-01 3.477964151837950471e-04
2.458975564849623945e+06 9.953881176011067922e-01 3.480336625549933249e-04
2.458975569548872299e+06 9.953352648873912134e-01 3.482709099497011715e-04
2.458975574248120189e+06 9.953180529240847063e-01 3.485068831778236260e-04
2.458975578947368544e+06 9.953364817077758886e-01 3.486268218658998726e-04
2.458975583646616433e+06 9.953905512348127926e-01 3.487467605420910949e-04
2.458975588345864788e+06 9.954548059740674359e-01 3.488666992301673957e-04
2.458975593045112677e+06 9.954757011842321202e-01 3.489866379063586181e-04
2.458975597744361032e+06 9.954515281772267077e-01 3.491629443086224829e-04
2.458975602443608921e+06 9.953822869578418109e-01 3.493804734033815920e-04
2.458975607142857276e+06 9.952737820998228679e-01 3.495980025196962666e-04
2.458975611842105165e+06 9.951911165173690232e-01 3.498155316144553758e-04
2.458975616541353520e+06 9.951524832012604849e-01 3.500248129185234524e-04
2.458975621240601409e+06 9.951578821591537949e-01 3.501851956516728506e-04
2.458975625939849764e+06 9.952073133921188752e-01 3.503455784007149720e-04
2.458975630639097653e+06 9.952724752505908157e-01 3.505059611338643701e-04
2.458975635338346008e+06 9.953160707220165548e-01 3.506663438829064916e-04
2.458975640037593897e+06 9.953379278702365607e-01 3.507457180104158975e-04
2.458975644736842252e+06 9.953380466995829234e-01 3.507921743789858588e-04
2.458975649436090142e+06 9.953140116952301497e-01 3.508386307429522976e-04
2.458975654135338496e+06 9.952510018490305921e-01 3.508850871115222589e-04
2.458975658834586386e+06 9.951464915364375274e-01 3.509559637842357043e-04
2.458975663533834741e+06 9.950004807367384130e-01 3.510903280847130171e-04
2.458975668233082630e+06 9.948132685773609651e-01 3.512246923718758394e-04
2.458975672932330985e+06 9.946739968769892082e-01 3.513590566723531522e-04
2.458975677631578874e+06 9.946531433231242669e-01 3.514934209595159745e-04
2.458975682330827229e+06 9.947507079116331141e-01 3.516253486973454617e-04
2.458975687030075118e+06 9.949666906231798835e-01 3.517568278647165560e-04
2.458975691729323473e+06 9.952511078454333582e-01 3.518883070451163451e-04
2.458975696428571362e+06 9.954179350102925206e-01 3.520197862124874936e-04
2.458975701127819717e+06 9.954496176364859839e-01 3.521021196107647854e-04
2.458975705827067606e+06 9.953461557177347707e-01 3.521140984309904603e-04
2.458975710526315961e+06 9.951116103011464764e-01 3.521260772524032281e-04
2.458975715225563850e+06 9.948868006155644483e-01 3.521380560726289030e-04
2.458975719924812205e+06 9.947412654730183323e-01 3.521500348940415624e-04
2.458975724624060094e+06 9.946750049023511675e-01 3.521294529789121544e-04
2.458975729323308449e+06 9.946880188904307918e-01 3.521081383966278276e-04
2.458975734022556338e+06 9.947558495783130894e-01 3.520868238164556350e-04
2.458975738721804693e+06 9.948209721253428173e-01 3.520655092341713624e-04
2.458975743421052583e+06 9.948809836854310973e-01 3.519713663253770100e-04
2.458975748120300937e+06 9.949358842704716377e-01 3.518163547465148451e-04
2.458975752819548827e+06 9.949844983179173541e-01 3.516613431830132772e-04
2.458975757518797182e+06 9.950110903697741982e-01 3.515063316041511666e-04
2.458975762218045071e+06 9.950107302181075974e-01 3.513644353736653479e-04
2.458975766917293426e+06 9.949834178628456094e-01 3.513270923301788952e-04
2.458975771616541315e+06 9.949291533094015705e-01 3.512897492903928245e-04
2.458975776315789670e+06 9.948700659037281735e-01 3.512524062469064260e-04
2.458975781015037559e+06 9.948389946098030734e-01 3.512150632071204094e-04
2.458975785714285914e+06 9.948362451269583406e-01 3.511223255300686573e-04
2.458975790413533803e+06 9.948618174557385396e-01 3.510033027658758607e-04
2.458975795112782158e+06 9.949086663405768416e-01 3.508842799898887334e-04
2.458975799812030047e+06 9.949272837246059265e-01 3.507652572256959368e-04
2.458975804511278402e+06 9.949080818759165057e-01 3.506661646596626611e-04
2.458975809210526291e+06 9.948510607983139797e-01 3.506285141351411631e-04
2.458975813909774646e+06 9.947562515149317441e-01 3.505908636068888170e-04
2.458975818609022535e+06 9.946645550001370628e-01 3.505532130823673189e-04
2.458975823308270890e+06 9.946125777174801286e-01 3.505155625541149728e-04
2.458975828007518779e+06 9.946003196772620347e-01 3.504708655774591789e-04
2.458975832706767134e+06 9.946277808770538353e-01 3.504245335112413746e-04
2.458975837406015024e+06 9.946836408941553964e-01 3.503782014496147870e-04
2.458975842105263378e+06 9.947205168894016625e-01 3.503318693833970912e-04
2.458975846804511268e+06 9.947331650736512820e-01 3.503402366534512672e-04
2.458975851503759623e+06 9.947215854494110276e-01 3.504384616827851094e-04
2.458975856203007512e+06 9.946864753750331856e-01 3.505366867023855808e-04
2.458975860902255867e+06 9.946617134903363855e-01 3.506349117317193688e-04
2.458975865601503756e+06 9.946660262051358892e-01 3.507331367513198401e-04
2.458975870300752111e+06 9.946994135202863463e-01 3.507916716276274108e-04
2.458975875000000000e+06 9.947618754291709386e-01 3.508479020808441019e-04
