2.458948000000000000e+06 9.972613959021360275e-01 3.327457215714614493e-04
2.458948004699247889e+06 9.976006880114017816e-01 3.325795185485097972e-04
2.458948009398496244e+06 9.978428892271453687e-01 3.324133155090886263e-04
2.458948014097744133e+06 9.979768294344373292e-01 3.324150528664503342e-04
2.458948018796992488e+06 9.980025086598230954e-01 3.326226823601942557e-04
2.458948023496240377e+06 9.979246355879313191e-01 3.328303118333635438e-04
2.458948028195488732e+06 9.978613254598384108e-01 3.330379413271075196e-04
2.458948032894736622e+06 9.978638398623884687e-01 3.332414569873894616e-04
2.458948037593984976e+06 9.979321787960795387e-01 3.331908842628293274e-04
2.458948042293232866e+06 9.980663422473682322e-01 3.331403115432805925e-04
2.458948046992481221e+06 9.982351325382574636e-01 3.330897388187204584e-04
2.458948051691729110e+06 9.983740460366933300e-01 3.330391660991717235e-04
2.458948056390977465e+06 9.984811152846182480e-01 3.329856468790230012e-04
2.458948061090225354e+06 9.985563402608125250e-01 3.329300168875194308e-04
2.458948065789473709e+06 9.986030027120466057e-01 3.328743868905032345e-04
2.458948070488721598e+06 9.986569758404989505e-01 3.328187568989996099e-04
2.458948075187969953e+06 9.987281093938163989e-01 3.327892570204432870e-04
2.458948079887217842e+06 9.988164033579014500e-01 3.329086230345171846e-04
2.458948084586466197e+06 9.989218577502526619e-01 3.330279890604193483e-04
2.458948089285714086e+06 9.990187137911888948e-01 3.331473550744931916e-04
2.458948093984962441e+06 9.990736396961035215e-01 3.332667211003953554e-04
2.458948098684210330e+06 9.990865011906108206e-01 3.332240011637338972e-04
2.458948103383458685e+06 9.990572982772598642e-01 3.331169937273942088e-04
2.458948108082706574e+06 9.989962156937908233e-01 3.330099863016581802e-04
2.458948112781954929e+06 9.989645190793243756e-01 3.329029788653186002e-04
2.458948117481202818e+06 9.989724456334803104e-01 3.328708731885615798e-04
2.458948122180451173e+06 9.990199953578294823e-01 3.330288131847963795e-04
2.458948126879699063e+06 9.991069787999994345e-01 3.331867531653805040e-04
2.458948131578947417e+06 9.991846152614264343e-01 3.333446931616153037e-04
2.458948136278195307e+06 9.992150282599437938e-01 3.335026331421994282e-04
2.458948140977443662e+06 9.991982178015788030e-01 3.333774392341863385e-04
2.458948145676691551e+06 9.991341838896633520e-01 3.332020441451329692e-04
2.458948150375939906e+06 9.990433222508044997e-01 3.330266490386992427e-04
2.458948155075187795e+06 9.990002519540840398e-01 3.328512539496459276e-04
2.458948159774436150e+06 9.990118440304238678e-01 3.327691223244841584e-04
2.458948164473684039e+06 9.990780984775265994e-01 3.328178697166937999e-04
2.458948169172932394e+06 9.991964401641152405e-01 3.328666171137338874e-04
2.458948173872180283e+06 9.992814523052865328e-01 3.329153645059435289e-04
2.458948178571428638e+06 9.992916410955119400e-01 3.329641119029836706e-04
2.458948183270676527e+06 9.992270065327719664e-01 3.329602253093440819e-04
2.458948187969924882e+06 9.990875486042573028e-01 3.329554166478456865e-04
2.458948192669172771e+06 9.989195165422752876e-01 3.329506079868237980e-04
2.458948197368421126e+06 9.988299417776858036e-01 3.329457993253254026e-04
2.458948202067669015e+06 9.988231340572453210e-01 3.329141979472417323e-04
2.458948206766917370e+06 9.988990933796044747e-01 3.328606288039100180e-04
2.458948211466165259e+06 9.990507155177906773e-01 3.328070596658866116e-04
2.458948216165413614e+06 9.991853839090716338e-01 3.327534905225549514e-04
2.458948220864661504e+06 9.992745506926299370e-01 3.327062174242811574e-04
2.458948225563909858e+06 9.993182158861372288e-01 3.327068454943543749e-04
2.458948230263157748e+06 9.993163794809396538e-01 3.327074735643654134e-04
2.458948234962406103e+06 9.993096646112721304e-01 3.327081016344386852e-04
2.458948239661653992e+06 9.993573532865224207e-01 3.327087297044497237e-04
2.458948244360902347e+06 9.994599524520797473e-01 3.327800791633346014e-04
2.458948249060150236e+06 9.996174620876103756e-01 3.328842733612047454e-04
2.458948253759398591e+06 9.998148927929890739e-01 3.329884675693997468e-04
2.458948258458646480e+06 9.999489555029121846e-01 3.330926617672698366e-04
2.458948263157894835e+06 1.000000000000000000e+00 3.331426850061493814e-04
2.458948267857142724e+06 9.999680262741363901e-01 3.330298090488560529e-04
2.458948272556391079e+06 9.998530885287560954e-01 3.329169330803776069e-04
2.458948277255638968e+06 9.997084510522095124e-01 3.328040571230842784e-04
2.458948281954887323e+06 9.995809501989387780e-01 3.326911811546057782e-04
2.458948286654135212e+06 9.994705859942133452e-01 3.326361878227496812e-04
2.458948291353383567e+06 9.993773584161602663e-01 3.325942248909800458e-04
2.458948296052631456e+06 9.992992664372036815e-01 3.325522619633686510e-04
2.458948300751879811e+06 9.992280714870303004e-01 3.325102990315990156e-04
2.458948305451127701e+06 9.991628812163406703e-01 3.324936752352610457e-04
2.458948310150376055e+06 9.991036956122145707e-01 3.325178821032089460e-04
2.458948314849623945e+06 9.990502712843483124e-01 3.325420889687581575e-04
2.458948319548872299e+06 9.989913650737182182e-01 3.325662958367060578e-04
2.458948324248120189e+06 9.989208586046444127e-01 3.325905027022552150e-04
2.458948328947368544e+06 9.988387518631540729e-01 3.325394218511156397e-04
2.458948333646616433e+06 9.987450448655190716e-01 3.324843479620241812e-04
2.458948338345864788e+06 9.986562217954174647e-01 3.324292740674752826e-04
2.458948343045112677e+06 9.986149747449317715e-01 3.323742001783838241e-04
2.458948347744361032e+06 9.986234913070862751e-01 3.323141538419828846e-04
2.458948352443608921e+06 9.986817714801927703e-01 3.322494495446095012e-04
2.458948357142857276e+06 9.987834867904858971e-01 3.321847452408243631e-04
2.458948361842105165e+06 9.988285886600878349e-01 3.321200409434509797e-04
2.458948366541353520e+06 9.987825147437124906e-01 3.320621466741076940e-04
2.458948371240601409e+06 9.986452650504914486e-01 3.320794709389655484e-04
2.458948375939849764e+06 9.984168395532231344e-01 3.320967952055401827e-04
2.458948380639097653e+06 9.981779437405239319e-01 3.321141194703981455e-04
2.458948385338346008e+06 9.980609969549086857e-01 3.321314437369727798e-04
2.458948390037593897e+06 9.980679193371223556e-01 3.321537625533131535e-04
2.458948394736842252e+06 9.981987108885367332e-01 3.321787741360604073e-04
2.458948399436090142e+06 9.984322021228677624e-01 3.322037857163292291e-04
2.458948404135338496e+06 9.986000858996422203e-01 3.322287972990764829e-04
2.458948408834586386e+06 9.986660804351848997e-01 3.322385492087188670e-04
2.458948413533834741e+06 9.986301857425753381e-01 3.321930468403905571e-04
2.458948418233082630e+06 9.984924018289271785e-01 3.321475444765712814e-04
2.458948422932330985e+06 9.983018701809606155e-01 3.321020421082429715e-04
2.458948427631578874e+06 9.981077809345202390e-01 3.320565397444236416e-04
2.458948432330827229e+06 9.979101340541435272e-01 3.320470698754161365e-04
2.458948437030075118e+06 9.977089295790009249e-01 3.320475801823115098e-04
2.458948441729323473e+06 9.975209054588870528e-01 3.320480904892574611e-04
2.458948446428571362e+06 9.974238498640504158e-01 3.320486007961528344e-04
2.458948451127819717e+06 9.974275683429447703e-01 3.320427056432723872e-04
2.458948455827067606e+06 9.975320608948329282e-01 3.320249037834995822e-04
2.458948460526315961e+06 9.977351145676044419e-01 3.320071019219627260e-04
2.458948465225563850e+06 9.978830690709643569e-01 3.319893000621899752e-04
2.458948469924812205e+06 9.978821112803434312e-01 3.319714982006531190e-04
2.458948474624060094e+06 9.977322411959317350e-01 3.320097410666495320e-04
2.458948479323308449e+06 9.974334587880272496e-01 3.320530909884354957e-04
2.458948484022556338e+06 9.970609990783748655e-01 3.320964409059257421e-04
2.458948488721804693e+06 9.968330150770129405e-01 3.321397908277117059e-04
2.458948493421052583e+06 9.967633475964682299e-01 3.321340449680546046e-04
2.458948498120300937e+06 9.968519966229335560e-01 3.320757849250610184e-04
2.458948502819548827e+06 9.970889861282099531e-01 3.320175248878405919e-04
2.458948507518797182e+06 9.972789719377016526e-01 3.319592648448470057e-04
2.458948512218045071e+06 9.973464012965630454e-01 3.319011617490208129e-04
2.458948516917293426e+06 9.972912742181575529e-01 3.318460485976285870e-04
2.458948521616541315e+06 9.971135907134104359e-01 3.317909354516976501e-04
2.458948526315789670e+06 9.968881399828358747e-01 3.317358223003054243e-04
2.458948531015037559e+06 9.967525886492182297e-01 3.316807091543745416e-04
2.458948535714285914e+06 9.967099332032242076e-01 3.316380604872944116e-04
2.458948540413533803e+06 9.967601736533080459e-01 3.316031633465269814e-04
2.458948545112782158e+06 9.968868150804922612e-01 3.315682662023015427e-04
2.458948549812030047e+06 9.969372156144440389e-01 3.315333690615341667e-04
2.458948554511278402e+06 9.968742343387718696e-01 3.315015304333792366e-04
2.458948559210526291e+06 9.966978712659573247e-01 3.314833229450485624e-04
2.458948563909774646e+06 9.964081263610480299e-01 3.314651154549137215e-04
2.458948568609022535e+06 9.961138495327755971e-01 3.314469079665830474e-04
2.458948573308270890e+06 9.959390631443322262e-01 3.314287004764481523e-04
2.458948578007518779e+06 9.958838971572695487e-01 3.314329891919140839e-04
2.458948582706767134e+06 9.959483515606544213e-01 3.314447785911078933e-04
2.458948587406015024e+06 9.961057204835914725e-01 3.314565679891334749e-04
2.458948592105263378e+06 9.962153617324459587e-01 3.314683573883273385e-04
2.458948596804511268e+06 9.962568227790153941e-01 3.314713217125539067e-04
2.458948601503759623e+06 9.962301036315165392e-01 3.314552405010009269e-04
2.458948606203007512e+06 9.961355372261696539e-01 3.314391592910415074e-04
2.458948610902255867e+06 9.960124159191121596e-01 3.314230780794885818e-04
2.458948615601503756e+06 9.958877124730676211e-01 3.314069968695291081e-04
2.458948620300752111e+06 9.957614268633212529e-01 3.314075422595379791e-04
2.458948625000000000e+06 9.956335591149014785e-01 3.314102835235628358e-04
2.458948629699247889e+06 9.955283552905294098e-01 3.314130247875876384e-04
2.458948634398496244e+06 9.955246103643980993e-01 3.314157660518840878e-04
2.458948639097744133e+06 9.956283849010640896e-01 3.314362436578214069e-04
2.458948643796992488e+06 9.958396789210940403e-01 3.314783963209766470e-04
2.458948648496240377e+06 9.961526122501251912e-01 3.315205489799549440e-04
2.458948653195488732e+06 9.964205919690497515e-01 3.315627016431102383e-04
2.458948657894736622e+06 9.965801678904886440e-01 3.316036376084594418e-04
2.458948662593984976e+06 9.966313400460669047e-01 3.315730388182099768e-04
2.458948667293232866e+06 9.965741084256433124e-01 3.315424400309926458e-04
2.458948671992481221e+06 9.964532570248554322e-01 3.315118412407431808e-04
2.458948676691729110e+06 9.963611306581289240e-01 3.314812424535258499e-04
2.458948681390977465e+06 9.963005258405879250e-01 3.314796219234758556e-04
2.458948686090225354e+06 9.962714425842431609e-01 3.314986930085171658e-04
2.458948690789473709e+06 9.962729904974271244e-01 3.315177640954484030e-04
2.458948695488721598e+06 9.962954757937816375e-01 3.315368351804898217e-04
2.458948700187969953e+06 9.963362442594511093e-01 3.315467346051068336e-04
2.458948704887217842e+06 9.963952958863558917e-01 3.315047062516571891e-04
2.458948709586466197e+06 9.964726306861992899e-01 3.314626778940427446e-04
2.458948714285714086e+06 9.965340697343378906e-01 3.314206495405930459e-04
2.458948718984962441e+06 9.965355144317354918e-01 3.313786211829787098e-04
2.458948723684210330e+06 9.964767910880510948e-01 3.313549010788480512e-04
2.458948728383458685e+06 9.963578996916465647e-01 3.313384142383195134e-04
2.458948733082706574e+06 9.961923165661510371e-01 3.313219273994247056e-04
2.458948737781954929e+06 9.960608509246345887e-01 3.313054405588960593e-04
2.458948742481202818e+06 9.959769629071741903e-01 3.312915818991375955e-04
2.458948747180451173e+06 9.959406524971444741e-01 3.312843656353691444e-04
2.458948751879699063e+06 9.959518718562175854e-01 3.312771493723157788e-04
2.458948756578947417e+06 9.959985767452730343e-01 3.312699331085472735e-04
2.458948761278195307e+06 9.960714425166062869e-01 3.312627168454938538e-04
2.458948765977443662e+06 9.961704691846582360e-01 3.313228264287486195e-04
2.458948770676691551e+06 9.962956567298032473e-01 3.313947993314003779e-04
2.458948775375939906e+06 9.964362509279942604e-01 3.314667722411840183e-04
2.458948780075187795e+06 9.965530164348026521e-01 3.315387451438357226e-04
2.458948784774436150e+06 9.966423549723067987e-01 3.315496975655358720e-04
2.458948789473684039e+06 9.967042665228015297e-01 3.314752974338246064e-04
2.458948794172932394e+06 9.967386657503615188e-01 3.314008972947408743e-04
2.458948798872180283e+06 9.967427420380350345e-01 3.313264971630296629e-04
2.458948803571428638e+06 9.967151337344435369e-01 3.312520970239459309e-04
2.458948808270676527e+06 9.966558408450593154e-01 3.313118655659231756e-04
2.458948812969924882e+06 9.965648633581305482e-01 3.313738744036363437e-04
2.458948817669172771e+06 9.964627184609319288e-01 3.314358832352048501e-04
2.458948822368421126e+06 9.963967599379467410e-01 3.314978920729180181e-04
2.458948827067669015e+06 9.963688828133603348e-01 3.315461233860424856e-04
2.458948831766917370e+06 9.963790870816480183e-01 3.315830944716881626e-04
2.458948836466165259e+06 9.964246248790586957e-01 3.316200655536702120e-04
2.458948841165413614e+06 9.964698299591268071e-01 3.316570366393158890e-04
2.458948845864661504e+06 9.965037388335525881e-01 3.316827903754887173e-04
2.458948850563909858e+06 9.965263515090565516e-01 3.316238564616787784e-04
2.458948855263157748e+06 9.965376679811571714e-01 3.315649225537087861e-04
2.458948859962406103e+06 9.965311961543209529e-01 3.315059886398989014e-04
2.458948864661653992e+06 9.964974888854173374e-01 3.314470547319288548e-04
2.458948869360902347e+06 9.964364665689738887e-01 3.314264254698874113e-04
2.458948874060150236e+06 9.963481292170843773e-01 3.314235206458917031e-04
2.458948878759398591e+06 9.962422239207134878e-01 3.314206158216080850e-04
2.458948883458646480e+06 9.961856923495984173e-01 3.314177109976123225e-04
2.458948888157894835e+06 9.961912310332353693e-01 3.314218458156673801e-04
2.458948892857142724e+06 9.962588399705265552e-01 3.314470602113423273e-04
2.458948897556391079e+06 9.963884353740638522e-01 3.314722746095158184e-04
2.458948902255638968e+06 9.965014070972549876e-01 3.314974890051907114e-04
2.458948906954887323e+06 9.965288413469384210e-01 3.315227034033642025e-04
2.458948911654135212e+06 9.964707381176773904e-01 3.315378096099436144e-04
2.458948916353383567e+06 9.963270973979564404e-01 3.315506523353235714e-04
2.458948921052631456e+06 9.961396358280824037e-01 3.315634950594310002e-04
2.458948925751879811e+06 9.960796143552509418e-01 3.315763377848110114e-04
2.458948930451127701e+06 9.961655135767198965e-01 3.315937396780052962e-04
2.458948935150376055e+06 9.963973335095136497e-01 3.316184633969537798e-04
2.458948939849623945e+06 9.967709047426195346e-01 3.316431871134522375e-04
2.458948944548872299e+06 9.970953085286182738e-01 3.316679108324007211e-04
2.458948949248120189e+06 9.972669332710939472e-01 3.316926345488992330e-04
2.458948953947368544e+06 9.972857790040604575e-01 3.316208721827148577e-04
2.458948958646616433e+06 9.971518457237827926e-01 3.315440775339260795e-04
2.458948963345864788e+06 9.969258495773444251e-01 3.314672828775274489e-04
2.458948968045112677e+06 9.967646134780633327e-01 3.313904882287386708e-04
2.458948972744361032e+06 9.966761296602695275e-01 3.313835131761665815e-04
2.458948977443608921e+06 9.966603981414988711e-01 3.314417339629144527e-04
2.458948982142857276e+06 9.967136171905915942e-01 3.314999547554316347e-04
2.458948986842105165e+06 9.967759755790713827e-01 3.315581755421795058e-04
2.458948991541353520e+06 9.968268673703253313e-01 3.316095028919232158e-04
2.458948996240601409e+06 9.968662925542678410e-01 3.315854792118537019e-04
2.458949000939849764e+06 9.968942511387119954e-01 3.315614555294036595e-04
2.458949005639097653e+06 9.969122271990333850e-01 3.315374318493341998e-04
2.458949010338346008e+06 9.969226490035600907e-01 3.315134081668841032e-04
2.458949015037593897e+06 9.969255513753377818e-01 3.316464014171381387e-04
2.458949019736842252e+06 9.969209343149416647e-01 3.318637529314399101e-04
2.458949024436090142e+06 9.969133161371742657e-01 3.320811044242037344e-04
2.458949029135338496e+06 9.969384928601973117e-01 3.322984559385055059e-04
2.458949033834586386e+06 9.970041582143827075e-01 3.324804451252876642e-04
2.458949038533834741e+06 9.971103122127441543e-01 3.325349890905888897e-04
2.458949043233082630e+06 9.972569548083315416e-01 3.325895330504852047e-04
2.458949047932330985e+06 9.973582584351493585e-01 3.326440770157864301e-04
2.458949052631578874e+06 9.973285839506330630e-01 3.326986209756827451e-04
2.458949057330827229e+06 9.971679313489016927e-01 3.325049117496936611e-04
2.458949062030075118e+06 9.968763006617944455e-01 3.322427644630096132e-04
2.458949066729323473e+06 9.964998458161257178e-01 3.319806171503486775e-04
2.458949071428571362e+06 9.962524297808368345e-01 3.317184698636646296e-04
2.458949076127819717e+06 9.961609157308215501e-01 3.315914603920080495e-04
2.458949080827067606e+06 9.962253036842164677e-01 3.317147714846198294e-04
2.458949085526315961e+06 9.964435502087719554e-01 3.318380825894507846e-04
2.458949090225563850e+06 9.966753180596565898e-01 3.319613936820625644e-04
2.458949094924812205e+06 9.968351669130156578e-01 3.320847047868935738e-04
2.458949099624060094e+06 9.969230967371696117e-01 3.320711637830512752e-04
2.458949104323308449e+06 9.969391075495448451e-01 3.320452820598016725e-04
2.458949109022556338e+06 9.968972398289552839e-01 3.320194003391168584e-04
2.458949113721804693e+06 9.968380947284254390e-01 3.319935186158672015e-04
2.458949118421052583e+06 9.967642356858725794e-01 3.319326896896656275e-04
2.458949123120300937e+06 9.966756626866589697e-01 3.318345995287250941e-04
2.458949127819548827e+06 9.965749730193435019e-01 3.317365093775045959e-04
2.458949132518797182e+06 9.965127486461349271e-01 3.316384192165640625e-04
2.458949137218045071e+06 9.965085000318092412e-01 3.315400525905810468e-04
2.458949141917293426e+06 9.965622271755241179e-01 3.314365060680767700e-04
2.458949146616541315e+06 9.966739300666319634e-01 3.313329595558332200e-04
2.458949151315789670e+06 9.968009074231589661e-01 3.312294130333289974e-04
2.458949156015037559e+06 9.968647735906346341e-01 3.311258665210854474e-04
2.458949160714285914e+06 9.968638372880346266e-01 3.310747103670855706e-04
2.458949165413533803e+06 9.967980985155450169e-01 3.310560252825870417e-04
2.458949170112782158e+06 9.966764978459825564e-01 3.310373401962370208e-04
2.458949174812030047e+06 9.965814585285045490e-01 3.310186551117385461e-04
2.458949179511278402e+06 9.965329781711986801e-01 3.310068302081485472e-04
2.458949184210526291e+06 9.965310567836729305e-01 3.310254171571144982e-04
2.458949188909774646e+06 9.965756943655466049e-01 3.310440041079222378e-04
2.458949193609022535e+06 9.966230009566898751e-01 3.310625910568881889e-04
2.458949198308270890e+06 9.966231213826786117e-01 3.310811780076959826e-04
2.458949203007518779e+06 9.965760058144785827e-01 3.310749018903225648e-04
2.458949207706767134e+06 9.964816542427524793e-01 3.310603712258579335e-04
2.458949212406015024e+06 9.963543878136180698e-01 3.310458405628331226e-04
2.458949217105263378e+06 9.962693954489431070e-01 3.310313098983684913e-04
2.458949221804511268e+06 9.962375746650536934e-01 3.310283742602593152e-04
2.458949226503759623e+06 9.962589254556433183e-01 3.310503698000748360e-04
2.458949231203007512e+06 9.963328034794061150e-01 3.310723653377106767e-04
2.458949235902255867e+06 9.963842851646230736e-01 3.310943608775260890e-04
2.458949240601503756e+06 9.963620851877563744e-01 3.311163564151620381e-04
2.458949245300752111e+06 9.962662035444062036e-01 3.310785588294371017e-04
2.458949250000000000e+06 9.960966402535748054e-01 3.310329256125988675e-04
2.458949254699247889e+06 9.958896947987375681e-01 3.309872923957606333e-04
2.458949259398496244e+06 9.957630071685937834e-01 3.309416591744004628e-04
2.458949264097744133e+06 9.957255856899153157e-01 3.310095645924988395e-04
2.458949268796992488e+06 9.957774303552857642e-01 3.312157744138681482e-04
2.458949273496240377e+06 9.959141644639634139e-01 3.314219842148034985e-04
2.458949278195488732e+06 9.960273526621774565e-01 3.316281940361727530e-04
2.458949282894736622e+06 9.960701879388369484e-01 3.318276751463330250e-04
2.458949287593984976e+06 9.960426703024312101e-01 3.316499247533388956e-04
2.458949292293232866e+06 9.959447997584137680e-01 3.314721743779585521e-04
2.458949296992481221e+06 9.958096176085433626e-01 3.312944239849644227e-04
2.458949301691729110e+06 9.957050694744017383e-01 3.311166736095840792e-04
2.458949306390977465e+06 9.956331980145622929e-01 3.310151032053836257e-04
2.458949311090225354e+06 9.955940032432687437e-01 3.309677493371602922e-04
2.458949315789473709e+06 9.955865154596701405e-01 3.309203954642444775e-04
2.458949320488721598e+06 9.956002203489290325e-01 3.308730415960211440e-04
2.458949325187969953e+06 9.956322471407323960e-01 3.308375899073850968e-04
2.458949329887217842e+06 9.956825958287329748e-01 3.308691046321893801e-04
2.458949334586466197e+06 9.957512664229088983e-01 3.309006193601165451e-04
2.458949339285714086e+06 9.958118924366028413e-01 3.309321340849207742e-04
2.458949343984962441e+06 9.958305554450250785e-01 3.309636488128479392e-04
2.458949348684210330e+06 9.958071248876095849e-01 3.310133138553661859e-04
2.458949353383458685e+06 9.957416007597130747e-01 3.310701214926316965e-04
2.458949358082706574e+06 9.956426490507512828e-01 3.311269291242679210e-04
2.458949362781954929e+06 9.955620681333335886e-01 3.311837367615334316e-04
2.458949367481202818e+06 9.955084582583259012e-01 3.311915856218185564e-04
2.458949372180451173e+06 9.954818194151038302e-01 3.310761842753566107e-04
2.458949376879699063e+06 9.954819765746765192e-01 3.309607829403301790e-04
2.458949381578947417e+06 9.954658533563933709e-01 3.308453815938682875e-04
2.458949386278195307e+06 9.954001984015664606e-01 3.307299802588418015e-04
2.458949390977443662e+06 9.952850116971838634e-01 3.307036705024354829e-04
2.458949395676691551e+06 9.951202932660737632e-01 3.306929605988320297e-04
2.458949400375939906e+06 9.949385097159344493e-01 3.306822506941673595e-04
2.458949405075187795e+06 9.948577768514149655e-01 3.306715407905638521e-04
2.458949409774436150e+06 9.948888829398739864e-01 3.307071003856477281e-04
2.458949414473684039e+06 9.950318279751469985e-01 3.308071663450945108e-04
2.458949419172932394e+06 9.952816449185289960e-01 3.309072323144571356e-04
2.458949423872180283e+06 9.954759480049375497e-01 3.310072982739039184e-04
2.458949428571428638e+06 9.955362814205283017e-01 3.311073642432665431e-04
2.458949433270676527e+06 9.954626451533439280e-01 3.309708494506750942e-04
2.458949437969924882e+06 9.952550391887911019e-01 3.308305804488356457e-04
2.458949442669172771e+06 9.949786446819445240e-01 3.306903114608958317e-04
2.458949447368421126e+06 9.947834907386838843e-01 3.305500424590563291e-04
2.458949452067669015e+06 9.946755437681569223e-01 3.305130772066661345e-04
2.458949456766917370e+06 9.946548037489701954e-01 3.305602675196450332e-04
2.458949461466165259e+06 9.947154397827346894e-01 3.306074578279477138e-04
2.458949466165413614e+06 9.947821041931135255e-01 3.306546481409266126e-04
2.458949470864661504e+06 9.948317001083756272e-01 3.307003221546769736e-04
2.458949475563909858e+06 9.948642275383499101e-01 3.307346370294273179e-04
2.458949480263157748e+06 9.948796864765901971e-01 3.307689519007773874e-04
2.458949484962406103e+06 9.948718353608964060e-01 3.308032667755277860e-04
2.458949489661653992e+06 9.948316177051350628e-01 3.308375816468777470e-04
2.458949494360902347e+06 9.947589583370587407e-01 3.308092849897717415e-04
2.458949499060150236e+06 9.946538572710675874e-01 3.307521240687068807e-04
2.458949503759398591e+06 9.945263894672214944e-01 3.306949631419778225e-04
2.458949508458646480e+06 9.944455156426458275e-01 3.306378022209130159e-04
2.458949513157894835e+06 9.944242749360777678e-01 3.305872615336165657e-04
2.458949517857142724e+06 9.944626673517267257e-01 3.305564599286733504e-04
2.458949522556391079e+06 9.945606390900147975e-01 3.305256583206779976e-04
2.458949527255638968e+06 9.946699732725982068e-01 3.304948567157348365e-04
2.458949531954887323e+06 9.947485300523789542e-01 3.304640551077394836e-04
2.458949536654135212e+06 9.947963094137886042e-01 3.305123151795183716e-04
2.458949541353383567e+06 9.948133113662961380e-01 3.305781840372851318e-04
2.458949546052631456e+06 9.948145694251293580e-01 3.306440528885247780e-04
2.458949550751879811e+06 9.948616228134055106e-01 3.307099217462915923e-04
2.458949555451127701e+06 9.949610868960018228e-01 3.307311901526229381e-04
2.458949560150376055e+06 9.951129616926305266e-01 3.306810753868531056e-04
2.458949564849623945e+06 9.953150026996849808e-01 3.306309606260491901e-04
2.458949569548872299e+06 9.954653311480042843e-01 3.305808458602793034e-04
2.458949574248120189e+06 9.955088103703808589e-01 3.305307310994753879e-04
2.458949578947368544e+06 9.954454403754319225e-01 3.305528819311022741e-04
2.458949583646616433e+06 9.952752211757163181e-01 3.305787374839348064e-04
2.458949588345864788e+06 9.950578174624783445e-01 3.306045930393293627e-04
2.458949593045112677e+06 9.949469154102921209e-01 3.306304485921618950e-04
2.458949597744361032e+06 9.949503043305675254e-01 3.306307074723477380e-04
2.458949602443608921e+06 9.950679842226324290e-01 3.306071417584553578e-04
2.458949607142857276e+06 9.952890711519126743e-01 3.305835760422278229e-04
2.458949611842105165e+06 9.954431690816663014e-01 3.305600103283353884e-04
2.458949616541353520e+06 9.954717353639348509e-01 3.305311059499896234e-04
2.458949621240601409e+06 9.953747699930567405e-01 3.304444519020983116e-04
2.458949625939849764e+06 9.951522729498147868e-01 3.303577978456202270e-04
2.458949630639097653e+06 9.949015967283078021e-01 3.302711437977288609e-04
2.458949635338346008e+06 9.947815814974363402e-01 3.301844897412508305e-04
2.458949640037593897e+06 9.947944799190214793e-01 3.301963495845134581e-04
2.458949644736842252e+06 9.949402919956197300e-01 3.302609492186142181e-04
2.458949649436090142e+06 9.951979942576694160e-01 3.303255488463136859e-04
2.458949654135338496e+06 9.954016236002423135e-01 3.303901484804144459e-04
2.458949658834586386e+06 9.955156156248730071e-01 3.304637922999467030e-04
2.458949663533834741e+06 9.955399703541530920e-01 3.305698772773564575e-04
2.458949668233082630e+06 9.954746878961675538e-01 3.306759622442539503e-04
2.458949672932330985e+06 9.953813253130499028e-01 3.307820472216637048e-04
2.458949677631578874e+06 9.953211069964141844e-01 3.308881321885612519e-04
2.458949682330827229e+06 9.952940329343256121e-01 3.307946032269012959e-04
2.458949687030075118e+06 9.953001031321502268e-01 3.306463067147418530e-04
2.458949691729323473e+06 9.953408350676307137e-01 3.304980101878871881e-04
2.458949696428571362e+06 9.954232392553357123e-01 3.303497136757277452e-04
2.458949701127819717e+06 9.955481931491061420e-01 3.302732900747125822e-04
2.458949705827067606e+06 9.957156967241781453e-01 3.303295285203390673e-04
2.458949710526315961e+06 9.959246336006277733e-01 3.303857669715384057e-04
2.458949715225563850e+06 9.960991750648573451e-01 3.304420054171649450e-04
2.458949719924812205e+06 9.961932850782815319e-01 3.304982438683642834e-04
2.458949724624060094e+06 9.962069636222491420e-01 3.304811427914055265e-04
2.458949729323308449e+06 9.961402106994708960e-01 3.304574985664064592e-04
2.458949734022556338e+06 9.960275731956190759e-01 3.304338543437504612e-04
2.458949738721804693e+06 9.959686756096527427e-01 3.304102101187514481e-04
2.458949743421052583e+06 9.959697769077148211e-01 3.304363100675520161e-04
2.458949748120300937e+06 9.960308770900235809e-01 3.305152768085915945e-04
2.458949752819548827e+06 9.961487422142887294e-01 3.305942435418061064e-04
2.458949757518797182e+06 9.962607364244039365e-01 3.306732102828456848e-04
2.458949762218045071e+06 9.963427660454382551e-01 3.307504449083073961e-04
2.458949766917293426e+06 9.963948310936491248e-01 3.307957640976347128e-04
2.458949771616541315e+06 9.964169315587175779e-01 3.308410832824712640e-04
2.458949776315789670e+06 9.964145813852209876e-01 3.308864024717985807e-04
2.458949781015037559e+06 9.963978742329219207e-01 3.309317216566350778e-04
2.458949785714285914e+06 9.963670259528953910e-01 3.310453859056145106e-04
2.458949790413533803e+06 9.963220365512551746e-01 3.312012650593485364e-04
2.458949795112782158e+06 9.962704318597865871e-01 3.313571442285289737e-04
2.458949799812030047e+06 9.962813284163529737e-01 3.315130233822629452e-04
2.458949804511278402e+06 9.963714465403615828e-01 3.315907506020985846e-04
2.458949809210526291e+06 9.965407862139522566e-01 3.313238796812574289e-04
2.458949813909774646e+06 9.967893474706857049e-01 3.310570087339712812e-04
2.458949818609022535e+06 9.970484465962633491e-01 3.307901378131300170e-04
2.458949823308270890e+06 9.972403060650272266e-01 3.305232668658438693e-04
2.458949828007518779e+06 9.973648518057552925e-01 3.305048666996327086e-04
2.458949832706767134e+06 9.974220838431301361e-01 3.305686027386722293e-04
2.458949837406015024e+06 9.974269834792857115e-01 3.306323387713960013e-04
2.458949842105263378e+06 9.974579621967796239e-01 3.306960748104355763e-04
2.458949846804511268e+06 9.975263459583045833e-01 3.307629985970686037e-04
2.458949851503759623e+06 9.976321347774130821e-01 3.308367510470883871e-04
2.458949856203007512e+06 9.977749572974551340e-01 3.309105034897998347e-04
2.458949860902255867e+06 9.979122732137744034e-01 3.309842559398196182e-04
2.458949865601503756e+06 9.980150476862236220e-01 3.310580083825310658e-04
2.458949870300752111e+06 9.980832807351712743e-01 3.310679180894460401e-04
2.458949875000000000e+06 9.981169723470942889e-01 3.310695275191370668e-04
