2.458949000000000000e+06 9.972351313077044699e-01 3.316811919851906688e-04
2.458949004699247889e+06 9.972548018800281300e-01 3.316571599777273132e-04
2.458949009398496244e+06 9.972667317051056024e-01 3.316331279678825074e-04
2.458949014097744133e+06 9.972711394908033711e-01 3.317178755401057840e-04
2.458949018796992488e+06 9.972680252379950705e-01 3.319353023955568904e-04
2.458949023496240377e+06 9.972587021550388675e-01 3.321527292294625686e-04
2.458949028195488732e+06 9.972757870694629601e-01 3.323701560849136750e-04
2.458949032894736622e+06 9.973333746505369524e-01 3.325847811550179211e-04
2.458949037593984976e+06 9.974314649096734930e-01 3.326393440270428810e-04
2.458949042293232866e+06 9.975700578274331320e-01 3.326939068936610329e-04
2.458949046992481221e+06 9.976941895857538434e-01 3.327484697656859928e-04
2.458949051691729110e+06 9.976907095195035602e-01 3.328030326323041447e-04
2.458949056390977465e+06 9.975562059373322965e-01 3.326726164773403699e-04
2.458949061090225354e+06 9.972906788658967292e-01 3.324103783218259581e-04
2.458949065789473709e+06 9.969134803776529274e-01 3.321481401403257139e-04
2.458949070488721598e+06 9.966347873682163128e-01 3.318859019848113562e-04
2.458949075187969953e+06 9.965120503816934372e-01 3.316817300738733837e-04
2.458949079887217842e+06 9.965452694424090652e-01 3.318050839101460963e-04
2.458949084586466197e+06 9.967344445569469302e-01 3.319284377586423753e-04
2.458949089285714086e+06 9.969801842175975981e-01 3.320517915949150879e-04
2.458949093984962441e+06 9.971544772719359573e-01 3.321751454434113127e-04
2.458949098684210330e+06 9.972568263661537591e-01 3.321914486574113171e-04
2.458949103383458685e+06 9.972872315205352223e-01 3.321655579627092814e-04
2.458949108082706574e+06 9.972528638786297694e-01 3.321396672705728475e-04
2.458949112781954929e+06 9.971966420868453307e-01 3.321137765758708661e-04
2.458949117481202818e+06 9.971257012524122887e-01 3.320673732593036370e-04
2.458949122180451173e+06 9.970400413612712232e-01 3.319692490971026377e-04
2.458949126879699063e+06 9.969398272188386700e-01 3.318711249446249802e-04
2.458949131578947417e+06 9.968659821039501656e-01 3.317730007824239266e-04
2.458949136278195307e+06 9.968501328453893695e-01 3.316748766299462692e-04
2.458949140977443662e+06 9.968922794400154608e-01 3.315721092949218299e-04
2.458949145676691551e+06 9.969924218794754545e-01 3.314685268900678357e-04
2.458949150375939906e+06 9.971258745885392960e-01 3.313649444749495370e-04
2.458949155075187795e+06 9.972027278825740249e-01 3.312613620700954886e-04
2.458949159774436150e+06 9.972147562451608716e-01 3.311932100116345731e-04
2.458949164473684039e+06 9.971619596739157432e-01 3.311745184502741914e-04
2.458949169172932394e+06 9.970465820133966872e-01 3.311558268870616671e-04
2.458949173872180283e+06 9.969421947300284303e-01 3.311371353257012312e-04
2.458949178571428638e+06 9.968843825447688545e-01 3.311184437624886527e-04
2.458949183270676527e+06 9.968731454690752392e-01 3.311364427229113324e-04
2.458949187969924882e+06 9.969084835007206991e-01 3.311550361165646779e-04
2.458949192669172771e+06 9.969627687316702236e-01 3.311736295083755302e-04
2.458949197368421126e+06 9.969723396752875333e-01 3.311922229020288215e-04
2.458949202067669015e+06 9.969346582502377485e-01 3.311925704287886326e-04
2.458949206766917370e+06 9.968497244490533982e-01 3.311780347275201280e-04
2.458949211466165259e+06 9.967231440266024478e-01 3.311634990276918775e-04
2.458949216165413614e+06 9.966274841974823717e-01 3.311489633264233187e-04
2.458949220864661504e+06 9.965850143812121642e-01 3.311387188969101272e-04
2.458949225563909858e+06 9.965957345693752245e-01 3.311607220610996534e-04
2.458949230263157748e+06 9.966596447598465858e-01 3.311827252231087947e-04
2.458949234962406103e+06 9.967252612420693936e-01 3.312047283872983751e-04
2.458949239661653992e+06 9.967177950116463681e-01 3.312267315493075707e-04
2.458949244360902347e+06 9.966366215757234137e-01 3.312024513037466027e-04
2.458949249060150236e+06 9.964817409503875512e-01 3.311568022689416945e-04
2.458949253759398591e+06 9.962709647101869459e-01 3.311111532296133323e-04
2.458949258458646480e+06 9.961263737639962645e-01 3.310655041948084784e-04
2.458949263157894835e+06 9.960710798938035015e-01 3.310830470986412589e-04
2.458949267857142724e+06 9.961050831105671133e-01 3.312893283786434153e-04
2.458949272556391079e+06 9.962282901615880926e-01 3.314956096790865774e-04
2.458949277255638968e+06 9.963555930413137141e-01 3.317018909590886797e-04
2.458949281954887323e+06 9.964125186297203562e-01 3.319081722595317876e-04
2.458949286654135212e+06 9.963990669155260438e-01 3.318004478779531911e-04
2.458949291353383567e+06 9.963152378960649092e-01 3.316226358708546725e-04
2.458949296052631456e+06 9.961796372580398184e-01 3.314448238813759570e-04
2.458949300751879811e+06 9.960685152720829549e-01 3.312670118742773841e-04
2.458949305451127701e+06 9.959900813053689239e-01 3.311393179335287763e-04
2.458949310150376055e+06 9.959443353423531597e-01 3.310919476462106264e-04
2.458949314849623945e+06 9.959310757959564109e-01 3.310445773635865298e-04
2.458949319548872299e+06 9.959411197870690069e-01 3.309972070762684342e-04
2.458949324248120189e+06 9.959694920275270480e-01 3.309498367936443376e-04
2.458949328947368544e+06 9.960161925229535917e-01 3.309774895661542031e-04
2.458949333646616433e+06 9.960812212640933749e-01 3.310090152149936546e-04
2.458949338345864788e+06 9.961482865629338601e-01 3.310405408669570720e-04
2.458949343045112677e+06 9.961753776688800910e-01 3.310720665157964693e-04
2.458949347744361032e+06 9.961603606183431214e-01 3.311166884436361974e-04
2.458949352443608921e+06 9.961032354142987932e-01 3.311735157666570125e-04
2.458949357142857276e+06 9.960071307913355154e-01 3.312303430953090653e-04
2.458949361842105165e+06 9.959211258737629135e-01 3.312871704183299347e-04
2.458949366541353520e+06 9.958621013338098127e-01 3.313294757266612421e-04
2.458949371240601409e+06 9.958300571831744108e-01 3.312140343897546383e-04
2.458949375939849764e+06 9.958249934155057881e-01 3.310985930414087259e-04
2.458949380639097653e+06 9.958181040805367257e-01 3.309831517045021222e-04
2.458949385338346008e+06 9.957623361425379516e-01 3.308677103561561555e-04
2.458949390037593897e+06 9.956570193026019755e-01 3.308204459430353272e-04
2.458949394736842252e+06 9.955021535398567156e-01 3.308097323259671170e-04
2.458949399436090142e+06 9.953129654717937091e-01 3.307990187099605576e-04
2.458949404135338496e+06 9.952098290712305673e-01 3.307883050928923474e-04
2.458949408834586386e+06 9.952185703978244646e-01 3.308017141584469853e-04
2.458949413533834741e+06 9.953391894533079043e-01 3.309018148139499633e-04
2.458949418233082630e+06 9.955716860826958614e-01 3.310019154595337924e-04
2.458949422932330985e+06 9.957928597631892087e-01 3.311020161150367161e-04
2.458949427631578874e+06 9.958800173066942873e-01 3.312021167606205452e-04
2.458949432330827229e+06 9.958331587304843913e-01 3.311136382942277611e-04
2.458949437030075118e+06 9.956522840438465360e-01 3.309733206844652875e-04
2.458949441729323473e+06 9.953730496094912450e-01 3.308330030607984631e-04
2.458949446428571362e+06 9.951603806041239286e-01 3.306926854510360437e-04
2.458949451127819717e+06 9.950349487685071770e-01 3.306182025273701709e-04
2.458949455827067606e+06 9.949967541274997718e-01 3.306654091933783519e-04
2.458949460526315961e+06 9.950448542873858715e-01 3.307126158640644317e-04
2.458949465225563850e+06 9.951149566798863644e-01 3.307598225300726127e-04
2.458949469924812205e+06 9.951679846726337875e-01 3.308070292007586925e-04
2.458949474624060094e+06 9.952039382551188806e-01 3.308424151258510405e-04
2.458949479323308449e+06 9.952228174344671663e-01 3.308767418952601996e-04
2.458949484022556338e+06 9.952208424698687494e-01 3.309110686612678370e-04
2.458949488721804693e+06 9.951871014594591003e-01 3.309453954306769961e-04
2.458949493421052583e+06 9.951209075019211703e-01 3.309353904654326940e-04
2.458949498120300937e+06 9.950222605841363421e-01 3.308782097248554282e-04
2.458949502819548827e+06 9.948944636982394174e-01 3.308210289899443115e-04
2.458949507518797182e+06 9.948016310739513646e-01 3.307638482493670457e-04
2.458949512218045071e+06 9.947684522497661774e-01 3.307080163570103970e-04
2.458949516917293426e+06 9.947949272191081160e-01 3.306772040721694603e-04
2.458949521616541315e+06 9.948810559767302664e-01 3.306463917903817453e-04
2.458949526315789670e+06 9.949953470793063692e-01 3.306155795055408628e-04
2.458949531015037559e+06 9.950800886968501624e-01 3.305847672237531478e-04
2.458949535714285914e+06 9.951340422406954600e-01 3.306137032336835800e-04
2.458949540413533803e+06 9.951572077001497041e-01 3.306795949172231333e-04
2.458949545112782158e+06 9.951562822437224343e-01 3.307454866072920773e-04
2.458949549812030047e+06 9.951928661653686170e-01 3.308113782908316306e-04
2.458949554511278402e+06 9.952818789620818674e-01 3.308558588322718630e-04
2.458949559210526291e+06 9.954233206162212966e-01 3.308057267000515220e-04
2.458949563909774646e+06 9.956171911558185927e-01 3.307555945628634208e-04
2.458949568609022535e+06 9.957888668032974788e-01 3.307054624306430255e-04
2.458949573308270890e+06 9.958537383510017715e-01 3.306553302934549785e-04
2.458949578007518779e+06 9.958117236437977748e-01 3.306622894757537648e-04
2.458949582706767134e+06 9.956628226733584830e-01 3.306881539935301560e-04
2.458949587406015024e+06 9.954386448492781314e-01 3.307140185087436017e-04
2.458949592105263378e+06 9.953048382259936933e-01 3.307398830265199929e-04
2.458949596804511268e+06 9.952853622050858995e-01 3.307500296753895764e-04
2.458949601503759623e+06 9.953802167826952818e-01 3.307264557905133955e-04
2.458949606203007512e+06 9.955881716248141666e-01 3.307028819079732367e-04
2.458949610902255867e+06 9.957674380179685203e-01 3.306793080230970559e-04
2.458949615601503756e+06 9.958211292296640371e-01 3.306557341405568970e-04
2.458949620300752111e+06 9.957492452705416497e-01 3.305763315772707544e-04
2.458949625000000000e+06 9.955517861548474068e-01 3.304896474922500290e-04
2.458949629699247889e+06 9.952864287259554077e-01 3.304029634072293037e-04
2.458949634398496244e+06 9.951397799447322390e-01 3.303162793136188782e-04
2.458949639097744133e+06 9.951260908908233782e-01 3.302978820408808847e-04
2.458949643796992488e+06 9.952453615615159954e-01 3.303625040673293864e-04
2.458949648496240377e+06 9.954914622612649477e-01 3.304271260873742648e-04
2.458949653195488732e+06 9.957130958666732257e-01 3.304917481138227122e-04
2.458949657894736622e+06 9.958450610811336867e-01 3.305571175151935260e-04
2.458949662593984976e+06 9.958873579307998547e-01 3.306632392651288974e-04
2.458949667293232866e+06 9.958399864072893237e-01 3.307693610045483752e-04
2.458949671992481221e+06 9.957423835924819056e-01 3.308754827544837466e-04
2.458949676691729110e+06 9.956755132519977680e-01 3.309816044939032243e-04
2.458949681390977465e+06 9.956417986542874798e-01 3.309389370533310018e-04
2.458949686090225354e+06 9.956412398060329183e-01 3.307905891367462462e-04
2.458949690789473709e+06 9.956744739615768225e-01 3.306422412054613896e-04
2.458949695488721598e+06 9.957483938234450438e-01 3.304938932888766339e-04
2.458949700187969953e+06 9.958648781396561844e-01 3.303765220175704015e-04
2.458949704887217842e+06 9.960239268871245999e-01 3.304327799572829736e-04
2.458949709586466197e+06 9.962255400973717423e-01 3.304890379025702965e-04
2.458949714285714086e+06 9.964159719915498536e-01 3.305452958422829229e-04
2.458949718984962441e+06 9.965262064986331048e-01 3.306015537875703000e-04
2.458949723684210330e+06 9.965559816544853344e-01 3.306004288576318739e-04
2.458949728383458685e+06 9.965052974650070450e-01 3.305767764367705777e-04
2.458949733082706574e+06 9.963918149195436502e-01 3.305531240182530556e-04
2.458949737781954929e+06 9.963208929796187885e-01 3.305294715973917052e-04
2.458949742481202818e+06 9.963099907224891583e-01 3.305350512843829554e-04
2.458949747180451173e+06 9.963591081459939325e-01 3.306140453978797535e-04
2.458949751879699063e+06 9.964680363697108190e-01 3.306930395035487746e-04
2.458949756578947417e+06 9.965860643951074405e-01 3.307720336170455184e-04
2.458949761278195307e+06 9.966741174441219320e-01 3.308510277227145937e-04
2.458949765977443662e+06 9.967321955342050011e-01 3.309013617566764084e-04
2.458949770676691551e+06 9.967602986538466325e-01 3.309466966506257896e-04
2.458949775375939906e+06 9.967616163602186496e-01 3.309920315490675626e-04
2.458949780075187795e+06 9.967477326223836975e-01 3.310373664430169439e-04
2.458949784774436150e+06 9.967197028553239635e-01 3.311289504288414550e-04
2.458949789473684039e+06 9.966775270645944484e-01 3.312848836153924927e-04
2.458949794172932394e+06 9.966231016188284997e-01 3.314408168173953086e-04
2.458949798872180283e+06 9.966181521462824655e-01 3.315967500039462379e-04
2.458949803571428638e+06 9.966924517003966644e-01 3.317526832059490539e-04
2.458949808270676527e+06 9.968460002664457642e-01 3.314921200790229682e-04
2.458949812969924882e+06 9.970787978748608671e-01 3.312251566255310542e-04
2.458949817669172771e+06 9.973475905780966322e-01 3.309581931984933480e-04
2.458949822368421126e+06 9.975529839634006413e-01 3.306912297450014882e-04
2.458949827067669015e+06 9.976910402861925986e-01 3.306066788770302737e-04
2.458949831766917370e+06 9.977617595738331735e-01 3.306704370090671479e-04
2.458949836466165259e+06 9.977710165910741447e-01 3.307341951347860507e-04
2.458949841165413614e+06 9.977945224423688808e-01 3.307979532668230333e-04
2.458949845864661504e+06 9.978554463042484945e-01 3.308628962746332507e-04
2.458949850563909858e+06 9.979537881887875495e-01 3.309366742896663023e-04
2.458949855263157748e+06 9.980895480764961913e-01 3.310104522973885246e-04
2.458949859962406103e+06 9.982334738391619444e-01 3.310842303124215762e-04
2.458949864661653992e+06 9.983431946183251027e-01 3.311580083201437984e-04
2.458949869360902347e+06 9.984183620014837057e-01 3.311823550689781950e-04
2.458949874060150236e+06 9.984589759737400039e-01 3.311839650565502201e-04
2.458949878759398591e+06 9.984650365431435581e-01 3.311855750442817855e-04
2.458949883458646480e+06 9.984365437084931072e-01 3.311871850318538649e-04
2.458949888157894835e+06 9.983749124276343201e-01 3.311887950195854845e-04
2.458949892857142724e+06 9.983109038430567628e-01 3.311904050071575096e-04
2.458949897556391079e+06 9.982570321616949238e-01 3.311920149948890751e-04
2.458949902255638968e+06 9.982132973942257070e-01 3.311936249824611544e-04
2.458949906954887323e+06 9.981796995319812682e-01 3.311952349701927198e-04
2.458949911654135212e+06 9.981562385816202809e-01 3.313018011040472937e-04
2.458949916353383567e+06 9.981429145384929091e-01 3.314316669059654344e-04
2.458949921052631456e+06 9.981365462197212546e-01 3.315615326950149084e-04
2.458949925751879811e+06 9.981241343676329203e-01 3.316913984969331033e-04
2.458949930451127701e+06 9.981042848109207277e-01 3.317104348515742171e-04
2.458949935150376055e+06 9.980769975456510457e-01 3.315524531657150628e-04
2.458949939849623945e+06 9.980436718554720477e-01 3.313944714955107036e-04
2.458949944548872299e+06 9.980674869763653811e-01 3.312364898096516034e-04
2.458949949248120189e+06 9.981825780791213631e-01 3.310785081394472442e-04
2.458949953947368544e+06 9.983889451865496367e-01 3.311132114056927690e-04
2.458949958646616433e+06 9.986865882577508069e-01 3.311576889485367300e-04
2.458949963345864788e+06 9.990249171623478697e-01 3.312021664957881355e-04
2.458949968045112677e+06 9.992738359202271159e-01 3.312466440386320965e-04
2.458949972744361032e+06 9.994267729243853093e-01 3.312651797815036156e-04
2.458949977443608921e+06 9.994837281445120292e-01 3.312596168161913656e-04
2.458949982142857276e+06 9.994488961299382579e-01 3.312540538503277988e-04
2.458949986842105165e+06 9.993877510131909947e-01 3.312484908850154945e-04
2.458949991541353520e+06 9.993227501020771619e-01 3.312513617002132006e-04
2.458949996240601409e+06 9.992538934094793435e-01 3.313448915087756743e-04
2.458950000939849764e+06 9.991811809217506779e-01 3.314384213266062876e-04
2.458950005639097653e+06 9.991227730070928459e-01 3.315319511351688155e-04
2.458950010338346008e+06 9.991082494799730096e-01 3.316254809529993746e-04
2.458950015037593897e+06 9.991380269862247809e-01 3.316869871182461741e-04
2.458950019736842252e+06 9.992121055317493283e-01 3.317313861305030455e-04
2.458950024436090142e+06 9.993218115639255217e-01 3.317757851383603329e-04
2.458950029135338496e+06 9.993988222341720906e-01 3.318201841506172043e-04
2.458950033834586386e+06 9.994285230954577104e-01 3.318501416477755020e-04
2.458950038533834741e+06 9.994109141536687835e-01 3.318284460809076131e-04
2.458950043233082630e+06 9.993459956154397972e-01 3.318067505161896428e-04
2.458950047932330985e+06 9.992936903347835464e-01 3.317850549493217538e-04
2.458950052631578874e+06 9.993134812712289872e-01 3.317633593846038378e-04
2.458950057330827229e+06 9.994053684286987593e-01 3.316786619278931582e-04
2.458950062030075118e+06 9.995693517889817636e-01 3.315767287670981934e-04
2.458950066729323473e+06 9.997812339953560112e-01 3.314747955962023132e-04
2.458950071428571362e+06 9.999294286615676430e-01 3.313728624354072942e-04
2.458950076127819717e+06 1.000000000000000000e+00 3.313314767398634368e-04
2.458950080827067606e+06 9.999929479966663814e-01 3.314016093707889028e-04
2.458950085526315961e+06 9.999091587645198009e-01 3.314717420086639422e-04
2.458950090225563850e+06 9.998084188857767618e-01 3.315418746395894082e-04
2.458950094924812205e+06 9.997269631642153875e-01 3.316120072774645560e-04
2.458950099624060094e+06 9.996647916159789871e-01 3.315340934434681604e-04
2.458950104323308449e+06 9.996219042287460832e-01 3.314430571412426969e-04
2.458950109022556338e+06 9.996014512233946103e-01 3.313520208480383376e-04
2.458950113721804693e+06 9.996125018428287934e-01 3.312609845458129284e-04
2.458950118421052583e+06 9.996556241572673862e-01 3.312258037230240483e-04
2.458950123120300937e+06 9.997308181752565526e-01 3.312498684588831895e-04
2.458950127819548827e+06 9.998344122258820965e-01 3.312739331923577365e-04
2.458950132518797182e+06 9.998955281552266428e-01 3.312979979282168778e-04
2.458950137218045071e+06 9.998869470968939632e-01 3.313267860894917910e-04
2.458950141917293426e+06 9.998086690491838624e-01 3.314417431454651686e-04
2.458950146616541315e+06 9.996606940276097086e-01 3.315567001900471592e-04
2.458950151315789670e+06 9.994862493798832848e-01 3.316716572460205368e-04
2.458950156015037559e+06 9.993643325604885108e-01 3.317866142906024732e-04
2.458950160714285914e+06 9.992966237822679121e-01 3.317320992702322267e-04
2.458950165413533803e+06 9.992831230586404212e-01 3.315731228073833404e-04
2.458950170112782158e+06 9.993179176076917303e-01 3.314141463287809965e-04
2.458950174812030047e+06 9.993468302091408351e-01 3.312551698659321644e-04
2.458950179511278402e+06 9.993567777251197715e-01 3.311537653563715873e-04
2.458950184210526291e+06 9.993477601536567834e-01 3.313053921601788964e-04
2.458950188909774646e+06 9.993197774929651889e-01 3.314570189790112418e-04
2.458950193609022535e+06 9.992856042569023822e-01 3.316086457828185509e-04
2.458950198308270890e+06 9.992596792025462138e-01 3.317602726016510048e-04
2.458950203007518779e+06 9.992420156698439415e-01 3.316913141285549342e-04
2.458950207706767134e+06 9.992326136552946991e-01 3.315496286571761680e-04
2.458950212406015024e+06 9.992282115646786700e-01 3.314079431998374404e-04
2.458950217105263378e+06 9.992117703696955511e-01 3.312662577284586742e-04
2.458950221804511268e+06 9.991808339791987681e-01 3.311833013397466434e-04
2.458950226503759623e+06 9.991354023870570034e-01 3.312258678465528549e-04
2.458950231203007512e+06 9.990755810957699934e-01 3.312684343491409779e-04
2.458950235902255867e+06 9.990133475590406986e-01 3.313110008559471895e-04
2.458950240601503756e+06 9.989568623917002288e-01 3.313535673585353667e-04
2.458950245300752111e+06 9.989061255825534280e-01 3.312599655216325154e-04
2.458950250000000000e+06 9.988611371416563633e-01 3.311487454808909069e-04
2.458950254699247889e+06 9.988181860879131735e-01 3.310375254401492985e-04
2.458950259398496244e+06 9.987652997821997447e-01 3.309263053883866666e-04
2.458950264097744133e+06 9.987015680316795319e-01 3.308659395326856573e-04
2.458950268796992488e+06 9.986269908237215276e-01 3.308671961085604771e-04
2.458950273496240377e+06 9.985419779303877919e-01 3.308684526843106680e-04
2.458950278195488732e+06 9.984565797092241901e-01 3.308697092601854337e-04
2.458950282894736622e+06 9.983751153936273326e-01 3.308714484294995309e-04
2.458950287593984976e+06 9.982975849674523561e-01 3.308983404615516264e-04
2.458950292293232866e+06 9.982239884460646362e-01 3.309252324909389155e-04
2.458950296992481221e+06 9.981487338118313346e-01 3.309521245229909568e-04
2.458950301691729110e+06 9.980603726918085838e-01 3.309790165523782460e-04
2.458950306390977465e+06 9.979585649687199300e-01 3.309812226610551154e-04
2.458950311090225354e+06 9.978433106627424554e-01 3.309659539567565384e-04
2.458950315789473709e+06 9.977187145089164710e-01 3.309506852509449572e-04
2.458950320488721598e+06 9.976289912967765128e-01 3.309354165466463801e-04
2.458950325187969953e+06 9.975861579055275152e-01 3.309186256693337578e-04
2.458950329887217842e+06 9.975902143436589098e-01 3.308933567163561788e-04
2.458950334586466197e+06 9.976411606119741649e-01 3.308680877608745807e-04
2.458950339285714086e+06 9.976856127884617953e-01 3.308428188078969476e-04
2.458950343984962441e+06 9.976552257683466429e-01 3.308175498524154037e-04
2.458950348684210330e+06 9.975497462942345406e-01 3.307460824220102239e-04
2.458950353383458685e+06 9.973691743452208769e-01 3.306565513929344852e-04
2.458950358082706574e+06 9.971361560122237178e-01 3.305670203727305561e-04
2.458950362781954929e+06 9.969853496701756024e-01 3.304774893436548174e-04
2.458950367481202818e+06 9.969389966434255568e-01 3.304153415979044499e-04
2.458950372180451173e+06 9.969970969227869295e-01 3.304216899239384138e-04
2.458950376879699063e+06 9.971591223684488359e-01 3.304280382493433236e-04
2.458950381578947417e+06 9.972997156841718613e-01 3.304343865753772333e-04
2.458950386278195307e+06 9.973225741882760786e-01 3.304407349007821432e-04
2.458950390977443662e+06 9.972276978852918639e-01 3.304469326211081893e-04
2.458950395676691551e+06 9.970150867940221762e-01 3.304531042405481887e-04
2.458950400375939906e+06 9.967289871541146207e-01 3.304592758605997866e-04
2.458950405075187795e+06 9.965296332071313934e-01 3.304654474800397860e-04
2.458950409774436150e+06 9.964315629675192243e-01 3.304697352452408941e-04
2.458950414473684039e+06 9.964347764547140107e-01 3.304714106796119953e-04
2.458950419172932394e+06 9.965365979166308508e-01 3.304730861141491421e-04
2.458950423872180283e+06 9.966505725967131912e-01 3.304747615485202432e-04
2.458950428571428638e+06 9.967351155592556466e-01 3.304764369830573900e-04
2.458950433270676527e+06 9.967902267875028421e-01 3.304302333145363573e-04
2.458950437969924882e+06 9.968159062923772629e-01 3.303833342378771870e-04
2.458950442669172771e+06 9.968080367773684003e-01 3.303364351658653951e-04
2.458950447368421126e+06 9.967571832394704900e-01 3.302895360892061706e-04
2.458950452067669015e+06 9.966629742970204431e-01 3.303036856856159239e-04
2.458950456766917370e+06 9.965254099313477498e-01 3.303673063839419020e-04
2.458950461466165259e+06 9.963505512833505939e-01 3.304309270759635156e-04
2.458950466165413614e+06 9.962161593441956065e-01 3.304945477742894395e-04
2.458950470864661504e+06 9.961459632468737668e-01 3.305721293709981863e-04
2.458950475563909858e+06 9.961399629774732034e-01 3.307529977650148362e-04
2.458950480263157748e+06 9.961981585371830761e-01 3.309338661411087568e-04
2.458950484962406103e+06 9.962850805727307968e-01 3.311147345351253524e-04
2.458950489661653992e+06 9.963495033948973623e-01 3.312956029112192188e-04
2.458950494360902347e+06 9.963910122849057860e-01 3.311684253810268010e-04
2.458950499060150236e+06 9.964096072345294264e-01 3.309000941010261992e-04
2.458950503759398591e+06 9.964064365247037314e-01 3.306317627944359186e-04
2.458950508458646480e+06 9.963893169734472366e-01 3.303634315144352625e-04
2.458950513157894835e+06 9.963597191805216857e-01 3.301629786690347566e-04
2.458950517857142724e+06 9.963176431517926090e-01 3.301635153316067771e-04
2.458950522556391079e+06 9.962631174351718188e-01 3.301640519942319776e-04
2.458950527255638968e+06 9.962199519210135357e-01 3.301645886568039439e-04
2.458950531954887323e+06 9.962088521573472244e-01 3.301651253194291444e-04
2.458950536654135212e+06 9.962298181463727920e-01 3.302209133905976870e-04
2.458950541353383567e+06 9.962828498922452480e-01 3.302888993826748679e-04
2.458950546052631456e+06 9.963614459986578353e-01 3.303568853680151417e-04
2.458950550751879811e+06 9.964391181838849754e-01 3.304248713600922683e-04
2.458950555451127701e+06 9.965130366008727592e-01 3.304916224983370340e-04
2.458950560150376055e+06 9.965832012642708015e-01 3.305564081486615942e-04
2.458950564849623945e+06 9.966491591484004653e-01 3.306211937925664307e-04
2.458950569548872299e+06 9.966906368437610242e-01 3.306859794428909909e-04
2.458950574248120189e+06 9.966967116658199677e-01 3.307507650867958274e-04
2.458950578947368544e+06 9.966673836157811106e-01 3.307294706423896278e-04
2.458950583646616433e+06 9.966026526994569146e-01 3.307038875449025981e-04
2.458950588345864788e+06 9.965214763615450888e-01 3.306783044448805410e-04
2.458950593045112677e+06 9.964724691987258964e-01 3.306527213473934570e-04
2.458950597744361032e+06 9.964580730827512500e-01 3.305883780098583732e-04
2.458950602443608921e+06 9.964782880164743117e-01 3.304881464575397105e-04
2.458950607142857276e+06 9.965300393434908255e-01 3.303879148952888886e-04
2.458950611842105165e+06 9.965655717863255436e-01 3.302876833429701717e-04
2.458950616541353520e+06 9.965685514792862465e-01 3.301933731904449108e-04
2.458950621240601409e+06 9.965389784217824065e-01 3.301620504213036893e-04
2.458950625939849764e+06 9.964768526079530453e-01 3.301307276490587223e-04
2.458950630639097653e+06 9.964239097866839368e-01 3.300994048799175550e-04
2.458950635338346008e+06 9.964479343269324607e-01 3.300680821076724795e-04
2.458950640037593897e+06 9.965498700371870910e-01 3.300982477397871500e-04
2.458950644736842252e+06 9.967297169376496679e-01 3.301611419829970679e-04
2.458950649436090142e+06 9.969675290476527341e-01 3.302240362199747206e-04
2.458950654135338496e+06 9.971067584135210327e-01 3.302869304631846927e-04
2.458950658834586386e+06 9.971140210936045856e-01 3.303282036745265843e-04
2.458950663533834741e+06 9.969893170893426859e-01 3.302925156099523456e-04
2.458950668233082630e+06 9.967326474128109792e-01 3.302568275489145577e-04
2.458950672932330985e+06 9.964836067407186748e-01 3.302211394843403733e-04
2.458950677631578874e+06 9.963803116976280849e-01 3.301854514233025853e-04
2.458950682330827229e+06 9.964227622630679182e-01 3.301891936328603893e-04
2.458950687030075118e+06 9.966109584286247935e-01 3.302036704332969282e-04
2.458950691729323473e+06 9.968996223479711372e-01 3.302181472351679208e-04
2.458950696428571362e+06 9.970805891819243261e-01 3.302326240356044055e-04
2.458950701127819717e+06 9.971279566979723841e-01 3.302499978247932393e-04
2.458950705827067606e+06 9.970417248867274873e-01 3.302726881806310232e-04
2.458950710526315961e+06 9.968239507682450373e-01 3.302953785387172797e-04
2.458950715225563850e+06 9.966118835920895203e-01 3.303180688945551178e-04
2.458950719924812205e+06 9.964884671091120971e-01 3.303407592526413743e-04
2.458950724624060094e+06 9.964537013437722024e-01 3.303815974251874798e-04
2.458950729323308449e+06 9.965075862891796810e-01 3.304240264959071999e-04
2.458950734022556338e+06 9.966181890764450602e-01 3.304664555624224924e-04
2.458950738721804693e+06 9.966938354937793232e-01 3.305088846331422124e-04
2.458950743421052583e+06 9.967288122919640836e-01 3.304785978333361018e-04
2.458950748120300937e+06 9.967231194779315739e-01 3.303714354672258489e-04
2.458950752819548827e+06 9.966797353347257582e-01 3.302642731117345432e-04
2.458950757518797182e+06 9.966558334425587029e-01 3.301571107456242361e-04
2.458950762218045071e+06 9.966733084273462495e-01 3.300597256342618305e-04
2.458950766917293426e+06 9.967321602925518498e-01 3.301377707817168680e-04
2.458950771616541315e+06 9.968323890265118337e-01 3.302158159214382913e-04
2.458950776315789670e+06 9.969546058893107299e-01 3.302938610688933288e-04
2.458950781015037559e+06 9.970634786210226252e-01 3.303719062086146437e-04
2.458950785714285914e+06 9.971582625959843904e-01 3.304078107152075955e-04
2.458950790413533803e+06 9.972389577954110518e-01 3.304178305983306789e-04
2.458950795112782158e+06 9.973021739536115371e-01 3.304278504824466204e-04
2.458950799812030047e+06 9.973169670579428159e-01 3.304378703655697037e-04
2.458950804511278402e+06 9.972758867076948475e-01 3.304401102393346294e-04
2.458950809210526291e+06 9.971789329110091193e-01 3.304083424322285943e-04
2.458950813909774646e+06 9.970261056486707796e-01 3.303765746219745783e-04
2.458950818609022535e+06 9.968804932589619971e-01 3.303448068148685433e-04
2.458950823308270890e+06 9.968131781276879932e-01 3.303130390046145272e-04
2.458950828007518779e+06 9.968242225944404789e-01 3.303667353371047524e-04
2.458950832706767134e+06 9.969136266614084807e-01 3.304484847657723420e-04
2.458950837406015024e+06 9.970612877880259406e-01 3.305302341863391525e-04
2.458950842105263378e+06 9.971625186772606897e-01 3.306119836150067420e-04
2.458950846804511268e+06 9.972022814660895795e-01 3.306438076415301364e-04
2.458950851503759623e+06 9.971805761623934172e-01 3.305693293389567805e-04
2.458950856203007512e+06 9.970981298533869719e-01 3.304948510437637514e-04
2.458950860902255867e+06 9.970362656038874727e-01 3.304203727411903955e-04
2.458950865601503756e+06 9.970502282533791893e-01 3.303458944459974206e-04
2.458950870300752111e+06 9.971400178046294638e-01 3.303474927666280527e-04
2.458950875000000000e+06 9.973056342398434193e-01 3.303588543064650313e-04
