2.458743000000000000e+06 9.963108685573569545e-01 3.458577596755794199e-04
2.458743004699247889e+06 9.962317266127859172e-01 3.458710579489459713e-04
2.458743009398496244e+06 9.961418768871522778e-01 3.458843562236302619e-04
2.458743014097744133e+06 9.960413193982625701e-01 3.458350726577541739e-04
2.458743018796992488e+06 9.959300541261880690e-01 3.457838288388280349e-04
2.458743023496240377e+06 9.958146666910839828e-01 3.457325850249798652e-04
2.458743028195488732e+06 9.957110936925549494e-01 3.456813412060537262e-04
2.458743032894736622e+06 9.956200439677909131e-01 3.456721003467192084e-04
2.458743037593984976e+06 9.955415174987471971e-01 3.456991744030190835e-04
2.458743042293232866e+06 9.954777813753314941e-01 3.457262484566361546e-04
2.458743046992481221e+06 9.954606728893955481e-01 3.457533225129360839e-04
2.458743051691729110e+06 9.955004616839968623e-01 3.457875065250014821e-04
2.458743056390977465e+06 9.955971477670211289e-01 3.458836099401158383e-04
2.458743061090225354e+06 9.957507311193063426e-01 3.459797133457070506e-04
2.458743065789473709e+06 9.959068129845509709e-01 3.460758167608214610e-04
2.458743070488721598e+06 9.959821971362077253e-01 3.461719201664126733e-04
2.458743075187969953e+06 9.959759890700727869e-01 3.461836017383416791e-04
2.458743079887217842e+06 9.958881887873765049e-01 3.461536430126672861e-04
2.458743084586466197e+06 9.957321276995353410e-01 3.461236842840242391e-04
2.458743089285714086e+06 9.956049552326723395e-01 3.460937255583498460e-04
2.458743093984962441e+06 9.955261052721072756e-01 3.460755407059961947e-04
2.458743098684210330e+06 9.954955778334667604e-01 3.460953932672165747e-04
2.458743103383458685e+06 9.955133599821567314e-01 3.461152458304041853e-04
2.458743108082706574e+06 9.955448938662480041e-01 3.461350983916245652e-04
2.458743112781954929e+06 9.955582063094245981e-01 3.461549509548122300e-04
2.458743117481202818e+06 9.955532973090480686e-01 3.461338567940701414e-04
2.458743122180451173e+06 9.955301668641457491e-01 3.461027206495360183e-04
2.458743126879699063e+06 9.954883513944350337e-01 3.460715845080873177e-04
2.458743131578947417e+06 9.954258487604928929e-01 3.460404483635533030e-04
2.458743136278195307e+06 9.953424283468135236e-01 3.460300851006319371e-04
2.458743140977443662e+06 9.952380901368644839e-01 3.460551313810428784e-04
2.458743145676691551e+06 9.951135410019003036e-01 3.460801776589719184e-04
2.458743150375939906e+06 9.950067653450712646e-01 3.461052239393828597e-04
2.458743155075187795e+06 9.949393983428737043e-01 3.461302702173119539e-04
2.458743159774436150e+06 9.949114399819567467e-01 3.459839476342495106e-04
2.458743164473684039e+06 9.949228902678612929e-01 3.458259905907836254e-04
2.458743169172932394e+06 9.949589402482840184e-01 3.456680335316653302e-04
2.458743173872180283e+06 9.949794734152083153e-01 3.455100764881994450e-04
2.458743178571428638e+06 9.949822449715691741e-01 3.454557677431066565e-04
2.458743183270676527e+06 9.949672549168171454e-01 3.455038259838861484e-04
2.458743187969924882e+06 9.949372884022920083e-01 3.455518842294278900e-04
2.458743192669172771e+06 9.949401635395840326e-01 3.455999424702074362e-04
2.458743197368421126e+06 9.949931622009582366e-01 3.456457572683564218e-04
2.458743202067669015e+06 9.950962843759110221e-01 3.456616720219415494e-04
2.458743206766917370e+06 9.952495300848797077e-01 3.456775867771036490e-04
2.458743211466165259e+06 9.954001823374556412e-01 3.456935015306887224e-04
2.458743216165413614e+06 9.954576622521869034e-01 3.457094162858508220e-04
2.458743220864661504e+06 9.954204076178890803e-01 3.456574976837901493e-04
2.458743225563909858e+06 9.952884184271789669e-01 3.455668365631378862e-04
2.458743230263157748e+06 9.950741083113353591e-01 3.454761754514695392e-04
2.458743234962406103e+06 9.948822191511546009e-01 3.453855143308172762e-04
2.458743239661653992e+06 9.947364587395555180e-01 3.453042342015370152e-04
2.458743244360902347e+06 9.946368270476502182e-01 3.452597474568360044e-04
2.458743249060150236e+06 9.945833240951842402e-01 3.452152607165433597e-04
2.458743253759398591e+06 9.945464364795773005e-01 3.451707739718423490e-04
2.458743258458646480e+06 9.944950305738022855e-01 3.451262872315496500e-04
2.458743263157894835e+06 9.944291008461457748e-01 3.451132335851631212e-04
2.458743267857142724e+06 9.943486473096740941e-01 3.451095770513134902e-04
2.458743272556391079e+06 9.942610101222320029e-01 3.451059205171014103e-04
2.458743277255638968e+06 9.942020323835615292e-01 3.451022639832516709e-04
2.458743281954887323e+06 9.941765025740929573e-01 3.451017553593422422e-04
2.458743286654135212e+06 9.941844206988860178e-01 3.451074527494214913e-04
2.458743291353383567e+06 9.942253084042138589e-01 3.451131501400652845e-04
2.458743296052631456e+06 9.942588536427526824e-01 3.451188475301444794e-04
2.458743300751879811e+06 9.942592709886000080e-01 3.451245449207883268e-04
2.458743305451127701e+06 9.942265604416732350e-01 3.451145739328262212e-04
2.458743310150376055e+06 9.941607219954894381e-01 3.451029240450156519e-04
2.458743314849623945e+06 9.940767106357181193e-01 3.450912741583594869e-04
2.458743319548872299e+06 9.940199082440526190e-01 3.450796242705489176e-04
2.458743324248120189e+06 9.939934318223285770e-01 3.450948080507787409e-04
2.458743328947368544e+06 9.939972813652989680e-01 3.451402628909783742e-04
2.458743333646616433e+06 9.940311055832555809e-01 3.451857177266737979e-04
2.458743338345864788e+06 9.940873552562242699e-01 3.452311725668734312e-04
2.458743343045112677e+06 9.941629758822455587e-01 3.452745369032049071e-04
2.458743347744361032e+06 9.942579674763066810e-01 3.452628543093645046e-04
2.458743352443608921e+06 9.943723300195816961e-01 3.452511717166818674e-04
2.458743357142857276e+06 9.944893421196723260e-01 3.452394891228414650e-04
2.458743361842105165e+06 9.945767866008716762e-01 3.452278065301588278e-04
2.458743366541353520e+06 9.946338569780742711e-01 3.452235465964264031e-04
2.458743371240601409e+06 9.946605532399697136e-01 3.452241680109030281e-04
2.458743375939849764e+06 9.946629160147791859e-01 3.452247894254411816e-04
2.458743380639097653e+06 9.947005264713507655e-01 3.452254108399178067e-04
2.458743385338346008e+06 9.947885899179095270e-01 3.452685465416730046e-04
2.458743390037593897e+06 9.949271063370027646e-01 3.455193167184112866e-04
2.458743394736842252e+06 9.951160757560822967e-01 3.457700869199990487e-04
2.458743399436090142e+06 9.952807055155580285e-01 3.460208570967373306e-04
2.458743404135338496e+06 9.953313672299350934e-01 3.462716272983250927e-04
2.458743408834586386e+06 9.952678813874583641e-01 3.462149183943838329e-04
2.458743413533834741e+06 9.950902479755460162e-01 3.460482811800622027e-04
2.458743418233082630e+06 9.948356174074093339e-01 3.458816439822531342e-04
2.458743422932330985e+06 9.947099796117868653e-01 3.457150067679314498e-04
2.458743427631578874e+06 9.947449938517683998e-01 3.456239740003612480e-04
2.458743432330827229e+06 9.949406601342931644e-01 3.457065894260664268e-04
2.458743437030075118e+06 9.952958604926495090e-01 3.457892048435850119e-04
2.458743441729323473e+06 9.956381956687349044e-01 3.458718202692902450e-04
2.458743446428571362e+06 9.958435092289888990e-01 3.459544356868088301e-04
2.458743451127819717e+06 9.959118012141014997e-01 3.459148332243724283e-04
2.458743455827067606e+06 9.958430716105384217e-01 3.458569697273783839e-04
2.458743460526315961e+06 9.956747375796348720e-01 3.457991062246505362e-04
2.458743465225563850e+06 9.955341594359254920e-01 3.457412427276564918e-04
2.458743469924812205e+06 9.954318703188014261e-01 3.457468305969758752e-04
2.458743474624060094e+06 9.953678702485349028e-01 3.458342668805299870e-04
2.458743479323308449e+06 9.953421754752030948e-01 3.459217031727483379e-04
2.458743484022556338e+06 9.953552371990745939e-01 3.460091394563023412e-04
2.458743488721804693e+06 9.954072597665870603e-01 3.460965761019361227e-04
2.458743493421052583e+06 9.954982431674300747e-01 3.461841170428091243e-04
2.458743498120300937e+06 9.956281874196356574e-01 3.462716579923567190e-04
2.458743502819548827e+06 9.957699324209201563e-01 3.463591989332296664e-04
2.458743507518797182e+06 9.958648693302201149e-01 3.464467398827772611e-04
2.458743512218045071e+06 9.959110019621620902e-01 3.464981889497154000e-04
2.458743516917293426e+06 9.959083303258887687e-01 3.465224175733331571e-04
2.458743521616541315e+06 9.958643230003810798e-01 3.465466461945501111e-04
2.458743526315789670e+06 9.958661090486650158e-01 3.465708748181678682e-04
2.458743531015037559e+06 9.959386899412365768e-01 3.465928171613063993e-04
2.458743535714285914e+06 9.960820656924801453e-01 3.466003264647386198e-04
2.458743540413533803e+06 9.962962362739808952e-01 3.466078357674268608e-04
2.458743545112782158e+06 9.965240836200200958e-01 3.466153450708591354e-04
2.458743549812030047e+06 9.966882149125678714e-01 3.466228543735473222e-04
2.458743554511278402e+06 9.967881993046202593e-01 3.466613302272397116e-04
2.458743559210526291e+06 9.968240367763616661e-01 3.467128618346047636e-04
2.458743563909774646e+06 9.968055753696039023e-01 3.467643934470762994e-04
2.458743568609022535e+06 9.967951441995992479e-01 3.468159250544414597e-04
2.458743573308270890e+06 9.968036910015874996e-01 3.468529666446190911e-04
2.458743578007518779e+06 9.968312157738746793e-01 3.468508538356819548e-04
2.458743582706767134e+06 9.968776814524935581e-01 3.468487410265354049e-04
2.458743587406015024e+06 9.969288018483379865e-01 3.468466282175982685e-04
2.458743592105263378e+06 9.969729535020590561e-01 3.468445154084517728e-04
2.458743596804511268e+06 9.970101364049063219e-01 3.469081904453649831e-04
2.458743601503759623e+06 9.970403505642492226e-01 3.469846963765651875e-04
2.458743606203007512e+06 9.970704249925445017e-01 3.470612023001842165e-04
2.458743610902255867e+06 9.971264833490330881e-01 3.471377082313844209e-04
2.458743615601503756e+06 9.972110879434846753e-01 3.471673623094108309e-04
2.458743620300752111e+06 9.973242387926668506e-01 3.471277487732148440e-04
2.458743625000000000e+06 9.974646719033759545e-01 3.470881352409442653e-04
2.458743629699247889e+06 9.975851693372320694e-01 3.470485217086736866e-04
2.458743634398496244e+06 9.976617838798076399e-01 3.470089081724776997e-04
2.458743639097744133e+06 9.976945155159184786e-01 3.471046555987997921e-04
2.458743643796992488e+06 9.976833642520512857e-01 3.472045659562649714e-04
2.458743648496240377e+06 9.976621034550114953e-01 3.473044763038298129e-04
2.458743653195488732e+06 9.977123140198215223e-01 3.474043866612950464e-04
2.458743657894736622e+06 9.978376101850098268e-01 3.474747396645986273e-04
2.458743662593984976e+06 9.980379919754081008e-01 3.475195927038246774e-04
2.458743667293232866e+06 9.983035975939575923e-01 3.475644457386061490e-04
2.458743671992481221e+06 9.984963581168027069e-01 3.476092987778322532e-04
2.458743676691729110e+06 9.985718186300632793e-01 3.476364711413784236e-04
2.458743681390977465e+06 9.985299791486950127e-01 3.475105464136343217e-04
2.458743686090225354e+06 9.983708396809896080e-01 3.473846216983685195e-04
2.458743690789473709e+06 9.982000725892298254e-01 3.472586969706243634e-04
2.458743695488721598e+06 9.981789873085410436e-01 3.471327722553585069e-04
2.458743700187969953e+06 9.983093032468265404e-01 3.471675827018473907e-04
2.458743704887217842e+06 9.985910203782593086e-01 3.472814846818958663e-04
2.458743709586466197e+06 9.989939112868101434e-01 3.473953866732312117e-04
2.458743714285714086e+06 9.992981993840103216e-01 3.475092886532796330e-04
2.458743718984962441e+06 9.994600081168125705e-01 3.475847917315904017e-04
2.458743723684210330e+06 9.994793374531484309e-01 3.475366026850009869e-04
2.458743728383458685e+06 9.993562318922009080e-01 3.474884136336364206e-04
2.458743733082706574e+06 9.992036283654320838e-01 3.474402245870470058e-04
2.458743737781954929e+06 9.991258031865386524e-01 3.473920355356823852e-04
2.458743742481202818e+06 9.991227563709443871e-01 3.474470660900183549e-04
2.458743747180451173e+06 9.991944879180455485e-01 3.475273266637969594e-04
2.458743751879699063e+06 9.993178784997820419e-01 3.476075872296223988e-04
2.458743756578947417e+06 9.993932710577901890e-01 3.476878478034010574e-04
2.458743761278195307e+06 9.994092136629992851e-01 3.477509099617818924e-04
2.458743765977443662e+06 9.993657063185692468e-01 3.477847214455522407e-04
2.458743770676691551e+06 9.992637294922650515e-01 3.478185329259720791e-04
2.458743775375939906e+06 9.991556426665567647e-01 3.478523444097424274e-04
2.458743780075187795e+06 9.990712148113917168e-01 3.478861558901622658e-04
2.458743784774436150e+06 9.990104459100377365e-01 3.478435785059735092e-04
2.458743789473684039e+06 9.989733359745379682e-01 3.477958604271065980e-04
2.458743794172932394e+06 9.989622123371546536e-01 3.477481423435112100e-04
2.458743798872180283e+06 9.989833684357796173e-01 3.477004242646444072e-04
2.458743803571428638e+06 9.990371552428528590e-01 3.477429383354215756e-04
2.458743808270676527e+06 9.991235727477149053e-01 3.478743838149824246e-04
2.458743812969924882e+06 9.992417682313285976e-01 3.480058293075686073e-04
2.458743817669172771e+06 9.993771494531898947e-01 3.481372747871294563e-04
2.458743822368421126e+06 9.995244520162588353e-01 3.482626372129792752e-04
2.458743827067669015e+06 9.996836758913422161e-01 3.483075687371854504e-04
2.458743831766917370e+06 9.998548211099957950e-01 3.483525002658439560e-04
2.458743836466165259e+06 9.999884986050114888e-01 3.483974317900500771e-04
2.458743841165413614e+06 1.000000000000000000e+00 3.484423633187085827e-04
2.458743845864661504e+06 9.998878737686036633e-01 3.484911157251785528e-04
2.458743850563909858e+06 9.996521198886005877e-01 3.485420455365507379e-04
2.458743855263157748e+06 9.993124874173101579e-01 3.485929753428761786e-04
2.458743859962406103e+06 9.990352218413868224e-01 3.486439051542484179e-04
2.458743864661653992e+06 9.988578809662568281e-01 3.486776428917782609e-04
2.458743869360902347e+06 9.987804647567734007e-01 3.486441650116597771e-04
2.458743874060150236e+06 9.988029732282800444e-01 3.486106871348586267e-04
2.458743878759398591e+06 9.988724058888152069e-01 3.485772092547400887e-04
2.458743883458646480e+06 9.989329651957797873e-01 3.485437313779389383e-04
2.458743888157894835e+06 9.989846419958557933e-01 3.485284093523542811e-04
2.458743892857142724e+06 9.990274362788014173e-01 3.485184994298545411e-04
2.458743897556391079e+06 9.990693565521200359e-01 3.485085895063727850e-04
2.458743902255638968e+06 9.991494342788095340e-01 3.484986795838729908e-04
2.458743906954887323e+06 9.992728723622424924e-01 3.484671814505351894e-04
2.458743911654135212e+06 9.994396707779555911e-01 3.483932200702051247e-04
2.458743916353383567e+06 9.996487353477626625e-01 3.483192586825460159e-04
2.458743921052631456e+06 9.998085759173180875e-01 3.482452973022158969e-04
2.458743925751879811e+06 9.998607764683909993e-01 3.481713359145567881e-04
2.458743930451127701e+06 9.998053369906358956e-01 3.481315664504639048e-04
2.458743935150376055e+06 9.996422574730650101e-01 3.480954393853024817e-04
2.458743939849623945e+06 9.994057281168220452e-01 3.480593123237209858e-04
2.458743944548872299e+06 9.991993203224794895e-01 3.480231852585595085e-04
2.458743949248120189e+06 9.990301266151800919e-01 3.480189333361075250e-04
2.458743953947368544e+06 9.988981469613920083e-01 3.480505665953915659e-04
2.458743958646616433e+06 9.988028654171745568e-01 3.480821998515409616e-04
2.458743963345864788e+06 9.987332339346671750e-01 3.481138331108250025e-04
2.458743968045112677e+06 9.986847900640941633e-01 3.481422769768687019e-04
2.458743972744361032e+06 9.986575337958544241e-01 3.480879261196486514e-04
2.458743977443608921e+06 9.986514651353497474e-01 3.480335752678143210e-04
2.458743982142857276e+06 9.986523813305309138e-01 3.479792244105942706e-04
2.458743986842105165e+06 9.986329652329578588e-01 3.479248735587599944e-04
2.458743991541353520e+06 9.985925364880304800e-01 3.478712888892551052e-04
2.458743996240601409e+06 9.985310951037610350e-01 3.478182070318984161e-04
2.458744000939849764e+06 9.984547783329326132e-01 3.477651251692816660e-04
2.458744005639097653e+06 9.984239727538153364e-01 3.477120433119249769e-04
2.458744010338346008e+06 9.984540615715549183e-01 3.476776232003217634e-04
2.458744015037593897e+06 9.985450447801883511e-01 3.477340214472878356e-04
2.458744019736842252e+06 9.986969223977474330e-01 3.477904196998425363e-04
2.458744024436090142e+06 9.988277395875814202e-01 3.478468179468085543e-04
2.458744029135338496e+06 9.988394701216604110e-01 3.479032161993632550e-04
2.458744033834586386e+06 9.987319217064595245e-01 3.478851853818693408e-04
2.458744038533834741e+06 9.985050943206641438e-01 3.478406136253954267e-04
2.458744043233082630e+06 9.981894761174258113e-01 3.477960418733382813e-04
2.458744047932330985e+06 9.979537876327664314e-01 3.477514701168643672e-04
2.458744052631578874e+06 9.978239068923747679e-01 3.477279008497462394e-04
2.458744057330827229e+06 9.977998338705101888e-01 3.477524565248362723e-04
2.458744062030075118e+06 9.978806994658623308e-01 3.477770121974929217e-04
2.458744066729323473e+06 9.979339071189331500e-01 3.478015678725829003e-04
2.458744071428571362e+06 9.978641366925375955e-01 3.478261235452396040e-04
2.458744076127819717e+06 9.976713881728480615e-01 3.478433736259147358e-04
2.458744080827067606e+06 9.973556615980646578e-01 3.478595369362862360e-04
2.458744085526315961e+06 9.969728238204390580e-01 3.478757002482594281e-04
2.458744090225563850e+06 9.967127064103334932e-01 3.478918635586309284e-04
2.458744094924812205e+06 9.965909675177642146e-01 3.479032997349885037e-04
2.458744099624060094e+06 9.966076071668582559e-01 3.479086504381808721e-04
2.458744104323308449e+06 9.967561979748570389e-01 3.479140011419034695e-04
2.458744109022556338e+06 9.968591424156193481e-01 3.479193518450958379e-04
2.458744113721804693e+06 9.968361423474105809e-01 3.479244576839623962e-04
2.458744118421052583e+06 9.966871977747887579e-01 3.478665287995226225e-04
2.458744123120300937e+06 9.964123086682359354e-01 3.478085999093425405e-04
2.458744127819548827e+06 9.960949307702304800e-01 3.477506710249028210e-04
2.458744132518797182e+06 9.959148525078813652e-01 3.476927421347226848e-04
2.458744137218045071e+06 9.958781717250945187e-01 3.477003861440840422e-04
2.458744141917293426e+06 9.959848884146004222e-01 3.477573861822215884e-04
2.458744146616541315e+06 9.962198828644638349e-01 3.478143862147108751e-04
2.458744151315789670e+06 9.964072209271366276e-01 3.478713862528484213e-04
2.458744156015037559e+06 9.964965050778697986e-01 3.479024650491407749e-04
2.458744160714285914e+06 9.964877353343581934e-01 3.477705813283188830e-04
2.458744165413533803e+06 9.963809116983401992e-01 3.476386976205656930e-04
2.458744170112782158e+06 9.962385150548767054e-01 3.475068138997438011e-04
2.458744174812030047e+06 9.961450542884352499e-01 3.473749301919905569e-04
2.458744179511278402e+06 9.961009944797888371e-01 3.473957946866835004e-04
2.458744184210526291e+06 9.961063356376693712e-01 3.474809088026087974e-04
2.458744188909774646e+06 9.961476651965351925e-01 3.475660229269682115e-04
2.458744193609022535e+06 9.961402617384662594e-01 3.476511370428934000e-04
2.458744198308270890e+06 9.960692728904400051e-01 3.476549357528363037e-04
2.458744203007518779e+06 9.959346986665251755e-01 3.474395470695791502e-04
2.458744207706767134e+06 9.957367466656017463e-01 3.472241583649785554e-04
2.458744212406015024e+06 9.955540642264391060e-01 3.470087696817214019e-04
2.458744217105263378e+06 9.954505243669172776e-01 3.467933809771208071e-04
2.458744221804511268e+06 9.954261271075561801e-01 3.469104021313973787e-04
2.458744226503759623e+06 9.954808724435209033e-01 3.470920251504674460e-04
2.458744231203007512e+06 9.955967529787367321e-01 3.472736481515400282e-04
2.458744235902255867e+06 9.957050014775349345e-01 3.474552711706101497e-04
2.458744240601503756e+06 9.957988889990554426e-01 3.475001344146688383e-04
2.458744245300752111e+06 9.958784155619054834e-01 3.473432109784482108e-04
2.458744250000000000e+06 9.959436200340645584e-01 3.471862875577775903e-04
2.458744254699247889e+06 9.959959482140494647e-01 3.470293641371069156e-04
2.458744259398496244e+06 9.960361321518916844e-01 3.468724407008862880e-04
2.458744264097744133e+06 9.960641718396268107e-01 3.468589705137204598e-04
2.458744268796992488e+06 9.960800672828123981e-01 3.468498389959185691e-04
2.458744273496240377e+06 9.960815652296383105e-01 3.468407074790214994e-04
2.458744278195488732e+06 9.960632317133090163e-01 3.468315759612196087e-04
2.458744282894736622e+06 9.960248268484769296e-01 3.468719145683044503e-04
2.458744287593984976e+06 9.959663506275309164e-01 3.469548504648820703e-04
2.458744292293232866e+06 9.958930259964020593e-01 3.470377863532413836e-04
2.458744296992481221e+06 9.958777762596072725e-01 3.471207222498190036e-04
2.458744301691729110e+06 9.959440424154426541e-01 3.471974385766868928e-04
2.458744306390977465e+06 9.960918244770416985e-01 3.472205748071620726e-04
2.458744311090225354e+06 9.963211224151157230e-01 3.472437110353446526e-04
2.458744315789473709e+06 9.965492352449855096e-01 3.472668472658198865e-04
2.458744320488721598e+06 9.966501319867866471e-01 3.472899834940024123e-04
2.458744325187969953e+06 9.966224797355979215e-01 3.472561004934547006e-04
2.458744329887217842e+06 9.964662784968991716e-01 3.471942207313378809e-04
2.458744334586466197e+06 9.962066507507436608e-01 3.471323409630892474e-04
2.458744339285714086e+06 9.960258859717140423e-01 3.470704612009724277e-04
2.458744343984962441e+06 9.959603115657330585e-01 3.470264186684017126e-04
2.458744348684210330e+06 9.960099275457966472e-01 3.470396842238740063e-04
2.458744353383458685e+06 9.961746911131268423e-01 3.470529497806607868e-04
2.458744358082706574e+06 9.963507511302226449e-01 3.470662153361331347e-04
2.458744362781954929e+06 9.964423960126390645e-01 3.470794808929199152e-04
2.458744367481202818e+06 9.964496257422135184e-01 3.471159354135691395e-04
2.458744372180451173e+06 9.963724403203789715e-01 3.471580411271431126e-04
2.458744376879699063e+06 9.962380737301905764e-01 3.472001468365447504e-04
2.458744381578947417e+06 9.961637187503199486e-01 3.472422525501188319e-04
2.458744386278195307e+06 9.961628132505676581e-01 3.473053687828654202e-04
2.458744390977443662e+06 9.962353572307542926e-01 3.474041474655873720e-04
2.458744395676691551e+06 9.963800804800359012e-01 3.475029261385210381e-04
2.458744400375939906e+06 9.965295276245140776e-01 3.476017048212429899e-04
2.458744405075187795e+06 9.966454090459017090e-01 3.477004834941766561e-04
2.458744409774436150e+06 9.967277247671649798e-01 3.476480148382266652e-04
2.458744414473684039e+06 9.967764747719900509e-01 3.475854482541930143e-04
2.458744419172932394e+06 9.967939233608211769e-01 3.475228816639594617e-04
2.458744423872180283e+06 9.967861837579151674e-01 3.474603150799258108e-04
2.458744428571428638e+06 9.967535958438979993e-01 3.474154950420025147e-04
2.458744433270676527e+06 9.966961596252279509e-01 3.473881332003754953e-04
2.458744437969924882e+06 9.966175091489838378e-01 3.473607713560369946e-04
2.458744442669172771e+06 9.965796478192439078e-01 3.473334095144099752e-04
2.458744447368421126e+06 9.966049091430071449e-01 3.473150291808309873e-04
2.458744452067669015e+06 9.966932931152672204e-01 3.474145666286051386e-04
2.458744456766917370e+06 9.968447997535402338e-01 3.475141040862427108e-04
2.458744461466165259e+06 9.970105549949983548e-01 3.476136415340168621e-04
2.458744466165413614e+06 9.971068684260234738e-01 3.477131789916543801e-04
2.458744470864661504e+06 9.971323142528020211e-01 3.477497617096639380e-04
2.458744475563909858e+06 9.970868924803764077e-01 3.477505401125813105e-04
2.458744480263157748e+06 9.969795418690178268e-01 3.477513185154215963e-04
2.458744484962406103e+06 9.968853506963434308e-01 3.477520969183389688e-04
2.458744489661653992e+06 9.968212540904820562e-01 3.477738050286432537e-04
2.458744494360902347e+06 9.967872520387308644e-01 3.478771102158242771e-04
2.458744499060150236e+06 9.967833445478280208e-01 3.479804153927684262e-04
2.458744503759398591e+06 9.967912446727614784e-01 3.480837205799494497e-04
2.458744508458646480e+06 9.967917350678728861e-01 3.481870257568936530e-04
2.458744513157894835e+06 9.967848127933578439e-01 3.482257342221005652e-04
2.458744517857142724e+06 9.967704778505888097e-01 3.482452368102556604e-04
2.458744522556391079e+06 9.967487302367246116e-01 3.482647394003432375e-04
2.458744527255638968e+06 9.967195699560752464e-01 3.482842419884982785e-04
2.458744531954887323e+06 9.966842280082223171e-01 3.483037445785858556e-04
2.458744536654135212e+06 9.966583443215476512e-01 3.483232471667408966e-04
2.458744541353383567e+06 9.966466621842580142e-01 3.483427497568284737e-04
2.458744546052631456e+06 9.966491815986688874e-01 3.483622523449835147e-04
2.458744550751879811e+06 9.966659025652796489e-01 3.483817549350710918e-04
2.458744555451127701e+06 9.966968250807763940e-01 3.484619544150699215e-04
2.458744560150376055e+06 9.967419491512875540e-01 3.485485860770633562e-04
2.458744564849623945e+06 9.967941485431439652e-01 3.486352177304722407e-04
2.458744569548872299e+06 9.968318695695173037e-01 3.487218493924656754e-04
2.458744574248120189e+06 9.968536401705662131e-01 3.487624318426299258e-04
2.458744578947368544e+06 9.968594603506057972e-01 3.487512660132945715e-04
2.458744583646616433e+06 9.968493301084819791e-01 3.487401001850656455e-04
2.458744588345864788e+06 9.968232494421873646e-01 3.487289343557302911e-04
2.458744593045112677e+06 9.967812316318668264e-01 3.487177685275014193e-04
2.458744597744361032e+06 9.967333753378228023e-01 3.487066026981660107e-04
2.458744602443608921e+06 9.966884047102978483e-01 3.486954368699371389e-04
2.458744607142857276e+06 9.966463197403800933e-01 3.486842710406017846e-04
2.458744611842105165e+06 9.966071204364099767e-01 3.486731052123728586e-04
2.458744616541353520e+06 9.965708067906186018e-01 3.486342729100291122e-04
2.458744621240601409e+06 9.965373788102028785e-01 3.485773186850478944e-04
2.458744625939849764e+06 9.965091593985238028e-01 3.485203644544229706e-04
2.458744630639097653e+06 9.965089547255548963e-01 3.484634102294417528e-04
2.458744635338346008e+06 9.965425652725889982e-01 3.484426611038386875e-04
2.458744640037593897e+06 9.966099910329643263e-01 3.485975501728032265e-04
2.458744644736842252e+06 9.967112320200440800e-01 3.487524392571161110e-04
2.458744649436090142e+06 9.967802551633399011e-01 3.489073283260807042e-04
2.458744654135338496e+06 9.967382108997678847e-01 3.490622174103935886e-04
2.458744658834586386e+06 9.965849474248672513e-01 3.489317498343671477e-04
2.458744663533834741e+06 9.963204647082636312e-01 3.486997596312896232e-04
2.458744668233082630e+06 9.959839028721245713e-01 3.484677694512007084e-04
2.458744672932330985e+06 9.957914874134446981e-01 3.482357792481232382e-04
2.458744677631578874e+06 9.957763219048256786e-01 3.481279657785343439e-04
2.458744682330827229e+06 9.959384063432618062e-01 3.483040941326781786e-04
2.458744687030075118e+06 9.962766659289560289e-01 3.484802224693689604e-04
2.458744691729323473e+06 9.966286772321639731e-01 3.486563508235127951e-04
2.458744696428571362e+06 9.968778649257946656e-01 3.488324791602035227e-04
2.458744701127819717e+06 9.970242290592331580e-01 3.488285925300050705e-04
2.458744705827067606e+06 9.970677696034726534e-01 3.487980320461225815e-04
2.458744710526315961e+06 9.970290228533893462e-01 3.487674715592118074e-04
2.458744715225563850e+06 9.969776624799525644e-01 3.487369110753293726e-04
2.458744719924812205e+06 9.969194219267596413e-01 3.487098257946612745e-04
2.458744724624060094e+06 9.968543012053527885e-01 3.486872063274302157e-04
2.458744729323308449e+06 9.967835843826452491e-01 3.486645868579577316e-04
2.458744734022556338e+06 9.967426243919759177e-01 3.486419673907266729e-04
2.458744738721804693e+06 9.967473817126429880e-01 3.486201873411869491e-04
2.458744743421052583e+06 9.967978563437036588e-01 3.487924301976979440e-04
2.458744748120300937e+06 9.968940482951613724e-01 3.489646730712769374e-04
2.458744752819548827e+06 9.969908850617876794e-01 3.491369159277879324e-04
2.458744757518797182e+06 9.969914113741148443e-01 3.493091588013668715e-04
2.458744762218045071e+06 9.968923511096245971e-01 3.492952369824117850e-04
2.458744766917293426e+06 9.966937042486843090e-01 3.491414402923164644e-04
2.458744771616541315e+06 9.964102596328442418e-01 3.489876436174613400e-04
2.458744776315789670e+06 9.962137084098725559e-01 3.488338469273660194e-04
2.458744781015037559e+06 9.961531578467525128e-01 3.487215163126141065e-04
2.458744785714285914e+06 9.962286079314838227e-01 3.488689222471934434e-04
2.458744790413533803e+06 9.964400586491135581e-01 3.490163281671659749e-04
2.458744795112782158e+06 9.966829068272451408e-01 3.491637341017453659e-04
2.458744799812030047e+06 9.968158940250353428e-01 3.493111400217178975e-04
2.458744804511278402e+06 9.968382508209643333e-01 3.493422258438847079e-04
2.458744809210526291e+06 9.967499772106008793e-01 3.493244861125322041e-04
2.458744813909774646e+06 9.965708727635032016e-01 3.493067463794217748e-04
2.458744818609022535e+06 9.964257834438091654e-01 3.492890066480691625e-04
2.458744823308270890e+06 9.963365585999230944e-01 3.493291381465553954e-04
2.458744828007518779e+06 9.963031982495277328e-01 3.495249227701223947e-04
2.458744832706767134e+06 9.963255822544736517e-01 3.497207074130901619e-04
2.458744837406015024e+06 9.963588913944200209e-01 3.499164920366571070e-04
2.458744842105263378e+06 9.963667843265612278e-01 3.501122766796248742e-04
2.458744846804511268e+06 9.963492610493328572e-01 3.500550288971224829e-04
2.458744851503759623e+06 9.963063215592624644e-01 3.499487605720227792e-04
2.458744856203007512e+06 9.962465627878344110e-01 3.498424922574534432e-04
2.458744860902255867e+06 9.962027651107387971e-01 3.497362239323537395e-04
2.458744865601503756e+06 9.961781293337926835e-01 3.497252326258334758e-04
2.458744870300752111e+06 9.961726554521137533e-01 3.498545717611404693e-04
2.458744875000000000e+06 9.961851880656822367e-01 3.499839108836308920e-04
