2.458970000000000000e+06 9.818046303900969107e-01 2.960153915442925981e-04
2.458970004640100058e+06 9.827612040928916937e-01 2.963357086767040181e-04
2.458970009280200582e+06 9.836450032974574098e-01 2.966560258412611652e-04
2.458970013920300640e+06 9.844560278264049558e-01 2.969434289018882682e-04
2.458970018560401164e+06 9.851942778425166747e-01 2.972211762099333287e-04
2.458970023200501222e+06 9.858720580934928757e-01 2.974989234901047439e-04
2.458970027840601280e+06 9.865554481934817321e-01 2.977766707702762133e-04
2.458970032480701804e+06 9.872542635264073274e-01 2.980701389225045195e-04
2.458970037120801862e+06 9.879685039520090806e-01 2.984033828780248399e-04
2.458970041760902386e+06 9.886981362712137233e-01 2.987366268669881353e-04
2.458970046401002444e+06 9.894187856876378584e-01 2.990698708225085099e-04
2.458970051041102968e+06 9.901094577034346145e-01 2.994031148114718595e-04
2.458970055681203026e+06 9.907701521799781030e-01 2.997194968130200798e-04
2.458970060321303084e+06 9.914008691880853430e-01 3.000314872668472877e-04
2.458970064961403608e+06 9.920039294260762919e-01 3.003434777519845738e-04
2.458970069601503666e+06 9.925908702215815449e-01 3.006554682058117816e-04
2.458970074241604190e+06 9.931632651119586264e-01 3.009657651851612077e-04
2.458970078881704248e+06 9.937211139823209916e-01 3.012721751788708107e-04
2.458970083521804307e+06 9.942643880262900247e-01 3.015785851725804136e-04
2.458970088161904830e+06 9.947837297459604100e-01 3.018849951970401044e-04
2.458970092802004889e+06 9.952716678847394194e-01 3.021914051907497616e-04
2.458970097442105412e+06 9.957282025405624903e-01 3.024939295620011361e-04
2.458970102082205471e+06 9.961533336217972545e-01 3.027955634929827607e-04
2.458970106722305994e+06 9.965484477489814363e-01 3.030971974542350390e-04
2.458970111362406053e+06 9.969199369970781488e-01 3.033988313852165552e-04
2.458970116002506111e+06 9.972685994324793635e-01 3.036983173967672126e-04
2.458970120642606635e+06 9.975944350867390620e-01 3.039933151343626847e-04
2.458970125282706693e+06 9.978976065594216127e-01 3.042883128423533117e-04
2.458970129922807217e+06 9.982081747244531122e-01 3.045833105799487296e-04
2.458970134562907275e+06 9.985484222828971967e-01 3.048783082879394108e-04
2.458970139203007333e+06 9.989183492644315709e-01 3.051844663986870432e-04
2.458970143843107857e+06 9.993179557106486310e-01 3.054928497079376732e-04
2.458970148483207915e+06 9.997112959987788372e-01 3.058012329862402944e-04
2.458970153123308439e+06 9.999444872856082522e-01 3.061096162954909787e-04
2.458970157763408497e+06 1.000000000000000000e+00 3.063737286006709823e-04
2.458970162403508555e+06 9.998778341742717846e-01 3.065533653794914101e-04
2.458970167043609079e+06 9.995793570699239572e-01 3.067330021763395721e-04
2.458970171683709137e+06 9.992692403450449401e-01 3.069126389551600541e-04
2.458970176323809661e+06 9.990609629787352564e-01 3.070922757520081620e-04
2.458970180963909719e+06 9.989545250127985776e-01 3.072518148448433769e-04
2.458970185604010243e+06 9.989499264258717703e-01 3.074079169310229100e-04
2.458970190244110301e+06 9.990128498745486363e-01 3.075640190015368060e-04
2.458970194884210359e+06 9.990067042533746777e-01 3.077201210720505935e-04
2.458970199524310883e+06 9.989173445820374031e-01 3.078878957504356463e-04
2.458970204164410941e+06 9.987447708784724654e-01 3.080760603273622017e-04
2.458970208804511465e+06 9.984894164062326771e-01 3.082642249231720894e-04
2.458970213444611523e+06 9.981882338092790130e-01 3.084523895000985906e-04
2.458970218084711581e+06 9.978649239146092365e-01 3.086405540770250375e-04
2.458970222724812105e+06 9.975194866864468546e-01 3.086557791928384170e-04
2.458970227364912163e+06 9.971519221941244071e-01 3.086461076512968791e-04
2.458970232005012687e+06 9.967580754934153298e-01 3.086364361087847634e-04
2.458970236645112745e+06 9.963225548603955595e-01 3.086267645672433339e-04
2.458970241285213269e+06 9.958439172829869346e-01 3.086161367783010886e-04
2.458970245925313327e+06 9.953221628572577195e-01 3.086039766532429384e-04
2.458970250565413386e+06 9.947575317046341015e-01 3.085918165281847881e-04
2.458970255205513909e+06 9.941653680843272056e-01 3.085796564019063141e-04
2.458970259845613968e+06 9.935548406397618493e-01 3.085674962768481639e-04
2.458970264485714491e+06 9.929259492483973881e-01 3.085305053386603507e-04
2.458970269125814550e+06 9.922786940364599628e-01 3.084905811649026291e-04
2.458970273765914608e+06 9.916211986346035179e-01 3.084506569911449618e-04
2.458970278406015132e+06 9.909814978748100467e-01 3.084107328133806796e-04
2.458970283046115190e+06 9.903619597247704798e-01 3.083540513360337812e-04
2.458970287686215714e+06 9.897625840601362857e-01 3.082726947495731439e-04
2.458970292326315772e+06 9.891818241677774459e-01 3.081913381712771995e-04
2.458970296966415830e+06 9.885425734251843677e-01 3.081099815929812550e-04
2.458970301606516354e+06 9.878018771908906315e-01 3.080286250065206719e-04
2.458970306246616412e+06 9.869597356135629829e-01 3.077141927833207760e-04
2.458970310886716936e+06 9.860161485241735191e-01 3.073779825660391735e-04
2.458970315526816994e+06 9.850084499213348499e-01 3.070417723824982138e-04
2.458970320166917518e+06 9.840567510516023964e-01 3.067055621652166114e-04
2.458970324807017576e+06 9.831701421543435071e-01 3.064811502726605213e-04
2.458970329447117634e+06 9.823486231307831940e-01 3.064082146578908390e-04
2.458970334087218158e+06 9.815897890234523970e-01 3.063352790358017078e-04
2.458970338727318216e+06 9.807972056676466099e-01 3.062623434210320255e-04
2.458970343367418740e+06 9.799207567482474124e-01 3.061894077989428401e-04
2.458970348007518798e+06 9.789604424411685324e-01 3.058562388242135185e-04
2.458970352647618856e+06 9.779162626626612953e-01 3.055049023245645212e-04
2.458970357287719380e+06 9.768123107251601711e-01 3.051535657896567813e-04
2.458970361927819438e+06 9.757208933315874022e-01 3.048022292900077297e-04
2.458970366567919962e+06 9.746468829337564532e-01 3.044948830203404299e-04
2.458970371208020020e+06 9.735902797472335557e-01 3.042424363047699061e-04
2.458970375848120078e+06 9.725525868473070545e-01 3.039899895891993824e-04
2.458970380488220602e+06 9.715834587510727705e-01 3.037375428482943064e-04
2.458970385128320660e+06 9.707069796262919326e-01 3.034850961327237827e-04
2.458970389768421184e+06 9.699231492970448176e-01 3.033146848132455020e-04
2.458970394408521242e+06 9.692319679206551353e-01 3.031481445127965778e-04
2.458970399048621766e+06 9.685816475179450658e-01 3.029816041956343519e-04
2.458970403688721824e+06 9.678271436853213006e-01 3.028150638951853735e-04
2.458970408328821883e+06 9.669598155242410398e-01 3.026571067862574211e-04
2.458970412968922406e+06 9.659796629306790505e-01 3.025090234640685923e-04
2.458970417609022465e+06 9.648900071796896460e-01 3.023609401567408143e-04
2.458970422249122988e+06 9.637829491005939220e-01 3.022128568345519854e-04
2.458970426889223047e+06 9.627001936583310382e-01 3.020647735272242074e-04
2.458970431529323105e+06 9.616417407405819517e-01 3.018511446363348174e-04
2.458970436169423629e+06 9.606075902447828163e-01 3.016358444112120902e-04
2.458970440809523687e+06 9.596037497908749270e-01 3.014205442076959402e-04
2.458970445449624211e+06 9.586459262217006394e-01 3.012052439825732130e-04
2.458970450089724269e+06 9.577349399979099287e-01 3.010016807450697032e-04
2.458970454729824793e+06 9.568707909366571673e-01 3.008105688026818094e-04
2.458970459369924851e+06 9.560516836018969622e-01 3.006194568794731811e-04
2.458970464010024909e+06 9.552351628400278516e-01 3.004283449562644985e-04
2.458970468650125433e+06 9.544032782929844361e-01 3.002372330138766590e-04
2.458970473290225491e+06 9.535560301277358208e-01 3.001081703449020232e-04
2.458970477930326015e+06 9.526934181742293672e-01 2.999793986895316067e-04
2.458970482570426073e+06 9.518192365068353089e-01 2.998506270470841753e-04
2.458970487210526131e+06 9.509427470480750211e-01 2.997218554046367439e-04
2.458970491850626655e+06 9.500643695454188409e-01 2.995804993567734620e-04
2.458970496490726713e+06 9.491841041751671870e-01 2.994268293112712829e-04
2.458970501130827237e+06 9.483049167568823323e-01 2.992731592503474120e-04
2.458970505770927295e+06 9.474873634738442130e-01 2.991194892048451787e-04
2.458970510411027353e+06 9.467553513770247120e-01 2.989675427130359417e-04
2.458970515051127877e+06 9.461088804058389590e-01 2.989248722948052890e-04
2.458970519691227935e+06 9.455479506900412723e-01 2.988822018808568013e-04
2.458970524331328459e+06 9.450326049454813582e-01 2.988395314626260944e-04
2.458970528971428517e+06 9.444717585039847929e-01 2.987968610486776608e-04
2.458970533611529041e+06 9.438618693373721502e-01 2.987504382054336611e-04
2.458970538251629099e+06 9.432029375680553995e-01 2.987006288238496497e-04
2.458970542891729157e+06 9.425015663884213080e-01 2.986508194422656383e-04
2.458970547531829681e+06 9.418754227143668611e-01 2.986010100556829128e-04
2.458970552171929739e+06 9.413678779656585727e-01 2.985529499657084158e-04
2.458970556812030263e+06 9.409789320404260415e-01 2.985521078691082825e-04
2.458970561452130321e+06 9.407085850167352659e-01 2.985512657725926085e-04
2.458970566092230380e+06 9.405155187755539492e-01 2.985504236760769888e-04
2.458970570732330903e+06 9.403117939910934364e-01 2.985495815794768013e-04
2.458970575372430962e+06 9.400945182023545676e-01 2.985586079044804807e-04
2.458970580012531485e+06 9.398636913657274494e-01 2.985758457479572160e-04
2.458970584652631544e+06 9.396193549470818196e-01 2.985930835897039983e-04
2.458970589292732067e+06 9.393621589467918698e-01 2.986103214331806794e-04
2.458970593932832126e+06 9.390923270621078789e-01 2.986229009006643054e-04
2.458970598572932184e+06 9.388098592678528753e-01 2.985568340299995832e-04
2.458970603213032708e+06 9.385147555337773895e-01 2.984907671527046395e-04
2.458970607853132766e+06 9.382290605016121443e-01 2.984247002820399714e-04
2.458970612493233290e+06 9.379965702142158968e-01 2.983586334047449735e-04
2.458970617133333348e+06 9.378184824547148857e-01 2.983834343224207940e-04
2.458970621773433406e+06 9.376947971970475137e-01 2.984779062397329504e-04
2.458970626413533930e+06 9.376293218874838242e-01 2.985723781665259669e-04
2.458970631053633988e+06 9.376750946427243605e-01 2.986668500838380691e-04
2.458970635693734512e+06 9.378491409120482958e-01 2.987652467372423353e-04
2.458970640333834570e+06 9.381514606605224627e-01 2.989112813553823633e-04
2.458970644973934628e+06 9.385820538991769268e-01 2.990573159735224998e-04
2.458970649614035152e+06 9.390545262248244374e-01 2.992033506063180139e-04
2.458970654254135210e+06 9.394087206052781358e-01 2.993493852244581504e-04
2.458970658894235734e+06 9.396410722766507240e-01 2.994297130435554974e-04
2.458970663534335792e+06 9.397515811923067286e-01 2.994636608441218046e-04
2.458970668174436316e+06 9.397561040593203074e-01 2.994976086480950544e-04
2.458970672814536374e+06 9.398520125253382318e-01 2.995315564486613073e-04
2.458970677454636432e+06 9.400983892277444687e-01 2.995842028278330712e-04
2.458970682094736956e+06 9.404952342139146770e-01 2.998122978890237190e-04
2.458970686734837014e+06 9.410425474041974603e-01 3.000403929273236063e-04
2.458970691374937538e+06 9.416712489966426736e-01 3.002684879885141457e-04
2.458970696015037596e+06 9.422619104176167548e-01 3.004965830268140872e-04
2.458970700655137654e+06 9.428124260423037528e-01 3.006102608244490986e-04
2.458970705295238178e+06 9.433227959199076418e-01 3.006496759718980862e-04
2.458970709935338236e+06 9.437957759091003540e-01 3.006890911153916332e-04
2.458970714575438760e+06 9.442621972225788696e-01 3.007285062628407292e-04
2.458970719215538818e+06 9.447306605045823202e-01 3.007870587642645643e-04
2.458970723855639342e+06 9.452011658491366042e-01 3.009907330194979682e-04
2.458970728495739400e+06 9.456737131618060399e-01 3.011944072542915049e-04
2.458970733135839459e+06 9.461903563311417908e-01 3.013980814890849873e-04
2.458970737775939982e+06 9.468188530364697320e-01 3.016017557443183912e-04
2.458970742416040041e+06 9.475601165111453561e-01 3.018248274565334295e-04
2.458970747056140564e+06 9.484141469039492067e-01 3.020594581823411100e-04
2.458970751696240623e+06 9.493672755856177314e-01 3.022940888846021418e-04
2.458970756336340681e+06 9.502813737426158980e-01 3.025287195868632279e-04
2.458970760976441205e+06 9.511205621998310988e-01 3.027633709313430968e-04
2.458970765616541263e+06 9.518848407888284013e-01 3.029981524621016610e-04
2.458970770256641787e+06 9.525742096630073208e-01 3.032329340164219441e-04
2.458970774896741845e+06 9.532458345473135974e-01 3.034677155471805082e-04
2.458970779536841903e+06 9.539854808308027012e-01 3.037024970779390724e-04
2.458970784176942427e+06 9.547939909461278241e-01 3.038791129081513703e-04
2.458970788817042485e+06 9.556713647310114412e-01 3.040239660709732178e-04
2.458970793457143009e+06 9.566057655438092722e-01 3.041688192483319939e-04
2.458970798097243067e+06 9.574886544379446196e-01 3.043136724111538956e-04
2.458970802737343591e+06 9.582938057639043272e-01 3.044649365390433154e-04
2.458970807377443649e+06 9.590212193600849977e-01 3.046506502298039249e-04
2.458970812017543707e+06 9.596708953111889873e-01 3.048363639205645343e-04
2.458970816657644231e+06 9.603202538568439417e-01 3.050220776299626332e-04
2.458970821297744289e+06 9.610773379948724937e-01 3.052077913207232969e-04
2.458970825937844813e+06 9.619428696535541334e-01 3.054090433110098648e-04
2.458970830577944871e+06 9.629168486591663800e-01 3.056180529137124337e-04
2.458970835218044929e+06 9.639860937057098678e-01 3.058270625164149483e-04
2.458970839858145453e+06 9.650405011838331104e-01 3.060360721400928177e-04
2.458970844498245511e+06 9.660553518008435647e-01 3.062516167508432734e-04
2.458970849138346035e+06 9.670306457604335160e-01 3.064975277945106006e-04
2.458970853778446093e+06 9.679663828668502168e-01 3.067434388134992638e-04
2.458970858418546617e+06 9.688525447480719199e-01 3.069893498571666453e-04
2.458970863058646675e+06 9.696761422814138554e-01 3.072352608761553627e-04
2.458970867698746733e+06 9.704371224661927364e-01 3.074039740687123921e-04
2.458970872338847257e+06 9.711354853693511258e-01 3.075375469197294824e-04
2.458970876978947315e+06 9.717833057415891096e-01 3.076711197573416597e-04
2.458970881619047839e+06 9.724727818368243959e-01 3.078046926083588043e-04
2.458970886259147897e+06 9.732231206014259062e-01 3.079384315823448454e-04
2.458970890899247956e+06 9.740343221015327346e-01 3.080728465164163181e-04
2.458970895539348479e+06 9.749063864277153213e-01 3.082072614639770549e-04
2.458970900179448538e+06 9.758016794239029457e-01 3.083416763980484734e-04
2.458970904819549061e+06 9.766749390721268798e-01 3.084760913456092643e-04
2.458970909459649120e+06 9.775260709333771780e-01 3.086552762159815297e-04
2.458970914099749178e+06 9.783550750964006282e-01 3.088529803504137263e-04
2.458970918739849702e+06 9.791611023677319059e-01 3.090506845046866601e-04
2.458970923379949760e+06 9.799382066711572747e-01 3.092483886391188567e-04
2.458970928020050284e+06 9.806852405200036094e-01 3.094258268248832448e-04
2.458970932660150342e+06 9.814022037643327367e-01 3.095303473323172852e-04
2.458970937300250866e+06 9.820890965480472135e-01 3.096348678502406021e-04
2.458970941940350924e+06 9.827411297762581599e-01 3.097393883576746968e-04
2.458970946580450982e+06 9.833529697293090788e-01 3.098439088651087914e-04
2.458970951220551506e+06 9.839246126426270944e-01 3.098814171169194244e-04
2.458970955860651564e+06 9.844560584014764304e-01 3.098938348969863940e-04
2.458970960500752088e+06 9.849555517389944059e-01 3.099062526782995456e-04
2.458970965140852146e+06 9.854761636308346784e-01 3.099186704583664609e-04
2.458970969780952204e+06 9.860273683361202579e-01 3.099562845766248636e-04
2.458970974421052728e+06 9.866091659147734338e-01 3.100747122558134916e-04
2.458970979061152786e+06 9.872215562500202823e-01 3.101931399231171497e-04
2.458970983701253310e+06 9.878216861535575877e-01 3.103115676023057777e-04
2.458970988341353368e+06 9.883654442396688777e-01 3.104299952696094899e-04
2.458970992981453426e+06 9.888528282718641593e-01 3.104467733652769039e-04
2.458970997621553950e+06 9.892838382905689842e-01 3.104292652991137648e-04
2.458971002261654008e+06 9.896692043445476372e-01 3.104117572347075754e-04
2.458971006901754532e+06 9.900725851787204324e-01 3.103942491685444363e-04
2.458971011541854590e+06 9.905044710325797697e-01 3.104010413848750445e-04
2.458971016181955114e+06 9.909648619928106417e-01 3.104777664297451653e-04
2.458971020822055172e+06 9.914537508538853183e-01 3.105544914669155533e-04
2.458971025462155230e+06 9.919274573348880741e-01 3.106312165040859413e-04
2.458971030102255754e+06 9.923444815331020630e-01 3.107079415489561163e-04
2.458971034742355812e+06 9.927048233648253506e-01 3.107458207886528855e-04
2.458971039382456336e+06 9.930084829023828608e-01 3.107719634861542458e-04
2.458971044022556394e+06 9.932553990152250822e-01 3.107981061810319995e-04
2.458971048662656453e+06 9.934452371009376836e-01 3.108242488759097532e-04
2.458971053302756976e+06 9.935779463788452226e-01 3.108295005794088585e-04
2.458971057942857035e+06 9.936535268223115613e-01 3.107805144502111391e-04
2.458971062582957558e+06 9.936720333515239867e-01 3.107315283160973218e-04
2.458971067223057617e+06 9.936867321941732500e-01 3.106825421868995483e-04
2.458971071863158140e+06 9.937444227957431542e-01 3.106335560527857852e-04
2.458971076503258198e+06 9.938451051446548501e-01 3.106245461841490823e-04
2.458971081143358257e+06 9.939887792445404324e-01 3.106262806513666115e-04
2.458971085783458780e+06 9.941638706007747128e-01 3.106280151187582094e-04
2.458971090423558839e+06 9.943116886522509468e-01 3.106297495859757386e-04
2.458971095063659362e+06 9.944240490909039831e-01 3.106466702653516102e-04
2.458971099703759421e+06 9.945009518941815285e-01 3.106993201422494628e-04
2.458971104343859479e+06 9.945423569098343908e-01 3.107519700191473154e-04
2.458971108983960003e+06 9.945327057723398756e-01 3.108046199013288647e-04
2.458971113624060061e+06 9.944593332268316654e-01 3.108572697782267173e-04
2.458971118264160585e+06 9.943222392585828739e-01 3.107247441178002706e-04
2.458971122904260643e+06 9.941214238951099347e-01 3.105483186410718703e-04
2.458971127544360701e+06 9.938662384866270294e-01 3.103718931643435243e-04
2.458971132184461225e+06 9.936006354844538757e-01 3.101954676699098857e-04
2.458971136824561283e+06 9.933302302730866451e-01 3.100690663368003129e-04
2.458971141464661807e+06 9.930550227982517519e-01 3.100497232556672831e-04
2.458971146104761865e+06 9.927751728622271621e-01 3.100303801764754631e-04
2.458971150744862389e+06 9.925242725765652807e-01 3.100110370953423791e-04
2.458971155384962447e+06 9.923277004536857904e-01 3.099916940161505591e-04
2.458971160025062505e+06 9.921854564656835684e-01 3.098961793398719348e-04
2.458971164665163029e+06 9.920975406064617141e-01 3.097849032043038971e-04
2.458971169305263087e+06 9.920338649703672740e-01 3.096736270799030333e-04
2.458971173945363611e+06 9.918631548288661115e-01 3.095623509443349956e-04
2.458971178585463669e+06 9.915700933541193862e-01 3.094403614949499870e-04
2.458971183225563727e+06 9.911546805351346690e-01 3.092974502038291218e-04
2.458971187865664251e+06 9.906175623765554050e-01 3.091545388983662677e-04
2.458971192505764309e+06 9.900448217098232195e-01 3.090116276072454025e-04
2.458971197145864833e+06 9.894968994692260322e-01 3.088687163017825484e-04
2.458971201785964891e+06 9.889737957647386501e-01 3.087537487715699106e-04
2.458971206426065415e+06 9.884755104913677259e-01 3.086437609203708673e-04
2.458971211066165473e+06 9.879950520633417055e-01 3.085337730802097610e-04
2.458971215706265531e+06 9.875040669910416513e-01 3.084237852400486548e-04
2.458971220346366055e+06 9.869995447706050307e-01 3.083185015293538251e-04
2.458971224986466113e+06 9.864814855032953966e-01 3.082216227458932801e-04
2.458971229626566637e+06 9.859499270528725434e-01 3.081247439527103689e-04
2.458971234266666695e+06 9.854083871840515485e-01 3.080278651692498239e-04
2.458971238906766754e+06 9.848591639768008443e-01 3.079309863857892788e-04
2.458971243546867277e+06 9.843022573748458903e-01 3.077625887639619533e-04
2.458971248186967336e+06 9.837376674899643847e-01 3.075834044869411735e-04
2.458971252827067859e+06 9.831449906015879980e-01 3.074042201919382502e-04
2.458971257467167918e+06 9.824472349348047917e-01 3.072250359149174162e-04
2.458971262107267976e+06 9.816369917230198805e-01 3.069937405231949355e-04
2.458971266747368500e+06 9.807142608679875195e-01 3.066770745664950054e-04
2.458971271387468558e+06 9.796813874107686004e-01 3.063604086415743421e-04
2.458971276027569082e+06 9.786990717874113344e-01 3.060437426848743579e-04
2.458971280667669140e+06 9.778651001346908567e-01 3.057270767599536403e-04
2.458971285307769664e+06 9.771794722852189530e-01 3.055694453044655035e-04
2.458971289947869722e+06 9.766421883766097656e-01 3.054316431532120538e-04
2.458971294587969780e+06 9.762015331574964705e-01 3.052938410019586583e-04
2.458971299228070304e+06 9.756757549198142865e-01 3.051560388368759389e-04
2.458971303868170362e+06 9.750490761416366059e-01 3.049551376199227649e-04
2.458971308508270886e+06 9.743214966971819324e-01 3.046592852766739586e-04
2.458971313148370944e+06 9.734939259779894494e-01 3.043634329631157037e-04
2.458971317788471002e+06 9.726145305899385196e-01 3.040675806495575029e-04
2.458971322428571526e+06 9.717106313902078574e-01 3.037717283063086967e-04
2.458971327068671584e+06 9.707822285602207835e-01 3.035127003035531339e-04
2.458971331708772108e+06 9.698293219136355781e-01 3.032573439987915022e-04
2.458971336348872166e+06 9.688696600400490411e-01 3.030019877196562898e-04
2.458971340988972690e+06 9.679613837425288247e-01 3.027466314148946039e-04
2.458971345629072748e+06 9.671090224197648189e-01 3.025181050718394596e-04
2.458971350269172806e+06 9.663125759778005142e-01 3.023267166906546907e-04
2.458971354909273330e+06 9.655701870655418739e-01 3.021353282902630093e-04
2.458971359549373388e+06 9.648032704091911160e-01 3.019439399090781862e-04
2.458971364189473912e+06 9.639702480345334612e-01 3.017525515086865047e-04
2.458971368829573970e+06 9.630711201087667206e-01 3.014933676746927834e-04
2.458971373469674028e+06 9.621058865516088909e-01 3.012290437042090059e-04
2.458971378109774552e+06 9.610980205090555728e-01 3.009647197071988129e-04
2.458971382749874610e+06 9.601192413916607160e-01 3.007003957367149812e-04
2.458971387389975134e+06 9.591745324549800777e-01 3.004078064003709429e-04
2.458971392030075192e+06 9.582638938886274271e-01 3.000791877497316395e-04
2.458971396670175251e+06 9.573879352371905682e-01 2.997505690990923902e-04
2.458971401310275774e+06 9.565677875059429569e-01 2.994219504154743130e-04
2.458971405950375833e+06 9.558138842108094835e-01 2.990933317648350638e-04
2.458971410590476356e+06 9.551262252004728559e-01 2.989746963659295747e-04
2.458971415230576415e+06 9.545048106129541132e-01 2.988671782681685883e-04
2.458971419870676938e+06 9.539182048544636583e-01 2.987596601596174592e-04
2.458971424510776997e+06 9.532767817312650660e-01 2.986521420618564186e-04
2.458971429150877055e+06 9.525750247411288729e-01 2.984808154643965854e-04
2.458971433790977579e+06 9.518129338045475674e-01 2.982345274176243627e-04
2.458971438431077637e+06 9.509930946395735996e-01 2.979882393955685885e-04
2.458971443071178161e+06 9.501904085585326509e-01 2.977419513487963116e-04
2.458971447711278219e+06 9.494393997466078483e-01 2.974956633267404832e-04
2.458971452351378277e+06 9.487400681206521469e-01 2.973534328430680121e-04
2.458971456991478801e+06 9.480924136182624640e-01 2.972144303857039271e-04
2.458971461631578859e+06 9.474977588100230719e-01 2.970754279422896209e-04
2.458971466271679383e+06 9.469596232252365242e-01 2.969364254849255359e-04
2.458971470911779441e+06 9.464781973160255601e-01 2.968554728905444884e-04
2.458971475551879965e+06 9.460534809857620298e-01 2.968374055251125584e-04
2.458971480191980023e+06 9.456814792944576720e-01 2.968193381614937397e-04
2.458971484832080081e+06 9.452638841971687800e-01 2.968012707978750294e-04
2.458971489472180605e+06 9.447583866091289195e-01 2.967832034324430451e-04
2.458971494112280663e+06 9.441649866317977091e-01 2.966312921169714538e-04
2.458971498752381187e+06 9.434836841460724211e-01 2.964780431523023453e-04
2.458971503392481245e+06 9.427752850239715654e-01 2.963247942030126990e-04
2.458971508032581303e+06 9.421908909548987188e-01 2.961715452537230526e-04
2.458971512672681827e+06 9.417376142287876561e-01 2.960697885913299190e-04
2.458971517312781885e+06 9.414154549366162694e-01 2.960194827678391729e-04
2.458971521952882409e+06 9.412202102761936251e-01 2.959691769393000562e-04
2.458971526592982467e+06 9.410628491368419057e-01 2.959188711158093643e-04
2.458971531233082525e+06 9.409075929232452173e-01 2.958689830896116366e-04
2.458971535873183049e+06 9.407544416201392146e-01 2.958592487075494969e-04
2.458971540513283107e+06 9.406033952582633084e-01 2.958495143264642776e-04
2.458971545153383631e+06 9.404555223103755468e-01 2.958397799444021921e-04
2.458971549793483689e+06 9.403133021569402006e-01 2.958300455633169727e-04
2.458971554433584213e+06 9.401768352115584815e-01 2.958675933878882015e-04
2.458971559073684271e+06 9.400461215016207017e-01 2.959487174197983524e-04
2.458971563713784330e+06 9.399238236271851843e-01 2.960298414517085574e-04
2.458971568353884853e+06 9.398590447852218643e-01 2.961109654917600366e-04
2.458971572993984912e+06 9.398702093238273658e-01 2.961905499143265810e-04
2.458971577634085435e+06 9.399573172452424519e-01 2.962211795961278951e-04
2.458971582274185494e+06 9.401203685319835524e-01 2.962518092748553334e-04
2.458971586914285552e+06 9.403374179234363917e-01 2.962824389535827717e-04
2.458971591554386076e+06 9.405609192474748692e-01 2.963130686353840858e-04
2.458971596194486134e+06 9.407892367635515285e-01 2.963505267090640253e-04
2.458971600834586658e+06 9.410223705174921571e-01 2.963937878353504443e-04
2.458971605474686716e+06 9.412597369362686317e-01 2.964370489572954468e-04
2.458971610114786774e+06 9.414918790001086668e-01 2.964803100792403950e-04
2.458971614754887298e+06 9.417154843279935683e-01 2.965283772008779585e-04
2.458971619394987356e+06 9.419305528750427925e-01 2.966664621240694345e-04
2.458971624035087880e+06 9.421370846844235869e-01 2.968045470611185323e-04
2.458971628675187938e+06 9.423541967958423138e-01 2.969426319843099541e-04
2.458971633315288462e+06 9.426205548065755835e-01 2.970807169213589977e-04
2.458971637955388520e+06 9.429372699984145401e-01 2.971371447443355474e-04
2.458971642595488578e+06 9.433043423955628226e-01 2.971296161529742171e-04
2.458971647235589102e+06 9.437215908527979424e-01 2.971220875608572521e-04
2.458971651875689160e+06 9.441864137813257285e-01 2.971145589694959219e-04
2.458971656515789684e+06 9.446979609908433551e-01 2.971157251405726735e-04
2.458971661155889742e+06 9.452562323786773968e-01 2.972308723688818293e-04
2.458971665795989800e+06 9.458612279938201084e-01 2.973460195971909309e-04
2.458971670436090324e+06 9.465068165189238769e-01 2.974611668370557844e-04
2.458971675076190382e+06 9.471814249450254408e-01 2.975763140653649402e-04
2.458971679716290906e+06 9.478847810395417683e-01 2.977561205740333829e-04
2.458971684356390964e+06 9.486168846613007855e-01 2.979825627497100795e-04
2.458971688996491488e+06 9.493786321976435127e-01 2.982090049481116536e-04
2.458971693636591546e+06 9.501815031376438236e-01 2.984354471237883502e-04
2.458971698276691604e+06 9.510289970339901311e-01 2.986525590905760269e-04
2.458971702916792128e+06 9.519211139784503617e-01 2.987765483358401672e-04
2.458971707556892186e+06 9.528578537919665248e-01 2.989005375686612444e-04
2.458971712196992710e+06 9.538063729212390429e-01 2.990245268139253847e-04
2.458971716837092768e+06 9.547088478337560913e-01 2.991485160467464619e-04
2.458971721477192827e+06 9.555641922577178260e-01 2.993488716838245758e-04
2.458971726117293350e+06 9.563724062718679253e-01 2.995998917813171968e-04
2.458971730757393409e+06 9.571415568025699594e-01 2.998509118536184887e-04
2.458971735397493932e+06 9.579643803724058326e-01 3.001019319511111097e-04
2.458971740037593991e+06 9.588672270278567611e-01 3.003293717067460076e-04
2.458971744677694049e+06 9.598500968474824591e-01 3.003684537664983562e-04
2.458971749317794573e+06 9.609129899419656118e-01 3.004075358301728604e-04
2.458971753957894631e+06 9.619929709373504778e-01 3.004466178899252633e-04
2.458971758597995155e+06 9.629867565774393734e-01 3.004856999535997133e-04
2.458971763238095213e+06 9.638928478188373283e-01 3.006382552195789137e-04
2.458971767878195737e+06 9.647112448434073118e-01 3.008599590455243115e-04
2.458971772518295795e+06 9.654549554392132249e-01 3.010816628492204712e-04
2.458971777158395853e+06 9.662588926632144082e-01 3.013033666529166309e-04
2.458971781798496377e+06 9.671587596661768149e-01 3.015265921302524225e-04
2.458971786438596435e+06 9.681545562674864769e-01 3.017598716137129223e-04
2.458971791078696959e+06 9.692462826670114051e-01 3.019931511205844370e-04
2.458971795718797017e+06 9.703720173421407358e-01 3.022264306040450452e-04
2.458971800358897075e+06 9.714371126848156957e-01 3.024597100875055992e-04
2.458971804998997599e+06 9.724405537817232270e-01 3.027444137019373181e-04
2.458971809639097657e+06 9.733823404314606575e-01 3.030578494261117195e-04
2.458971814279198181e+06 9.742685394293733037e-01 3.033712851817412653e-04
2.458971818919298239e+06 9.751561806237298846e-01 3.036847209059156667e-04
2.458971823559398763e+06 9.760593073358567739e-01 3.039645765580095520e-04
2.458971828199498821e+06 9.769779193844857490e-01 3.040565724170125298e-04
2.458971832839598879e+06 9.779120168594738205e-01 3.041485682760155075e-04
2.458971837479699403e+06 9.788447754746024687e-01 3.042405641442507921e-04
2.458971842119799461e+06 9.797522668837589377e-01 3.043325600032538241e-04
2.458971846759899985e+06 9.806343130903067973e-01 3.045266197415454675e-04
2.458971851400000043e+06 9.814909139172086627e-01 3.047728511608674569e-04
