2.459006000000000000e+06 9.622067547248998043e-01 3.566395825651856111e-04
2.459006004640100058e+06 9.630176157392384972e-01 3.569398765174269642e-04
2.459006009280200582e+06 9.638769978209942302e-01 3.572401704998046383e-04
2.459006013920300640e+06 9.647852496913398301e-01 3.573953976643846463e-04
2.459006018560401164e+06 9.657423715325719193e-01 3.574735899822144747e-04
2.459006023200501222e+06 9.667394722104362126e-01 3.575517822921972814e-04
2.459006027840601280e+06 9.676974118169677785e-01 3.576299746021800339e-04
2.459006032480701804e+06 9.685975021134900498e-01 3.577442747744706553e-04
2.459006037120801862e+06 9.694397429193443161e-01 3.580436690967878500e-04
2.459006041760902386e+06 9.702241344035781312e-01 3.583430634491509975e-04
2.459006046401002444e+06 9.709727447590640326e-01 3.586424577714682465e-04
2.459006051041102968e+06 9.717156735134953038e-01 3.589418521238314482e-04
2.459006055681203026e+06 9.724530953162767721e-01 3.591744081539545094e-04
2.459006060321303084e+06 9.731850102422419102e-01 3.593745349153404617e-04
2.459006064961403608e+06 9.739139957318164731e-01 3.595746616968102834e-04
2.459006069601503666e+06 9.746609772736675170e-01 3.597747884581962356e-04
2.459006074241604190e+06 9.754305451358389334e-01 3.599692964537558803e-04
2.459006078881704248e+06 9.762226991638692786e-01 3.601387854694579490e-04
2.459006083521804307e+06 9.770374394338562363e-01 3.603082744851600718e-04
2.459006088161904830e+06 9.778535075697573076e-01 3.604777635178713210e-04
2.459006092802004889e+06 9.786439748047424114e-01 3.606472525335733897e-04
2.459006097442105412e+06 9.794087498005568104e-01 3.609839779531617528e-04
2.459006102082205471e+06 9.801478324037017353e-01 3.613946243940384970e-04
2.459006106722305994e+06 9.808593980671655999e-01 3.618052708761259825e-04
2.459006111362406053e+06 9.815298887502577063e-01 3.622159173170026725e-04
2.459006116002506111e+06 9.821565458026181306e-01 3.625352008774029118e-04
2.459006120642606635e+06 9.827393692805374004e-01 3.624970074957692325e-04
2.459006125282706693e+06 9.832783590670355345e-01 3.624588141179685874e-04
2.459006129922807217e+06 9.838181421577001373e-01 3.624206207363349082e-04
2.459006134562907275e+06 9.844111392957164419e-01 3.623824273585342631e-04
2.459006139203007333e+06 9.850574337993720508e-01 3.624348420683286059e-04
2.459006143843107857e+06 9.857570257415495529e-01 3.625236160423338564e-04
2.459006148483207915e+06 9.864960171771546271e-01 3.626123900074301092e-04
2.459006153123308439e+06 9.871796254726048492e-01 3.627011639814353597e-04
2.459006157763408497e+06 9.877899884554884880e-01 3.628094825348176199e-04
2.459006162403508555e+06 9.883271061980850591e-01 3.629856212545940690e-04
2.459006167043609079e+06 9.887909787432715980e-01 3.631617599920470793e-04
2.459006171683709137e+06 9.892132925552228340e-01 3.633378987118234742e-04
2.459006176323809661e+06 9.896285007517378052e-01 3.635140374492764302e-04
2.459006180963909719e+06 9.900366181827606749e-01 3.636737511174549216e-04
2.459006185604010243e+06 9.904376449302058072e-01 3.638275060550700797e-04
2.459006190244110301e+06 9.908296921803714241e-01 3.639812609772551436e-04
2.459006194884210359e+06 9.912009058123847360e-01 3.641350158994400990e-04
2.459006199524310883e+06 9.915492205771021528e-01 3.642878058091414493e-04
2.459006204164410941e+06 9.918746364046132635e-01 3.644376036148009451e-04
2.459006208804511465e+06 9.921771533602321558e-01 3.645874014354935004e-04
2.459006213444611523e+06 9.924589973331888748e-01 3.647371992411529420e-04
2.459006218084711581e+06 9.927224040131545912e-01 3.648869970468123836e-04
2.459006222724812105e+06 9.929673734264332641e-01 3.649775903209718456e-04
2.459006227364912163e+06 9.931939055238566683e-01 3.650488623928035774e-04
2.459006232005012687e+06 9.934054057561189088e-01 3.651201344717878452e-04
2.459006236645112745e+06 9.936215889480612962e-01 3.651914065436195228e-04
2.459006241285213269e+06 9.938456241946224123e-01 3.652386316754611126e-04
2.459006245925313327e+06 9.940775114508356713e-01 3.652188272371058547e-04
2.459006250565413386e+06 9.943172390369606761e-01 3.651990227987507052e-04
2.459006255205513909e+06 9.945314246658981672e-01 3.651792183584079963e-04
2.459006259845613968e+06 9.946891054192914527e-01 3.651594139200527384e-04
2.459006264485714491e+06 9.947902813287887724e-01 3.651146019591271176e-04
2.459006269125814550e+06 9.948349523740833700e-01 3.650624926316506239e-04
2.459006273765914608e+06 9.948260629622716067e-01 3.650103833041740218e-04
2.459006278406015132e+06 9.947793688313704141e-01 3.649582739714679874e-04
2.459006283046115190e+06 9.946972013377640698e-01 3.649247566447949196e-04
2.459006287686215714e+06 9.945795604649603217e-01 3.649380686507760173e-04
2.459006292326315772e+06 9.944264846013477488e-01 3.649513806554211611e-04
2.459006296966415830e+06 9.942647837600111504e-01 3.649646926600663048e-04
2.459006301606516354e+06 9.941174710861306885e-01 3.649780046660474567e-04
2.459006306246616412e+06 9.939845466092736004e-01 3.650668038177119811e-04
2.459006310886716936e+06 9.938660103027607828e-01 3.651751557454116026e-04
2.459006315526816994e+06 9.937526260723716920e-01 3.652835076622374896e-04
2.459006320166917518e+06 9.935986282452456964e-01 3.653918595899371654e-04
2.459006324807017576e+06 9.933977993052433009e-01 3.654323991781230178e-04
2.459006329447117634e+06 9.931501392392600991e-01 3.653179385861976265e-04
2.459006334087218158e+06 9.928556759210674931e-01 3.652034779827854926e-04
2.459006338727318216e+06 9.925232059326257739e-01 3.650890173908601013e-04
2.459006343367418740e+06 9.921597298541874332e-01 3.649745567874480216e-04
2.459006348007518798e+06 9.917652477587062254e-01 3.648203776576953387e-04
2.459006352647618856e+06 9.913397596112611954e-01 3.646571483301512778e-04
2.459006357287719380e+06 9.908923040054847808e-01 3.644939189862261147e-04
2.459006361927819438e+06 9.904644200308058144e-01 3.643306896586819997e-04
2.459006366567919962e+06 9.900612739507461679e-01 3.641399143476592502e-04
2.459006371208020020e+06 9.896828658462220041e-01 3.638917989698398623e-04
2.459006375848120078e+06 9.893290951785836951e-01 3.636436835920205828e-04
2.459006380488220602e+06 9.889817531691635910e-01 3.633955681893013536e-04
2.459006385128320660e+06 9.886273832639439485e-01 3.631474528114820200e-04
2.459006389768421184e+06 9.882659853917982185e-01 3.630652259431726265e-04
2.459006394408521242e+06 9.878975596252631552e-01 3.630158784196523989e-04
2.459006399048621766e+06 9.875022901304361111e-01 3.629665308911798611e-04
2.459006403688721824e+06 9.869955954519069596e-01 3.629171833676596336e-04
2.459006408328821883e+06 9.863678765782629698e-01 3.627737374085766289e-04
2.459006412968922406e+06 9.856191334282905503e-01 3.624513742456567794e-04
2.459006417609022465e+06 9.847503595094029283e-01 3.621290111150879507e-04
2.459006422249122988e+06 9.838794234442445052e-01 3.618066479521680470e-04
2.459006426889223047e+06 9.830873214688979900e-01 3.614842848215991640e-04
2.459006431529323105e+06 9.823740534920039069e-01 3.612878146320789826e-04
2.459006436169423629e+06 9.817396194538492438e-01 3.611127391171418065e-04
2.459006440809523687e+06 9.811578095289710255e-01 3.609376636197744520e-04
2.459006445449624211e+06 9.805245900262083980e-01 3.607625881048372759e-04
2.459006450089724269e+06 9.798292277720820342e-01 3.605755021839427278e-04
2.459006454729824793e+06 9.790717226270243545e-01 3.603675052499941871e-04
2.459006459369924851e+06 9.782527718021725160e-01 3.601595083369193572e-04
2.459006464010024909e+06 9.774311319605757387e-01 3.599515114238445272e-04
2.459006468650125433e+06 9.766443885803667291e-01 3.597435144898959865e-04
2.459006473290225491e+06 9.758925418194540624e-01 3.594933011532510541e-04
2.459006477930326015e+06 9.751755915269332275e-01 3.592370513521432303e-04
2.459006482570426073e+06 9.744757503395531373e-01 3.589808015767514894e-04
2.459006487210526131e+06 9.737272947566709691e-01 3.587245518013598027e-04
2.459006491850626655e+06 9.729240861772832094e-01 3.585030496588225519e-04
2.459006496490726713e+06 9.720661247626026791e-01 3.583370585419466486e-04
2.459006501130827237e+06 9.711541899147969614e-01 3.581710674084125751e-04
2.459006505770927295e+06 9.702376219786628120e-01 3.580050762915366717e-04
2.459006510411027353e+06 9.693458290628438334e-01 3.578390851746608226e-04
2.459006515051127877e+06 9.684788110815727435e-01 3.575614105639267153e-04
2.459006519691227935e+06 9.676365682088704512e-01 3.572706414363584822e-04
2.459006524331328459e+06 9.668090356468728164e-01 3.569798722796099235e-04
2.459006528971428517e+06 9.659615648155929213e-01 3.566891031520416904e-04
2.459006533611529041e+06 9.650912398764972533e-01 3.564786020382526631e-04
2.459006538251629099e+06 9.641980610042703015e-01 3.563859590521955938e-04
2.459006542891729157e+06 9.632825312548053409e-01 3.562933160661385787e-04
2.459006547531829681e+06 9.623695376384797662e-01 3.562006730707842589e-04
2.459006552171929739e+06 9.614729120798748419e-01 3.561080300847272438e-04
2.459006556812030263e+06 9.605926543990273014e-01 3.557392754982139130e-04
2.459006561452130321e+06 9.597287647726153725e-01 3.553449420146306934e-04
2.459006566092230380e+06 9.588901248497485597e-01 3.549506085310474737e-04
2.459006570732330903e+06 9.581052442512340006e-01 3.545562750078906037e-04
2.459006575372430962e+06 9.573762728366170816e-01 3.542737669461543180e-04
2.459006580012531485e+06 9.567032104595846187e-01 3.541423706732714808e-04
2.459006584652631544e+06 9.560833645029929162e-01 3.540109744135750899e-04
2.459006589292732067e+06 9.554094525579890362e-01 3.538795781406921985e-04
2.459006593932832126e+06 9.546258428519317496e-01 3.537481818809958076e-04
2.459006598572932184e+06 9.537325353226940861e-01 3.536753367196063171e-04
2.459006603213032708e+06 9.527295298641146326e-01 3.536065370624079081e-04
2.459006607853132766e+06 9.516903040461507368e-01 3.535377374121139154e-04
2.459006612493233290e+06 9.508349021859996419e-01 3.534689377549154522e-04
2.459006617133333348e+06 9.501780988389333382e-01 3.533289212424568066e-04
2.459006621773433406e+06 9.497198939091419101e-01 3.531002454479674154e-04
2.459006626413533930e+06 9.494528981028198533e-01 3.528715696305290421e-04
2.459006631053633988e+06 9.491343465746773234e-01 3.526428938360396509e-04
2.459006635693734512e+06 9.486467312656541306e-01 3.524142180186012776e-04
2.459006640333834570e+06 9.479900522736204316e-01 3.521292580314124422e-04
2.459006644973934628e+06 9.471643095581244731e-01 3.518416785193472971e-04
2.459006649614035152e+06 9.462517080589850638e-01 3.515540989784218828e-04
2.459006654254135210e+06 9.454820286305022359e-01 3.512665194663566835e-04
2.459006658894235734e+06 9.448689100645704109e-01 3.510914266183544027e-04
2.459006663534335792e+06 9.444123524842495954e-01 3.510454385586280770e-04
2.459006668174436316e+06 9.441076749101694476e-01 3.509994504942865736e-04
2.459006672814536374e+06 9.438256634065742556e-01 3.509534624345602479e-04
2.459006677454636432e+06 9.435079190626097789e-01 3.509074743748339222e-04
2.459006682094736956e+06 9.431544418410093833e-01 3.508455700872112359e-04
2.459006686734837014e+06 9.427652318127204278e-01 3.507832691630703779e-04
2.459006691374937538e+06 9.423483401659830117e-01 3.507209682326772513e-04
2.459006696015037596e+06 9.419247793008599379e-01 3.506586673085363933e-04
2.459006700655137654e+06 9.414956425044241906e-01 3.506320298467550858e-04
2.459006705295238178e+06 9.410609297327700018e-01 3.506431462502696363e-04
2.459006709935338236e+06 9.406244485419847923e-01 3.506542626526685971e-04
2.459006714575438760e+06 9.402758689874057829e-01 3.506653790561831477e-04
2.459006719215538818e+06 9.400530373941481388e-01 3.506764954585821084e-04
2.459006723855639342e+06 9.399559537174869694e-01 3.506772308274913748e-04
2.459006728495739400e+06 9.399846179769081322e-01 3.506779228502469891e-04
2.459006733135839459e+06 9.400925251353055012e-01 3.506786148730026576e-04
2.459006737775939982e+06 9.401663356131221283e-01 3.506793068958277693e-04
2.459006742416040041e+06 9.402009305527880834e-01 3.507176896491866181e-04
2.459006747056140564e+06 9.401963099612470343e-01 3.507928810763718533e-04
2.459006751696240623e+06 9.401545773682387086e-01 3.508680724960111497e-04
2.459006756336340681e+06 9.401185362229799169e-01 3.509432639156505004e-04
2.459006760976441205e+06 9.401050575156877365e-01 3.510190830725164169e-04
2.459006765616541263e+06 9.401141412490673366e-01 3.511335121807200913e-04
2.459006770256641787e+06 9.401457874249419255e-01 3.512479413004074183e-04
2.459006774896741845e+06 9.402208734799900602e-01 3.513623704086111469e-04
2.459006779536841903e+06 9.403869164594421681e-01 3.514767995168148213e-04
2.459006784176942427e+06 9.406457574059420290e-01 3.515641593642228921e-04
2.459006788817042485e+06 9.409973962675370895e-01 3.516271334335789372e-04
2.459006793457143009e+06 9.414366741381358095e-01 3.516901075092547968e-04
2.459006798097243067e+06 9.418719230525272046e-01 3.517530815786108420e-04
2.459006802737343591e+06 9.422694055621653186e-01 3.518099918292878271e-04
2.459006807377443649e+06 9.426291215872709683e-01 3.517052447508884011e-04
2.459006812017543707e+06 9.429510711696286185e-01 3.516004976724890294e-04
2.459006816657644231e+06 9.432684002112556865e-01 3.514957505835776671e-04
2.459006821297744289e+06 9.436515537840447498e-01 3.513910035051782412e-04
2.459006825937844813e+06 9.441028405950171454e-01 3.514911008128789320e-04
2.459006830577944871e+06 9.446222605535942174e-01 3.517613671424559994e-04
2.459006835218044929e+06 9.452092567881097418e-01 3.520316334720331210e-04
2.459006839858145453e+06 9.458551102745210715e-01 3.523018998287330236e-04
2.459006844498245511e+06 9.465568252371344693e-01 3.525708674679555615e-04
2.459006849138346035e+06 9.473144018167920510e-01 3.528180705867357521e-04
2.459006853778446093e+06 9.481278398614395586e-01 3.530652736807077165e-04
2.459006858418546617e+06 9.489552895203824390e-01 3.533124767994879614e-04
2.459006863058646675e+06 9.497137149698835490e-01 3.535596798934599258e-04
2.459006867698746733e+06 9.504008537409225355e-01 3.537292726911240226e-04
2.459006872338847257e+06 9.510167058917267102e-01 3.538394490086075824e-04
2.459006876978947315e+06 9.515712305763806000e-01 3.539496253150342859e-04
2.459006881619047839e+06 9.522028756594547172e-01 3.540598016325178458e-04
2.459006886259147897e+06 9.529560281817368583e-01 3.541803874586192799e-04
2.459006890899247956e+06 9.538306882005191945e-01 3.544266972141847942e-04
2.459006895539348479e+06 9.548268558218697688e-01 3.546730069944689255e-04
2.459006900179448538e+06 9.558756509310832872e-01 3.549193167500343856e-04
2.459006904819549061e+06 9.568495342473640752e-01 3.551656265303184627e-04
2.459006909459649120e+06 9.577456771764671917e-01 3.554113421907475557e-04
2.459006914099749178e+06 9.585640798200282253e-01 3.556566390712285921e-04
2.459006918739849702e+06 9.593133701796218160e-01 3.559019359763266558e-04
2.459006923379949760e+06 9.601007559640145628e-01 3.561472328568076923e-04
2.459006928020050284e+06 9.609582940839134224e-01 3.563886875161007624e-04
2.459006932660150342e+06 9.618859843672002974e-01 3.565942182515575683e-04
2.459006937300250866e+06 9.628838270000734667e-01 3.567997490076405616e-04
2.459006941940350924e+06 9.639365873554061048e-01 3.570052797430973675e-04
2.459006946580450982e+06 9.650179549262315470e-01 3.572108104785541192e-04
2.459006951220551506e+06 9.661274676446730547e-01 3.576140673068555322e-04
2.459006955860651564e+06 9.672651252880380968e-01 3.581455029771028189e-04
2.459006960500752088e+06 9.684238822832552662e-01 3.586769387006827152e-04
2.459006965140852146e+06 9.695250299081755729e-01 3.592083743709298936e-04
2.459006969780952204e+06 9.705466330504450845e-01 3.596934601176337318e-04
2.459006974421052728e+06 9.714886918006137018e-01 3.598279830456744405e-04
2.459006979061152786e+06 9.723512059695992304e-01 3.599625059602150432e-04
2.459006983701253310e+06 9.731844872426882453e-01 3.600970288882557519e-04
2.459006988341353368e+06 9.740695243285676375e-01 3.602315518027963547e-04
2.459006992981453426e+06 9.750074049708019608e-01 3.604962650504759509e-04
2.459006997621553950e+06 9.759981292714675627e-01 3.608384765827074244e-04
2.459007002261654008e+06 9.770341406319938971e-01 3.611806880805959268e-04
2.459007006901754532e+06 9.780391662685312681e-01 3.615228996128273461e-04
2.459007011541854590e+06 9.789934107142401754e-01 3.618371725916072913e-04
2.459007016181955114e+06 9.798968741606488564e-01 3.619753506517206618e-04
2.459007020822055172e+06 9.807495564264219201e-01 3.621135286979671949e-04
2.459007025462155230e+06 9.815750739396646996e-01 3.622517067442136739e-04
2.459007030102255754e+06 9.824088306430082129e-01 3.623898848043270986e-04
2.459007034742355812e+06 9.832511727894088782e-01 3.625814014260660026e-04
2.459007039382456336e+06 9.841021005479344552e-01 3.628020182681879202e-04
2.459007044022556394e+06 9.849573515640679400e-01 3.630226350881695621e-04
2.459007048662656453e+06 9.857778798127678765e-01 3.632432519081512583e-04
2.459007053302756976e+06 9.865542575286231353e-01 3.634828608311533086e-04
2.459007057942857035e+06 9.872864845558053659e-01 3.638243802911121367e-04
2.459007062582957558e+06 9.879745610412813406e-01 3.641658997853444929e-04
2.459007067223057617e+06 9.886338139134195346e-01 3.645074192453033211e-04
2.459007071863158140e+06 9.892856191792906984e-01 3.648489387395356231e-04
2.459007076503258198e+06 9.899301189696643188e-01 3.649254470418493326e-04
2.459007081143358257e+06 9.905673133503194450e-01 3.648697455123410213e-04
2.459007085783458780e+06 9.911983404758576421e-01 3.648140439772427262e-04
2.459007090423558839e+06 9.918326999139899236e-01 3.647583424477343606e-04
2.459007095063659362e+06 9.924725233154229054e-01 3.647465299422418842e-04
2.459007099703759421e+06 9.931178105517369792e-01 3.649384529739483707e-04
2.459007104343859479e+06 9.937685616868675575e-01 3.651303760056548572e-04
2.459007108983960003e+06 9.943937885119940034e-01 3.653222990566219242e-04
2.459007113624060061e+06 9.949533350841732737e-01 3.655142220883284107e-04
2.459007118264160585e+06 9.954470380009389219e-01 3.657837132289740406e-04
2.459007122904260643e+06 9.958748971631987690e-01 3.660884925646692642e-04
2.459007127544360701e+06 9.962468328423353947e-01 3.663932719003644336e-04
2.459007132184461225e+06 9.966385529028117807e-01 3.666980512666459763e-04
2.459007136824561283e+06 9.970658222083167432e-01 3.669355768137314185e-04
2.459007141464661807e+06 9.975286408446081277e-01 3.668996482557094867e-04
2.459007146104761865e+06 9.980270087187930184e-01 3.668637197012932318e-04
2.459007150744862389e+06 9.985054610695504040e-01 3.668277911432713543e-04
2.459007155384962447e+06 9.988973143227131146e-01 3.667918625888550452e-04
2.459007160025062505e+06 9.992024301855231272e-01 3.667878060891045203e-04
2.459007164665163029e+06 9.994208086755433929e-01 3.667969282059197486e-04
2.459007169305263087e+06 9.995591667339381869e-01 3.668060503218195309e-04
2.459007173945363611e+06 9.996645164573928488e-01 3.668151724386347051e-04
2.459007178585463669e+06 9.997459292166598344e-01 3.668369351370030936e-04
2.459007183225563727e+06 9.998034050235132808e-01 3.669041619841245552e-04
2.459007187865664251e+06 9.998369438801172349e-01 3.669713888379926817e-04
2.459007192505764309e+06 9.998604955466702249e-01 3.670386156851141975e-04
2.459007197145864833e+06 9.998895936317392374e-01 3.671058425389822698e-04
2.459007201785964891e+06 9.999242492118695091e-01 3.671353044100908176e-04
2.459007206426065415e+06 9.999644622940170313e-01 3.671506295659978649e-04
2.459007211066165473e+06 1.000000000000000000e+00 3.671659547203669173e-04
2.459007215706265531e+06 9.999650017460124385e-01 3.671812798747360238e-04
2.459007220346366055e+06 9.998477116527275665e-01 3.671557653704579064e-04
2.459007224986466113e+06 9.996481297436874414e-01 3.669992802010261330e-04
2.459007229626566637e+06 9.993662559788328847e-01 3.668427950158901249e-04
2.459007234266666695e+06 9.990486988775544308e-01 3.666863098464583515e-04
2.459007238906766754e+06 9.987434327115922716e-01 3.665298246770265782e-04
2.459007243546867277e+06 9.984504599445981343e-01 3.664041201261099842e-04
2.459007248186967336e+06 9.981697806353746483e-01 3.662887977155264343e-04
2.459007252827067859e+06 9.978920429895653532e-01 3.661734752933696766e-04
2.459007257467167918e+06 9.975617641776923783e-01 3.660581528827861809e-04
2.459007262107267976e+06 9.971698008330212026e-01 3.659349936386710684e-04
2.459007266747368500e+06 9.967161529069300530e-01 3.657892788417698685e-04
2.459007271387468558e+06 9.962008268247416476e-01 3.656435640594920080e-04
2.459007276027569082e+06 9.956628942706847729e-01 3.654978492625908081e-04
2.459007280667669140e+06 9.951394810491857035e-01 3.653521344803130019e-04
2.459007285307769664e+06 9.946305870551891415e-01 3.652151157546987465e-04
2.459007289947869722e+06 9.941362123908357162e-01 3.650807249836137726e-04
2.459007294587969780e+06 9.936456659235010092e-01 3.649463342125287444e-04
2.459007299228070304e+06 9.931003535688601724e-01 3.648119434279568918e-04
2.459007303868170362e+06 9.924913801746125808e-01 3.646984862313432715e-04
2.459007308508270886e+06 9.918187456185300066e-01 3.646393937943297084e-04
2.459007313148370944e+06 9.910824852482531533e-01 3.645803013632464059e-04
2.459007317788471002e+06 9.903169031951869483e-01 3.645212089321631576e-04
2.459007322428571526e+06 9.895521470479811121e-01 3.644621164951495403e-04
2.459007327068671584e+06 9.887882169601317495e-01 3.641942158043598725e-04
2.459007331708772108e+06 9.880251127783086229e-01 3.638701667957224407e-04
2.459007336348872166e+06 9.872618185303275729e-01 3.635461178196051652e-04
2.459007340988972690e+06 9.864931798329502621e-01 3.632220688109677334e-04
2.459007345629072748e+06 9.857184778073314613e-01 3.629259668954522657e-04
2.459007350269172806e+06 9.849377123766375197e-01 3.626956492328044625e-04
2.459007354909273330e+06 9.841508493682266101e-01 3.624653315470429868e-04
2.459007359549373388e+06 9.833446290992298167e-01 3.622350138843951836e-04
2.459007364189473912e+06 9.825082527179379577e-01 3.620046961986337079e-04
2.459007368829573970e+06 9.816417203922216395e-01 3.617884886201004212e-04
2.459007373469674028e+06 9.807450320396583487e-01 3.615756287972189849e-04
2.459007378109774552e+06 9.798189977692784991e-01 3.613627689529758926e-04
2.459007382749874610e+06 9.788674277103224242e-01 3.611499091300945105e-04
2.459007387389975134e+06 9.778908087139631666e-01 3.609036247352945129e-04
2.459007392030075192e+06 9.768891409762193723e-01 3.605857599381641723e-04
2.459007396670175251e+06 9.758624845421710603e-01 3.602678951410338858e-04
2.459007401310275774e+06 9.748235365410834463e-01 3.599500303120039321e-04
2.459007405950375833e+06 9.737818952124858152e-01 3.596321655148735914e-04
2.459007410590476356e+06 9.727375603473084054e-01 3.592708628715949974e-04
2.459007415230576415e+06 9.716905321551616570e-01 3.589005616605846823e-04
2.459007419870676938e+06 9.706448472076356637e-01 3.585302604124123620e-04
2.459007424510776997e+06 9.696181296275545591e-01 3.581599592014021011e-04
2.459007429150877055e+06 9.686124372834479246e-01 3.578895384437098814e-04
2.459007433790977579e+06 9.676277700775538504e-01 3.578143344695902889e-04
2.459007438431077637e+06 9.666641278080013722e-01 3.577391305030179361e-04
2.459007443071178161e+06 9.657214568411727207e-01 3.576639265288983436e-04
2.459007447711278219e+06 9.647997198179125711e-01 3.575887225623259908e-04
2.459007452351378277e+06 9.638989166425677713e-01 3.573132638645595957e-04
2.459007456991478801e+06 9.630190472278891134e-01 3.570020613461872801e-04
2.459007461631578859e+06 9.621536923891002013e-01 3.566908588590460044e-04
2.459007466271679383e+06 9.612767990814217178e-01 3.563796563406736889e-04
2.459007470911779441e+06 9.603855984210954988e-01 3.560236272426302480e-04
2.459007475551879965e+06 9.594800902292468514e-01 3.555874265971175848e-04
2.459007480191980023e+06 9.585605299916558630e-01 3.551512259953802349e-04
2.459007484832080081e+06 9.576506634065914403e-01 3.547150253936428850e-04
2.459007489472180605e+06 9.567660169564009554e-01 3.542788247481302760e-04
2.459007494112280663e+06 9.559065908186431537e-01 3.541206751185563056e-04
2.459007498752381187e+06 9.550723848208213518e-01 3.540045537456061662e-04
2.459007503392481245e+06 9.542590139184887743e-01 3.538884323843094655e-04
2.459007508032581303e+06 9.534499154192562775e-01 3.537723110230128190e-04
2.459007512672681827e+06 9.526434934048161329e-01 3.535991481469771759e-04
2.459007517312781885e+06 9.518397480370267560e-01 3.533324301318348107e-04
2.459007521952882409e+06 9.510388465016959003e-01 3.530657120899257707e-04
2.459007526592982467e+06 9.502523021937818726e-01 3.527989940747834597e-04
2.459007531233082525e+06 9.494871276998412268e-01 3.525322760596410945e-04
2.459007535873183049e+06 9.487433229463010376e-01 3.524400790132036203e-04
2.459007540513283107e+06 9.480208880824516626e-01 3.523697066278206561e-04
2.459007545153383631e+06 9.473164559382472039e-01 3.522993342353753616e-04
2.459007549793483689e+06 9.466181808043595547e-01 3.522289618499924516e-04
2.459007554433584213e+06 9.459250325920978142e-01 3.520856411677195856e-04
2.459007559073684271e+06 9.452370114405851398e-01 3.518324050184699903e-04
2.459007563713784330e+06 9.445548088552727650e-01 3.515791688692203407e-04
2.459007568353884853e+06 9.439152016837748516e-01 3.513259326945569923e-04
2.459007572993984912e+06 9.433390739292736304e-01 3.510726965453073427e-04
2.459007577634085435e+06 9.428264254761338226e-01 3.508718198991105683e-04
2.459007582274185494e+06 9.423772564272496766e-01 3.506761851754075748e-04
2.459007586914285552e+06 9.419822446435600627e-01 3.504805504517046356e-04
2.459007591554386076e+06 9.416108158816663964e-01 3.502849157083685297e-04
2.459007596194486134e+06 9.412605839448674461e-01 3.501732276375721592e-04
2.459007600834586658e+06 9.409315487628681085e-01 3.501779082254917398e-04
2.459007605474686716e+06 9.406237498726083279e-01 3.501825888129415898e-04
2.459007610114786774e+06 9.403388637503526937e-01 3.501872694003914941e-04
2.459007614754887298e+06 9.400777784920444358e-01 3.501919499883110747e-04
2.459007619394987356e+06 9.398404941500865251e-01 3.501688475134960544e-04
2.459007624035087880e+06 9.396270106768531694e-01 3.501436264425821323e-04
2.459007628675187938e+06 9.394373281151929822e-01 3.501184053741993344e-04
2.459007633315288462e+06 9.392714464270345287e-01 3.500931843032855208e-04
2.459007637955388520e+06 9.391310158657675267e-01 3.500679632349026687e-04
2.459007642595488578e+06 9.390288042792452883e-01 3.500427421665198708e-04
2.459007647235589102e+06 9.389675016572990307e-01 3.500175210956060030e-04
2.459007651875689160e+06 9.389471080122325786e-01 3.499923000272232051e-04
2.459007656515789684e+06 9.389676233399530947e-01 3.499670789563093373e-04
2.459007661155889742e+06 9.390290476363426508e-01 3.500323776730602100e-04
2.459007665795989800e+06 9.391313809014073533e-01 3.501025109898946337e-04
2.459007670436090324e+06 9.392683035749282983e-01 3.501726443137673185e-04
2.459007675076190382e+06 9.394217712274688381e-01 3.502427776306017422e-04
2.459007679716290906e+06 9.395906703022633977e-01 3.503562518698144653e-04
2.459007684356390964e+06 9.397750007654115389e-01 3.505207329863078243e-04
2.459007688996491488e+06 9.399755818226068760e-01 3.506852141193077818e-04
2.459007693636591546e+06 9.402162349492879656e-01 3.508496952358010866e-04
2.459007698276691604e+06 9.405079570026005920e-01 3.510141763522944456e-04
2.459007702916792128e+06 9.408507480195085204e-01 3.511400025825966282e-04
2.459007707556892186e+06 9.412446079312093428e-01 3.512646106328694675e-04
2.459007712196992710e+06 9.416717250680535223e-01 3.513892186956474404e-04
2.459007716837092768e+06 9.420846173010932745e-01 3.515138267459203339e-04
2.459007721477192827e+06 9.424807087562458996e-01 3.516175137125204710e-04
2.459007726117293350e+06 9.428599994707326237e-01 3.516984929091796245e-04
2.459007730757393409e+06 9.432250839634519490e-01 3.517794720977120864e-04
2.459007735397493932e+06 9.436400541603930936e-01 3.518604512943711857e-04
2.459007740037593991e+06 9.441325397203004233e-01 3.519414304829035934e-04
2.459007744677694049e+06 9.447025406809291814e-01 3.522992406269725399e-04
2.459007749317794573e+06 9.453500571111509432e-01 3.526599604121078194e-04
2.459007753957894631e+06 9.460496298297964568e-01 3.530206801610427268e-04
2.459007758597995155e+06 9.467378823347687433e-01 3.533813999461778979e-04
2.459007763238095213e+06 9.474118203494618085e-01 3.535783525914847178e-04
2.459007767878195737e+06 9.480714440091432271e-01 3.536113243092223126e-04
2.459007772518295795e+06 9.487172427691893395e-01 3.536442960236510307e-04
2.459007777158395853e+06 9.493596280836682499e-01 3.536772677380796946e-04
2.459007781798496377e+06 9.500027916527900018e-01 3.537119824968102430e-04
2.459007786438596435e+06 9.506467333474644121e-01 3.539237538813343317e-04
2.459007791078696959e+06 9.512914532969379833e-01 3.541355252871108972e-04
2.459007795718797017e+06 9.519598279022787324e-01 3.543472966716349859e-04
2.459007800358897075e+06 9.527050408668463755e-01 3.545590680561590746e-04
2.459007804998997599e+06 9.535292561768007324e-01 3.548091211904172773e-04
2.459007809639097657e+06 9.544324736667120224e-01 3.550945363160291023e-04
2.459007814279198181e+06 9.554100317426050815e-01 3.553799514702839766e-04
2.459007818919298239e+06 9.563756268813410344e-01 3.556653665958958016e-04
2.459007823559398763e+06 9.572968126500397412e-01 3.559527930019698995e-04
2.459007828199498821e+06 9.581735888638084342e-01 3.563054789779203802e-04
2.459007832839598879e+06 9.590059556173217148e-01 3.566581649538709152e-04
2.459007837479699403e+06 9.597975874259121465e-01 3.570108509652155553e-04
2.459007842119799461e+06 9.605564614619807040e-01 3.573635369411660902e-04
2.459007846759899985e+06 9.612828537216089320e-01 3.574869406640016197e-04
2.459007851400000043e+06 9.619767640590014546e-01 3.574150081035986086e-04
