2.458783000000000000e+06 9.792580237293454504e-01 4.339621019598242403e-04
2.458783004640100058e+06 9.800450367623794179e-01 4.343339448510886622e-04
2.458783009280200582e+06 9.809074873040891651e-01 4.347057877796696424e-04
2.458783013920300640e+06 9.818473446924818049e-01 4.351252389210808554e-04
2.458783018560401164e+06 9.828646091161974407e-01 4.355814832866594872e-04
2.458783023200501222e+06 9.839516306956473946e-01 4.360377276064512854e-04
2.458783027840601280e+06 9.850006885327944328e-01 4.364939719262430837e-04
2.458783032480701804e+06 9.859769787444213618e-01 4.369321527965111854e-04
2.458783037120801862e+06 9.868805011345755940e-01 4.371452632892606225e-04
2.458783041760902386e+06 9.877112558846041779e-01 4.373583738033968689e-04
2.458783046401002444e+06 9.884893041280017334e-01 4.375714842961462517e-04
2.458783051041102968e+06 9.892520608921527847e-01 4.377845948102824982e-04
2.458783055681203026e+06 9.900003747074020977e-01 4.381812978043003151e-04
2.458783060321303084e+06 9.907342456510213058e-01 4.387084995281982668e-04
2.458783064961403608e+06 9.914524783202256497e-01 4.392357013050040377e-04
2.458783069601503666e+06 9.921400598246448155e-01 4.397629030289020437e-04
2.458783074241604190e+06 9.927924707631553547e-01 4.402227420351307566e-04
2.458783078881704248e+06 9.934097110048107915e-01 4.400389525764570762e-04
2.458783083521804307e+06 9.939917806168491188e-01 4.398551631177833958e-04
2.458783088161904830e+06 9.945393672323160628e-01 4.396713736406653223e-04
2.458783092802004889e+06 9.950536656749522368e-01 4.394875841819915877e-04
2.458783097442105412e+06 9.955346975084405914e-01 4.395754008332457101e-04
2.458783102082205471e+06 9.959824626362323574e-01 4.398405693236813962e-04
2.458783106722305994e+06 9.963974246874618412e-01 4.401057378407283367e-04
2.458783111362406053e+06 9.967848061792037306e-01 4.403709063311640770e-04
2.458783116002506111e+06 9.971460711178384839e-01 4.406580034733843083e-04
2.458783120642606635e+06 9.974812195356903555e-01 4.411135329975984527e-04
2.458783125282706693e+06 9.977902513654904881e-01 4.415690624760975919e-04
2.458783129922807217e+06 9.980792026755227475e-01 4.420245920003117363e-04
2.458783134562907275e+06 9.983578413674276675e-01 4.424801214788108756e-04
2.458783139203007333e+06 9.986263015100546037e-01 4.425944925566301785e-04
2.458783143843107857e+06 9.988845831288131194e-01 4.425045354164117584e-04
2.458783148483207915e+06 9.991313251559211794e-01 4.424145782852211104e-04
2.458783153123308439e+06 9.993526975224957809e-01 4.423246211450026903e-04
2.458783157763408497e+06 9.995450934406383547e-01 4.422363515439895420e-04
2.458783162403508555e+06 9.997085129340187448e-01 4.421588351592287244e-04
2.458783167043609079e+06 9.998429560146754325e-01 4.420813187666886479e-04
2.458783171683709137e+06 9.999415457288277631e-01 4.420038023819278304e-04
2.458783176323809661e+06 9.999939282047775047e-01 4.419262859893877539e-04
2.458783180963909719e+06 1.000000000000000000e+00 4.418403092492410541e-04
2.458783185604010243e+06 9.999597611157140520e-01 4.417496937045429345e-04
2.458783190244110301e+06 9.998754964241128862e-01 4.416590781689386691e-04
2.458783194884210359e+06 9.997682429772668522e-01 4.415684626333343495e-04
2.458783199524310883e+06 9.996430997810410446e-01 4.414811554420512902e-04
2.458783204164410941e+06 9.995000668605533711e-01 4.414117343212223244e-04
2.458783208804511465e+06 9.993391441870953518e-01 4.413423131934266007e-04
2.458783213444611523e+06 9.991470626566522073e-01 4.412728920725976348e-04
2.458783218084711581e+06 9.989052551258463808e-01 4.412034709517687774e-04
2.458783222724812105e+06 9.986135955677548637e-01 4.412307414626812129e-04
2.458783227364912163e+06 9.982720840409172736e-01 4.413064331193333463e-04
2.458783232005012687e+06 9.978853161408748340e-01 4.413821247835814543e-04
2.458783236645112745e+06 9.974917859407297360e-01 4.414578164402335877e-04
2.458783241285213269e+06 9.971001549620783777e-01 4.414894214993354761e-04
2.458783245925313327e+06 9.967104232835258815e-01 4.413153952755706423e-04
2.458783250565413386e+06 9.963225908656742069e-01 4.411413690518057543e-04
2.458783255205513909e+06 9.959161222852519479e-01 4.409673428105763751e-04
2.458783259845613968e+06 9.954643462367448459e-01 4.407933165868114871e-04
2.458783264485714491e+06 9.949671521289453757e-01 4.405702445159547301e-04
2.458783269125814550e+06 9.944245400616466002e-01 4.403248031420274058e-04
2.458783273765914608e+06 9.938354629106553872e-01 4.400793617681000814e-04
2.458783278406015132e+06 9.931919131489207464e-01 4.398339203695413101e-04
2.458783283046115190e+06 9.924922205299935296e-01 4.395662713464468436e-04
2.458783287686215714e+06 9.917363849134372966e-01 4.392080982156492774e-04
2.458783292326315772e+06 9.909244064509571404e-01 4.388499251207965369e-04
2.458783296966415830e+06 9.901117673474116865e-01 4.384917520259437422e-04
2.458783301606516354e+06 9.893652534321094594e-01 4.381335788951462302e-04
2.458783306246616412e+06 9.886850052352791351e-01 4.380794899597309001e-04
2.458783310886716936e+06 9.880710226203877067e-01 4.381512876198785027e-04
2.458783315526816994e+06 9.875102926757467481e-01 4.382230852728208228e-04
2.458783320166917518e+06 9.869116692821537917e-01 4.382948829329684796e-04
2.458783324807017576e+06 9.862575532637708475e-01 4.382400618265909985e-04
2.458783329447117634e+06 9.855479445633071878e-01 4.377295585787012336e-04
2.458783334087218158e+06 9.847828431011962369e-01 4.372190552795795007e-04
2.458783338727318216e+06 9.839508932317286849e-01 4.367085520316897900e-04
2.458783343367418740e+06 9.830394482743336493e-01 4.361980487325680029e-04
2.458783348007518798e+06 9.820484993709722721e-01 4.359090051041139666e-04
2.458783352647618856e+06 9.809780464341650852e-01 4.357028423809110622e-04
2.458783357287719380e+06 9.798400138574946405e-01 4.354966796370184903e-04
2.458783361927819438e+06 9.787111126650774873e-01 4.352905169138155859e-04
2.458783366567919962e+06 9.776050288284657830e-01 4.349676380771895262e-04
2.458783371208020020e+06 9.765217625696631654e-01 4.342708559796681152e-04
2.458783375848120078e+06 9.754613137765228981e-01 4.335740738821467584e-04
2.458783380488220602e+06 9.744433029624369746e-01 4.328772917146991861e-04
2.458783385128320660e+06 9.734879045456509283e-01 4.321805096171777751e-04
2.458783389768421184e+06 9.725951193072297496e-01 4.318277645337363657e-04
2.458783394408521242e+06 9.717649474263655440e-01 4.315908510959344307e-04
2.458783399048621766e+06 9.709795461891698176e-01 4.313539376343568095e-04
2.458783403688721824e+06 9.701332329444815050e-01 4.311170241965548745e-04
2.458783408328821883e+06 9.692086205941924382e-01 4.308171768286188645e-04
2.458783412968922406e+06 9.682057090337256033e-01 4.303366592415627280e-04
2.458783417609022465e+06 9.671245069374251324e-01 4.298561417027294104e-04
2.458783422249122988e+06 9.660130409817411223e-01 4.293756241156733281e-04
2.458783426889223047e+06 9.649168452544023555e-01 4.288951065768399564e-04
2.458783431529323105e+06 9.638359196431003362e-01 4.285414728103615570e-04
2.458783436169423629e+06 9.627702640416567759e-01 4.282260459512392627e-04
2.458783440809523687e+06 9.617242013398762390e-01 4.279106191237718772e-04
2.458783445449624211e+06 9.607213569421200194e-01 4.275951922646496371e-04
2.458783450089724269e+06 9.597653071514637979e-01 4.273381218794199479e-04
2.458783454729824793e+06 9.588560517760172930e-01 4.272320118400571381e-04
2.458783459369924851e+06 9.579935393105216690e-01 4.271259018113430909e-04
2.458783464010024909e+06 9.571298666909935360e-01 4.270197917826290437e-04
2.458783468650125433e+06 9.562230733390257864e-01 4.269136817432662339e-04
2.458783473290225491e+06 9.552731594366224988e-01 4.264384428944387466e-04
2.458783477930326015e+06 9.542801247931248509e-01 4.258645005765757151e-04
2.458783482570426073e+06 9.532636790676081162e-01 4.252905583163112493e-04
2.458783487210526131e+06 9.523234150000794429e-01 4.247166160560466750e-04
2.458783491850626655e+06 9.514731663971752740e-01 4.242623032374600559e-04
2.458783496490726713e+06 9.507129334295506551e-01 4.240881327991216708e-04
2.458783501130827237e+06 9.500424833793161827e-01 4.239139623433043204e-04
2.458783505770927295e+06 9.493750133761230670e-01 4.237397919049659895e-04
2.458783510411027353e+06 9.486401366104960653e-01 4.235656214666276586e-04
2.458783515051127877e+06 9.478378529985388434e-01 4.234075514734535932e-04
2.458783519691227935e+06 9.469681627012790370e-01 4.232532711822276691e-04
2.458783524331328459e+06 9.460558917289392244e-01 4.230989908755187958e-04
2.458783528971428517e+06 9.452172187868551623e-01 4.229447105842928717e-04
2.458783533611529041e+06 9.444669099518964162e-01 4.227726409868459820e-04
2.458783538251629099e+06 9.438049653746586332e-01 4.225627159459945169e-04
2.458783542891729157e+06 9.432312221820803311e-01 4.223527909051429975e-04
2.458783547531829681e+06 9.427125623817464994e-01 4.221428658432243458e-04
2.458783552171929739e+06 9.422240845518230490e-01 4.219329408023728264e-04
2.458783556812030263e+06 9.417657885942667395e-01 4.218220381479701625e-04
2.458783561452130321e+06 9.413376746010627683e-01 4.217314288889791323e-04
2.458783566092230380e+06 9.409322197742105987e-01 4.216408196299881563e-04
2.458783570732330903e+06 9.405167725722453076e-01 4.215502103619039767e-04
2.458783575372430962e+06 9.400875482144980255e-01 4.214445920147459135e-04
2.458783580012531485e+06 9.396445466148181103e-01 4.213098569736854022e-04
2.458783584652631544e+06 9.391881428964846679e-01 4.211751219461463015e-04
2.458783589292732067e+06 9.387667933485993599e-01 4.210403869050857902e-04
2.458783593932832126e+06 9.384143310126830118e-01 4.209056518775466894e-04
2.458783598572932184e+06 9.381307558429939908e-01 4.206482534419479584e-04
2.458783603213032708e+06 9.379160678214437663e-01 4.203692709605483507e-04
2.458783607853132766e+06 9.377586805288193883e-01 4.200902885071462040e-04
2.458783612493233290e+06 9.376118902569922087e-01 4.198113060257465420e-04
2.458783617133333348e+06 9.374707779103557126e-01 4.196249363679022755e-04
2.458783621773433406e+06 9.373353434738939116e-01 4.196027888313793794e-04
2.458783626413533930e+06 9.372059869425793943e-01 4.195806412926338146e-04
2.458783631053633988e+06 9.371187014603779009e-01 4.195584937561108643e-04
2.458783635693734512e+06 9.370968516196067633e-01 4.195363462173653537e-04
2.458783640333834570e+06 9.371404374246512514e-01 4.195384378079262586e-04
2.458783644973934628e+06 9.372494588700355234e-01 4.195441251848167703e-04
2.458783649614035152e+06 9.374029037888713667e-01 4.195498125622780603e-04
2.458783654254135210e+06 9.375220258684768826e-01 4.195554999391685178e-04
2.458783658894235734e+06 9.375993205455764867e-01 4.195628837465890980e-04
2.458783663534335792e+06 9.376347878046562556e-01 4.195730232046177141e-04
2.458783668174436316e+06 9.376302061754976380e-01 4.195831626636638539e-04
2.458783672814536374e+06 9.377040830214472544e-01 4.195933021216925241e-04
2.458783677454636432e+06 9.379280110713356100e-01 4.196034415797210860e-04
2.458783682094736956e+06 9.383019903702233266e-01 4.197780067744634144e-04
2.458783686734837014e+06 9.388260208430482257e-01 4.199726316961036390e-04
2.458783691374937538e+06 9.394481235004114028e-01 4.201672566372756032e-04
2.458783696015037596e+06 9.399870150193192497e-01 4.203618815589158278e-04
2.458783700655137654e+06 9.404271382891855602e-01 4.204929581074321626e-04
2.458783705295238178e+06 9.407684933393111182e-01 4.205293021424547713e-04
2.458783709935338236e+06 9.410135316825999352e-01 4.205656461738301239e-04
2.458783714575438760e+06 9.412886236834404619e-01 4.206019902088527327e-04
2.458783719215538818e+06 9.416648754804649579e-01 4.206383342402280311e-04
2.458783723855639342e+06 9.421422871491915707e-01 4.210979267718692053e-04
2.458783728495739400e+06 9.427208585937980612e-01 4.215985037145605929e-04
2.458783733135839459e+06 9.433776522481274185e-01 4.220990806572520347e-04
2.458783737775939982e+06 9.440381625519607134e-01 4.225996576501792794e-04
2.458783742416040041e+06 9.446966632886268922e-01 4.228957439934066050e-04
2.458783747056140564e+06 9.453531545902947864e-01 4.229116774290506164e-04
2.458783751696240623e+06 9.460079531674533415e-01 4.229276108630955380e-04
2.458783756336340681e+06 9.466741118609750538e-01 4.229435442971405138e-04
2.458783760976441205e+06 9.473584758902112712e-01 4.229594777327845253e-04
2.458783765616541263e+06 9.480610451178018705e-01 4.234350697949944373e-04
2.458783770256641787e+06 9.487818196847608299e-01 4.239441120132812378e-04
2.458783774896741845e+06 9.495171980081037466e-01 4.244531541804826545e-04
2.458783779536841903e+06 9.502562782133274766e-01 4.249621963476840169e-04
2.458783784176942427e+06 9.509983147312893736e-01 4.253617092095617058e-04
2.458783788817042485e+06 9.517433074130536852e-01 4.256231655008798471e-04
2.458783793457143009e+06 9.524913496307786387e-01 4.258846218184366567e-04
2.458783798097243067e+06 9.532455887113143733e-01 4.261460781097547979e-04
2.458783802737343591e+06 9.540075639129550478e-01 4.264075344273116075e-04
2.458783807377443649e+06 9.547772750827634436e-01 4.264185678952267977e-04
2.458783812017543707e+06 9.555547222968200360e-01 4.264171444834018122e-04
2.458783816657644231e+06 9.563375820603915445e-01 4.264157210714339288e-04
2.458783821297744289e+06 9.571192960342195244e-01 4.264142976596088891e-04
2.458783825937844813e+06 9.578994680907864101e-01 4.265621366712999958e-04
2.458783830577944871e+06 9.586780980735027935e-01 4.268832069534460511e-04
2.458783835218044929e+06 9.594557487615374969e-01 4.272042772355921607e-04
2.458783839858145453e+06 9.602483041446899792e-01 4.275253475499595120e-04
2.458783844498245511e+06 9.610630089392606656e-01 4.278464178321056215e-04
2.458783849138346035e+06 9.618998633087706418e-01 4.282061358396628005e-04
2.458783853778446093e+06 9.627588670852533781e-01 4.285669237002146404e-04
2.458783858418546617e+06 9.636204697873684832e-01 4.289277115969737371e-04
2.458783863058646675e+06 9.644332034349789584e-01 4.292884994575256311e-04
2.458783867698746733e+06 9.651943437266963244e-01 4.296533632984647719e-04
2.458783872338847257e+06 9.659038907311392474e-01 4.300225850677083755e-04
2.458783876978947315e+06 9.665649732896688384e-01 4.303918067998983941e-04
2.458783881619047839e+06 9.672526381539157114e-01 4.307610285691419435e-04
2.458783886259147897e+06 9.679988188363328749e-01 4.311302503013320162e-04
2.458783890899247956e+06 9.688035154029949192e-01 4.312766676969870239e-04
2.458783895539348479e+06 9.696667279434666442e-01 4.314216299751259137e-04
2.458783900179448538e+06 9.705553825857973216e-01 4.315665922387169787e-04
2.458783904819549061e+06 9.713882541111970026e-01 4.317115545168558142e-04
2.458783909459649120e+06 9.721616132461450288e-01 4.319440662943322979e-04
2.458783914099749178e+06 9.728754600772110406e-01 4.322628290190339115e-04
2.458783918739849702e+06 9.735326558145233067e-01 4.325815917757252355e-04
2.458783923379949760e+06 9.741922870435999471e-01 4.329003545004267949e-04
2.458783928020050284e+06 9.748778105094435542e-01 4.332197381638328341e-04
2.458783932660150342e+06 9.755892260744611910e-01 4.335829777960503555e-04
2.458783937300250866e+06 9.763265338814425265e-01 4.339462174647210307e-04
2.458783941940350924e+06 9.770723342693388158e-01 4.343094570969385521e-04
2.458783946580450982e+06 9.777867609861019549e-01 4.346726967291560193e-04
2.458783951220551506e+06 9.784682453447096639e-01 4.350034583605614158e-04
2.458783955860651564e+06 9.791167872083799129e-01 4.353047388226722225e-04
2.458783960500752088e+06 9.797327115850498203e-01 4.356060193150182837e-04
2.458783965140852146e+06 9.803218597386713640e-01 4.359072997771290905e-04
2.458783969780952204e+06 9.808863949559327722e-01 4.362008128392566011e-04
2.458783974421052728e+06 9.814263172897839116e-01 4.362763539987732017e-04
2.458783979061152786e+06 9.819416266318559128e-01 4.363518951507087897e-04
2.458783983701253310e+06 9.824454622751042088e-01 4.364274363102253361e-04
2.458783988341353368e+06 9.829659082745494381e-01 4.365029774621609240e-04
2.458783992981453426e+06 9.835038984920586591e-01 4.365926094854241765e-04
2.458783997621553950e+06 9.840594329842635712e-01 4.366940228784310326e-04
2.458784002261654008e+06 9.846304717580839361e-01 4.367954362612604829e-04
2.458784006901754532e+06 9.851847799997962563e-01 4.368968496542672848e-04
2.458784011541854590e+06 9.857112245784906968e-01 4.370063965448663709e-04
2.458784016181955114e+06 9.862098055998302915e-01 4.372560767880498390e-04
2.458784020822055172e+06 9.866805229637445329e-01 4.375057570061764733e-04
2.458784025462155230e+06 9.871074521101084187e-01 4.377554372243029992e-04
2.458784030102255754e+06 9.874588473264733768e-01 4.380051174674864673e-04
2.458784034742355812e+06 9.877338319886271867e-01 4.381688746426294916e-04
2.458784039382456336e+06 9.879324061517622546e-01 4.382665006313591033e-04
2.458784044022556394e+06 9.880621206026747316e-01 4.383641266102913762e-04
2.458784048662656453e+06 9.882286872194177008e-01 4.384617525892235950e-04
2.458784053302756976e+06 9.884661421104598000e-01 4.385539718034135660e-04
2.458784057942857035e+06 9.887744852281411534e-01 4.385798001422420989e-04
2.458784062582957558e+06 9.891537166343494780e-01 4.386056284836627422e-04
2.458784067223057617e+06 9.895394362662742749e-01 4.386314568224912750e-04
2.458784071863158140e+06 9.898119532536462373e-01 4.386572851639118100e-04
2.458784076503258198e+06 9.899685818712442575e-01 4.387372730775610766e-04
2.458784081143358257e+06 9.900093221522324738e-01 4.388555980940216138e-04
2.458784085783458780e+06 9.899437017535541727e-01 4.389739231223568211e-04
2.458784090423558839e+06 9.898907137279497892e-01 4.390922481388174125e-04
2.458784095063659362e+06 9.898860551559065524e-01 4.391777885287557592e-04
2.458784099703759421e+06 9.899297260383593811e-01 4.389537297273423105e-04
2.458784104343859479e+06 9.900217263724154781e-01 4.387296709259287534e-04
2.458784108983960003e+06 9.901212429428210005e-01 4.385056121020296563e-04
2.458784113624060061e+06 9.901575948556379236e-01 4.382815533006160992e-04
2.458784118264160585e+06 9.901295283088479282e-01 4.383921512192648796e-04
2.458784122904260643e+06 9.900370433080841748e-01 4.387203510794421843e-04
2.458784127544360701e+06 9.898846895874945373e-01 4.390485509396194891e-04
2.458784132184461225e+06 9.897234619652658383e-01 4.393767508327336090e-04
2.458784136824561283e+06 9.895676045346062377e-01 4.396505613051221537e-04
2.458784141464661807e+06 9.894171172642336476e-01 4.395107032536125146e-04
2.458784146104761865e+06 9.892720001843526845e-01 4.393708452161384148e-04
2.458784150744862389e+06 9.891389501191415468e-01 4.392309871646287215e-04
2.458784155384962447e+06 9.890287662932757407e-01 4.390911291271546216e-04
2.458784160025062505e+06 9.889415947689690345e-01 4.389236570445524720e-04
2.458784164665163029e+06 9.888774355409374328e-01 4.387397171197414121e-04
2.458784169305263087e+06 9.888235959793221230e-01 4.385557772133899242e-04
2.458784173945363611e+06 9.886517355143824570e-01 4.383718372885788642e-04
2.458784178585463669e+06 9.883285037745884738e-01 4.381811846496789543e-04
2.458784183225563727e+06 9.878539007502886715e-01 4.379481213686241508e-04
2.458784187865664251e+06 9.872279263710668218e-01 4.377150580641801791e-04
2.458784192505764309e+06 9.865370054308730818e-01 4.374819947831253756e-04
2.458784197145864833e+06 9.859107947968857033e-01 4.372489314786813497e-04
2.458784201785964891e+06 9.853505677900291637e-01 4.374134536814134494e-04
2.458784206426065415e+06 9.848563242978590759e-01 4.377950158336793574e-04
2.458784211066165473e+06 9.844217285440672871e-01 4.381765779476533046e-04
2.458784215706265531e+06 9.839887205817953175e-01 4.385581400616271977e-04
2.458784220346366055e+06 9.835432785023163760e-01 4.387613346099155905e-04
2.458784224986466113e+06 9.830854023950361675e-01 4.380075095699665407e-04
2.458784229626566637e+06 9.826150921680532058e-01 4.372536844543666880e-04
2.458784234266666695e+06 9.821261527329013807e-01 4.364998594144176925e-04
2.458784238906766754e+06 9.816099466313745747e-01 4.357460343744685885e-04
2.458784243546867277e+06 9.810664164291896805e-01 4.353969103195967790e-04
2.458784248186967336e+06 9.804955622354390998e-01 4.352495401864468088e-04
2.458784252827067859e+06 9.798985742197880988e-01 4.351021700385073994e-04
2.458784257467167918e+06 9.792853773783425364e-01 4.349547999053574835e-04
2.458784262107267976e+06 9.786581966732280646e-01 4.348062173758663685e-04
2.458784266747368500e+06 9.780170320393981598e-01 4.346520186102727180e-04
2.458784271387468558e+06 9.773618836055422143e-01 4.344978198601538309e-04
2.458784276027569082e+06 9.767016323106603171e-01 4.343436210945602347e-04
2.458784280667669140e+06 9.760477706486437866e-01 4.341894223444414018e-04
2.458784285307769664e+06 9.754003447888822675e-01 4.339433632930812215e-04
2.458784289947869722e+06 9.747593548613217029e-01 4.336556021331636093e-04
2.458784294587969780e+06 9.741201988794845334e-01 4.333678409732459971e-04
2.458784299228070304e+06 9.734478370628315558e-01 4.330800797844498468e-04
2.458784303868170362e+06 9.727349874499102711e-01 4.327847068016458794e-04
2.458784308508270886e+06 9.719816498976430186e-01 4.324585009537987735e-04
2.458784313148370944e+06 9.711878245572336255e-01 4.321322951386882849e-04
2.458784317788471002e+06 9.703603071188157125e-01 4.318060893235778504e-04
2.458784322428571526e+06 9.695072471407052417e-01 4.314798834757306903e-04
2.458784327068671584e+06 9.686286612448222755e-01 4.311147531048068349e-04
2.458784331708772108e+06 9.677245492548238737e-01 4.307335860048667401e-04
2.458784336348872166e+06 9.668014553849524351e-01 4.303524189431790327e-04
2.458784340988972690e+06 9.659050226821530583e-01 4.299712518432389921e-04
2.458784345629072748e+06 9.650440310098411523e-01 4.296524453500029004e-04
2.458784350269172806e+06 9.642184802762762130e-01 4.295567569731895260e-04
2.458784354909273330e+06 9.634283704039440233e-01 4.294610685867732646e-04
2.458784359549373388e+06 9.626670903194400886e-01 4.293653802099598902e-04
2.458784364189473912e+06 9.619273054011656665e-01 4.292696918235436288e-04
2.458784368829573970e+06 9.612090109191947507e-01 4.289496182246820347e-04
2.458784373469674028e+06 9.605122067982073686e-01 4.285459901126620081e-04
2.458784378109774552e+06 9.598318705810426898e-01 4.281423619601355379e-04
2.458784382749874610e+06 9.591358245379741909e-01 4.277387338481155113e-04
2.458784387389975134e+06 9.584183499033197551e-01 4.273607808531955810e-04
2.458784392030075192e+06 9.576794468210853006e-01 4.270646297229528220e-04
2.458784396670175251e+06 9.569191152203428974e-01 4.267684785927101172e-04
2.458784401310275774e+06 9.561575113511776580e-01 4.264723274327468830e-04
2.458784405950375833e+06 9.554152789649107413e-01 4.261761763025041783e-04
2.458784410590476356e+06 9.546924186465806095e-01 4.260495240950147957e-04
2.458784415230576415e+06 9.539889305412736498e-01 4.259796389747168288e-04
2.458784419870676938e+06 9.532973328189370266e-01 4.259097538474053749e-04
2.458784424510776997e+06 9.525734857627853325e-01 4.258398687271073538e-04
2.458784429150877055e+06 9.518101563062066894e-01 4.257890896428921613e-04
2.458784433790977579e+06 9.510073443666526849e-01 4.257928770468307552e-04
2.458784438431077637e+06 9.501650603696292219e-01 4.257966644503892819e-04
2.458784443071178161e+06 9.493338678390211838e-01 4.258004518543279300e-04
2.458784447711278219e+06 9.485615199193380143e-01 4.258042392578864567e-04
2.458784452351378277e+06 9.478480165242123556e-01 4.253215474313793505e-04
2.458784456991478801e+06 9.471933575908976222e-01 4.246931832711089224e-04
2.458784461631578859e+06 9.465896032090489465e-01 4.240648191738985114e-04
2.458784466271679383e+06 9.459935233840668367e-01 4.234364550136281375e-04
2.458784470911779441e+06 9.453986014989160802e-01 4.229123988170489985e-04
2.458784475551879965e+06 9.448048374341886380e-01 4.226568493854843513e-04
2.458784480191980023e+06 9.442122601849444186e-01 4.224012999795655849e-04
2.458784484832080081e+06 9.436461788613279555e-01 4.221457505736468728e-04
2.458784489472180605e+06 9.431286793363334864e-01 4.218902011420821714e-04
2.458784494112280663e+06 9.426597617138291474e-01 4.217754876076167114e-04
2.458784498752381187e+06 9.422394258996978911e-01 4.216982095197086846e-04
2.458784503392481245e+06 9.418654087951771059e-01 4.216209314395559559e-04
2.458784508032581303e+06 9.415263171609209447e-01 4.215436533594032814e-04
2.458784512672681827e+06 9.412205750718691810e-01 4.214646790341165621e-04
2.458784517312781885e+06 9.409481825893877271e-01 4.213817512032843877e-04
2.458784521952882409e+06 9.407090333213643518e-01 4.212988233641299317e-04
2.458784526592982467e+06 9.404647800495485876e-01 4.212158955332978116e-04
2.458784531233082525e+06 9.401844420243019584e-01 4.211329677024656373e-04
2.458784535873183049e+06 9.398680192120589805e-01 4.210196088921049919e-04
2.458784540513283107e+06 9.395155116763294068e-01 4.208991330925290460e-04
2.458784545153383631e+06 9.391496547320153931e-01 4.207786572808626738e-04
2.458784549793483689e+06 9.388764538214147137e-01 4.206581814812867821e-04
2.458784554433584213e+06 9.387093234884535953e-01 4.205969106132046559e-04
2.458784559073684271e+06 9.386482637666770934e-01 4.206610581904760005e-04
2.458784563713784330e+06 9.386928620616451502e-01 4.207252057677473450e-04
2.458784568353884853e+06 9.387612337389260597e-01 4.207893533514561399e-04
2.458784572993984912e+06 9.387920305657215803e-01 4.208535009287274844e-04
2.458784577634085435e+06 9.387852525482129895e-01 4.208075099313355314e-04
2.458784582274185494e+06 9.387408996877606437e-01 4.207391046605190731e-04
2.458784586914285552e+06 9.386820775953624851e-01 4.206706993897026147e-04
2.458784591554386076e+06 9.387087139920891055e-01 4.206022941120212593e-04
2.458784596194486134e+06 9.388323399438418537e-01 4.207002959884749210e-04
2.458784600834586658e+06 9.390529554754338815e-01 4.211197070528003325e-04
2.458784605474686716e+06 9.393699422597412418e-01 4.215391180750353893e-04
2.458784610114786774e+06 9.397049318355781278e-01 4.219585290972704462e-04
2.458784614754887298e+06 9.400033988803774276e-01 4.223779401615958577e-04
2.458784619394987356e+06 9.402653433342333944e-01 4.222598949397793713e-04
2.458784624035087880e+06 9.404907652497213055e-01 4.220480072563867436e-04
2.458784628675187938e+06 9.406936153799053679e-01 4.218361195942581937e-04
2.458784633315288462e+06 9.409299301358848844e-01 4.216242319108655661e-04
2.458784637955388520e+06 9.412055838945383446e-01 4.215572834521213964e-04
2.458784642595488578e+06 9.415205766776073570e-01 4.217462523030928844e-04
2.458784647235589102e+06 9.418752559978756933e-01 4.219352211730284237e-04
2.458784651875689160e+06 9.423004031061732455e-01 4.221241900239998575e-04
2.458784656515789684e+06 9.428159303337927399e-01 4.223131588939354510e-04
2.458784661155889742e+06 9.434218375772615017e-01 4.226403898856482947e-04
2.458784665795989800e+06 9.441181248837807738e-01 4.229879531069625424e-04
2.458784670436090324e+06 9.448838599886000278e-01 4.233355163631567666e-04
2.458784675076190382e+06 9.456408669283234980e-01 4.236830795844710143e-04
2.458784679716290906e+06 9.463817320903653574e-01 4.239251461611426145e-04
2.458784684356390964e+06 9.471064553260251095e-01 4.239965550168255733e-04
2.458784688996491488e+06 9.478151842237872993e-01 4.240679638796748916e-04
2.458784693636591546e+06 9.485176146377469752e-01 4.241393727353578503e-04
2.458784698276691604e+06 9.492195842152887364e-01 4.242107815910409175e-04
2.458784702916792128e+06 9.499210930267896202e-01 4.246318405108417742e-04
2.458784707556892186e+06 9.506221409314487003e-01 4.250951264580229896e-04
2.458784712196992710e+06 9.513412507279394026e-01 4.255584124516976130e-04
2.458784716837092768e+06 9.521428020133322345e-01 4.260216983988788283e-04
2.458784721477192827e+06 9.530322914103696030e-01 4.263905631380227198e-04
2.458784726117293350e+06 9.540097190215544032e-01 4.266192433067126570e-04
2.458784730757393409e+06 9.550731557006781891e-01 4.268479234524532868e-04
2.458784735397493932e+06 9.561242947414581028e-01 4.270766036211432241e-04
2.458784740037593991e+06 9.571080067682493642e-01 4.273052837668838539e-04
2.458784744677694049e+06 9.580242918899235516e-01 4.276169253948869874e-04
2.458784749317794573e+06 9.588731501882850061e-01 4.279365032499771898e-04
2.458784753957894631e+06 9.596820958927666512e-01 4.282560810729958787e-04
2.458784758597995155e+06 9.605402001456739836e-01 4.285756589280861352e-04
2.458784763238095213e+06 9.614542713511118333e-01 4.289105435085010208e-04
2.458784767878195737e+06 9.624243096925446661e-01 4.292663148880549546e-04
2.458784772518295795e+06 9.634488886507366345e-01 4.296220862319051893e-04
2.458784777158395853e+06 9.644698330921606111e-01 4.299778575757553156e-04
2.458784781798496377e+06 9.654567364866017964e-01 4.303336289553093036e-04
2.458784786438596435e+06 9.664095986359767521e-01 4.306699155635043035e-04
2.458784791078696959e+06 9.673284197315363819e-01 4.310048060594387823e-04
2.458784795718797017e+06 9.682357966716121922e-01 4.313396965217651080e-04
2.458784800358897075e+06 9.691999054458801943e-01 4.316745869840914337e-04
2.458784804998997599e+06 9.702253825047478797e-01 4.321101091235326737e-04
2.458784809639097657e+06 9.713122276423898915e-01 4.326719741409702324e-04
2.458784814279198181e+06 9.724577165229109088e-01 4.332338392147942188e-04
2.458784818919298239e+06 9.735706764649262324e-01 4.337957042322317775e-04
2.458784823559398763e+06 9.746066720261191696e-01 4.343575693060557638e-04
2.458784828199498821e+06 9.755657029985534967e-01 4.345207941425087862e-04
2.458784832839598879e+06 9.764477694900595139e-01 4.346646151330890218e-04
2.458784837479699403e+06 9.772687111708598939e-01 4.348084361381024279e-04
2.458784842119799461e+06 9.780730866453580807e-01 4.349522571286826636e-04
2.458784846759899985e+06 9.788635722693642682e-01 4.351709034185542355e-04
2.458784851400000043e+06 9.796401678842191485e-01 4.354760527265920432e-04
