2.458975000000000000e+06 9.766846058508236172e-01 2.993082856574286210e-04
2.458975004640100058e+06 9.758734381654672330e-01 2.991409451283469356e-04
2.458975009280200582e+06 9.750523616693218543e-01 2.989736045824715549e-04
2.458975013920300640e+06 9.742213765271873216e-01 2.987866191299973196e-04
2.458975018560401164e+06 9.733804825722748300e-01 2.985933877565152025e-04
2.458975023200501222e+06 9.725365946967573505e-01 2.984001564024250171e-04
2.458975027840601280e+06 9.717289917073611560e-01 2.982069250483347774e-04
2.458975032480701804e+06 9.709638650806735605e-01 2.980046426818538496e-04
2.458975037120801862e+06 9.702412149702642763e-01 2.977777457119785954e-04
2.458975041760902386e+06 9.695610043963440727e-01 2.975508487193329272e-04
2.458975046401002444e+06 9.688557096252394807e-01 2.973239517494576730e-04
2.458975051041102968e+06 9.680638623239092855e-01 2.970970547568120047e-04
2.458975055681203026e+06 9.671854626512864650e-01 2.969522482479703697e-04
2.458975060321303084e+06 9.662205105322475562e-01 2.968307387592653392e-04
2.458975064961403608e+06 9.651877955409154941e-01 2.967092292583660700e-04
2.458975069601503666e+06 9.641860105132241676e-01 2.965877197696610394e-04
2.458975074241604190e+06 9.632294660598080815e-01 2.964090863288812460e-04
2.458975078881704248e+06 9.623181623726567713e-01 2.960899359986835931e-04
2.458975083521804307e+06 9.614520662458525546e-01 2.957707856684859402e-04
2.458975088161904830e+06 9.606126975914585087e-01 2.954516353062596541e-04
2.458975092802004889e+06 9.597844819982540576e-01 2.951324849760620012e-04
2.458975097442105412e+06 9.589674193000062852e-01 2.949697399600803116e-04
2.458975102082205471e+06 9.581615096607095650e-01 2.948463119363665778e-04
2.458975106722305994e+06 9.573698688781880906e-01 2.947228839002660511e-04
2.458975111362406053e+06 9.566076573235564595e-01 2.945994558765522632e-04
2.458975116002506111e+06 9.558768917382020058e-01 2.944593824762943503e-04
2.458975120642606635e+06 9.551775720535220504e-01 2.942821221533246045e-04
2.458975125282706693e+06 9.545095679473817318e-01 2.941048618481440142e-04
2.458975129922807217e+06 9.538374782867715673e-01 2.939276015251742684e-04
2.458975134562907275e+06 9.531336326457606756e-01 2.937503412199936239e-04
2.458975139203007333e+06 9.523980309584942905e-01 2.935857485069294135e-04
2.458975143843107857e+06 9.516306731463701762e-01 2.934239497124855873e-04
2.458975148483207915e+06 9.508441946604384576e-01 2.932621509342792066e-04
2.458975153123308439e+06 9.500956279045540409e-01 2.931003521398353804e-04
2.458975157763408497e+06 9.493919131104482378e-01 2.929548284499611938e-04
2.458975162403508555e+06 9.487330502007474964e-01 2.928424398835356561e-04
2.458975167043609079e+06 9.481190585525177683e-01 2.927300513058311631e-04
2.458975171683709137e+06 9.475530863082212152e-01 2.926176627394056254e-04
2.458975176323809661e+06 9.470374188733022836e-01 2.925052741617012409e-04
2.458975180963909719e+06 9.465720563512612928e-01 2.925159171045158381e-04
2.458975185604010243e+06 9.461569986486946249e-01 2.925500859487787297e-04
2.458975190244110301e+06 9.457665152094174577e-01 2.925842547896125609e-04
2.458975194884210359e+06 9.452927106780611988e-01 2.926184236304464462e-04
2.458975199524310883e+06 9.447236161522378772e-01 2.925708560801886979e-04
2.458975204164410941e+06 9.440592317461714567e-01 2.923712023555372031e-04
2.458975208804511465e+06 9.433011650516098801e-01 2.921715486108493270e-04
2.458975213444611523e+06 9.426238512835208860e-01 2.919718948861978864e-04
2.458975218084711581e+06 9.421450739309018552e-01 2.917722411615463916e-04
2.458975222724812105e+06 9.418648329755908710e-01 2.917396028170941543e-04
2.458975227364912163e+06 9.417831284738357178e-01 2.917342309117053746e-04
2.458975232005012687e+06 9.418423405173250718e-01 2.917288590057774212e-04
2.458975236645112745e+06 9.418177440116262122e-01 2.917234871003885873e-04
2.458975241285213269e+06 9.416867006261655515e-01 2.917202246951491841e-04
2.458975245925313327e+06 9.414492103872448281e-01 2.917205580803707943e-04
2.458975250565413386e+06 9.411070126090745891e-01 2.917208914655923502e-04
2.458975255205513909e+06 9.407961979665928620e-01 2.917212248508474623e-04
2.458975259845613968e+06 9.406023228250200985e-01 2.917215582360690724e-04
2.458975264485714491e+06 9.405253871454433146e-01 2.916448858696661715e-04
2.458975269125814550e+06 9.405653909433043802e-01 2.915576961968388537e-04
2.458975273765914608e+06 9.406951190893280135e-01 2.914705065240115358e-04
2.458975278406015132e+06 9.408157490446082960e-01 2.913833168424342728e-04
2.458975283046115190e+06 9.409182795110936359e-01 2.913576440494785257e-04
2.458975287686215714e+06 9.410027105093630162e-01 2.914282210789447447e-04
2.458975292326315772e+06 9.410699141566709613e-01 2.914987981013281962e-04
2.458975296966415830e+06 9.411716775701950422e-01 2.915693751237115935e-04
2.458975301606516354e+06 9.413383400569482751e-01 2.916399521531778667e-04
2.458975306246616412e+06 9.415699015834796404e-01 2.916698864434558451e-04
2.458975310886716936e+06 9.418663621962660715e-01 2.916953054960136501e-04
2.458975315526816994e+06 9.422135905850642645e-01 2.917207245460204357e-04
2.458975320166917518e+06 9.425637718662707165e-01 2.917461435985782407e-04
2.458975324807017576e+06 9.429129874909412123e-01 2.917682297331470318e-04
2.458975329447117634e+06 9.432612374942667133e-01 2.917855217322731873e-04
2.458975334087218158e+06 9.436088008602129262e-01 2.918028137331346627e-04
2.458975338727318216e+06 9.439687257881577143e-01 2.918201057322608724e-04
2.458975343367418740e+06 9.443481410441065815e-01 2.918373977331223477e-04
2.458975348007518798e+06 9.447470465519061111e-01 2.919320209252184361e-04
2.458975352647618856e+06 9.451654423486552936e-01 2.920333511594575514e-04
2.458975357287719380e+06 9.456102690824383927e-01 2.921346814038657241e-04
2.458975361927819438e+06 9.461034255876134003e-01 2.922360116381048393e-04
2.458975366567919962e+06 9.466465175190594827e-01 2.923239118173771227e-04
2.458975371208020020e+06 9.472395447677722791e-01 2.923940296456604580e-04
2.458975375848120078e+06 9.478821785376917441e-01 2.924641474739438475e-04
2.458975380488220602e+06 9.485619528684228197e-01 2.925342653092639260e-04
2.458975385128320660e+06 9.492725128398860068e-01 2.926043831375473156e-04
2.458975389768421184e+06 9.500138585946988901e-01 2.926716202757299119e-04
2.458975394408521242e+06 9.507859899840648277e-01 2.927386747342838685e-04
2.458975399048621766e+06 9.515793874825637655e-01 2.928057291995670884e-04
2.458975403688721824e+06 9.523660267545991376e-01 2.928727836581209907e-04
2.458975408328821883e+06 9.531440816358645041e-01 2.930117497133172288e-04
2.458975412968922406e+06 9.539135522031497727e-01 2.932384453812655325e-04
2.458975417609022465e+06 9.546760571553788433e-01 2.934651410264635884e-04
2.458975422249122988e+06 9.554824472286820303e-01 2.936918366944118921e-04
2.458975426889223047e+06 9.563569191944187864e-01 2.939185323396100022e-04
2.458975431529323105e+06 9.572994731300988880e-01 2.940502520047888002e-04
2.458975436169423629e+06 9.583101091405616945e-01 2.941780706478052342e-04
2.458975440809523687e+06 9.593585833542797037e-01 2.943058892779943638e-04
2.458975445449624211e+06 9.603617940079985926e-01 2.944337079210107978e-04
2.458975450089724269e+06 9.613149635099973445e-01 2.946036209447375209e-04
2.458975454729824793e+06 9.622180920515884806e-01 2.948208811767155787e-04
2.458975459369924851e+06 9.630725922133788197e-01 2.950381413868903308e-04
2.458975464010024909e+06 9.639158970746812827e-01 2.952554015970650287e-04
2.458975468650125433e+06 9.647646379121178617e-01 2.954726618290431949e-04
2.458975473290225491e+06 9.656188145553363800e-01 2.956382686886243325e-04
2.458975477930326015e+06 9.664784271757800305e-01 2.958028603489794078e-04
2.458975482570426073e+06 9.673575919729019423e-01 2.959674519928167172e-04
2.458975487210526131e+06 9.682925239985430421e-01 2.961320436366539723e-04
2.458975491850626655e+06 9.692850439280434882e-01 2.963482559009599708e-04
2.458975496490726713e+06 9.703351515621928547e-01 2.966180211336984815e-04
2.458975501130827237e+06 9.714403325564320291e-01 2.968877863935094662e-04
2.458975505770927295e+06 9.725435604199146322e-01 2.971575516262479227e-04
2.458975510411027353e+06 9.736211760639403856e-01 2.974272813311823189e-04
2.458975515051127877e+06 9.746731795927983111e-01 2.976576630972538090e-04
2.458975519691227935e+06 9.756995707953394215e-01 2.978880448402051215e-04
2.458975524331328459e+06 9.766926766277529426e-01 2.981184266062766115e-04
2.458975528971428517e+06 9.776341147897856798e-01 2.983488083492279782e-04
2.458975533611529041e+06 9.785230856962464641e-01 2.985752911944903210e-04
2.458975538251629099e+06 9.793595891687087995e-01 2.987980428199208077e-04
2.458975542891729157e+06 9.801461680212819605e-01 2.990207944453513486e-04
2.458975547531829681e+06 9.809327795571298747e-01 2.992435460931362951e-04
2.458975552171929739e+06 9.817387776407733302e-01 2.994641672920483151e-04
2.458975556812030263e+06 9.825641624339854774e-01 2.995858528965439165e-04
2.458975561452130321e+06 9.834089337711019452e-01 2.997075384888277152e-04
2.458975566092230380e+06 9.842643586362623820e-01 2.998292240811115139e-04
2.458975570732330903e+06 9.851109009826949370e-01 2.999509096856071695e-04
2.458975575372430962e+06 9.859478339966333271e-01 3.001253227650807118e-04
2.458975580012531485e+06 9.867751578460596251e-01 3.003462753907469910e-04
2.458975584652631544e+06 9.875934982858410871e-01 3.005672279942393841e-04
2.458975589292732067e+06 9.884136183108525042e-01 3.007881806199056633e-04
2.458975593932832126e+06 9.892394107130696446e-01 3.010097075373102389e-04
2.458975598572932184e+06 9.900708755745118994e-01 3.012445805395706712e-04
2.458975603213032708e+06 9.909080129794756164e-01 3.014794535654019840e-04
2.458975607853132766e+06 9.917140677080510391e-01 3.017143265676624705e-04
2.458975612493233290e+06 9.924122710559687421e-01 3.019491995934937834e-04
2.458975617133333348e+06 9.930002177511900729e-01 3.021179389783332594e-04
2.458975621773433406e+06 9.934779078693166676e-01 3.022328625074953727e-04
2.458975626413533930e+06 9.938506427015856293e-01 3.023477860481907950e-04
2.458975631053633988e+06 9.941988959392584757e-01 3.024627095773529083e-04
2.458975635693734512e+06 9.945498358727258292e-01 3.025735569659006373e-04
2.458975640333834570e+06 9.949034624315502562e-01 3.026221305571444721e-04
2.458975644973934628e+06 9.952597756508155813e-01 3.026707041483883611e-04
2.458975649614035152e+06 9.956396109611165279e-01 3.027192777445068773e-04
2.458975654254135210e+06 9.960835891905294170e-01 3.027678513357507121e-04
2.458975658894235734e+06 9.965927630842662532e-01 3.028694661768335078e-04
2.458975663534335792e+06 9.971671325401304520e-01 3.030108466466591263e-04
2.458975668174436316e+06 9.977957866403299736e-01 3.031522271306731024e-04
2.458975672814536374e+06 9.983314139718282298e-01 3.032936076004987208e-04
2.458975677454636432e+06 9.987276154575979170e-01 3.034277276599223823e-04
2.458975682094736956e+06 9.989843911164116852e-01 3.034801446202187018e-04
2.458975686734837014e+06 9.991017408967318714e-01 3.035325615752547434e-04
2.458975691374937538e+06 9.991448563500436864e-01 3.035849785355511712e-04
2.458975696015037596e+06 9.992323246032391859e-01 3.036373954905871586e-04
2.458975700655137654e+06 9.993666305505949365e-01 3.036880891774876973e-04
2.458975705295238178e+06 9.995477742126392950e-01 3.037375937338674054e-04
2.458975709935338236e+06 9.997676291391516257e-01 3.037870982852790280e-04
2.458975714575438760e+06 9.999279855943903339e-01 3.038366028416587361e-04
2.458975719215538818e+06 1.000000000000000000e+00 3.038782281571392250e-04
2.458975723855639342e+06 9.999836723704348396e-01 3.038503244453094718e-04
2.458975728495739400e+06 9.998790027089721200e-01 3.038224207362799959e-04
2.458975733135839459e+06 9.997227660443148700e-01 3.037945170272505200e-04
2.458975737775939982e+06 9.995773429902208296e-01 3.037666133154207668e-04
2.458975742416040041e+06 9.994437602942459753e-01 3.037018219601603339e-04
2.458975747056140564e+06 9.993220179295784211e-01 3.036136321425071715e-04
2.458975751696240623e+06 9.992068027922356155e-01 3.035254423337044056e-04
2.458975756336340681e+06 9.990403160370926461e-01 3.034372525249016397e-04
2.458975760976441205e+06 9.988067407016931742e-01 3.033526562414245423e-04
2.458975765616541263e+06 9.985060768329185876e-01 3.032939301319394036e-04
2.458975770256641787e+06 9.981383243704223807e-01 3.032352040165606504e-04
2.458975774896741845e+06 9.977340855229338556e-01 3.031764779070754033e-04
2.458975779536841903e+06 9.973417307212145699e-01 3.031177517975902104e-04
2.458975784176942427e+06 9.969618617810059868e-01 3.030131211546058592e-04
2.458975788817042485e+06 9.965944787785520065e-01 3.028817674037199590e-04
2.458975793457143009e+06 9.962341812150254938e-01 3.027504136396520036e-04
2.458975798097243067e+06 9.958278276107714877e-01 3.026190598887661576e-04
2.458975802737343591e+06 9.953618793724963165e-01 3.024988807160168287e-04
2.458975807377443649e+06 9.948363365937210601e-01 3.024461429599201038e-04
2.458975812017543707e+06 9.942511992306753976e-01 3.023934052038233246e-04
2.458975816657644231e+06 9.936409255981668576e-01 3.023406674424340668e-04
2.458975821297744289e+06 9.930562219776734034e-01 3.022879296863373419e-04
2.458975825937844813e+06 9.924975407730527444e-01 3.021810935791799943e-04
2.458975830577944871e+06 9.919648820964385161e-01 3.020454121176364840e-04
2.458975835218044929e+06 9.914506147877562015e-01 3.019097306560929736e-04
2.458975839858145453e+06 9.908865208859837237e-01 3.017740491809330766e-04
2.458975844498245511e+06 9.902564374585637319e-01 3.016337200145104060e-04
2.458975849138346035e+06 9.895603643790316095e-01 3.014694051525100755e-04
2.458975853778446093e+06 9.887983017870970448e-01 3.013050903069997011e-04
2.458975858418546617e+06 9.879918612012635881e-01 3.011407754449993705e-04
2.458975863058646675e+06 9.871706171579116562e-01 3.009764605994889961e-04
2.458975867698746733e+06 9.863347449524204613e-01 3.007957474991476720e-04
2.458975872338847257e+06 9.854842444987033101e-01 3.006070452008943955e-04
2.458975876978947315e+06 9.846166750171913007e-01 3.004183429215784989e-04
2.458975881619047839e+06 9.837121378019235696e-01 3.002296406233252225e-04
2.458975886259147897e+06 9.827662536285718398e-01 3.000461419551189311e-04
2.458975890899247956e+06 9.817790224084347317e-01 2.998859535442502389e-04
2.458975895539348479e+06 9.807504440362142528e-01 2.997257651173057557e-04
2.458975900179448538e+06 9.797177181522856992e-01 2.995655767064371176e-04
2.458975904819549061e+06 9.787281225240798133e-01 2.994053882794925803e-04
2.458975909459649120e+06 9.777818224666504632e-01 2.992306446692486409e-04
2.458975914099749178e+06 9.768788178785138276e-01 2.990494404104316098e-04
2.458975918739849702e+06 9.760112519557093691e-01 2.988682361334296894e-04
2.458975923379949760e+06 9.751205231474772139e-01 2.986870318746126041e-04
2.458975928020050284e+06 9.741946672633730042e-01 2.984836120052333243e-04
2.458975932660150342e+06 9.732336844892268690e-01 2.981927932416208473e-04
2.458975937300250866e+06 9.722375746321585410e-01 2.979019744488230030e-04
2.458975941940350924e+06 9.712387868721567008e-01 2.976111556852104718e-04
2.458975946580450982e+06 9.702755642149510917e-01 2.973203369215979947e-04
2.458975951220551506e+06 9.693479698278097967e-01 2.971739749483525415e-04
2.458975955860651564e+06 9.684560038969116658e-01 2.970858291774618187e-04
2.458975960500752088e+06 9.675889374532826714e-01 2.969976833977251989e-04
2.458975965140852146e+06 9.666733333511935422e-01 2.969095376268345303e-04
2.458975969780952204e+06 9.656953056530377388e-01 2.967786057787109768e-04
2.458975974421052728e+06 9.646548542512672908e-01 2.964984616012609781e-04
2.458975979061152786e+06 9.635519793547130396e-01 2.962183174519251007e-04
2.458975983701253310e+06 9.624546226419826711e-01 2.959381732744751020e-04
2.458975988341353368e+06 9.614369055913660755e-01 2.956580291251392247e-04
2.458975992981453426e+06 9.604988628211718060e-01 2.954404614429706976e-04
2.458975997621553950e+06 9.596404942492554602e-01 2.952456953174456252e-04
2.458976002261654008e+06 9.588428508941745365e-01 2.950509292114664953e-04
2.458976006901754532e+06 9.579865895519019681e-01 2.948561630859414229e-04
2.458976011541854590e+06 9.570508478697705712e-01 2.946522111612757044e-04
2.458976016181955114e+06 9.560356256599659153e-01 2.944196467123539446e-04
2.458976020822055172e+06 9.549409231262550035e-01 2.941870822867714797e-04
2.458976025462155230e+06 9.538706358733726187e-01 2.939545178611890149e-04
2.458976030102255754e+06 9.529294652669663135e-01 2.937219534122673093e-04
2.458976034742355812e+06 9.521174118861188695e-01 2.935357574328015793e-04
2.458976039382456336e+06 9.514344755678414423e-01 2.933647623019055239e-04
2.458976044022556394e+06 9.508570705415575475e-01 2.931937671881698951e-04
2.458976048662656453e+06 9.502481983609242233e-01 2.930227720744342122e-04
2.458976053302756976e+06 9.495857625476875619e-01 2.928436579436114731e-04
2.458976057942857035e+06 9.488697632348060962e-01 2.926418152756115666e-04
2.458976062582957558e+06 9.481002158837181781e-01 2.924399725873555651e-04
2.458976067223057617e+06 9.473256981729865078e-01 2.922381299193556586e-04
2.458976071863158140e+06 9.465914123744192388e-01 2.920362872310996029e-04
2.458976076503258198e+06 9.458973586353960350e-01 2.919360087387821230e-04
2.458976081143358257e+06 9.452435368802081239e-01 2.918655072234822216e-04
2.458976085783458780e+06 9.446316526817692960e-01 2.917950057011070878e-04
2.458976090423558839e+06 9.440708620976194787e-01 2.917245041858071864e-04
2.458976095063659362e+06 9.435625244385196231e-01 2.916540133584125984e-04
2.458976099703759421e+06 9.431066398064990031e-01 2.915835495848232784e-04
2.458976104343859479e+06 9.427031390417497381e-01 2.915130858112339584e-04
2.458976108983960003e+06 9.423017377961558916e-01 2.914426220305731466e-04
2.458976113624060061e+06 9.418591399497078243e-01 2.913721582569837724e-04
2.458976118264160585e+06 9.413753454135711518e-01 2.912244922380082500e-04
2.458976122904260643e+06 9.408503542848489776e-01 2.910567303383810667e-04
2.458976127544360701e+06 9.403090537241944880e-01 2.908889684387538834e-04
2.458976132184461225e+06 9.398751360296581092e-01 2.907212065222908293e-04
2.458976136824561283e+06 9.395654638342944009e-01 2.906192427104055290e-04
2.458976141464661807e+06 9.393800370759487484e-01 2.906682440350866832e-04
2.458976146104761865e+06 9.393186126478360043e-01 2.907172453548502759e-04
2.458976150744862389e+06 9.393025523809548361e-01 2.907662466795314844e-04
2.458976155384962447e+06 9.392690878103814311e-01 2.908152479992951313e-04
2.458976160025062505e+06 9.392182189353769362e-01 2.908207565445049508e-04
2.458976164665163029e+06 9.391499457482168634e-01 2.908163030223131357e-04
2.458976169305263087e+06 9.390753782433466368e-01 2.908118495005682829e-04
2.458976173945363611e+06 9.390457234095840322e-01 2.908073959783764135e-04
2.458976178585463669e+06 9.390673723883768975e-01 2.907987374708634462e-04
2.458976183225563727e+06 9.391403251741747837e-01 2.907812945110858135e-04
2.458976187865664251e+06 9.392644279622646142e-01 2.907638515495577364e-04
2.458976192505764309e+06 9.394112901416965533e-01 2.907464085897801579e-04
2.458976197145864833e+06 9.395598710513869412e-01 2.907289656282520266e-04
2.458976201785964891e+06 9.397101706615139660e-01 2.907811383393073962e-04
2.458976206426065415e+06 9.398621890022446079e-01 2.908471863364386315e-04
2.458976211066165473e+06 9.400234809510525924e-01 2.909132343269415426e-04
2.458976215706265531e+06 9.402263841457723093e-01 2.909792823174445079e-04
2.458976220346366055e+06 9.404745816279448389e-01 2.910671074442980301e-04
2.458976224986466113e+06 9.407680733477538082e-01 2.911964797290895915e-04
2.458976229626566637e+06 9.411068030647775640e-01 2.913258520268644197e-04
2.458976234266666695e+06 9.414839943231678721e-01 2.914552243116560353e-04
2.458976238906766754e+06 9.418949779189702554e-01 2.915845965964475968e-04
2.458976243546867277e+06 9.423397538985163191e-01 2.916626841808381103e-04
2.458976248186967336e+06 9.428183221725340291e-01 2.917320031178927760e-04
2.458976252827067859e+06 9.433244837270813310e-01 2.918013220619040081e-04
2.458976257467167918e+06 9.438335664227754940e-01 2.918706409989586738e-04
2.458976262107267976e+06 9.443430156087625482e-01 2.919617596283714681e-04
2.458976266747368500e+06 9.448528313362241082e-01 2.920909557952701364e-04
2.458976271387468558e+06 9.453632576257259279e-01 2.922201519492033188e-04
2.458976276027569082e+06 9.458951104966505374e-01 2.923493481161020414e-04
2.458976280667669140e+06 9.464617403656776506e-01 2.924785442700351696e-04
2.458976285307769664e+06 9.470631473465360717e-01 2.924938069733851479e-04
2.458976289947869722e+06 9.476993313185166912e-01 2.924926684318600377e-04
2.458976294587969780e+06 9.483592745946290981e-01 2.924915298903349274e-04
2.458976299228070304e+06 9.490021617611021920e-01 2.924903913486955422e-04
2.458976303868170362e+06 9.496241663886306750e-01 2.925344633361470661e-04
2.458976308508270886e+06 9.502252886020582379e-01 2.926509845758442328e-04
2.458976313148370944e+06 9.508069101707112836e-01 2.927675058038477912e-04
2.458976317788471002e+06 9.514573326777134854e-01 2.928840270318513496e-04
2.458976322428571526e+06 9.522293200130594881e-01 2.930005482715485163e-04
2.458976327068671584e+06 9.531228720218026806e-01 2.932384873206063673e-04
2.458976331708772108e+06 9.541379888832890455e-01 2.934907717875135475e-04
2.458976336348872166e+06 9.552241741478597614e-01 2.937430562291024928e-04
2.458976340988972690e+06 9.562071523244752846e-01 2.939953406960096730e-04
2.458976345629072748e+06 9.570722021591492323e-01 2.941704981843032288e-04
2.458976350269172806e+06 9.578193237564464058e-01 2.942320737781774806e-04
2.458976354909273330e+06 9.584514342247580920e-01 2.942936493782311968e-04
2.458976359549373388e+06 9.591139960071584092e-01 2.943552249721055028e-04
2.458976364189473912e+06 9.598880525772010008e-01 2.944168005721592191e-04
2.458976368829573970e+06 9.607736037795233663e-01 2.945961418817656099e-04
2.458976373469674028e+06 9.617706496862122867e-01 2.947864921733767130e-04
2.458976378109774552e+06 9.628331019939734281e-01 2.949768424840905909e-04
2.458976382749874610e+06 9.638126614403628167e-01 2.951671927757016940e-04
2.458976387389975134e+06 9.646981022332589140e-01 2.953203543804544095e-04
2.458976392030075192e+06 9.654894241949432132e-01 2.954231187542044482e-04
2.458976396670175251e+06 9.661877666618901017e-01 2.955258831279544869e-04
2.458976401310275774e+06 9.668388375725446293e-01 2.956286475120175651e-04
2.458976405950375833e+06 9.674663952015295498e-01 2.957314118857676038e-04
2.458976410590476356e+06 9.680704396748031071e-01 2.958292551886500536e-04
2.458976415230576415e+06 9.686509708711263933e-01 2.959267545944850543e-04
2.458976419870676938e+06 9.692526503445406671e-01 2.960242540101046542e-04
2.458976424510776997e+06 9.700095406553379540e-01 2.961217534159396006e-04
2.458976429150877055e+06 9.709306796873035106e-01 2.962997296986899032e-04
2.458976433790977579e+06 9.720160675576038356e-01 2.965781691588448418e-04
2.458976438431077637e+06 9.732581003924354324e-01 2.968566085910567462e-04
2.458976443071178161e+06 9.744054341929307972e-01 2.971350480512116848e-04
2.458976447711278219e+06 9.753361278074060836e-01 2.974134874834235892e-04
2.458976452351378277e+06 9.760501813618737144e-01 2.974938622088255688e-04
2.458976456991478801e+06 9.765475948953816765e-01 2.975648732332338226e-04
2.458976461631578859e+06 9.769197596838110620e-01 2.976358842505157239e-04
2.458976466271679383e+06 9.774227155872713402e-01 2.977068952749239777e-04
2.458976470911779441e+06 9.780717240752180297e-01 2.978161663923316175e-04
2.458976475551879965e+06 9.788667852779143752e-01 2.979694669182570755e-04
2.458976480191980023e+06 9.798027030378324564e-01 2.981227674287979215e-04
2.458976484832080081e+06 9.807352641760626044e-01 2.982760679393387133e-04
2.458976489472180605e+06 9.815991451156099723e-01 2.984293684652641714e-04
2.458976494112280663e+06 9.823943456830835919e-01 2.986621740173829088e-04
2.458976498752381187e+06 9.831208660380899023e-01 2.988970155025455987e-04
2.458976503392481245e+06 9.837904389911396041e-01 2.991318569641406608e-04
2.458976508032581303e+06 9.844337530938965797e-01 2.993666984257356144e-04
2.458976512672681827e+06 9.850524122301632657e-01 2.995273631703044919e-04
2.458976517312781885e+06 9.856464162757673231e-01 2.996093004092485268e-04
2.458976521952882409e+06 9.862162401031988601e-01 2.996912376564154221e-04
2.458976526592982467e+06 9.867731187912104351e-01 2.997731748953595112e-04
2.458976531233082525e+06 9.873218046484238952e-01 2.998551121343034920e-04
2.458976535873183049e+06 9.878622977286702911e-01 3.000103930377629488e-04
2.458976540513283107e+06 9.883945979234656232e-01 3.001660272436552338e-04
2.458976545153383631e+06 9.889155530453235254e-01 3.003216614651663726e-04
2.458976549793483689e+06 9.894174638992447868e-01 3.004772956710587118e-04
2.458976554433584213e+06 9.898999812614538429e-01 3.006168374731630526e-04
2.458976559073684271e+06 9.903631050351037191e-01 3.007406239685675399e-04
2.458976563713784330e+06 9.908069755265201950e-01 3.008644104639720271e-04
2.458976568353884853e+06 9.912344592218419459e-01 3.009881969717992487e-04
2.458976572993984912e+06 9.916466882375634118e-01 3.011114384246879497e-04
2.458976577634085435e+06 9.920436626564238525e-01 3.011997854679103730e-04
2.458976582274185494e+06 9.924253823987455592e-01 3.012881325022665705e-04
2.458976586914285552e+06 9.927785944680309616e-01 3.013764795366228222e-04
2.458976591554386076e+06 9.930730720160062530e-01 3.014648265798452456e-04
2.458976596194486134e+06 9.933076381523092691e-01 3.015271110732838187e-04
2.458976600834586658e+06 9.934822929240196832e-01 3.015658592255382703e-04
2.458976605474686716e+06 9.936007739029341090e-01 3.016046073739040681e-04
2.458976610114786774e+06 9.937297550781180044e-01 3.016433555222699744e-04
2.458976614754887298e+06 9.938938258774056012e-01 3.016838236814051101e-04
2.458976619394987356e+06 9.940929862678664630e-01 3.017709503987790233e-04
2.458976624035087880e+06 9.943272362894740590e-01 3.018580771248966475e-04
2.458976628675187938e+06 9.945682979579916205e-01 3.019452038422706149e-04
2.458976633315288462e+06 9.947559498515307075e-01 3.020323305683882392e-04
2.458976637955388520e+06 9.948882080921818138e-01 3.020678708930972685e-04
2.458976642595488578e+06 9.949650727015563190e-01 3.020604546486326436e-04
2.458976647235589102e+06 9.949877755912921451e-01 3.020530384034237140e-04
2.458976651875689160e+06 9.949756728201893941e-01 3.020456221589590891e-04
2.458976656515789684e+06 9.949354280040798582e-01 3.020436602372514215e-04
2.458976661155889742e+06 9.948670411510404099e-01 3.021341208049039130e-04
2.458976665795989800e+06 9.947705122584447057e-01 3.022245813725564045e-04
2.458976670436090324e+06 9.946490125261915338e-01 3.023150419492871919e-04
2.458976675076190382e+06 9.945088465319826820e-01 3.024055025169396292e-04
2.458976679716290906e+06 9.943501869952459105e-01 3.024047605320911210e-04
2.458976684356390964e+06 9.941730339478259681e-01 3.023340325854983958e-04
2.458976688996491488e+06 9.939807521392132195e-01 3.022633046318076700e-04
2.458976693636591546e+06 9.938202698975598937e-01 3.021925766852149448e-04
2.458976698276691604e+06 9.937066622826458140e-01 3.021240687835506557e-04
2.458976702916792128e+06 9.936399292901262337e-01 3.020825906496961031e-04
2.458976707556892186e+06 9.936200709333952164e-01 3.020411125200041279e-04
2.458976712196992710e+06 9.935801217541447850e-01 3.019996343861495211e-04
2.458976716837092768e+06 9.933958473107419307e-01 3.019581562564575459e-04
2.458976721477192827e+06 9.930644757143479717e-01 3.019025201314145526e-04
2.458976726117293350e+06 9.925860069095647775e-01 3.018368810189753725e-04
2.458976730757393409e+06 9.919744825452481152e-01 3.017712419131234796e-04
2.458976735397493932e+06 9.914049021688685626e-01 3.017056028006842995e-04
2.458976740037593991e+06 9.909296940111936847e-01 3.016423296197964874e-04
2.458976744677694049e+06 9.905488580103269936e-01 3.016013169720034690e-04
2.458976749317794573e+06 9.902623941422558085e-01 3.015603043200945480e-04
2.458976753957894631e+06 9.900081631051412812e-01 3.015192916723015838e-04
2.458976758597995155e+06 9.896786442713297882e-01 3.014782790203927171e-04
2.458976763238095213e+06 9.892719362474142741e-01 3.014680747006227976e-04
2.458976767878195737e+06 9.887880389517637036e-01 3.014778875434982503e-04
2.458976772518295795e+06 9.882295321247818176e-01 3.014877003853888679e-04
2.458976777158395853e+06 9.876253124553976415e-01 3.014975132272795398e-04
2.458976781798496377e+06 9.869834482412742638e-01 3.014719615109633381e-04
2.458976786438596435e+06 9.863039396112416313e-01 3.011775510996911299e-04
2.458976791078696959e+06 9.855867864289140634e-01 3.008831406588731113e-04
2.458976795718797017e+06 9.848606371173725949e-01 3.005887302476009030e-04
2.458976800358897075e+06 9.841716933809234735e-01 3.002943198363286948e-04
2.458976804998997599e+06 9.835205803413200609e-01 3.001012253918165849e-04
2.458976809639097657e+06 9.829072981292481526e-01 2.999685758983613461e-04
2.458976814279198181e+06 9.823267141268060554e-01 2.998359263915940020e-04
2.458976818919298239e+06 9.817268899148894334e-01 2.997032768981388175e-04
2.458976823559398763e+06 9.810943208409259597e-01 2.995647441983672037e-04
2.458976828199498821e+06 9.804290070318794070e-01 2.993889685307168772e-04
2.458976832839598879e+06 9.797309484259109080e-01 2.992131928630665507e-04
2.458976837479699403e+06 9.790038080459917413e-01 2.990374171777761465e-04
2.458976842119799461e+06 9.782530874228492213e-01 2.988616415101258200e-04
2.458976846759899985e+06 9.774788407076248076e-01 2.986765286893769975e-04
2.458976851400000043e+06 9.766810680557185265e-01 2.984863105277482513e-04
