2.459029000000000000e+06 9.411280796750611799e-01 2.864577970327776123e-04
2.459029004640100058e+06 9.412230510963038865e-01 2.864394382595419788e-04
2.459029009280200582e+06 9.413926290887256743e-01 2.864210794844639064e-04
2.459029013920300640e+06 9.416386355012850151e-01 2.864412411742758803e-04
2.459029018560401164e+06 9.419610703833584120e-01 2.864892341936629036e-04
2.459029023200501222e+06 9.423573707762503693e-01 2.865372272082335214e-04
2.459029027840601280e+06 9.427946329051285490e-01 2.865852202228041392e-04
2.459029032480701804e+06 9.432628116271375429e-01 2.866368548354827797e-04
2.459029037120801862e+06 9.437619068483081852e-01 2.867250221997244162e-04
2.459029041760902386e+06 9.442919186688149003e-01 2.868131895728141183e-04
2.459029046401002444e+06 9.448449939051700719e-01 2.869013569370557548e-04
2.459029051041102968e+06 9.454072865584087770e-01 2.869895243101454568e-04
2.459029055681203026e+06 9.459785350655156577e-01 2.870919865222983742e-04
2.459029060321303084e+06 9.465587394824708234e-01 2.872039492701312317e-04
2.459029064961403608e+06 9.471521810866982971e-01 2.873159120292002725e-04
2.459029069601503666e+06 9.478081842411008040e-01 2.874278747770331300e-04
2.459029074241604190e+06 9.485407850173434019e-01 2.875591365697293235e-04
2.459029078881704248e+06 9.493499832683842676e-01 2.878452216913110939e-04
2.459029083521804307e+06 9.502357790639007762e-01 2.881313068128928644e-04
2.459029088161904830e+06 9.511604491005500872e-01 2.884173919631850130e-04
2.459029092802004889e+06 9.520619929545175442e-01 2.887034770847667835e-04
2.459029097442105412e+06 9.529395057940123204e-01 2.888837388731247714e-04
2.459029102082205471e+06 9.537929874429069699e-01 2.889993972563946792e-04
2.459029106722305994e+06 9.546239558894350496e-01 2.891150556512715134e-04
2.459029111362406053e+06 9.554481864712905947e-01 2.892307140345413670e-04
2.459029116002506111e+06 9.562698603571825329e-01 2.893445977358366028e-04
2.459029120642606635e+06 9.570889776291860995e-01 2.894467117442903019e-04
2.459029125282706693e+06 9.579055381228945842e-01 2.895488257424962846e-04
2.459029129922807217e+06 9.587323341174159852e-01 2.896509397509499837e-04
2.459029134562907275e+06 9.595889478863453004e-01 2.897530537491559664e-04
2.459029139203007333e+06 9.604755909765101407e-01 2.899370939293585258e-04
2.459029143843107857e+06 9.613922634814108248e-01 2.901669934292500086e-04
2.459029148483207915e+06 9.623389652170601938e-01 2.903968929060697776e-04
2.459029153123308439e+06 9.633156963734725853e-01 2.906267924059612604e-04
2.459029157763408497e+06 9.643220662941623944e-01 2.908566918827810294e-04
2.459029162403508555e+06 9.653366165101200380e-01 2.910865913596007984e-04
2.459029167043609079e+06 9.663470455645880586e-01 2.913164908594922812e-04
2.459029171683709137e+06 9.673533532547613500e-01 2.915463903363120501e-04
2.459029176323809661e+06 9.683555397826179023e-01 2.917762898362035329e-04
2.459029180963909719e+06 9.693536049470069527e-01 2.920102854678227112e-04
2.459029185604010243e+06 9.703475489482520366e-01 2.922463789329435833e-04
2.459029190244110301e+06 9.713377231406687962e-01 2.924824723743711143e-04
2.459029194884210359e+06 9.723271411288414434e-01 2.927185658157986452e-04
2.459029199524310883e+06 9.733164937892238022e-01 2.929415051403611936e-04
2.459029204164410941e+06 9.743057809232412714e-01 2.931008575286572640e-04
2.459029208804511465e+06 9.752950027294549074e-01 2.932602099329452623e-04
2.459029213444611523e+06 9.762739801048933019e-01 2.934195623212413327e-04
2.459029218084711581e+06 9.772292380713428761e-01 2.935789147095374573e-04
2.459029222724812105e+06 9.781607125808594594e-01 2.937597265769992401e-04
2.459029227364912163e+06 9.790684034464854912e-01 2.939505673089634944e-04
2.459029232005012687e+06 9.799535792503700771e-01 2.941414080600798005e-04
2.459029236645112745e+06 9.808261695280210413e-01 2.943322487920440548e-04
2.459029241285213269e+06 9.816882874055116170e-01 2.945253558998399976e-04
2.459029245925313327e+06 9.825399327098051083e-01 2.947280251827201275e-04
2.459029250565413386e+06 9.833811055279449986e-01 2.949306944656002573e-04
2.459029255205513909e+06 9.842076157460204477e-01 2.951333637688194236e-04
2.459029259845613968e+06 9.850143150782817436e-01 2.953360330516996077e-04
2.459029264485714491e+06 9.858011903773465923e-01 2.954647516467107495e-04
2.459029269125814550e+06 9.865682414852797733e-01 2.955620323996853384e-04
2.459029273765914608e+06 9.873204415834240244e-01 2.956593131526599272e-04
2.459029278406015132e+06 9.880934595809736098e-01 2.957565939153972145e-04
2.459029283046115190e+06 9.888943307782690484e-01 2.958688245823138546e-04
2.459029287686215714e+06 9.897230553360543137e-01 2.960366932922214932e-04
2.459029292326315772e+06 9.905796330879945710e-01 2.962045619852824731e-04
2.459029296966415830e+06 9.914047023372927203e-01 2.963724306783435073e-04
2.459029301606516354e+06 9.921306875207647202e-01 2.965402993882510917e-04
2.459029306246616412e+06 9.927575186612739300e-01 2.966066316611216686e-04
2.459029310886716936e+06 9.932851958846324880e-01 2.966338461399078454e-04
2.459029315526816994e+06 9.937270476267096031e-01 2.966610606159628626e-04
2.459029320166917518e+06 9.941709050897429290e-01 2.966882750947490393e-04
2.459029324807017576e+06 9.946327998064963261e-01 2.967335181260416163e-04
2.459029329447117634e+06 9.951127318206081096e-01 2.968384478437642495e-04
2.459029334087218158e+06 9.956107011829579134e-01 2.969433775720171963e-04
2.459029338727318216e+06 9.961023288820066712e-01 2.970483072897398295e-04
2.459029343367418740e+06 9.965619504932780037e-01 2.971532370179927763e-04
2.459029348007518798e+06 9.969895617149954203e-01 2.972536053131560256e-04
2.459029352647618856e+06 9.973851625948912947e-01 2.973523882046472696e-04
2.459029357287719380e+06 9.977469822397403432e-01 2.974511711060519163e-04
2.459029361927819438e+06 9.980642718856577167e-01 2.975499539975432145e-04
2.459029366567919962e+06 9.983352194688334125e-01 2.976121867606310988e-04
2.459029371208020020e+06 9.985598249348850430e-01 2.975660289990419136e-04
2.459029375848120078e+06 9.987380891302669594e-01 2.975198712374527827e-04
2.459029380488220602e+06 9.988859053008517508e-01 2.974737134712313979e-04
2.459029385128320660e+06 9.990187165465146402e-01 2.974275557096422670e-04
2.459029389768421184e+06 9.991365228939126375e-01 2.973943430424835581e-04
2.459029394408521242e+06 9.992393243194005459e-01 2.973651676163810713e-04
2.459029399048621766e+06 9.993315329511652800e-01 2.973359921873506423e-04
2.459029403688721824e+06 9.994378689501122182e-01 2.973068167612481012e-04
2.459029408328821883e+06 9.995621734604990261e-01 2.972774136613834470e-04
2.459029412968922406e+06 9.997044464975060052e-01 2.972474023142011000e-04
2.459029417609022465e+06 9.998646443291077102e-01 2.972173909700306666e-04
2.459029422249122988e+06 9.999815017962253583e-01 2.971873796228483196e-04
2.459029426889223047e+06 1.000000000000000000e+00 2.971573682786778320e-04
2.459029431529323105e+06 9.999201389570946397e-01 2.971190457981111115e-04
2.459029436169423629e+06 9.997419186446880879e-01 2.970784126338108996e-04
2.459029440809523687e+06 9.994829116276058301e-01 2.970377794735884263e-04
2.459029445449624211e+06 9.992341809457874202e-01 2.969971463092881602e-04
2.459029450089724269e+06 9.990087366466533503e-01 2.969792325379726054e-04
2.459029454729824793e+06 9.988065786849543715e-01 2.970162580555121162e-04
2.459029459369924851e+06 9.986275641621185084e-01 2.970532835693358493e-04
2.459029464010024909e+06 9.984028923013528178e-01 2.970903090831596366e-04
2.459029468650125433e+06 9.980753446545381768e-01 2.971273346006990932e-04
2.459029473290225491e+06 9.976449212874177741e-01 2.970680864369854945e-04
2.459029477930326015e+06 9.971116221135999380e-01 2.969851671292312342e-04
2.459029482570426073e+06 9.964969135732937300e-01 2.969022478297984424e-04
2.459029487210526131e+06 9.959038627027977375e-01 2.968193285303656506e-04
2.459029491850626655e+06 9.953459715001486963e-01 2.967149779241809297e-04
2.459029496490726713e+06 9.948232400773220352e-01 2.965635321999989275e-04
2.459029501130827237e+06 9.943355192156881905e-01 2.964120864606184708e-04
2.459029505770927295e+06 9.938462628378796904e-01 2.962606407364364687e-04
2.459029510411027353e+06 9.933272755932509579e-01 2.961091950122545207e-04
2.459029515051127877e+06 9.927785574252431244e-01 2.959500280265152557e-04
2.459029519691227935e+06 9.922001084439903140e-01 2.957891986508474230e-04
2.459029524331328459e+06 9.915952879270787390e-01 2.956283692590393978e-04
2.459029528971428517e+06 9.909790631041174302e-01 2.954675398833715651e-04
2.459029533611529041e+06 9.903532262297913835e-01 2.953578498915202769e-04
2.459029538251629099e+06 9.897177774297133412e-01 2.953506220286878856e-04
2.459029542891729157e+06 9.890725504786577194e-01 2.953433941658554942e-04
2.459029547531829681e+06 9.883926352448659802e-01 2.953361663022977175e-04
2.459029552171929739e+06 9.876601776254131382e-01 2.953289384394653804e-04
2.459029556812030263e+06 9.868751774732861248e-01 2.952511659326766797e-04
2.459029561452130321e+06 9.860376349460437950e-01 2.951602582735395313e-04
2.459029566092230380e+06 9.851550322566511309e-01 2.950693506144023829e-04
2.459029570732330903e+06 9.842583437596220675e-01 2.949784429461422153e-04
2.459029575372430962e+06 9.833509487384893832e-01 2.948545634192803531e-04
2.459029580012531485e+06 9.824328470111279854e-01 2.946702843240515219e-04
2.459029584652631544e+06 9.815039572540307233e-01 2.944860052473160898e-04
2.459029589292732067e+06 9.805559697455273893e-01 2.943017261520872044e-04
2.459029593932832126e+06 9.795833445810313567e-01 2.941174470753518807e-04
2.459029598572932184e+06 9.785860816666432926e-01 2.939024329433840709e-04
2.459029603213032708e+06 9.775641808985727765e-01 2.936825487686745700e-04
2.459029607853132766e+06 9.765255535100160200e-01 2.934626646160317818e-04
2.459029612493233290e+06 9.755006637610703635e-01 2.932427804413223352e-04
2.459029617133333348e+06 9.744925275967046829e-01 2.930299822041555085e-04
2.459029621773433406e+06 9.735011449132250361e-01 2.928290790473961087e-04
2.459029626413533930e+06 9.725264543827704111e-01 2.926281758704748852e-04
2.459029631053633988e+06 9.715639085641172290e-01 2.924272727137154854e-04
2.459029635693734512e+06 9.706106839748978032e-01 2.922263695367942620e-04
2.459029640333834570e+06 9.696667808064350913e-01 2.921472344768924175e-04
2.459029644973934628e+06 9.687321989626002106e-01 2.920841698038149068e-04
2.459029649614035152e+06 9.678012198446741543e-01 2.920211051244084202e-04
2.459029654254135210e+06 9.668533385167410454e-01 2.919580404513308553e-04
2.459029658894235734e+06 9.658867210737864806e-01 2.918563390100225338e-04
2.459029663534335792e+06 9.649013677098221553e-01 2.916950885363851103e-04
2.459029668174436316e+06 9.638974856210732467e-01 2.915338380465653189e-04
2.459029672814536374e+06 9.628868501913435685e-01 2.913725875729279496e-04
2.459029677454636432e+06 9.618762743525094416e-01 2.912113370992905803e-04
2.459029682094736956e+06 9.608657580031625400e-01 2.909620699710360422e-04
2.459029686734837014e+06 9.598553013461255112e-01 2.907034130489876572e-04
2.459029691374937538e+06 9.588525801346414745e-01 2.904447561009815206e-04
2.459029696015037596e+06 9.578832447475845724e-01 2.901860991789331897e-04
2.459029700655137654e+06 9.569493567835264392e-01 2.899966211830618500e-04
2.459029705295238178e+06 9.560509161540816647e-01 2.899051855705943965e-04
2.459029709935338236e+06 9.551874730889976517e-01 2.898137499673029797e-04
2.459029714575438760e+06 9.543387926020873158e-01 2.897223143548355805e-04
2.459029719215538818e+06 9.534939560528487013e-01 2.896308787515441637e-04
2.459029723855639342e+06 9.526529632717128937e-01 2.894377198627825294e-04
2.459029728495739400e+06 9.518158144274772026e-01 2.892361693409317464e-04
2.459029733135839459e+06 9.509846482906559872e-01 2.890346188190809633e-04
2.459029737775939982e+06 9.501661299559773788e-01 2.888330682770033587e-04
2.459029742416040041e+06 9.493607383188638060e-01 2.886552537590860845e-04
2.459029747056140564e+06 9.485684732176636880e-01 2.885084087185519871e-04
2.459029751696240623e+06 9.477888585867545457e-01 2.883615636927546909e-04
2.459029756336340681e+06 9.470044646018469514e-01 2.882147186669573404e-04
2.459029760976441205e+06 9.462065150876707298e-01 2.880678736264232430e-04
2.459029765616541263e+06 9.453950102043834347e-01 2.879315359782806975e-04
2.459029770256641787e+06 9.445699497891065777e-01 2.877958218471279818e-04
2.459029774896741845e+06 9.437621075905566759e-01 2.876601077295949595e-04
2.459029779536841903e+06 9.430609606524699151e-01 2.875243936120619372e-04
2.459029784176942427e+06 9.424722136420879970e-01 2.874400614390921213e-04
2.459029788817042485e+06 9.419958666775792855e-01 2.874175042234694989e-04
2.459029793457143009e+06 9.416304742946812745e-01 2.873949470055831706e-04
2.459029798097243067e+06 9.413320544910315224e-01 2.873723897899605481e-04
2.459029802737343591e+06 9.410799350993490631e-01 2.873498325720741657e-04
2.459029807377443649e+06 9.408741161702370848e-01 2.872613616532618892e-04
2.459029812017543707e+06 9.407145976760707962e-01 2.871704414279929577e-04
2.459029816657644231e+06 9.405738461007702167e-01 2.870795211935995976e-04
2.459029821297744289e+06 9.403771357114808493e-01 2.869886009683306660e-04
2.459029825937844813e+06 9.401202701089315106e-01 2.868911199609819589e-04
2.459029830577944871e+06 9.398032493446780711e-01 2.867863662377213851e-04
2.459029835218044929e+06 9.394303102275837203e-01 2.866816125144608656e-04
2.459029839858145453e+06 9.391105021309835710e-01 2.865768587806875965e-04
2.459029844498245511e+06 9.388916807101383988e-01 2.864721050574270769e-04
2.459029849138346035e+06 9.387738459211282249e-01 2.864871713044271151e-04
2.459029853778446093e+06 9.387569977876037974e-01 2.865041410682000697e-04
2.459029858418546617e+06 9.388011946531089613e-01 2.865211108336760347e-04
2.459029863058646675e+06 9.388052271741333943e-01 2.865380805974489351e-04
2.459029867698746733e+06 9.387641343103760860e-01 2.865221366058665845e-04
2.459029872338847257e+06 9.386779160509201025e-01 2.864725408949885389e-04
2.459029876978947315e+06 9.385507868289031386e-01 2.864229451890877402e-04
2.459029881619047839e+06 9.384757989215137819e-01 2.863733494782096946e-04
2.459029886259147897e+06 9.384910832756834242e-01 2.863244047361968329e-04
2.459029890899247956e+06 9.385966398793570420e-01 2.864178201432179523e-04
2.459029895539348479e+06 9.387924687567166249e-01 2.865112355596138968e-04
2.459029900179448538e+06 9.390564520206409194e-01 2.866046509666350162e-04
2.459029904819549061e+06 9.393362567633400939e-01 2.866980663830309608e-04
2.459029909459649120e+06 9.396296675644317808e-01 2.867740537364453089e-04
2.459029914099749178e+06 9.399366844513130648e-01 2.868336050370929734e-04
2.459029918739849702e+06 9.402580773273210291e-01 2.868931563437168686e-04
2.459029923379949760e+06 9.406086001914328865e-01 2.869527076443645331e-04
2.459029928020050284e+06 9.409938983719988714e-01 2.870121594282492032e-04
2.459029932660150342e+06 9.414139717916847339e-01 2.870676882651316902e-04
2.459029937300250866e+06 9.418688205348043629e-01 2.871232171075868136e-04
2.459029941940350924e+06 9.423354055389058237e-01 2.871787459444693547e-04
2.459029946580450982e+06 9.427628259121937360e-01 2.872342747813518417e-04
2.459029951220551506e+06 9.431492443649158730e-01 2.872891346852860157e-04
2.459029955860651564e+06 9.434946608195133866e-01 2.873434127877553829e-04
2.459029960500752088e+06 9.438078461343841763e-01 2.873976908956719445e-04
2.459029965140852146e+06 9.442361445048931268e-01 2.874519689981413660e-04
2.459029969780952204e+06 9.448321878005986330e-01 2.875116750688713058e-04
2.459029974421052728e+06 9.455959761065685365e-01 2.876867590528948623e-04
2.459029979061152786e+06 9.465275092695013548e-01 2.878618430193476759e-04
2.459029983701253310e+06 9.475263773180392368e-01 2.880369270033711782e-04
2.459029988341353368e+06 9.483854691863712327e-01 2.882120109698239918e-04
2.459029992981453426e+06 9.490985076865597891e-01 2.884062880769760681e-04
2.459029997621553950e+06 9.496654928681766972e-01 2.886159526626079670e-04
2.459030002261654008e+06 9.501003612191295522e-01 2.888256172271988086e-04
2.459030006901754532e+06 9.506100848444812845e-01 2.890352818128307075e-04
2.459030011541854590e+06 9.512636610252511726e-01 2.892378476172944093e-04
2.459030016181955114e+06 9.520610898926197274e-01 2.893385034647103383e-04
2.459030020822055172e+06 9.530023712865335339e-01 2.894391593020247556e-04
2.459030025462155230e+06 9.540109317172102976e-01 2.895398151393392271e-04
2.459030030102255754e+06 9.549393577513564102e-01 2.896404709867551018e-04
2.459030034742355812e+06 9.557839678721197219e-01 2.897681330226055526e-04
2.459030039382456336e+06 9.565447622490231838e-01 2.899157385501562718e-04
2.459030044022556394e+06 9.572279761155274569e-01 2.900633440628939161e-04
2.459030048662656453e+06 9.579160655429942439e-01 2.902109495756316146e-04
2.459030053302756976e+06 9.586346725597649776e-01 2.903494490639461521e-04
2.459030057942857035e+06 9.593837970216068101e-01 2.903903147682370994e-04
2.459030062582957558e+06 9.601634390788779116e-01 2.904311804766290957e-04
2.459030067223057617e+06 9.609722208626926276e-01 2.904720461809199889e-04
2.459030071863158140e+06 9.618076682133361865e-01 2.905129118893119851e-04
2.459030076503258198e+06 9.626697312439850274e-01 2.906825086319193580e-04
2.459030081143358257e+06 9.635584100371457072e-01 2.909395816862942797e-04
2.459030085783458780e+06 9.644716379426380160e-01 2.911966547664680089e-04
2.459030090423558839e+06 9.653849257600974898e-01 2.914537278208429848e-04
2.459030095063659362e+06 9.662911738274101436e-01 2.916943823988273413e-04
2.459030099703759421e+06 9.671903819626813670e-01 2.917958301561659985e-04
2.459030104343859479e+06 9.680825502572115715e-01 2.918972779135047099e-04
2.459030108983960003e+06 9.689671604879241951e-01 2.919987256810241882e-04
2.459030113624060061e+06 9.698433445833389843e-01 2.921001734383628996e-04
2.459030118264160585e+06 9.707110891081983661e-01 2.922376461544746941e-04
2.459030122904260643e+06 9.715703938883361035e-01 2.923976144502476397e-04
2.459030127544360701e+06 9.724184404491552636e-01 2.925575827460206394e-04
2.459030132184461225e+06 9.732251397358385736e-01 2.927175510578473123e-04
2.459030136824561283e+06 9.739823649096699398e-01 2.928783267042260607e-04
2.459030141464661807e+06 9.746901161226326771e-01 2.930447183898286442e-04
2.459030146104761865e+06 9.753483932326731942e-01 2.932111100587329422e-04
2.459030150744862389e+06 9.759977931732579659e-01 2.933775017443355799e-04
2.459030155384962447e+06 9.767016463297852891e-01 2.935438934132398778e-04
2.459030160025062505e+06 9.774606971736882199e-01 2.937095817897840085e-04
2.459030164665163029e+06 9.782749457894514000e-01 2.938748672944366388e-04
2.459030169305263087e+06 9.791332843878423065e-01 2.940401527825018974e-04
2.459030173945363611e+06 9.799283693604958767e-01 2.942054382871545277e-04
2.459030178585463669e+06 9.806332158911694741e-01 2.943594454424256260e-04
2.459030183225563727e+06 9.812478240641827609e-01 2.944474179489451281e-04
2.459030187865664251e+06 9.817721939276310428e-01 2.945353904642931801e-04
2.459030192505764309e+06 9.822673489126432234e-01 2.946233629708126280e-04
2.459030197145864833e+06 9.828218933616690300e-01 2.947113354861606799e-04
2.459030201785964891e+06 9.834365651285542631e-01 2.948756756831885434e-04
2.459030206426065415e+06 9.841113643366713459e-01 2.950800670669935337e-04
2.459030211066165473e+06 9.848366738687446276e-01 2.952844584302866658e-04
2.459030215706265531e+06 9.855280060953764965e-01 2.954888497935797436e-04
2.459030220346366055e+06 9.861656136272702877e-01 2.956735497001621656e-04
2.459030224986466113e+06 9.867494963364507043e-01 2.957593664183172768e-04
2.459030229626566637e+06 9.872796543401098912e-01 2.958451831450845853e-04
2.459030234266666695e+06 9.877648776672073305e-01 2.959309998632397506e-04
2.459030238906766754e+06 9.882170321302543581e-01 2.960168165813948618e-04
2.459030243546867277e+06 9.886361822385094644e-01 2.961112433000978399e-04
2.459030248186967336e+06 9.890223279078440566e-01 2.962097936253265036e-04
2.459030252827067859e+06 9.893785925332519993e-01 2.963083439604452594e-04
2.459030257467167918e+06 9.897300129520569811e-01 2.964068942856739231e-04
2.459030262107267976e+06 9.900820234810334686e-01 2.964884749293984594e-04
2.459030266747368500e+06 9.904346241555965769e-01 2.964959164851493001e-04
2.459030271387468558e+06 9.907878149049750283e-01 2.965033580401532881e-04
2.459030276027569082e+06 9.911325432827577941e-01 2.965107995959040746e-04
2.459030280667669140e+06 9.914574636170891964e-01 2.965182411509081168e-04
2.459030285307769664e+06 9.917625407753376532e-01 2.965721013523152047e-04
2.459030289947869722e+06 9.920477746962712562e-01 2.966462026474986271e-04
2.459030294587969780e+06 9.923109220255110774e-01 2.967203039426820495e-04
2.459030299228070304e+06 9.925355199812451179e-01 2.967944052453019062e-04
2.459030303868170362e+06 9.927182549550069846e-01 2.968345409359421415e-04
2.459030308508270886e+06 9.928591269834733390e-01 2.967441172344330888e-04
2.459030313148370944e+06 9.929581360383695765e-01 2.966536935419985372e-04
2.459030317788471002e+06 9.930359150177163752e-01 2.965632698495639314e-04
2.459030322428571526e+06 9.931164351562258297e-01 2.964728461480548786e-04
2.459030327068671584e+06 9.931997295302181783e-01 2.964660710208769003e-04
2.459030331708772108e+06 9.932857981564122696e-01 2.964923867252084767e-04
2.459030336348872166e+06 9.933701066039342109e-01 2.965187024268991535e-04
2.459030340988972690e+06 9.934221043604942736e-01 2.965450181312307299e-04
2.459030345629072748e+06 9.934360984319583476e-01 2.965681801523969985e-04
2.459030350269172806e+06 9.934120888254520665e-01 2.965805806487608535e-04
2.459030354909273330e+06 9.933500755328444898e-01 2.965929811463690474e-04
2.459030359549373388e+06 9.932780205032830656e-01 2.966053816427328483e-04
2.459030364189473912e+06 9.932259823714159053e-01 2.966177821403410964e-04
2.459030368829573970e+06 9.931939708829062852e-01 2.965230300940526636e-04
2.459030373469674028e+06 9.931819860315267423e-01 2.963899871579677120e-04
2.459030378109774552e+06 9.931742504630910462e-01 2.962569442085310274e-04
2.459030382749874610e+06 9.930729167536845869e-01 2.961239012724460758e-04
2.459030387389975134e+06 9.928611346624824918e-01 2.959962320835045173e-04
2.459030392030075192e+06 9.925389042319918698e-01 2.958849607263709636e-04
2.459030396670175251e+06 9.921062257073783863e-01 2.957736893692375184e-04
2.459030401310275774e+06 9.916378412055889546e-01 2.956624180009372244e-04
2.459030405950375833e+06 9.912079362576057262e-01 2.955511466438037250e-04
2.459030410590476356e+06 9.908165107771416125e-01 2.954885140067635852e-04
2.459030415230576415e+06 9.904635648427601025e-01 2.954415014812688568e-04
2.459030419870676938e+06 9.901394588507939076e-01 2.953944889510561685e-04
2.459030424510776997e+06 9.897890382602940740e-01 2.953474764255613859e-04
2.459030429150877055e+06 9.894035436597842237e-01 2.952943367746104050e-04
2.459030433790977579e+06 9.889829750052976376e-01 2.952243773545434099e-04
2.459030438431077637e+06 9.885273443377201597e-01 2.951544179414972201e-04
2.459030443071178161e+06 9.880622797080883535e-01 2.950844585214301707e-04
2.459030447711278219e+06 9.876112772772034365e-01 2.950144991083839810e-04
2.459030452351378277e+06 9.871743369976877513e-01 2.949322168643919240e-04
2.459030456991478801e+06 9.867514588278084586e-01 2.948464001414608480e-04
2.459030461631578859e+06 9.863338909863144099e-01 2.947605834271419694e-04
2.459030466271679383e+06 9.858753402517036468e-01 2.946747667042109477e-04
2.459030470911779441e+06 9.853690423290364375e-01 2.945807386209620972e-04
2.459030475551879965e+06 9.848149971166929584e-01 2.944663309915055891e-04
2.459030480191980023e+06 9.842132464689308247e-01 2.943519233735306193e-04
2.459030484832080081e+06 9.835890682788934747e-01 2.942375157555555953e-04
2.459030489472180605e+06 9.829639135906050873e-01 2.941231081260991956e-04
2.459030494112280663e+06 9.823377825295411814e-01 2.940170439657778371e-04
2.459030498752381187e+06 9.817106749700301727e-01 2.939131010236281866e-04
2.459030503392481245e+06 9.810757240043078697e-01 2.938091580919098078e-04
2.459030508032581303e+06 9.803992898604039219e-01 2.937052151601913207e-04
2.459030512672681827e+06 9.796768618056524991e-01 2.935575534156483314e-04
2.459030517312781885e+06 9.789084399850538354e-01 2.933113850272933438e-04
2.459030521952882409e+06 9.780941970759626791e-01 2.930652166142338881e-04
2.459030526592982467e+06 9.772836564626974365e-01 2.928190482258789004e-04
2.459030531233082525e+06 9.765157875783346819e-01 2.925728798375238043e-04
2.459030535873183049e+06 9.757905903522376967e-01 2.924626570668053226e-04
2.459030540513283107e+06 9.751080649299620484e-01 2.923827860560254395e-04
2.459030545153383631e+06 9.744478456361426177e-01 2.923029150372300497e-04
2.459030549793483689e+06 9.737173925023998589e-01 2.922230440264501666e-04
2.459030554433584213e+06 9.729053525943264225e-01 2.921319459946109323e-04
2.459030559073684271e+06 9.720117260749081556e-01 2.920178023507036648e-04
2.459030563713784330e+06 9.710369024547723660e-01 2.919036587067963973e-04
2.459030568353884853e+06 9.700465970204557031e-01 2.917895150514341544e-04
2.459030572993984912e+06 9.690888339449587052e-01 2.916753714075268869e-04
2.459030577634085435e+06 9.681636130360474768e-01 2.915162237197542754e-04
2.459030582274185494e+06 9.672709344794244712e-01 2.913483550717185853e-04
2.459030586914285552e+06 9.664103703185270566e-01 2.911804864236828411e-04
2.459030591554386076e+06 9.655801145974147737e-01 2.910126177588005466e-04
2.459030596194486134e+06 9.647799654659743318e-01 2.908814763627763688e-04
2.459030600834586658e+06 9.640099227636066415e-01 2.908192161885158147e-04
2.459030605474686716e+06 9.632698511940107622e-01 2.907569560205034635e-04
2.459030610114786774e+06 9.625445732290860423e-01 2.906946958524911123e-04
2.459030614754887298e+06 9.618237746825430978e-01 2.906324356782306125e-04
2.459030619394987356e+06 9.611074556990547579e-01 2.905263082541688704e-04
2.459030624035087880e+06 9.603956161348472520e-01 2.904129125279415399e-04
2.459030628675187938e+06 9.596731736483707920e-01 2.902995168130940496e-04
2.459030633315288462e+06 9.588809275125672604e-01 2.901861210868666649e-04
2.459030637955388520e+06 9.580128619196336404e-01 2.900508385271472703e-04
2.459030642595488578e+06 9.570689767938677095e-01 2.898779606608975273e-04
2.459030647235589102e+06 9.560504846580405447e-01 2.897050827772984353e-04
2.459030651875689160e+06 9.550548253731344639e-01 2.895322049110486923e-04
2.459030656515789684e+06 9.541436423587098536e-01 2.893593270274496003e-04
2.459030661155889742e+06 9.533169357976516434e-01 2.892276457552864027e-04
2.459030665795989800e+06 9.525747055942784813e-01 2.891016861321150412e-04
2.459030670436090324e+06 9.519057457097231945e-01 2.889757264963029124e-04
2.459030675076190382e+06 9.512691096283341086e-01 2.888497668731315510e-04
2.459030679716290906e+06 9.506610335720593330e-01 2.887327310325076262e-04
2.459030684356390964e+06 9.500815176629467951e-01 2.886297622954040365e-04
2.459030688996491488e+06 9.495300227579454022e-01 2.885267935479670243e-04
2.459030693636591546e+06 9.489738093597129831e-01 2.884238248108634346e-04
2.459030698276691604e+06 9.483935781801474674e-01 2.883208560737598992e-04
2.459030702916792128e+06 9.477893291574035484e-01 2.882165098196517658e-04
2.459030707556892186e+06 9.471610624127612121e-01 2.881120075189851993e-04
2.459030712196992710e+06 9.465181227221182159e-01 2.880075052078312535e-04
2.459030716837092768e+06 9.458923254794437963e-01 2.879030029071646870e-04
2.459030721477192827e+06 9.452863027687748998e-01 2.878314482153483027e-04
2.459030726117293350e+06 9.447000545322704612e-01 2.878076339820553344e-04
2.459030730757393409e+06 9.441341289087427091e-01 2.877838197511522729e-04
2.459030735397493932e+06 9.436146687460925664e-01 2.877600055178593046e-04
2.459030740037593991e+06 9.431560440896032960e-01 2.877361912869561889e-04
2.459030744677694049e+06 9.427582548840915955e-01 2.876596923276601584e-04
2.459030749317794573e+06 9.424213010987946282e-01 2.875785140140319981e-04
2.459030753957894631e+06 9.421315879428967532e-01 2.874973357085505330e-04
2.459030758597995155e+06 9.418459595713779553e-01 2.874161573949222644e-04
2.459030763238095213e+06 9.415612203287762050e-01 2.873805927772010260e-04
2.459030767878195737e+06 9.412773701579409957e-01 2.874058588679473739e-04
2.459030772518295795e+06 9.409951164585151906e-01 2.874311249561580439e-04
2.459030777158395853e+06 9.407417421566749427e-01 2.874563910443687681e-04
2.459030781798496377e+06 9.405312390436015857e-01 2.874816571351151160e-04
2.459030786438596435e+06 9.403636071615453229e-01 2.873831266546537748e-04
2.459030791078696959e+06 9.402388464768605125e-01 2.872764999830292000e-04
2.459030795718797017e+06 9.401550561396314620e-01 2.871698733221052669e-04
2.459030800358897075e+06 9.401066066479694117e-01 2.870632466611813881e-04
2.459030804998997599e+06 9.400931272725104870e-01 2.870008827504289982e-04
2.459030809639097657e+06 9.401146180159600796e-01 2.869929006779637086e-04
2.459030814279198181e+06 9.401702199526590364e-01 2.869849186046974105e-04
2.459030818919298239e+06 9.402325311944508268e-01 2.869769365322321210e-04
2.459030823559398763e+06 9.402884349796863939e-01 2.869689544589657687e-04
2.459030828199498821e+06 9.403379312971454906e-01 2.870687986917027507e-04
2.459030832839598879e+06 9.403810201527597057e-01 2.871732758496478620e-04
2.459030837479699403e+06 9.404336404945935479e-01 2.872777530180778589e-04
2.459030842119799461e+06 9.405398491031659036e-01 2.873822301760229703e-04
2.459030846759899985e+06 9.407022071258318574e-01 2.874424276722107457e-04
2.459030851400000043e+06 9.409207145300043651e-01 2.874524712560803811e-04
