2.458837000000000000e+06 9.875560982732447535e-01 2.753033804750389698e-04
2.458837004640100058e+06 9.870789058538460559e-01 2.751980926529461777e-04
2.458837009280200582e+06 9.864653892689875248e-01 2.750928048202871848e-04
2.458837013920300640e+06 9.857155486418092138e-01 2.748992982121414483e-04
2.458837018560401164e+06 9.848293838218092899e-01 2.746776491979079147e-04
2.458837023200501222e+06 9.838265773366741129e-01 2.744560002059181440e-04
2.458837027840601280e+06 9.828191742720975288e-01 2.742343512139284274e-04
2.458837032480701804e+06 9.818248755950268469e-01 2.740268320291548514e-04
2.458837037120801862e+06 9.808436815050292079e-01 2.738578332246663642e-04
2.458837041760902386e+06 9.798755916542659650e-01 2.736888344032178651e-04
2.458837046401002444e+06 9.789203200795172366e-01 2.735198355987294321e-04
2.458837051041102968e+06 9.779776056810555174e-01 2.733508367772809330e-04
2.458837055681203026e+06 9.770474486480943410e-01 2.731896487780544080e-04
2.458837060321303084e+06 9.761298488853967781e-01 2.730306818660697987e-04
2.458837064961403608e+06 9.752169482220881536e-01 2.728717149381320217e-04
2.458837069601503666e+06 9.742674289412913691e-01 2.727127480261474124e-04
2.458837074241604190e+06 9.732752926995392739e-01 2.725464767945303193e-04
2.458837078881704248e+06 9.722405396959650226e-01 2.723622199771779718e-04
2.458837083521804307e+06 9.711632567463069909e-01 2.721779631598255159e-04
2.458837088161904830e+06 9.700922513911760525e-01 2.719937063239818834e-04
2.458837092802004889e+06 9.690686794342832089e-01 2.718094495066294817e-04
2.458837097442105412e+06 9.680925406701860192e-01 2.716644252956497917e-04
2.458837102082205471e+06 9.671638352948067618e-01 2.715292676625163460e-04
2.458837106722305994e+06 9.662726683023168395e-01 2.713941100158189890e-04
2.458837111362406053e+06 9.653708977637083244e-01 2.712589523826854890e-04
2.458837116002506111e+06 9.644521189930558291e-01 2.711015526555070158e-04
2.458837120642606635e+06 9.635163318955943801e-01 2.708944778197283762e-04
2.458837125282706693e+06 9.625635311130796845e-01 2.706874030047308564e-04
2.458837129922807217e+06 9.615922174506056352e-01 2.704803281689522167e-04
2.458837134562907275e+06 9.606012200109751431e-01 2.702732533539547511e-04
2.458837139203007333e+06 9.595905386976988360e-01 2.701289912302955024e-04
2.458837143843107857e+06 9.585601734063858848e-01 2.699985640727786381e-04
2.458837148483207915e+06 9.575189025316370728e-01 2.698681369283508586e-04
2.458837153123308439e+06 9.565063091308825260e-01 2.697377097708339943e-04
2.458837157763408497e+06 9.555272043137996718e-01 2.696061779714501653e-04
2.458837162403508555e+06 9.545815879770885859e-01 2.694724005891502142e-04
2.458837167043609079e+06 9.536695103947889773e-01 2.693386231934249671e-04
2.458837171683709137e+06 9.527990559362453649e-01 2.692048458111250160e-04
2.458837176323809661e+06 9.519760850849059430e-01 2.690710684153997689e-04
2.458837180963909719e+06 9.512005980059502486e-01 2.689185940652645264e-04
2.458837185604010243e+06 9.504725945437290102e-01 2.687625570378896910e-04
2.458837190244110301e+06 9.497671996824827989e-01 2.686065200261740960e-04
2.458837194884210359e+06 9.489803092712804089e-01 2.684504830144584468e-04
2.458837199524310883e+06 9.481004041411019712e-01 2.683002964547291625e-04
2.458837204164410941e+06 9.471274844685543259e-01 2.681609667181393845e-04
2.458837208804511465e+06 9.460628054929507424e-01 2.680216369675670306e-04
2.458837213444611523e+06 9.450409552227625465e-01 2.678823072309772526e-04
2.458837218084711581e+06 9.441525921055200499e-01 2.677429774943874746e-04
2.458837222724812105e+06 9.433977160721651600e-01 2.676026059253274131e-04
2.458837227364912163e+06 9.427763272742102352e-01 2.674620653350289943e-04
2.458837232005012687e+06 9.422617696728310399e-01 2.673215247306264604e-04
2.458837236645112745e+06 9.417503824710943272e-01 2.671809841403280958e-04
2.458837241285213269e+06 9.412317643471530548e-01 2.670547135799583279e-04
2.458837245925313327e+06 9.407059154051001792e-01 2.669526756303345987e-04
2.458837250565413386e+06 9.401733383511102771e-01 2.668506376807108153e-04
2.458837255205513909e+06 9.396728247326893158e-01 2.667485997208469050e-04
2.458837259845613968e+06 9.392286806284103617e-01 2.666465617712231216e-04
2.458837264485714491e+06 9.388409059491288344e-01 2.666224449821918236e-04
2.458837269125814550e+06 9.385095007726753646e-01 2.666088683637101407e-04
2.458837273765914608e+06 9.382194758533365375e-01 2.665952917452285120e-04
2.458837278406015132e+06 9.379166100590889954e-01 2.665817151253843122e-04
2.458837283046115190e+06 9.375959920219454347e-01 2.665529878534845924e-04
2.458837287686215714e+06 9.372576216775542202e-01 2.665006701857949617e-04
2.458837292326315772e+06 9.369028579562597159e-01 2.664483525233556343e-04
2.458837296966415830e+06 9.366111588328382975e-01 2.663960348609163611e-04
2.458837301606516354e+06 9.364288775308436952e-01 2.663437171932266220e-04
2.458837306246616412e+06 9.363560140868617543e-01 2.663202268041147259e-04
2.458837310886716936e+06 9.363925684862680621e-01 2.662998932440725189e-04
2.458837315526816994e+06 9.365093165809406095e-01 2.662795596860708888e-04
2.458837320166917518e+06 9.366078399322681491e-01 2.662592261260286817e-04
2.458837324807017576e+06 9.366801316507944453e-01 2.662442344091984396e-04
2.458837329447117634e+06 9.367261917477234245e-01 2.662368814534917839e-04
2.458837334087218158e+06 9.367469669657544351e-01 2.662295284970472202e-04
2.458837338727318216e+06 9.367860214441653399e-01 2.662221755413405645e-04
2.458837343367418740e+06 9.368670337546367577e-01 2.662148225848960008e-04
2.458837348007518798e+06 9.369900038809086951e-01 2.662494073811130335e-04
2.458837352647618856e+06 9.371549318290059993e-01 2.662875524073045580e-04
2.458837357287719380e+06 9.373477109215648806e-01 2.663256974373241293e-04
2.458837361927819438e+06 9.375240807902781581e-01 2.663638424635156538e-04
2.458837366567919962e+06 9.376808263221145801e-01 2.663885099440476529e-04
2.458837371208020020e+06 9.378179474856135345e-01 2.663954550991545420e-04
2.458837375848120078e+06 9.379373207343444374e-01 2.664024002542615395e-04
2.458837380488220602e+06 9.381088629578642202e-01 2.664093454100654621e-04
2.458837385128320660e+06 9.383680012417675576e-01 2.664162905651723512e-04
2.458837389768421184e+06 9.387147356380666219e-01 2.665359212953123734e-04
2.458837394408521242e+06 9.391490660771676380e-01 2.666624649073329298e-04
2.458837399048621766e+06 9.396553263481290941e-01 2.667890085320529089e-04
2.458837403688721824e+06 9.401876964698818728e-01 2.669155521440734653e-04
2.458837408328821883e+06 9.407432245714949515e-01 2.670283577026177891e-04
2.458837412968922406e+06 9.413219107122049456e-01 2.671245358743379989e-04
2.458837417609022465e+06 9.419235289986982451e-01 2.672207140364061531e-04
2.458837422249122988e+06 9.425411133725670743e-01 2.673168922081263087e-04
2.458837426889223047e+06 9.431713717733154478e-01 2.674130703701944629e-04
2.458837431529323105e+06 9.438143042622855194e-01 2.674937632168958735e-04
2.458837436169423629e+06 9.444699109059072617e-01 2.675738552286492460e-04
2.458837440809523687e+06 9.451284243664559437e-01 2.676539472323649941e-04
2.458837445449624211e+06 9.457632046085953093e-01 2.677340392441184208e-04
2.458837450089724269e+06 9.463727412656608440e-01 2.678328632170364995e-04
2.458837454729824793e+06 9.469570344599936851e-01 2.679525683361104449e-04
2.458837459369924851e+06 9.475190208728103691e-01 2.680722734431712677e-04
2.458837464010024909e+06 9.481350916059937406e-01 2.681919785502320905e-04
2.458837468650125433e+06 9.488389220600370599e-01 2.683116836693060360e-04
2.458837473290225491e+06 9.496305120936732180e-01 2.684877625521703672e-04
2.458837477930326015e+06 9.505098618657837894e-01 2.686648106895009368e-04
2.458837482570426073e+06 9.514354636075734728e-01 2.688418588090636012e-04
2.458837487210526131e+06 9.523017106907000207e-01 2.690189069286263199e-04
2.458837491850626655e+06 9.531033831455020255e-01 2.691765430366953489e-04
2.458837496490726713e+06 9.538404808110741984e-01 2.693142415498528635e-04
2.458837501130827237e+06 9.545169585928667821e-01 2.694519400768292396e-04
2.458837505770927295e+06 9.552208205097624250e-01 2.695896385899867543e-04
2.458837510411027353e+06 9.559882601486175968e-01 2.697272809900604714e-04
2.458837515051127877e+06 9.568192775960201457e-01 2.698491568596177539e-04
2.458837519691227935e+06 9.577138726851750494e-01 2.699710327169440975e-04
2.458837524331328459e+06 9.586450156230913455e-01 2.700929085865013800e-04
2.458837528971428517e+06 9.595485462282423716e-01 2.702147844438276695e-04
2.458837533611529041e+06 9.604217293094967633e-01 2.703464463194925164e-04
2.458837538251629099e+06 9.612645646915964903e-01 2.704873695896497111e-04
2.458837542891729157e+06 9.620785162147975633e-01 2.706282928598068515e-04
2.458837547531829681e+06 9.628917901662711332e-01 2.707692161441065419e-04
2.458837552171929739e+06 9.637152085532940671e-01 2.709103718505620267e-04
2.458837556812030263e+06 9.645487715411359408e-01 2.710609819637709267e-04
2.458837561452130321e+06 9.653924789624906966e-01 2.712115920618651268e-04
2.458837566092230380e+06 9.662378572033788471e-01 2.713622021599593811e-04
2.458837570732330903e+06 9.670661416355401663e-01 2.715128122731682268e-04
2.458837575372430962e+06 9.678766509444516331e-01 2.716630805048867781e-04
2.458837580012531485e+06 9.686693852927922288e-01 2.718130506817456192e-04
2.458837584652631544e+06 9.694464851035748953e-01 2.719630208435540536e-04
2.458837589292732067e+06 9.702440366922913118e-01 2.721129910204128947e-04
2.458837593932832126e+06 9.710749543096307557e-01 2.722619361935143547e-04
2.458837598572932184e+06 9.719392380339585413e-01 2.723888436719804572e-04
2.458837603213032708e+06 9.728368879570329364e-01 2.725157511631824659e-04
2.458837607853132766e+06 9.737316509315656621e-01 2.726426586416486227e-04
2.458837612493233290e+06 9.745486420206548317e-01 2.727695661328505771e-04
2.458837617133333348e+06 9.752855826389220661e-01 2.728896321218031527e-04
2.458837621773433406e+06 9.759424728723735676e-01 2.730042052072168641e-04
2.458837626413533930e+06 9.765252641229660302e-01 2.731187783041285938e-04
2.458837631053633988e+06 9.771224934329761913e-01 2.732333513895423053e-04
2.458837635693734512e+06 9.777637059619437299e-01 2.733495875783148758e-04
2.458837640333834570e+06 9.784489015811693724e-01 2.734897893491910147e-04
2.458837644973934628e+06 9.791780803527958543e-01 2.736299911200670994e-04
2.458837649614035152e+06 9.799344343492774057e-01 2.737701929050133094e-04
2.458837654254135210e+06 9.806855876771327640e-01 2.739103946758894483e-04
2.458837658894235734e+06 9.814307306241131235e-01 2.740456568423822389e-04
2.458837663534335792e+06 9.821698630406596742e-01 2.741772697039724944e-04
2.458837668174436316e+06 9.828984464792199782e-01 2.743088825787708802e-04
2.458837672814536374e+06 9.835564510739792654e-01 2.744404954403611356e-04
2.458837677454636432e+06 9.841252067230085165e-01 2.745687164875688100e-04
2.458837682094736956e+06 9.846047134699510428e-01 2.746605845097229337e-04
2.458837686734837014e+06 9.849949712185640527e-01 2.747524525226575985e-04
2.458837691374937538e+06 9.853500114826737599e-01 2.748443205448117222e-04
2.458837696015037596e+06 9.857668412980549189e-01 2.749361885577463870e-04
2.458837700655137654e+06 9.862474078723569848e-01 2.750122400558466631e-04
2.458837705295238178e+06 9.867917112634019272e-01 2.750775508589094675e-04
2.458837709935338236e+06 9.873915200703138328e-01 2.751428616554179446e-04
2.458837714575438760e+06 9.879494161551826137e-01 2.752081724584807491e-04
2.458837719215538818e+06 9.884371779227160149e-01 2.752731321596968471e-04
2.458837723855639342e+06 9.888548054708137247e-01 2.753351240934758166e-04
2.458837728495739400e+06 9.892022987156529057e-01 2.753971160210335256e-04
2.458837733135839459e+06 9.894860774074207832e-01 2.754591079485911803e-04
2.458837737775939982e+06 9.897168779425089546e-01 2.755210998823701498e-04
2.458837742416040041e+06 9.898948678719891037e-01 2.755405098365216413e-04
2.458837747056140564e+06 9.900200472315856537e-01 2.755333764667077488e-04
2.458837751696240623e+06 9.900991466442569111e-01 2.755262430976097008e-04
2.458837756336340681e+06 9.902038441128152568e-01 2.755191097285117070e-04
2.458837760976441205e+06 9.903534660694540692e-01 2.755179811550865642e-04
2.458837765616541263e+06 9.905480124841421485e-01 2.755584161276782885e-04
2.458837770256641787e+06 9.907874833959275929e-01 2.755988511043278564e-04
2.458837774896741845e+06 9.910431786462789994e-01 2.756392860769195808e-04
2.458837779536841903e+06 9.912704227397924894e-01 2.756797210495113594e-04
2.458837784176942427e+06 9.914686955221400089e-01 2.757326702394014635e-04
2.458837788817042485e+06 9.916379969535258354e-01 2.757927674624357432e-04
2.458837793457143009e+06 9.917752234827995617e-01 2.758528646915011685e-04
2.458837798097243067e+06 9.918504887530288361e-01 2.759129619145354482e-04
2.458837802737343591e+06 9.918562996454372005e-01 2.759675099483808406e-04
2.458837807377443649e+06 9.917926561588585876e-01 2.759897758466772983e-04
2.458837812017543707e+06 9.916595582973610767e-01 2.760120417449737017e-04
2.458837816657644231e+06 9.914896805531896451e-01 2.760343076455045916e-04
2.458837821297744289e+06 9.913303180331825004e-01 2.760565735438009951e-04
2.458837825937844813e+06 9.911818582020029966e-01 2.759906058590362176e-04
2.458837830577944871e+06 9.910443010894489646e-01 2.758785548771581272e-04
2.458837835218044929e+06 9.909170188412507185e-01 2.757665038952800910e-04
2.458837839858145453e+06 9.907945210749248277e-01 2.756544529021570352e-04
2.458837844498245511e+06 9.906755291866036206e-01 2.755666191380857274e-04
2.458837849138346035e+06 9.905600431524038685e-01 2.755994690261032360e-04
2.458837853778446093e+06 9.904480629955052517e-01 2.756323189108240111e-04
2.458837858418546617e+06 9.903015091220586097e-01 2.756651687988415198e-04
2.458837863058646675e+06 9.900691885819760119e-01 2.756980186835623491e-04
2.458837867698746733e+06 9.897508306567678327e-01 2.756543075543379140e-04
2.458837872338847257e+06 9.893464353015338775e-01 2.755741277301439001e-04
2.458837876978947315e+06 9.888695211673309560e-01 2.754939479139965094e-04
2.458837881619047839e+06 9.884278516042883656e-01 2.754137680898025497e-04
2.458837886259147897e+06 9.880447084154585502e-01 2.753385297693769387e-04
2.458837890899247956e+06 9.877200915535806480e-01 2.752846938536992029e-04
2.458837895539348479e+06 9.874540009948874486e-01 2.752308579326187793e-04
2.458837900179448538e+06 9.871754876782496968e-01 2.751770220169409893e-04
2.458837904819549061e+06 9.867960864372562479e-01 2.751231860958605656e-04
2.458837909459649120e+06 9.863155351077330657e-01 2.750126258301991214e-04
2.458837914099749178e+06 9.857338336566806580e-01 2.748774996297622362e-04
2.458837918739849702e+06 9.850610644811229610e-01 2.747423734157646382e-04
2.458837923379949760e+06 9.843707375991586073e-01 2.746072472153277531e-04
2.458837928020050284e+06 9.836775643299420224e-01 2.744777003310020337e-04
2.458837932660150342e+06 9.829815448126011379e-01 2.743693948431135017e-04
2.458837937300250866e+06 9.822826789074365905e-01 2.742610893443559513e-04
2.458837941940350924e+06 9.816032195839248242e-01 2.741527838564674735e-04
2.458837946580450982e+06 9.809688592166730947e-01 2.740444783685789957e-04
2.458837951220551506e+06 9.803796303506822074e-01 2.739427834246772366e-04
2.458837955860651564e+06 9.798355331042173377e-01 2.738436816782573125e-04
2.458837960500752088e+06 9.793273301386317131e-01 2.737445799218920020e-04
2.458837965140852146e+06 9.787932423650043123e-01 2.736454781754720780e-04
2.458837969780952204e+06 9.782218358673279157e-01 2.735393413809447780e-04
2.458837974421052728e+06 9.776131105826404433e-01 2.734094475649201405e-04
2.458837979061152786e+06 9.769670666331204956e-01 2.732795537619310284e-04
2.458837983701253310e+06 9.762751322107536822e-01 2.731496599459063367e-04
2.458837988341353368e+06 9.755281610447195106e-01 2.730197661429172788e-04
2.458837992981453426e+06 9.747261506798171604e-01 2.728867301845180090e-04
2.458837997621553950e+06 9.738691010272749748e-01 2.727525826973541470e-04
2.458838002261654008e+06 9.729722539291579819e-01 2.726184352236528776e-04
2.458838006901754532e+06 9.721293637084289507e-01 2.724842877364890155e-04
2.458838011541854590e+06 9.713564467586512929e-01 2.723547580932906046e-04
2.458838016181955114e+06 9.706535029246909918e-01 2.722391623868203737e-04
2.458838020822055172e+06 9.700205312925991308e-01 2.721235666919508893e-04
2.458838025462155230e+06 9.693919603949955333e-01 2.720079709970812964e-04
2.458838030102255754e+06 9.687032634927368324e-01 2.718923752906111197e-04
2.458838034742355812e+06 9.679544407240525672e-01 2.717815708952835943e-04
2.458838039382456336e+06 9.671454919386452964e-01 2.716722866830174237e-04
2.458838044022556394e+06 9.662825786562534436e-01 2.715630024817185001e-04
2.458838048662656453e+06 9.654006390347240618e-01 2.714537182804195765e-04
2.458838053302756976e+06 9.645051703214310157e-01 2.713240787955251512e-04
2.458838057942857035e+06 9.635961726961055351e-01 2.711392260694732480e-04
2.458838062582957558e+06 9.626736665267767723e-01 2.709543733248702662e-04
2.458838067223057617e+06 9.617736019218157129e-01 2.707695205988183630e-04
2.458838071863158140e+06 9.609286314258530526e-01 2.705846678542154354e-04
2.458838076503258198e+06 9.601387552084839072e-01 2.704236538533148033e-04
2.458838081143358257e+06 9.594039731821465411e-01 2.702693798772078256e-04
2.458838085783458780e+06 9.587095615131028259e-01 2.701151058856186577e-04
2.458838090423558839e+06 9.579783947332152216e-01 2.699608319095116800e-04
2.458838095063659362e+06 9.571993226008312927e-01 2.698074215670799103e-04
2.458838099703759421e+06 9.563723452723199570e-01 2.696561276698119592e-04
2.458838104343859479e+06 9.554975466652207983e-01 2.695048337725440080e-04
2.458838108983960003e+06 9.546201267966273329e-01 2.693535398600928896e-04
2.458838113624060061e+06 9.537780583543472579e-01 2.692022459628249384e-04
2.458838118264160585e+06 9.529713411693675473e-01 2.691056369988595906e-04
2.458838122904260643e+06 9.521999754036056807e-01 2.690226966993828641e-04
2.458838127544360701e+06 9.514622173399464033e-01 2.689397563999060834e-04
2.458838132184461225e+06 9.507496146082627941e-01 2.688568160921057742e-04
2.458838136824561283e+06 9.500610476777895386e-01 2.687546231533671868e-04
2.458838141464661807e+06 9.493965164103229659e-01 2.686096281936181662e-04
2.458838146104761865e+06 9.487559635027350557e-01 2.684646332484201688e-04
2.458838150744862389e+06 9.481243029361171581e-01 2.683196382886711483e-04
2.458838155384962447e+06 9.474897914957578493e-01 2.681746433434732593e-04
2.458838160025062505e+06 9.468524291184096109e-01 2.680449571843004594e-04
2.458838164665163029e+06 9.462122157396799516e-01 2.679186206560469209e-04
2.458838169305263087e+06 9.455773677884458106e-01 2.677922841404720426e-04
2.458838173945363611e+06 9.449848020015455541e-01 2.676659476122185584e-04
2.458838178585463669e+06 9.444389856640782455e-01 2.675618503504828809e-04
2.458838183225563727e+06 9.439399187142308856e-01 2.675027632320598294e-04
2.458838187865664251e+06 9.434874808876951846e-01 2.674436761077071136e-04
2.458838192505764309e+06 9.430627835072613596e-01 2.673845889892840621e-04
2.458838197145864833e+06 9.426521811539414486e-01 2.673255018649313463e-04
2.458838201785964891e+06 9.422556739101480838e-01 2.673223647199222995e-04
2.458838206426065415e+06 9.418732616962977033e-01 2.673298117801762436e-04
2.458838211066165473e+06 9.415065157849056288e-01 2.673372588396827928e-04
2.458838215706265531e+06 9.411619886688584735e-01 2.673447058991893421e-04
2.458838220346366055e+06 9.408404020642423538e-01 2.673179026135705716e-04
2.458838224986466113e+06 9.405417560356037487e-01 2.672278101309214751e-04
2.458838229626566637e+06 9.402660893977263790e-01 2.671377176392311084e-04
2.458838234266666695e+06 9.400174994684763474e-01 2.670476251565820662e-04
2.458838238906766754e+06 9.397987366484862326e-01 2.669575326739329697e-04
2.458838243546867277e+06 9.396098009202920043e-01 2.669219132988517895e-04
2.458838248186967336e+06 9.394506923218151062e-01 2.668950612230509465e-04
2.458838252827067859e+06 9.393222691466984742e-01 2.668682091445553190e-04
2.458838257467167918e+06 9.392278578767960795e-01 2.668413570687544760e-04
2.458838262107267976e+06 9.391677906990957281e-01 2.668194170135648551e-04
2.458838266747368500e+06 9.391420676127388845e-01 2.668057839372632535e-04
2.458838271387468558e+06 9.391506611657004511e-01 2.667921508623297524e-04
2.458838276027569082e+06 9.391914824021314612e-01 2.667785177860280965e-04
2.458838280667669140e+06 9.392632268330001200e-01 2.667648847110946496e-04
2.458838285307769664e+06 9.393658944727069082e-01 2.667794389326642781e-04
2.458838289947869722e+06 9.394994853006449764e-01 2.667977711208628969e-04
2.458838294587969780e+06 9.396597574257606889e-01 2.668161033090615157e-04
2.458838299228070304e+06 9.398314180970295251e-01 2.668344354990998630e-04
2.458838303868170362e+06 9.400130888329812917e-01 2.668645882972698518e-04
2.458838308508270886e+06 9.402047696700798207e-01 2.669130726087972543e-04
2.458838313148370944e+06 9.404069137465799200e-01 2.669615569154590285e-04
2.458838317788471002e+06 9.406457051375715084e-01 2.670100412221208027e-04
2.458838322428571526e+06 9.409363681550191316e-01 2.670585255336482052e-04
2.458838327068671584e+06 9.412789027405836784e-01 2.671248803835902879e-04
2.458838331708772108e+06 9.416733089630155984e-01 2.671931712390478316e-04
2.458838336348872166e+06 9.421181772749354089e-01 2.672614620876520249e-04
2.458838340988972690e+06 9.426087767887296742e-01 2.673297529431096229e-04
2.458838345629072748e+06 9.431447244900927895e-01 2.674134076583549176e-04
2.458838350269172806e+06 9.437260204259840801e-01 2.675189463496934427e-04
2.458838354909273330e+06 9.443520905020729161e-01 2.676244850516233762e-04
2.458838359549373388e+06 9.449967877157573470e-01 2.677300237429619013e-04
2.458838364189473912e+06 9.456459469271834006e-01 2.678355624448918891e-04
2.458838368829573970e+06 9.462995680060571901e-01 2.679628441406365215e-04
2.458838373469674028e+06 9.469576510173017825e-01 2.680919474067060162e-04
2.458838378109774552e+06 9.476154069133223556e-01 2.682210506857317812e-04
2.458838382749874610e+06 9.482578585209898714e-01 2.683501539518011675e-04
2.458838387389975134e+06 9.488839238764364969e-01 2.684762179365358112e-04
2.458838392030075192e+06 9.494936028540034156e-01 2.685983007627722099e-04
2.458838396670175251e+06 9.500890338118245237e-01 2.687203835890085543e-04
2.458838401310275774e+06 9.507491633340241499e-01 2.688424664274966544e-04
2.458838405950375833e+06 9.515138647218976953e-01 2.689645492537331073e-04
2.458838410590476356e+06 9.523831381289298292e-01 2.690975847085107101e-04
2.458838415230576415e+06 9.533569833806470051e-01 2.692312804291077080e-04
2.458838419870676938e+06 9.543998049901942782e-01 2.693649761631219247e-04
2.458838424510776997e+06 9.554078296969844564e-01 2.694986718837189227e-04
2.458838429150877055e+06 9.563744101514635165e-01 2.696442398788117829e-04
2.458838433790977579e+06 9.572995464443949665e-01 2.698041226572942138e-04
2.458838438431077637e+06 9.581845091797805969e-01 2.699640054197314826e-04
2.458838443071178161e+06 9.590681873422173265e-01 2.701238881982139677e-04
2.458838447711278219e+06 9.599688993854987862e-01 2.702837709606512365e-04
2.458838452351378277e+06 9.608866453974523880e-01 2.704360607042349167e-04
2.458838456991478801e+06 9.618214254727436296e-01 2.705880635244550022e-04
2.458838461631578859e+06 9.627679408805247530e-01 2.707400663294207426e-04
2.458838466271679383e+06 9.637117859883936877e-01 2.708920691496408280e-04
2.458838470911779441e+06 9.646521488738438732e-01 2.710583523206431655e-04
2.458838475551879965e+06 9.655890297256168875e-01 2.712404947087061952e-04
2.458838480191980023e+06 9.665231443672467337e-01 2.714226370784902269e-04
2.458838484832080081e+06 9.674729798164849459e-01 2.716047794482742044e-04
2.458838489472180605e+06 9.684466599401124753e-01 2.717869218363372884e-04
2.458838494112280663e+06 9.694441845427000937e-01 2.719302689742579397e-04
2.458838498752381187e+06 9.704655538244627566e-01 2.720729864943619404e-04
2.458838503392481245e+06 9.714908688729858577e-01 2.722157040001433595e-04
2.458838508032581303e+06 9.724696617597915482e-01 2.723584215059247785e-04
2.458838512672681827e+06 9.733994540993321509e-01 2.725108230022101150e-04
2.458838517312781885e+06 9.742802457049872800e-01 2.726731337368712644e-04
2.458838521952882409e+06 9.751149649767175687e-01 2.728354444878211961e-04
2.458838526592982467e+06 9.759683326596340081e-01 2.729977552224823454e-04
2.458838531233082525e+06 9.768668829722644276e-01 2.731602509619201840e-04
2.458838535873183049e+06 9.778106160115848100e-01 2.733639251911066065e-04
2.458838540513283107e+06 9.787995315881771186e-01 2.735675993998530533e-04
2.458838545153383631e+06 9.798078113292620905e-01 2.737712736290395300e-04
2.458838549793483689e+06 9.807743625213275473e-01 2.739749478377860310e-04
2.458838554433584213e+06 9.816965988716086500e-01 2.741318451357281595e-04
2.458838559073684271e+06 9.825745201950016883e-01 2.742446363791007139e-04
2.458838563713784330e+06 9.834101822854340869e-01 2.743574276224731599e-04
2.458838568353884853e+06 9.842429519675225391e-01 2.744702188771649476e-04
2.458838572993984912e+06 9.850878860710098328e-01 2.745846184534804567e-04
2.458838577634085435e+06 9.859449847654836452e-01 2.747619613390279080e-04
2.458838582274185494e+06 9.868142478789144745e-01 2.749393042067779639e-04
2.458838586914285552e+06 9.876709107334638027e-01 2.751166470745280198e-04
2.458838591554386076e+06 9.884603036574660662e-01 2.752939899600754712e-04
2.458838596194486134e+06 9.891804569835078720e-01 2.754422479513711692e-04
2.458838600834586658e+06 9.898313708561330415e-01 2.755652404788007403e-04
2.458838605474686716e+06 9.904173982250217279e-01 2.756882329938873202e-04
2.458838610114786774e+06 9.910115011944018448e-01 2.758112255089739001e-04
2.458838614754887298e+06 9.916397098065699023e-01 2.759344323172159661e-04
2.458838619394987356e+06 9.923020239354370942e-01 2.760621490398040855e-04
2.458838624035087880e+06 9.929984437139374176e-01 2.761898657752093721e-04
2.458838628675187938e+06 9.937039501888738080e-01 2.763175824977974373e-04
2.458838633315288462e+06 9.943670245688651654e-01 2.764452992332026697e-04
2.458838637955388520e+06 9.949861121862736413e-01 2.765554205476991470e-04
2.458838642595488578e+06 9.955612131098494633e-01 2.766514668858679029e-04
2.458838647235589102e+06 9.960909394455120802e-01 2.767475132336754328e-04
2.458838651875689160e+06 9.965547537205928785e-01 2.768435595718442429e-04
2.458838656515789684e+06 9.969458240305789642e-01 2.769369349616447595e-04
2.458838661155889742e+06 9.972641502969785687e-01 2.769923895011392888e-04
2.458838665795989800e+06 9.975097325626877121e-01 2.770478440406338723e-04
2.458838670436090324e+06 9.977221542869932902e-01 2.771032985856936113e-04
2.458838675076190382e+06 9.979774247205487336e-01 2.771587531251881406e-04
2.458838679716290906e+06 9.982774278246046018e-01 2.772052850234896053e-04
2.458838684356390964e+06 9.986221635389469498e-01 2.772452494331038571e-04
2.458838688996491488e+06 9.990053435194692355e-01 2.772852138467287895e-04
2.458838693636591546e+06 9.993442124659528414e-01 2.773251782563430413e-04
2.458838698276691604e+06 9.996131125867657730e-01 2.773609777703936637e-04
2.458838702916792128e+06 9.998120438983610914e-01 2.773526492369711200e-04
2.458838707556892186e+06 9.999410063608110688e-01 2.773443207043844961e-04
2.458838712196992710e+06 1.000000000000000000e+00 2.773359921709620066e-04
2.458838716837092768e+06 9.999890248040868013e-01 2.773276636383753286e-04
2.458838721477192827e+06 9.999142503403934956e-01 2.773193351057887048e-04
2.458838726117293350e+06 9.998013661180910061e-01 2.773110065723661611e-04
2.458838730757393409e+06 9.996531960835551844e-01 2.773026780397794830e-04
2.458838735397493932e+06 9.994697402070468195e-01 2.772943495063570477e-04
2.458838740037593991e+06 9.992509985253874571e-01 2.772785624081512430e-04
2.458838744677694049e+06 9.989969710219367416e-01 2.772003212574418343e-04
2.458838749317794573e+06 9.987076576658898697e-01 2.771220800988804709e-04
2.458838753957894631e+06 9.984041632374551778e-01 2.770438389481710622e-04
2.458838758597995155e+06 9.981216733915966310e-01 2.769655977896097530e-04
2.458838763238095213e+06 9.978607309637006484e-01 2.769224686107316286e-04
2.458838767878195737e+06 9.976213359013925697e-01 2.769011438018145017e-04
2.458838772518295795e+06 9.973964532908723424e-01 2.768798189950374272e-04
2.458838777158395853e+06 9.971114998295991239e-01 2.768584941882603527e-04
2.458838781798496377e+06 9.967464289736387428e-01 2.768417346504948445e-04
2.458838786438596435e+06 9.963012407962649197e-01 2.768563213450074274e-04
2.458838791078696959e+06 9.957759352081233528e-01 2.768709080409839543e-04
2.458838795718797017e+06 9.952072952934751804e-01 2.768854947354965914e-04
2.458838800358897075e+06 9.946523990887545796e-01 2.769000814300092285e-04
2.458838804998997599e+06 9.941119019357189668e-01 2.767930383288872147e-04
2.458838809639097657e+06 9.935858039428520083e-01 2.766167871422448130e-04
2.458838814279198181e+06 9.930693065710803902e-01 2.764405359379145202e-04
2.458838818919298239e+06 9.925163992740345664e-01 2.762642847512721185e-04
2.458838823559398763e+06 9.919155826418208921e-01 2.760879742955913091e-04
2.458838828199498821e+06 9.912668567950305709e-01 2.759113215866828965e-04
2.458838832839598879e+06 9.905702216757721335e-01 2.757346688777744838e-04
2.458838837479699403e+06 9.898600105387383996e-01 2.755580161511379561e-04
2.458838842119799461e+06 9.891857626950874005e-01 2.753813634422294892e-04
2.458838846759899985e+06 9.885478771108767715e-01 2.752567833951816601e-04
2.458838851400000043e+06 9.879463539141379869e-01 2.751592940894185342e-04
