2.458865000000000000e+06 9.441249219655026836e-01 2.811305512677584792e-04
2.458865004640100058e+06 9.435985238926863916e-01 2.810502532827239240e-04
2.458865009280200582e+06 9.430267296738981120e-01 2.809699552896308735e-04
2.458865013920300640e+06 9.424095394239038193e-01 2.808376869685044156e-04
2.458865018560401164e+06 9.417469530188262716e-01 2.806956024568048975e-04
2.458865023200501222e+06 9.410674637217916194e-01 2.805535179593644812e-04
2.458865027840601280e+06 9.404898152063599914e-01 2.804114334619240648e-04
2.458865032480701804e+06 9.400270747490752088e-01 2.803208221576341001e-04
2.458865037120801862e+06 9.396792424428148660e-01 2.803252475858848962e-04
2.458865041760902386e+06 9.394457289172690739e-01 2.803296730145798357e-04
2.458865046401002444e+06 9.392646141774647628e-01 2.803340984428305776e-04
2.458865051041102968e+06 9.390943581622807068e-01 2.803385238715254630e-04
2.458865055681203026e+06 9.389349609058893487e-01 2.802953967295231607e-04
2.458865060321303084e+06 9.387864223906596806e-01 2.802446267112362064e-04
2.458865064961403608e+06 9.386406503732560580e-01 2.801938566878541524e-04
2.458865069601503666e+06 9.384663005530143876e-01 2.801430866695671981e-04
2.458865074241604190e+06 9.382602450146793061e-01 2.800763862658622655e-04
2.458865078881704248e+06 9.380224837996082865e-01 2.799827617823372606e-04
2.458865083521804307e+06 9.377537815699320545e-01 2.798891372988122558e-04
2.458865088161904830e+06 9.375122025702103956e-01 2.797955128058915550e-04
2.458865092802004889e+06 9.373339889341837372e-01 2.797018883223665502e-04
2.458865097442105412e+06 9.372191406260828028e-01 2.796986900915790324e-04
2.458865102082205471e+06 9.371676576689589311e-01 2.797075974425111233e-04
2.458865106722305994e+06 9.371856741966341220e-01 2.797165047943371390e-04
2.458865111362406053e+06 9.372952960722970017e-01 2.797254121452692841e-04
2.458865116002506111e+06 9.374985147005595598e-01 2.797908234442149714e-04
2.458865120642606635e+06 9.377953301159054345e-01 2.799438240033462412e-04
2.458865125282706693e+06 9.381841842123018749e-01 2.800968245471230941e-04
2.458865129922807217e+06 9.385751577677369228e-01 2.802498251062543098e-04
2.458865134562907275e+06 9.389159853167823311e-01 2.804028256500311084e-04
2.458865139203007333e+06 9.392066669011905899e-01 2.804575022715522187e-04
2.458865143843107857e+06 9.394472025425849582e-01 2.805015368534146997e-04
2.458865148483207915e+06 9.396614642410684448e-01 2.805455714308580269e-04
2.458865153123308439e+06 9.399295604206880927e-01 2.805896060127204537e-04
2.458865157763408497e+06 9.402579723513299070e-01 2.806377865076832307e-04
2.458865162403508555e+06 9.406467000568723424e-01 2.806918708855550906e-04
2.458865167043609079e+06 9.410954857482036751e-01 2.807459552688546835e-04
2.458865171683709137e+06 9.415925939877867190e-01 2.808000396467265434e-04
2.458865176323809661e+06 9.421316682575785473e-01 2.808541240300261362e-04
2.458865180963909719e+06 9.427127084493804876e-01 2.809434540425937484e-04
2.458865185604010243e+06 9.433357146798142523e-01 2.810357352077385022e-04
2.458865190244110301e+06 9.439863624573787693e-01 2.811280163636223264e-04
2.458865194884210359e+06 9.446198596302526340e-01 2.812202975195060963e-04
2.458865199524310883e+06 9.452329705585076347e-01 2.813334121825438860e-04
2.458865204164410941e+06 9.458256951190852080e-01 2.814738143706614756e-04
2.458865208804511465e+06 9.463988552465857351e-01 2.816142165728693024e-04
2.458865213444611523e+06 9.469827900743721383e-01 2.817546187609868921e-04
2.458865218084711581e+06 9.475928226373536711e-01 2.818950209491045359e-04
2.458865222724812105e+06 9.482289530006791090e-01 2.820046376727427672e-04
2.458865227364912163e+06 9.488911810366696953e-01 2.821123984079068159e-04
2.458865232005012687e+06 9.495819253896614631e-01 2.822201591538852933e-04
2.458865236645112745e+06 9.503082369727595680e-01 2.823279198890494505e-04
2.458865241285213269e+06 9.510705676396095098e-01 2.824672026385010898e-04
2.458865245925313327e+06 9.518689172372026830e-01 2.826444959377329646e-04
2.458865250565413386e+06 9.527026685016650731e-01 2.828217892369648393e-04
2.458865255205513909e+06 9.535529241736040440e-01 2.829990825539891765e-04
2.458865259845613968e+06 9.544107814453610672e-01 2.831763758532210512e-04
2.458865264485714491e+06 9.552762404891181891e-01 2.833528224049616296e-04
2.458865269125814550e+06 9.561493011311674728e-01 2.835292368998272041e-04
2.458865273765914608e+06 9.570289110892725715e-01 2.837056513946928870e-04
2.458865278406015132e+06 9.579122087151819009e-01 2.838820659072627782e-04
2.458865283046115190e+06 9.587990325228578081e-01 2.840634763522405649e-04
2.458865287686215714e+06 9.596893826902961333e-01 2.842504365574601011e-04
2.458865292326315772e+06 9.605820856425429932e-01 2.844373967439171934e-04
2.458865296966415830e+06 9.614468271101925811e-01 2.846243569303742857e-04
2.458865301606516354e+06 9.622702826383543462e-01 2.848113171355938760e-04
2.458865306246616412e+06 9.630524520617508299e-01 2.849005417297335949e-04
2.458865310886716936e+06 9.637933355373727862e-01 2.849881714794269745e-04
2.458865315526816994e+06 9.645119745641651532e-01 2.850758012203261191e-04
2.458865320166917518e+06 9.652566793644514753e-01 2.851634309700194444e-04
2.458865324807017576e+06 9.660298238780195001e-01 2.852926595682800707e-04
2.458865329447117634e+06 9.668314081781774760e-01 2.854644728661418895e-04
2.458865334087218158e+06 9.676604869229963324e-01 2.856362861812461549e-04
2.458865338727318216e+06 9.684961458744988372e-01 2.858080994791079737e-04
2.458865343367418740e+06 9.693298074917243712e-01 2.859801190629341770e-04
2.458865348007518798e+06 9.701614716073472255e-01 2.861994005530476550e-04
2.458865352647618856e+06 9.709911383051303968e-01 2.864186820431610788e-04
2.458865357287719380e+06 9.718054363098342918e-01 2.866379635552807710e-04
2.458865361927819438e+06 9.725727110374494666e-01 2.868572450453941948e-04
2.458865366567919962e+06 9.732916210859312578e-01 2.869945805460754566e-04
2.458865371208020020e+06 9.739621663109860883e-01 2.870546031509284735e-04
2.458865375848120078e+06 9.745886608744597224e-01 2.871146257557815446e-04
2.458865380488220602e+06 9.752538083556235859e-01 2.871746483666582262e-04
2.458865385128320660e+06 9.759892581271314427e-01 2.872372320369330988e-04
2.458865389768421184e+06 9.767950103365962145e-01 2.874007468791032072e-04
2.458865394408521242e+06 9.776710648222943778e-01 2.875642617048636447e-04
2.458865399048621766e+06 9.785717045894277710e-01 2.877277765470337531e-04
2.458865403688721824e+06 9.793959444465163422e-01 2.878912913727941906e-04
2.458865408328821883e+06 9.801401410528577385e-01 2.880301318393542042e-04
2.458865412968922406e+06 9.808042944710871902e-01 2.881475217991769371e-04
2.458865417609022465e+06 9.813923699200168826e-01 2.882649117472189460e-04
2.458865422249122988e+06 9.819709147961860340e-01 2.883823017070417331e-04
2.458865426889223047e+06 9.825636866645776069e-01 2.885009626980440775e-04
2.458865431529323105e+06 9.831706855825376179e-01 2.886465058922296789e-04
2.458865436169423629e+06 9.837919116131239594e-01 2.887920491010213266e-04
2.458865440809523687e+06 9.844110886316866926e-01 2.889375922952068737e-04
2.458865445449624211e+06 9.849946758146652659e-01 2.890831355039985215e-04
2.458865450089724269e+06 9.855416589381013059e-01 2.892166518984554276e-04
2.458865454729824793e+06 9.860520381117812150e-01 2.893405387598680083e-04
2.458865459369924851e+06 9.865269152648724615e-01 2.894644256088478801e-04
2.458865464010024909e+06 9.869826205071378089e-01 2.895883124578276977e-04
2.458865468650125433e+06 9.874245907811775025e-01 2.897069949287850638e-04
2.458865473290225491e+06 9.878528259982826132e-01 2.897514835466218899e-04
2.458865477930326015e+06 9.882673262444050533e-01 2.897959721689233521e-04
2.458865482570426073e+06 9.886680914363500383e-01 2.898404607867601781e-04
2.458865487210526131e+06 9.890551216164040760e-01 2.898849494045969500e-04
2.458865491850626655e+06 9.894284168213401953e-01 2.899294380268984121e-04
2.458865496490726713e+06 9.897879769762341073e-01 2.899739266447352382e-04
2.458865501130827237e+06 9.901336237436065835e-01 2.900184152670367004e-04
2.458865505770927295e+06 9.904630054744523182e-01 2.900629038848735264e-04
2.458865510411027353e+06 9.907753923931846840e-01 2.901073925027102983e-04
2.458865515051127877e+06 9.910707845285956497e-01 2.901518811250117604e-04
2.458865519691227935e+06 9.913491818213964191e-01 2.901963697428485865e-04
2.458865524331328459e+06 9.916105843274645171e-01 2.902408583651501029e-04
2.458865528971428517e+06 9.918549919943333570e-01 2.902853469829868205e-04
2.458865533611529041e+06 9.920824048710586984e-01 2.904331175148651780e-04
2.458865538251629099e+06 9.922928229119958310e-01 2.906508547890041092e-04
2.458865542891729157e+06 9.924847060921514474e-01 2.908685920631430403e-04
2.458865547531829681e+06 9.926398828890750092e-01 2.910863293591332531e-04
2.458865552171929739e+06 9.927530995972846384e-01 2.912627327142971448e-04
2.458865556812030263e+06 9.928243562395041577e-01 2.910918045153382413e-04
2.458865561452130321e+06 9.928536528014312301e-01 2.909208763335329882e-04
2.458865566092230380e+06 9.928405526095049893e-01 2.907499481517277352e-04
2.458865570732330903e+06 9.927843267400117133e-01 2.905790199527688317e-04
2.458865575372430962e+06 9.926849639080588261e-01 2.905336912809292462e-04
2.458865580012531485e+06 9.925424640937028364e-01 2.905664771047692350e-04
2.458865584652631544e+06 9.923608779437661509e-01 2.905992629253189414e-04
2.458865589292732067e+06 9.921832286221193842e-01 2.906320487491589302e-04
2.458865593932832126e+06 9.920210949487633378e-01 2.906506525778284624e-04
2.458865598572932184e+06 9.918744769050915622e-01 2.905715472932540039e-04
2.458865603213032708e+06 9.917433744787255145e-01 2.904924420007408002e-04
2.458865607853132766e+06 9.916147397080895542e-01 2.904133367161663417e-04
2.458865612493233290e+06 9.914682975532590481e-01 2.903342314236531923e-04
2.458865617133333348e+06 9.913038138160344959e-01 2.903141443127755009e-04
2.458865621773433406e+06 9.911212884826250402e-01 2.903276967890156468e-04
2.458865626413533930e+06 9.909171332968481627e-01 2.903412492666159242e-04
2.458865631053633988e+06 9.906568742034681518e-01 2.903548017428561785e-04
2.458865635693734512e+06 9.903318825228213385e-01 2.903439904280080892e-04
2.458865640333834570e+06 9.899421583201374331e-01 2.901919691822532513e-04
2.458865644973934628e+06 9.894877015660498154e-01 2.900399479364983049e-04
2.458865649614035152e+06 9.890089610676330301e-01 2.898879266754871703e-04
2.458865654254135210e+06 9.885643900369506243e-01 2.897359054297322239e-04
2.458865658894235734e+06 9.881544631850706084e-01 2.896272804845570589e-04
2.458865663534335792e+06 9.877791805942706116e-01 2.895412765601400079e-04
2.458865668174436316e+06 9.874338397172854886e-01 2.894552726270918945e-04
2.458865672814536374e+06 9.870773995047037452e-01 2.893692687026748977e-04
2.458865677454636432e+06 9.867003169547536867e-01 2.892893174598265213e-04
2.458865682094736956e+06 9.863025920264855140e-01 2.892394388194353787e-04
2.458865686734837014e+06 9.858842247997273711e-01 2.891895601840497806e-04
2.458865691374937538e+06 9.854304375680920103e-01 2.891396815436585296e-04
2.458865696015037596e+06 9.849213932075098210e-01 2.890898029082729316e-04
2.458865700655137654e+06 9.843569878052342847e-01 2.889805633148386107e-04
2.458865705295238178e+06 9.837372212962907092e-01 2.888430988897804780e-04
2.458865709935338236e+06 9.830662778505323551e-01 2.887056344785176795e-04
2.458865714575438760e+06 9.823774540228030761e-01 2.885681700534595468e-04
2.458865719215538818e+06 9.816779333580852862e-01 2.884401874956698652e-04
2.458865723855639342e+06 9.809677157159770733e-01 2.883531729371254849e-04
2.458865728495739400e+06 9.802468012390275209e-01 2.882661583873135400e-04
2.458865733135839459e+06 9.795311434152578212e-01 2.881791438375015408e-04
2.458865737775939982e+06 9.788406079117676351e-01 2.880921292789571605e-04
2.458865742416040041e+06 9.781752530564318260e-01 2.879173571911855935e-04
2.458865747056140564e+06 9.775350787157056631e-01 2.877046416898520879e-04
2.458865751696240623e+06 9.769067573845625629e-01 2.874919262098657642e-04
2.458865756336340681e+06 9.761932580474256271e-01 2.872792107298794946e-04
2.458865760976441205e+06 9.753751864115897119e-01 2.870731611976521172e-04
2.458865765616541263e+06 9.744525426412513625e-01 2.868924406066052546e-04
2.458865770256641787e+06 9.734253265512252673e-01 2.867117199974220207e-04
2.458865774896741845e+06 9.723888950223161798e-01 2.865309994063751581e-04
2.458865779536841903e+06 9.714532142076943710e-01 2.863502788153282413e-04
2.458865784176942427e+06 9.706184213075736977e-01 2.862218342687289927e-04
2.458865788817042485e+06 9.698845164895071314e-01 2.861138664293219548e-04
2.458865793457143009e+06 9.692376212827398252e-01 2.860058985790797257e-04
2.458865798097243067e+06 9.685850267618855147e-01 2.858979307396727963e-04
2.458865802737343591e+06 9.679095934997757888e-01 2.857764642969146183e-04
2.458865807377443649e+06 9.672113216319780937e-01 2.856094845006317624e-04
2.458865812017543707e+06 9.664902110918547340e-01 2.854425047043487981e-04
2.458865816657644231e+06 9.657319807945693446e-01 2.852755248913085677e-04
2.458865821297744289e+06 9.649214079131910315e-01 2.851085450950256576e-04
2.458865825937844813e+06 9.640584884334448823e-01 2.849095597062851364e-04
2.458865830577944871e+06 9.631432225285289084e-01 2.846992672396410264e-04
2.458865835218044929e+06 9.621904757985190182e-01 2.844889747729969706e-04
2.458865839858145453e+06 9.612916022466332366e-01 2.842786822852487569e-04
2.458865844498245511e+06 9.604621934980696052e-01 2.840883750350187685e-04
2.458865849138346035e+06 9.597022493863563986e-01 2.839582988900942145e-04
2.458865853778446093e+06 9.590117689052998218e-01 2.838282227582235632e-04
2.458865858418546617e+06 9.583257856494997728e-01 2.836981466132990092e-04
2.458865863058646675e+06 9.575804228938755713e-01 2.835680704814283579e-04
2.458865867698746733e+06 9.567756805725642355e-01 2.834340476611190806e-04
2.458865872338847257e+06 9.559115585958665173e-01 2.832987739943338724e-04
2.458865876978947315e+06 9.550036098535787943e-01 2.831635003411241223e-04
2.458865881619047839e+06 9.541399608500135132e-01 2.830282266743388057e-04
2.458865886259147897e+06 9.533344672760611926e-01 2.828968462065218291e-04
2.458865890899247956e+06 9.525871290421311643e-01 2.827760163924877813e-04
2.458865895539348479e+06 9.518979270844685203e-01 2.826551865663277994e-04
2.458865900179448538e+06 9.512340641573319155e-01 2.825343567522938058e-04
2.458865904819549061e+06 9.505657698846556869e-01 2.824135269261338239e-04
2.458865909459649120e+06 9.498930444005743157e-01 2.822715182941904519e-04
2.458865914099749178e+06 9.492158876382430499e-01 2.821235270410347930e-04
2.458865918739849702e+06 9.485350591460921521e-01 2.819755357730274075e-04
2.458865923379949760e+06 9.478545359038712537e-01 2.818275445198718571e-04
2.458865928020050284e+06 9.471748923669965903e-01 2.817004522424343274e-04
2.458865932660150342e+06 9.464961286718808209e-01 2.816245420717350054e-04
2.458865937300250866e+06 9.458182811842444915e-01 2.815486318934175909e-04
2.458865941940350924e+06 9.451608943950079444e-01 2.814727217227182146e-04
2.458865946580450982e+06 9.445403801155828338e-01 2.813968115520188926e-04
2.458865951220551506e+06 9.439567382892477543e-01 2.812488670598826067e-04
2.458865955860651564e+06 9.434099690331462229e-01 2.810829292973391572e-04
2.458865960500752088e+06 9.428965245828289099e-01 2.809169915181429045e-04
2.458865965140852146e+06 9.423992137630146093e-01 2.807510537555994549e-04
2.458865969780952204e+06 9.419157601249834588e-01 2.806445757730380037e-04
2.458865974421052728e+06 9.414461636223038221e-01 2.806702369656308279e-04
2.458865979061152786e+06 9.409905876030716376e-01 2.806958981556484010e-04
2.458865983701253310e+06 9.405918246521375314e-01 2.807215593482412252e-04
2.458865988341353368e+06 9.402831774978319679e-01 2.807472205382588524e-04
2.458865992981453426e+06 9.400646460956152417e-01 2.806598095056471909e-04
2.458865997621553950e+06 9.399362304371214893e-01 2.805476673345551515e-04
2.458866002261654008e+06 9.398795802464302573e-01 2.804355251747172933e-04
2.458866006901754532e+06 9.398122591282455085e-01 2.803233830036253081e-04
2.458866011541854590e+06 9.397242938391784373e-01 2.802504826950995027e-04
2.458866016181955114e+06 9.396156843615732779e-01 2.802569921510985229e-04
2.458866020822055172e+06 9.394866356728611700e-01 2.802635016064442572e-04
2.458866025462155230e+06 9.393693345929878813e-01 2.802700110617900456e-04
2.458866030102255754e+06 9.392870312182151071e-01 2.802765205177890117e-04
2.458866034742355812e+06 9.392397255650625221e-01 2.802752491895229344e-04
2.458866039382456336e+06 9.392274176240351657e-01 2.802725060533532231e-04
2.458866044022556394e+06 9.392434056075963378e-01 2.802697629174588450e-04
2.458866048662656453e+06 9.392597400308551059e-01 2.802670197815644126e-04
2.458866053302756976e+06 9.392733422824408596e-01 2.802754404333224853e-04
2.458866057942857035e+06 9.392842123596234494e-01 2.803044913089188330e-04
2.458866062582957558e+06 9.392928610643144216e-01 2.803335421874306004e-04
2.458866067223057617e+06 9.393531500895621056e-01 2.803625930630270022e-04
2.458866071863158140e+06 9.395012394221582408e-01 2.803916439415387696e-04
2.458866076503258198e+06 9.397371290323798254e-01 2.804388127372712961e-04
2.458866081143358257e+06 9.400608189306827178e-01 2.804888985057205791e-04
2.458866085783458780e+06 9.404606922390096324e-01 2.805389842791962234e-04
2.458866090423558839e+06 9.408917191409236214e-01 2.805890700476455064e-04
2.458866095063659362e+06 9.413494016406757092e-01 2.806531836299574968e-04
2.458866099703759421e+06 9.418337396464039335e-01 2.807410267466403718e-04
2.458866104343859479e+06 9.423445840187878453e-01 2.808288698633232467e-04
2.458866108983960003e+06 9.428705724528545495e-01 2.809167129888216611e-04
2.458866113624060061e+06 9.434046075832482892e-01 2.810045561055045361e-04
2.458866118264160585e+06 9.439466895171565453e-01 2.811542390271675644e-04
2.458866122904260643e+06 9.444968181457770173e-01 2.813122172798574968e-04
2.458866127544360701e+06 9.450565381095752393e-01 2.814701955325474834e-04
2.458866132184461225e+06 9.456314199003617027e-01 2.816281738010914873e-04
2.458866136824561283e+06 9.462219657609983736e-01 2.817506247530057219e-04
2.458866141464661807e+06 9.468281758100146606e-01 2.818179539885335306e-04
2.458866146104761865e+06 9.474499561388812774e-01 2.818852832173044287e-04
2.458866150744862389e+06 9.480818796425701800e-01 2.819526124528322374e-04
2.458866155384962447e+06 9.487207892731619463e-01 2.820199416816031356e-04
2.458866160025062505e+06 9.493666850937231283e-01 2.821422508706467221e-04
2.458866164665163029e+06 9.500195671701249234e-01 2.822705254304090812e-04
2.458866169305263087e+06 9.506905123754844089e-01 2.823987999772982743e-04
2.458866173945363611e+06 9.514167205788092163e-01 2.825270745370605792e-04
2.458866178585463669e+06 9.522012048989227928e-01 2.826820722350157950e-04
2.458866183225563727e+06 9.530439654057804022e-01 2.828751588498489965e-04
2.458866187865664251e+06 9.539441244991833102e-01 2.830682454840596014e-04
2.458866192505764309e+06 9.548616376594341038e-01 2.832613320988929114e-04
2.458866197145864833e+06 9.557747979487770662e-01 2.834544187331035164e-04
2.458866201785964891e+06 9.566836051839298083e-01 2.836139186342064066e-04
2.458866206426065415e+06 9.575880595473008627e-01 2.837705975120404173e-04
2.458866211066165473e+06 9.584926781882905367e-01 2.839272763741507318e-04
2.458866215706265531e+06 9.594115978023088909e-01 2.840839552362610463e-04
2.458866220346366055e+06 9.603458409948383290e-01 2.842557363346197102e-04
2.458866224986466113e+06 9.612954075783655128e-01 2.844473164176168352e-04
2.458866229626566637e+06 9.622600224669208835e-01 2.846388965198401173e-04
2.458866234266666695e+06 9.632295005292987877e-01 2.848304766028371881e-04
2.458866238906766754e+06 9.641986939020774638e-01 2.850220566858342589e-04
2.458866243546867277e+06 9.651676026824784760e-01 2.851850310338309154e-04
2.458866248186967336e+06 9.661362266760300521e-01 2.853462734152839727e-04
2.458866252827067859e+06 9.671068913028337821e-01 2.855075158129187474e-04
2.458866257467167918e+06 9.680863808163029383e-01 2.856687581943719132e-04
2.458866262107267976e+06 9.690751305521314585e-01 2.858551153255509819e-04
2.458866266747368500e+06 9.700731406109401878e-01 2.860717853810170494e-04
2.458866271387468558e+06 9.710794922327697920e-01 2.862884554147389544e-04
2.458866276027569082e+06 9.720660100102543888e-01 2.865051254702050761e-04
2.458866280667669140e+06 9.730194094724669007e-01 2.867217955039269811e-04
2.458866285307769664e+06 9.739396908107660344e-01 2.869748979132340076e-04
2.458866289947869722e+06 9.748268538404404326e-01 2.872293880575342508e-04
2.458866294587969780e+06 9.756972210596777106e-01 2.874838782018344940e-04
2.458866299228070304e+06 9.765952145066888468e-01 2.877383683716743120e-04
2.458866303868170362e+06 9.775233418142877939e-01 2.879360910002993937e-04
2.458866308508270886e+06 9.784816031687609827e-01 2.880706929615217400e-04
2.458866313148370944e+06 9.794684196548822941e-01 2.882052949092359572e-04
2.458866317788471002e+06 9.804429273517050181e-01 2.883398968569501745e-04
2.458866322428571526e+06 9.813871500579286478e-01 2.884744988181724124e-04
2.458866327068671584e+06 9.823010875840363365e-01 2.886472492166794685e-04
2.458866331708772108e+06 9.831847401134663489e-01 2.888206317045692584e-04
2.458866336348872166e+06 9.840405581023652370e-01 2.889940141750590671e-04
2.458866340988972690e+06 9.848747643243993544e-01 2.891673966629488028e-04
2.458866345629072748e+06 9.856876649291516079e-01 2.893435259970368449e-04
2.458866350269172806e+06 9.864792600014085089e-01 2.895224700604587752e-04
2.458866354909273330e+06 9.872509843294561271e-01 2.897014141418387256e-04
2.458866359549373388e+06 9.880346328805553746e-01 2.898803582052606560e-04
2.458866364189473912e+06 9.888432572468637272e-01 2.900587751483040444e-04
2.458866368829573970e+06 9.896768572660810115e-01 2.901090241115648330e-04
2.458866373469674028e+06 9.905354330181038724e-01 2.901592730748255673e-04
2.458866378109774552e+06 9.913750240507556155e-01 2.902095220431290886e-04
2.458866382749874610e+06 9.920914723607718866e-01 2.902597710063898771e-04
2.458866387389975134e+06 9.926803553691615489e-01 2.903503675184951121e-04
2.458866392030075192e+06 9.931416729577292601e-01 2.904790688918536560e-04
2.458866396670175251e+06 9.934838391872372609e-01 2.906077702652121999e-04
2.458866401310275774e+06 9.938684327838231969e-01 2.907364716514866817e-04
2.458866405950375833e+06 9.943573411285663299e-01 2.908669793607579403e-04
2.458866410590476356e+06 9.949505643195964977e-01 2.910694378165315922e-04
2.458866415230576415e+06 9.956481022378468326e-01 2.912718962519874038e-04
2.458866419870676938e+06 9.963662542968936275e-01 2.914743547077611099e-04
2.458866424510776997e+06 9.969199711391311114e-01 2.916768131432169214e-04
2.458866429150877055e+06 9.973025622508429056e-01 2.917443501279147564e-04
2.458866433790977579e+06 9.975140276446639032e-01 2.916944715165105720e-04
2.458866438431077637e+06 9.975655158160130487e-01 2.916445929101119322e-04
2.458866443071178161e+06 9.976444317036198273e-01 2.915947142987078021e-04
2.458866447711278219e+06 9.978177393132454664e-01 2.915516478103981801e-04
2.458866452351378277e+06 9.980854386480731977e-01 2.916535392678566685e-04
2.458866456991478801e+06 9.984475297491770540e-01 2.917554307355404845e-04
2.458866461631578859e+06 9.988530119524168249e-01 2.918573221929989729e-04
2.458866466271679383e+06 9.991966904755047452e-01 2.919592136606828430e-04
2.458866470911779441e+06 9.994753770318809405e-01 2.920068815857740905e-04
2.458866475551879965e+06 9.996890716774810004e-01 2.920110873080109253e-04
2.458866480191980023e+06 9.998387057194477734e-01 2.920152930298256801e-04
2.458866484832080081e+06 9.999381019421796912e-01 2.920194987516404350e-04
2.458866489472180605e+06 9.999918667059609634e-01 2.920224866534264501e-04
2.458866494112280663e+06 1.000000000000000000e+00 2.920080365468575678e-04
2.458866498752381187e+06 9.999625018259292730e-01 2.919935864388385110e-04
2.458866503392481245e+06 9.998708940648797228e-01 2.919791363322695745e-04
2.458866508032581303e+06 9.997088669306944952e-01 2.919646862257006380e-04
2.458866512672681827e+06 9.994760139546472466e-01 2.919109082433859245e-04
2.458866517312781885e+06 9.991723351834741473e-01 2.918281182993035655e-04
2.458866521952882409e+06 9.988040717785123812e-01 2.917453283469127485e-04
2.458866526592982467e+06 9.984536141789713826e-01 2.916625384028304437e-04
2.458866531233082525e+06 9.981465564347424824e-01 2.915854467554363232e-04
2.458866535873183049e+06 9.978828985215439928e-01 2.915691699833877033e-04
2.458866540513283107e+06 9.976626404922950275e-01 2.915528932129724882e-04
2.458866545153383631e+06 9.974478479276981391e-01 2.915366164409238683e-04
2.458866549793483689e+06 9.971704889852400777e-01 2.915203396705087074e-04
2.458866554433584213e+06 9.968292030174431551e-01 2.915017326399552133e-04
2.458866559073684271e+06 9.964239900928076876e-01 2.914815451770492939e-04
2.458866563713784330e+06 9.959561593557179071e-01 2.914613577141433745e-04
2.458866568353884853e+06 9.954411811555888834e-01 2.914411702492115150e-04
2.458866572993984912e+06 9.948835327300777909e-01 2.913977107524989992e-04
2.458866577634085435e+06 9.942832139672581615e-01 2.911581101503693688e-04
2.458866582274185494e+06 9.936402249876208348e-01 2.909185095722850115e-04
2.458866586914285552e+06 9.929649496328361025e-01 2.906789089942006543e-04
2.458866591554386076e+06 9.922747380044890653e-01 2.904393083920710238e-04
2.458866596194486134e+06 9.915698601386778721e-01 2.902615750388896519e-04
2.458866600834586658e+06 9.908503158939250266e-01 2.901223656484086576e-04
2.458866605474686716e+06 9.901172015833207274e-01 2.899831562718980962e-04
2.458866610114786774e+06 9.893821768952516527e-01 2.898439468953875348e-04
2.458866614754887298e+06 9.886483829354689723e-01 2.897009240872903523e-04
2.458866619394987356e+06 9.879158198512535405e-01 2.895315590648041520e-04
2.458866624035087880e+06 9.871844874955715277e-01 2.893621940253211853e-04
2.458866628675187938e+06 9.864560857214793588e-01 2.891928290028349851e-04
2.458866633315288462e+06 9.857332582485944794e-01 2.890234639633520184e-04
2.458866637955388520e+06 9.850160359051731707e-01 2.888661440987555333e-04
2.458866642595488578e+06 9.843044186183940170e-01 2.887156985447017271e-04
2.458866647235589102e+06 9.835919977466742736e-01 2.885652529755497551e-04
2.458866651875689160e+06 9.828171152606931527e-01 2.884148074214959489e-04
2.458866656515789684e+06 9.819643220462479505e-01 2.882609557685874646e-04
2.458866661155889742e+06 9.810336182745044153e-01 2.880873159795768355e-04
2.458866665795989800e+06 9.800250038637888794e-01 2.879136761905662606e-04
2.458866670436090324e+06 9.789814041964199909e-01 2.877400363841299004e-04
2.458866675076190382e+06 9.779649181320673179e-01 2.875663965951193255e-04
2.458866679716290906e+06 9.769760527624440360e-01 2.874119476748084761e-04
2.458866684356390964e+06 9.760148082860271579e-01 2.872675156841085465e-04
2.458866688996491488e+06 9.750786334809092848e-01 2.871230836789141348e-04
2.458866693636591546e+06 9.741452331615017002e-01 2.869786516882142052e-04
2.458866698276691604e+06 9.732094173545215998e-01 2.868266127428671414e-04
2.458866702916792128e+06 9.722711859656905098e-01 2.866366961704462668e-04
2.458866707556892186e+06 9.713305391833229052e-01 2.864467796170845821e-04
2.458866712196992710e+06 9.703848753769896973e-01 2.862568630446637075e-04
2.458866716837092768e+06 9.694306987066864112e-01 2.860669464913020770e-04
2.458866721477192827e+06 9.684679906354630718e-01 2.858704557103654113e-04
2.458866726117293350e+06 9.674967510654216563e-01 2.856708346014721553e-04
2.458866730757393409e+06 9.665159466061380433e-01 2.854712135126120280e-04
2.458866735397493932e+06 9.655173404524043379e-01 2.852715924037187178e-04
2.458866740037593991e+06 9.644991538033170775e-01 2.850764317155944183e-04
2.458866744677694049e+06 9.634613865596429738e-01 2.849005823693999233e-04
2.458866749317794573e+06 9.624040386142880266e-01 2.847247330055579237e-04
2.458866753957894631e+06 9.613348101656382649e-01 2.845488836593634287e-04
2.458866758597995155e+06 9.602633003859345484e-01 2.843730342955213750e-04
2.458866763238095213e+06 9.591895379041294190e-01 2.841773723210419306e-04
2.458866767878195737e+06 9.581135225047062720e-01 2.839731312004833389e-04
2.458866772518295795e+06 9.570457119450621608e-01 2.837688901004215892e-04
2.458866777158395853e+06 9.560623450727481210e-01 2.835646490003597853e-04
2.458866781798496377e+06 9.551786784503069061e-01 2.833926943029649336e-04
2.458866786438596435e+06 9.543947122551009743e-01 2.833436568551972153e-04
2.458866791078696959e+06 9.537104463297787493e-01 2.832946194025083033e-04
2.458866795718797017e+06 9.530583024644228018e-01 2.832455819547405307e-04
2.458866800358897075e+06 9.523602534475406056e-01 2.831965445069727582e-04
2.458866804998997599e+06 9.516162001349431909e-01 2.829947618270006889e-04
2.458866809639097657e+06 9.508261426759709867e-01 2.827330530166275108e-04
2.458866814279198181e+06 9.499993545992080346e-01 2.824713441799902940e-04
2.458866818919298239e+06 9.491978689712375905e-01 2.822096353696171701e-04
2.458866823559398763e+06 9.484331681577270468e-01 2.819929413472010418e-04
2.458866828199498821e+06 9.477052523121609617e-01 2.819283050726117327e-04
2.458866832839598879e+06 9.470141213559513105e-01 2.818636687980224237e-04
2.458866837479699403e+06 9.463478716675270963e-01 2.817990325169464957e-04
2.458866842119799461e+06 9.456937984114560658e-01 2.817343962423571324e-04
2.458866846759899985e+06 9.450518981123143814e-01 2.816287786677820217e-04
2.458866851400000043e+06 9.444221708989388731e-01 2.815086582712690122e-04
