2.458862000000000000e+06 9.847271816106403231e-01 2.891685002628229949e-04
2.458862004640100058e+06 9.842159105404043595e-01 2.889988664146505280e-04
2.458862009280200582e+06 9.836219872548536136e-01 2.888292325494543522e-04
2.458862013920300640e+06 9.829454118731952850e-01 2.886368972516500865e-04
2.458862018560401164e+06 9.821861842596328884e-01 2.884400357944209175e-04
2.458862023200501222e+06 9.813697551909806860e-01 2.882431743569479721e-04
2.458862027840601280e+06 9.806050556031239429e-01 2.880463129194750266e-04
2.458862032480701804e+06 9.799044909208266541e-01 2.878857602970050266e-04
2.458862037120801862e+06 9.792680612846998978e-01 2.877944552319959960e-04
2.458862041760902386e+06 9.786951437015005695e-01 2.877031501578239934e-04
2.458862046401002444e+06 9.781109630328024274e-01 2.876118450928149086e-04
2.458862051041102968e+06 9.774640211491233410e-01 2.875205400186429060e-04
2.458862055681203026e+06 9.767543181803125529e-01 2.873629714866471406e-04
2.458862060321303084e+06 9.759818540645948115e-01 2.871940913471436097e-04
2.458862064961403608e+06 9.751542044007915910e-01 2.870252111906919932e-04
2.458862069601503666e+06 9.743014920362245146e-01 2.868563310511884623e-04
2.458862074241604190e+06 9.734268319900487576e-01 2.866984069712477158e-04
2.458862078881704248e+06 9.725302244378188909e-01 2.865595933754738430e-04
2.458862083521804307e+06 9.716122362256645051e-01 2.864207797796999703e-04
2.458862088161904830e+06 9.707209231502017532e-01 2.862819661699953465e-04
2.458862092802004889e+06 9.698870650597598564e-01 2.861431525742214738e-04
2.458862097442105412e+06 9.691106617869736928e-01 2.859459125002947405e-04
2.458862102082205471e+06 9.683917134876766086e-01 2.857402955334934955e-04
2.458862106722305994e+06 9.677069569211100841e-01 2.855346785460574437e-04
2.458862111362406053e+06 9.669703667463985797e-01 2.853290615792561987e-04
2.458862116002506111e+06 9.661738987962033010e-01 2.851614923865223184e-04
2.458862120642606635e+06 9.653175529815803957e-01 2.850547489273364595e-04
2.458862125282706693e+06 9.644022059721806261e-01 2.849480054788628976e-04
2.458862129922807217e+06 9.634834056520079626e-01 2.848412620196770387e-04
2.458862134562907275e+06 9.625942721360549736e-01 2.847345185712034767e-04
2.458862139203007333e+06 9.617348053306259414e-01 2.845503893079677580e-04
2.458862143843107857e+06 9.609050051539340664e-01 2.843571833327976210e-04
2.458862148483207915e+06 9.600948046190679319e-01 2.841639773770167593e-04
2.458862153123308439e+06 9.592695496775399677e-01 2.839707714018466223e-04
2.458862157763408497e+06 9.584263248507481903e-01 2.838228547849415396e-04
2.458862162403508555e+06 9.575651300567752378e-01 2.837414106975383213e-04
2.458862167043609079e+06 9.566867042898371531e-01 2.836599666019616280e-04
2.458862171683709137e+06 9.558275386571788435e-01 2.835785225145584097e-04
2.458862176323809661e+06 9.550079027128377529e-01 2.834970784189817707e-04
2.458862180963909719e+06 9.542277966213245088e-01 2.832898813168316788e-04
2.458862185604010243e+06 9.534872202260625818e-01 2.830710682219216294e-04
2.458862190244110301e+06 9.527844981467253893e-01 2.828522551489707397e-04
2.458862194884210359e+06 9.521142573779305396e-01 2.826334420760199043e-04
2.458862199524310883e+06 9.514760933821695410e-01 2.824909210807524012e-04
2.458862204164410941e+06 9.508700062875291570e-01 2.824513452964747592e-04
2.458862208804511465e+06 9.502948293900184140e-01 2.824117695082254678e-04
2.458862213444611523e+06 9.497042817134216941e-01 2.823721937239478800e-04
2.458862218084711581e+06 9.490743984051829285e-01 2.823326179396702922e-04
2.458862222724812105e+06 9.484051793961685295e-01 2.821544270908831224e-04
2.458862227364912163e+06 9.476966248206981636e-01 2.819667357505984979e-04
2.458862232005012687e+06 9.469718562025640773e-01 2.817790443914779748e-04
2.458862236645112745e+06 9.462999859825526050e-01 2.815913530511933503e-04
2.458862241285213269e+06 9.456856392753919538e-01 2.814496401711940178e-04
2.458862245925313327e+06 9.451288162043890440e-01 2.813650242464275659e-04
2.458862250565413386e+06 9.446281199984352117e-01 2.812804083216611140e-04
2.458862255205513909e+06 9.441379457793256380e-01 2.811957923884029738e-04
2.458862259845613968e+06 9.436362702717452366e-01 2.811111764636365219e-04
2.458862264485714491e+06 9.431230933750016643e-01 2.810549280161458996e-04
2.458862269125814550e+06 9.425984151920956400e-01 2.809999766558592517e-04
2.458862273765914608e+06 9.420884955409931649e-01 2.809450252955726039e-04
2.458862278406015132e+06 9.416665334221865358e-01 2.808900739297712701e-04
2.458862283046115190e+06 9.413368515152878979e-01 2.808362857505033029e-04
2.458862287686215714e+06 9.410994497541261827e-01 2.807838278928150651e-04
2.458862292326315772e+06 9.409515407409988486e-01 2.807313700403913335e-04
2.458862296966415830e+06 9.408167712273277639e-01 2.806789121879676020e-04
2.458862301606516354e+06 9.406607432463569562e-01 2.806264543302793642e-04
2.458862306246616412e+06 9.404834568294032637e-01 2.806402918179639141e-04
2.458862310886716936e+06 9.402849119408831502e-01 2.806557113630578576e-04
2.458862315526816994e+06 9.400821668854104640e-01 2.806711309066043736e-04
2.458862320166917518e+06 9.399195785755254384e-01 2.806865504516982629e-04
2.458862324807017576e+06 9.397994383421978126e-01 2.806520148856783518e-04
2.458862329447117634e+06 9.397217461669807870e-01 2.805648363665641325e-04
2.458862334087218158e+06 9.396864767397821172e-01 2.804776578387010522e-04
2.458862338727318216e+06 9.396930393918843105e-01 2.803904793195868871e-04
2.458862343367418740e+06 9.397411858387779704e-01 2.803033007917238068e-04
2.458862348007518798e+06 9.398309160707993826e-01 2.803505265021853936e-04
2.458862352647618856e+06 9.399622300906937955e-01 2.803981418003577593e-04
2.458862357287719380e+06 9.401177105980655924e-01 2.804457571033085834e-04
2.458862361927819438e+06 9.402551006027175529e-01 2.804933724014809491e-04
2.458862366567919962e+06 9.403725101737497871e-01 2.805338915871992173e-04
2.458862371208020020e+06 9.404699392875969233e-01 2.805675193804608525e-04
2.458862375848120078e+06 9.405515855727780705e-01 2.806011471737225420e-04
2.458862380488220602e+06 9.407019989357630063e-01 2.806347749703589191e-04
2.458862385128320660e+06 9.409543394911730196e-01 2.806696066276790171e-04
2.458862389768421184e+06 9.413086072896555967e-01 2.807719220567427248e-04
2.458862394408521242e+06 9.417648022601051716e-01 2.808742374755384416e-04
2.458862399048621766e+06 9.422876939000476293e-01 2.809765529046020951e-04
2.458862403688721824e+06 9.427975300570853312e-01 2.810788683233978119e-04
2.458862408328821883e+06 9.432912598111247160e-01 2.811705205537614661e-04
2.458862412968922406e+06 9.437688832092900881e-01 2.812526304109899677e-04
2.458862417609022465e+06 9.442320505856353074e-01 2.813347402599782076e-04
2.458862422249122988e+06 9.447097624971663166e-01 2.814168501172067093e-04
2.458862426889223047e+06 9.452126297095153618e-01 2.814994111021458111e-04
2.458862431529323105e+06 9.457406522693615480e-01 2.815934106431814722e-04
2.458862436169423629e+06 9.462938302334816809e-01 2.816874101936504512e-04
2.458862440809523687e+06 9.468720227965459202e-01 2.817814097346860581e-04
2.458862445449624211e+06 9.474749329376844775e-01 2.818754092851550913e-04
2.458862450089724269e+06 9.481025509547108543e-01 2.820034691539126761e-04
2.458862454729824793e+06 9.487548769735952847e-01 2.821596053808857543e-04
2.458862459369924851e+06 9.494351685824254927e-01 2.823157415921896175e-04
2.458862464010024909e+06 9.501938191314122095e-01 2.824718778034934264e-04
2.458862468650125433e+06 9.510480252636613896e-01 2.826288801929395219e-04
2.458862473290225491e+06 9.519977868077239558e-01 2.827998581061344626e-04
2.458862477930326015e+06 9.530431039542280880e-01 2.829708360364880412e-04
2.458862482570426073e+06 9.541311974065789236e-01 2.831418139496830362e-04
2.458862487210526131e+06 9.551581016813582847e-01 2.833127918628779770e-04
2.458862491850626655e+06 9.561210415728674805e-01 2.834467624316821567e-04
2.458862496490726713e+06 9.570200168878333358e-01 2.835526516623982632e-04
2.458862501130827237e+06 9.578608541816366895e-01 2.836585409037409604e-04
2.458862505770927295e+06 9.587235165609736542e-01 2.837644301344570668e-04
2.458862510411027353e+06 9.596334431703739121e-01 2.838816944677404635e-04
2.458862515051127877e+06 9.605906341082689481e-01 2.841319809728495762e-04
2.458862519691227935e+06 9.615950891825393310e-01 2.843822674528408687e-04
2.458862524331328459e+06 9.626284087218008878e-01 2.846325539579499272e-04
2.458862528971428517e+06 9.636568004993989467e-01 2.848828404379412740e-04
2.458862533611529041e+06 9.646795345110878994e-01 2.850736416053452956e-04
2.458862538251629099e+06 9.656966105515935039e-01 2.852229316622071405e-04
2.458862542891729157e+06 9.667053529079203678e-01 2.853722217190689855e-04
2.458862547531829681e+06 9.676729598621520712e-01 2.855215117909129323e-04
2.458862552171929739e+06 9.685897080892719169e-01 2.856739810998700337e-04
2.458862556812030263e+06 9.694555977732823848e-01 2.858553224629032286e-04
2.458862561452130321e+06 9.702706287403886076e-01 2.860366638077376563e-04
2.458862566092230380e+06 9.710807329849595604e-01 2.862180051525721925e-04
2.458862570732330903e+06 9.719645140063334354e-01 2.863993465156053331e-04
2.458862575372430962e+06 9.729233077190073686e-01 2.865894108851223840e-04
2.458862580012531485e+06 9.739571143154225341e-01 2.867850663531738365e-04
2.458862584652631544e+06 9.750561462895879217e-01 2.869807218015901166e-04
2.458862589292732067e+06 9.761126123031659274e-01 2.871763772696414607e-04
2.458862593932832126e+06 9.770967625279385338e-01 2.873747988080485333e-04
2.458862598572932184e+06 9.780085970735569179e-01 2.875935804277295841e-04
2.458862603213032708e+06 9.788481160206434772e-01 2.878123620693665962e-04
2.458862607853132766e+06 9.796545026058164352e-01 2.880311436890475927e-04
2.458862612493233290e+06 9.804901936452617983e-01 2.882499253306846591e-04
2.458862617133333348e+06 9.813559928416828448e-01 2.884365779607280379e-04
2.458862621773433406e+06 9.822519002774350305e-01 2.886043463330381252e-04
2.458862626413533930e+06 9.831745342159623480e-01 2.887721147221847338e-04
2.458862631053633988e+06 9.840902615971184320e-01 2.889398830944948210e-04
2.458862635693734512e+06 9.849904474009739674e-01 2.891034124112957875e-04
2.458862640333834570e+06 9.858750914468511484e-01 2.892409069805084538e-04
2.458862644973934628e+06 9.867441938258690870e-01 2.893784015497211743e-04
2.458862649614035152e+06 9.875954240098518966e-01 2.895158961327322649e-04
2.458862654254135210e+06 9.884253270231425637e-01 2.896533907019448770e-04
2.458862658894235734e+06 9.892338710421840764e-01 2.897863642665163579e-04
2.458862663534335792e+06 9.900210559046919157e-01 2.899169059074940195e-04
2.458862668174436316e+06 9.907796008716815983e-01 2.900474475615723129e-04
2.458862672814536374e+06 9.914438270057024383e-01 2.901779892025499203e-04
2.458862677454636432e+06 9.919980633655359759e-01 2.903063733520865465e-04
2.458862682094736956e+06 9.924423099902455192e-01 2.904234676581383371e-04
2.458862686734837014e+06 9.927765667906655045e-01 2.905405619524390566e-04
2.458862691374937538e+06 9.930924028836042305e-01 2.906576562584909013e-04
2.458862696015037596e+06 9.935159543245434266e-01 2.907747505527915667e-04
2.458862700655137654e+06 9.940480003475136161e-01 2.909133231186849231e-04
2.458862705295238178e+06 9.946885410222411350e-01 2.910624435902904486e-04
2.458862709935338236e+06 9.954208040424286086e-01 2.912115640469308941e-04
2.458862714575438760e+06 9.961070165121205244e-01 2.913606845185364737e-04
2.458862719215538818e+06 9.967166658761884568e-01 2.915098015673894664e-04
2.458862723855639342e+06 9.972497522569960804e-01 2.916589031963779635e-04
2.458862728495739400e+06 9.977062755475470945e-01 2.918080048104031697e-04
2.458862733135839459e+06 9.981091045625675173e-01 2.919571064244284300e-04
2.458862737775939982e+06 9.984874741332677717e-01 2.921062080534169271e-04
2.458862742416040041e+06 9.988414912477405760e-01 2.921150948693633596e-04
2.458862747056140564e+06 9.991711559770417583e-01 2.920612991987900191e-04
2.458862751696240623e+06 9.994669687532324875e-01 2.920075035336153549e-04
2.458862756336340681e+06 9.996576252147990616e-01 2.919537078684406907e-04
2.458862760976441205e+06 9.997284879450634154e-01 2.919031193573900606e-04
2.458862765616541263e+06 9.996795569298029260e-01 2.918652582634411081e-04
2.458862770256641787e+06 9.995108321591963385e-01 2.918273971656925149e-04
2.458862774896741845e+06 9.993298040068165911e-01 2.917895360717435624e-04
2.458862779536841903e+06 9.992637994631281551e-01 2.917516749777946099e-04
2.458862784176942427e+06 9.993130422040881200e-01 2.917630276992149970e-04
2.458862788817042485e+06 9.994775322198127254e-01 2.917943378433950291e-04
2.458862793457143009e+06 9.997335644785325659e-01 2.918256479907171876e-04
2.458862798097243067e+06 9.999180480144914673e-01 2.918569581348971114e-04
2.458862802737343591e+06 1.000000000000000000e+00 2.918690687785664402e-04
2.458862807377443649e+06 9.999794204186093216e-01 2.918137719863175697e-04
2.458862812017543707e+06 9.998563092836886268e-01 2.917584751940686992e-04
2.458862816657644231e+06 9.996622122691223300e-01 2.917031783962704483e-04
2.458862821297744289e+06 9.994316913208729503e-01 2.916478816040215779e-04
2.458862825937844813e+06 9.991647642049276135e-01 2.916107242752689183e-04
2.458862830577944871e+06 9.988614309748621300e-01 2.915802118024451539e-04
2.458862835218044929e+06 9.985220638288452299e-01 2.915496993296213895e-04
2.458862839858145453e+06 9.981490163943603777e-01 2.915191868537355129e-04
2.458862844498245511e+06 9.977427017863657044e-01 2.914737557716340702e-04
2.458862849138346035e+06 9.973031199233088895e-01 2.913816216611421137e-04
2.458862853778446093e+06 9.968302708934190237e-01 2.912894875598963417e-04
2.458862858418546617e+06 9.963467618372755519e-01 2.911973534494043309e-04
2.458862863058646675e+06 9.958754538192785555e-01 2.911052193481585590e-04
2.458862867698746733e+06 9.954163469680346044e-01 2.909917181344035529e-04
2.458862872338847257e+06 9.949694412393063070e-01 2.908711819236918777e-04
2.458862876978947315e+06 9.945260012088650292e-01 2.907506457250767003e-04
2.458862881619047839e+06 9.940351373286770986e-01 2.906301095143650252e-04
2.458862886259147897e+06 9.934886170914632997e-01 2.905085477486758208e-04
2.458862890899247956e+06 9.928864404507548036e-01 2.903841048481931465e-04
2.458862895539348479e+06 9.922286149946811795e-01 2.902596619352219810e-04
2.458862900179448538e+06 9.915406621435353118e-01 2.901352190347393067e-04
2.458862904819549061e+06 9.908463876248047031e-01 2.900107761217680870e-04
2.458862909459649120e+06 9.901457915778386631e-01 2.898864108773153482e-04
2.458862914099749178e+06 9.894388739332796723e-01 2.897620684735507175e-04
2.458862918739849702e+06 9.887194758541711925e-01 2.896377260573076247e-04
2.458862923379949760e+06 9.879544725221599544e-01 2.895133836535429940e-04
2.458862928020050284e+06 9.871389352501432901e-01 2.893764917682102350e-04
2.458862932660150342e+06 9.862728642018090408e-01 2.892077938532375248e-04
2.458862937300250866e+06 9.853563132616061093e-01 2.890390959213350519e-04
2.458862941940350924e+06 9.844293892190496553e-01 2.888703980063623417e-04
2.458862946580450982e+06 9.835266753225196945e-01 2.887017000913896857e-04
2.458862951220551506e+06 9.826481714850686666e-01 2.885148542412058442e-04
2.458862955860651564e+06 9.817938778830219704e-01 2.883232751173560315e-04
2.458862960500752088e+06 9.809585704276970741e-01 2.881316959742801160e-04
2.458862965140852146e+06 9.801162598534982617e-01 2.879401168504303033e-04
2.458862969780952204e+06 9.792633989953405393e-01 2.877482538441440522e-04
2.458862974421052728e+06 9.783999877660458644e-01 2.875557388555149041e-04
2.458862979061152786e+06 9.775260191586572223e-01 2.873632238862057508e-04
2.458862983701253310e+06 9.766391597221546483e-01 2.871707088975766569e-04
2.458862988341353368e+06 9.757375462233676133e-01 2.869781939282675036e-04
2.458862992981453426e+06 9.748211785740347191e-01 2.868154333467473724e-04
2.458862997621553950e+06 9.738900566799720826e-01 2.866594918721565382e-04
2.458863002261654008e+06 9.729400874036061575e-01 2.865035504132152949e-04
2.458863006901754532e+06 9.719524022074931269e-01 2.863476089386244065e-04
2.458863011541854590e+06 9.709246460639321397e-01 2.861796658985941988e-04
2.458863016181955114e+06 9.698568187666405382e-01 2.859866547211261734e-04
2.458863020822055172e+06 9.687491654958123588e-01 2.857936435630279077e-04
2.458863025462155230e+06 9.676467987427039841e-01 2.856006324049296420e-04
2.458863030102255754e+06 9.665831406438448736e-01 2.854076212274616166e-04
2.458863034742355812e+06 9.655581914127236987e-01 2.852356983444221685e-04
2.458863039382456336e+06 9.645719508436209066e-01 2.850679739588737969e-04
2.458863044022556394e+06 9.636157657774073737e-01 2.849002495901575556e-04
2.458863048662656453e+06 9.626526253862178750e-01 2.847325252214413143e-04
2.458863053302756976e+06 9.616783184721615640e-01 2.845439102318799438e-04
2.458863057942857035e+06 9.606928452307933464e-01 2.843154875296079295e-04
2.458863062582957558e+06 9.596963531628949218e-01 2.840870648044123577e-04
2.458863067223057617e+06 9.587065091749028545e-01 2.838586421021403435e-04
2.458863071863158140e+06 9.577354717507329251e-01 2.836302193769447717e-04
2.458863076503258198e+06 9.567832410852836755e-01 2.834965214830793183e-04
2.458863081143358257e+06 9.558498170801619231e-01 2.833789687114074050e-04
2.458863085783458780e+06 9.549311980796691968e-01 2.832614159279383962e-04
2.458863090423558839e+06 9.540114840237396976e-01 2.831438631562664828e-04
2.458863095063659362e+06 9.530890318947828899e-01 2.829802694774255132e-04
2.458863099703759421e+06 9.521638418779460045e-01 2.827364335295819283e-04
2.458863104343859479e+06 9.512363624930118000e-01 2.824925975817382893e-04
2.458863108983960003e+06 9.503445091516083965e-01 2.822487616094243156e-04
2.458863113624060061e+06 9.495125506238922819e-01 2.820049256615806766e-04
2.458863118264160585e+06 9.487404867428796962e-01 2.819283297605630688e-04
2.458863122904260643e+06 9.480283176635327935e-01 2.818756709437395393e-04
2.458863127544360701e+06 9.473631350494394754e-01 2.818230121269160639e-04
2.458863132184461225e+06 9.466972362836099109e-01 2.817703533048079704e-04
2.458863136824561283e+06 9.460261651064952870e-01 2.816585786867265278e-04
2.458863141464661807e+06 9.453499213834035686e-01 2.814523714123192636e-04
2.458863146104761865e+06 9.446688765873800797e-01 2.812461641586060579e-04
2.458863150744862389e+06 9.440065073460824907e-01 2.810399568841987395e-04
2.458863155384962447e+06 9.433768025840170157e-01 2.808337496304855337e-04
2.458863160025062505e+06 9.427797622330719163e-01 2.807956150091934990e-04
2.458863164665163029e+06 9.422153862382477429e-01 2.807771555298618424e-04
2.458863169305263087e+06 9.416877313819899120e-01 2.807586960523827621e-04
2.458863173945363611e+06 9.412107528773199228e-01 2.807402365730511055e-04
2.458863178585463669e+06 9.407856238364321610e-01 2.806782628050828970e-04
2.458863183225563727e+06 9.404123442088572205e-01 2.805524695397926737e-04
2.458863187865664251e+06 9.400904842908429648e-01 2.804266762618783256e-04
2.458863192505764309e+06 9.397988729921391560e-01 2.803008829965880481e-04
2.458863197145864833e+06 9.395257575157600627e-01 2.801750897186737542e-04
2.458863201785964891e+06 9.392711379165230579e-01 2.801541866391261525e-04
2.458863206426065415e+06 9.390350141433232434e-01 2.801429501614853958e-04
2.458863211066165473e+06 9.388212304276563058e-01 2.801317136849723177e-04
2.458863215706265531e+06 9.386421064005951997e-01 2.801204772084592396e-04
2.458863220346366055e+06 9.384985685597942995e-01 2.800989009439082368e-04
2.458863224986466113e+06 9.383906169340633374e-01 2.800633826245895017e-04
2.458863229626566637e+06 9.383177859262381570e-01 2.800278643017062893e-04
2.458863234266666695e+06 9.382616374001391257e-01 2.799923459823875542e-04
2.458863238906766754e+06 9.382126295829924523e-01 2.799568276630687649e-04
2.458863243546867277e+06 9.381707624709547666e-01 2.799586121258899798e-04
2.458863248186967336e+06 9.381360360724293468e-01 2.799629459261251626e-04
2.458863252827067859e+06 9.381202627457037035e-01 2.799672797267952731e-04
2.458863257467167918e+06 9.381587297387616875e-01 2.799716135270304560e-04
2.458863262107267976e+06 9.382537961970527363e-01 2.799906701875601593e-04
2.458863266747368500e+06 9.384054621386375139e-01 2.800279974011578342e-04
2.458863271387468558e+06 9.386135664205541573e-01 2.800653246110095364e-04
2.458863276027569082e+06 9.388728565078512389e-01 2.801026518246072113e-04
2.458863280667669140e+06 9.391807972469826682e-01 2.801399790344589677e-04
2.458863285307769664e+06 9.395373886997554491e-01 2.803035795409988254e-04
2.458863289947869722e+06 9.399426307945975001e-01 2.804729306287051006e-04
2.458863294587969780e+06 9.403729366034678794e-01 2.806422817164114843e-04
2.458863299228070304e+06 9.407625951221612048e-01 2.808116328211132250e-04
2.458863303868170362e+06 9.411077299494747805e-01 2.808967187857395217e-04
2.458863308508270886e+06 9.414083411546815272e-01 2.808854948703418944e-04
2.458863313148370944e+06 9.416671889099550441e-01 2.808742709560706446e-04
2.458863317788471002e+06 9.419597795883372093e-01 2.808630470417993949e-04
2.458863322428571526e+06 9.423201107175169788e-01 2.808518231264018217e-04
2.458863327068671584e+06 9.427481822251718713e-01 2.809715000955585284e-04
2.458863331708772108e+06 9.432439941972208253e-01 2.810942785445706715e-04
2.458863336348872166e+06 9.438003915065572569e-01 2.812170569812612363e-04
2.458863340988972690e+06 9.443987790962571349e-01 2.813398354302733793e-04
2.458863345629072748e+06 9.450381973478035880e-01 2.814644585464196806e-04
2.458863350269172806e+06 9.457186463191893377e-01 2.815910243502386576e-04
2.458863354909273330e+06 9.464384439311397390e-01 2.817175901667592257e-04
2.458863359549373388e+06 9.471583772847390614e-01 2.818441559705781485e-04
2.458863364189473912e+06 9.478619726416969149e-01 2.819707217870988250e-04
2.458863368829573970e+06 9.485492298607932637e-01 2.820883430135738708e-04
2.458863373469674028e+06 9.492201490134579700e-01 2.822059397303109275e-04
2.458863378109774552e+06 9.498850499728733743e-01 2.823235364588494705e-04
2.458863382749874610e+06 9.505689566928110512e-01 2.824411331755864729e-04
2.458863387389975134e+06 9.512729872396128439e-01 2.825415786499687384e-04
2.458863392030075192e+06 9.519971414719713421e-01 2.826253780106360836e-04
2.458863396670175251e+06 9.527400119961013658e-01 2.827091773713034831e-04
2.458863401310275774e+06 9.534732794770718334e-01 2.827929767403806051e-04
2.458863405950375833e+06 9.541858428059891706e-01 2.828778538619551629e-04
2.458863410590476356e+06 9.548777021258735287e-01 2.830226153498990893e-04
2.458863415230576415e+06 9.555488572978605433e-01 2.831673768233153570e-04
2.458863419870676938e+06 9.562285889184519716e-01 2.833121383112592834e-04
2.458863424510776997e+06 9.569831454615178590e-01 2.834568997846755511e-04
2.458863429150877055e+06 9.578150583194331436e-01 2.836338488781303723e-04
2.458863433790977579e+06 9.587243275873299497e-01 2.838395850504269184e-04
2.458863438431077637e+06 9.597070639877648413e-01 2.840453212020766231e-04
2.458863443071178161e+06 9.606949961356674450e-01 2.842510573743732235e-04
2.458863447711278219e+06 9.616631568668770891e-01 2.844553958637564069e-04
2.458863452351378277e+06 9.626115462815306723e-01 2.846244391775157832e-04
2.458863456991478801e+06 9.635401644718283309e-01 2.847934825082396168e-04
2.458863461631578859e+06 9.644472268797104064e-01 2.849625258219989389e-04
2.458863466271679383e+06 9.653289670894857899e-01 2.851315691527227724e-04
2.458863470911779441e+06 9.661852636261980543e-01 2.853407944879902914e-04
2.458863475551879965e+06 9.670161166617162740e-01 2.855831230025257603e-04
2.458863480191980023e+06 9.678223986217036057e-01 2.858254514927420866e-04
2.458863484832080081e+06 9.686175959198988217e-01 2.860677799829584129e-04
2.458863489472180605e+06 9.694063085408498592e-01 2.863018799058743269e-04
2.458863494112280663e+06 9.701885363262524598e-01 2.864035546142778047e-04
2.458863498752381187e+06 9.709642794331091453e-01 2.865052293328848717e-04
2.458863503392481245e+06 9.717410836437727628e-01 2.866069040412883495e-04
2.458863508032581303e+06 9.725338060389723260e-01 2.867085787496918272e-04
2.458863512672681827e+06 9.733428427531350957e-01 2.868157257428721003e-04
2.458863517312781885e+06 9.741681936238779649e-01 2.869270227401934893e-04
2.458863521952882409e+06 9.750063891724877196e-01 2.870383197486841664e-04
2.458863526592982467e+06 9.758098480970514021e-01 2.871496167460055554e-04
2.458863531233082525e+06 9.765634405237554327e-01 2.872616220224377616e-04
2.458863535873183049e+06 9.772671665207209868e-01 2.873818943908322478e-04
2.458863540513283107e+06 9.779210259467014943e-01 2.875021667471567449e-04
2.458863545153383631e+06 9.785502120283134930e-01 2.876224391155512853e-04
2.458863549793483689e+06 9.792009709871407619e-01 2.877427114718757281e-04
2.458863554433584213e+06 9.798743007961658869e-01 2.879005739841239073e-04
2.458863559073684271e+06 9.805702013202437506e-01 2.880846536864142176e-04
2.458863563713784330e+06 9.812853584119021200e-01 2.882687333887045821e-04
2.458863568353884853e+06 9.819791736213840938e-01 2.884528131094683421e-04
2.458863572993984912e+06 9.826396181619238002e-01 2.886348216425921949e-04
2.458863577634085435e+06 9.832666921660807580e-01 2.887980488769039842e-04
2.458863582274185494e+06 9.838603955079932017e-01 2.889612760948349966e-04
2.458863586914285552e+06 9.844284965033828216e-01 2.891245033127660090e-04
2.458863591554386076e+06 9.849842829886167328e-01 2.892877305470777441e-04
2.458863596194486134e+06 9.855279803440196718e-01 2.893623881889936301e-04
2.458863600834586658e+06 9.860595886787183462e-01 2.893803075086285844e-04
2.458863605474686716e+06 9.865791609870906420e-01 2.893982268264652809e-04
2.458863610114786774e+06 9.870872817632019292e-01 2.894161461443019233e-04
2.458863614754887298e+06 9.875841122843994624e-01 2.894441902346527127e-04
2.458863619394987356e+06 9.880696524509631207e-01 2.895466688874244617e-04
2.458863624035087880e+06 9.885439023603468378e-01 2.896491475504806273e-04
2.458863628675187938e+06 9.890099375290790640e-01 2.897516262032524847e-04
2.458863633315288462e+06 9.894726567049868526e-01 2.898541048663085960e-04
2.458863637955388520e+06 9.899321227483570684e-01 2.899171127012121281e-04
2.458863642595488578e+06 9.903883357057892134e-01 2.899569334075157898e-04
2.458863647235589102e+06 9.908356450438581264e-01 2.899967541178157123e-04
2.458863651875689160e+06 9.912178885551998775e-01 2.900365748241193740e-04
2.458863656515789684e+06 9.915206530918575512e-01 2.900787783481727352e-04
2.458863661155889742e+06 9.917439385930624240e-01 2.901356013642416199e-04
2.458863665795989800e+06 9.918877450931874451e-01 2.901924243803105045e-04
2.458863670436090324e+06 9.919866941098798296e-01 2.902492474020819673e-04
2.458863675076190382e+06 9.920920850466832253e-01 2.903060704181508519e-04
2.458863679716290906e+06 9.922043919202785389e-01 2.904119556543494052e-04
2.458863684356390964e+06 9.923236147081248015e-01 2.905442181803114931e-04
2.458863688996491488e+06 9.924479180295322500e-01 2.906764807195469261e-04
2.458863693636591546e+06 9.925607543719251469e-01 2.908087432455090139e-04
2.458863698276691604e+06 9.926581771890594652e-01 2.909018138979322710e-04
2.458863702916792128e+06 9.927401864883925731e-01 2.907899767471589132e-04
2.458863707556892186e+06 9.928067822534637488e-01 2.906781396076090537e-04
2.458863712196992710e+06 9.928566079209596440e-01 2.905663024568356958e-04
2.458863716837092768e+06 9.928877955829713553e-01 2.904544653172858363e-04
2.458863721477192827e+06 9.929003337361210768e-01 2.904162202968449944e-04
2.458863726117293350e+06 9.928942223788597143e-01 2.904140973631730944e-04
2.458863730757393409e+06 9.928710563112376208e-01 2.904119744297142401e-04
2.458863735397493932e+06 9.928439291559637558e-01 2.904098514960424485e-04
2.458863740037593991e+06 9.928157395407481989e-01 2.904015111929092105e-04
2.458863744677694049e+06 9.927864874629226399e-01 2.903650319110948628e-04
2.458863749317794573e+06 9.927561729193906670e-01 2.903285526256195979e-04
2.458863753957894631e+06 9.926894825371002096e-01 2.902920733438051960e-04
2.458863758597995155e+06 9.925412910582878112e-01 2.902555940583299312e-04
2.458863763238095213e+06 9.923114337958997000e-01 2.902906006768544078e-04
2.458863767878195737e+06 9.919999107038008912e-01 2.903575484549518492e-04
2.458863772518295795e+06 9.916177382486757175e-01 2.904244962263306524e-04
2.458863777158395853e+06 9.912475681591184085e-01 2.904914439977095099e-04
2.458863781798496377e+06 9.909063603415610988e-01 2.905136511920975882e-04
2.458863786438596435e+06 9.905941148644881178e-01 2.903584258218136287e-04
2.458863791078696959e+06 9.903108316652278198e-01 2.902032004359519067e-04
2.458863795718797017e+06 9.900183987636260730e-01 2.900479750656679472e-04
2.458863800358897075e+06 9.896716887016178132e-01 2.898927496953840419e-04
2.458863804998997599e+06 9.892706225325798020e-01 2.898172084011087549e-04
2.458863809639097657e+06 9.888152003370105358e-01 2.897739646253377288e-04
2.458863814279198181e+06 9.883125288515292040e-01 2.897307208452269667e-04
2.458863818919298239e+06 9.878114820909091875e-01 2.896874770694559406e-04
2.458863823559398763e+06 9.873213410148633518e-01 2.896198374232290340e-04
2.458863828199498821e+06 9.868421057217685588e-01 2.894665968106395330e-04
2.458863832839598879e+06 9.863737761618890376e-01 2.893133561980500861e-04
2.458863837479699403e+06 9.858882398408560510e-01 2.891601155700820446e-04
2.458863842119799461e+06 9.853547083989873112e-01 2.890068749574925436e-04
2.458863846759899985e+06 9.847731659953065098e-01 2.888735095135569800e-04
2.458863851400000043e+06 9.841436127465355010e-01 2.887474210952861416e-04
