2.458972000000000000e+06 9.994860078507076251e-01 3.083975248898134392e-04
2.458972004640100058e+06 9.996439337742374365e-01 3.082714257816520048e-04
2.458972009280200582e+06 9.997738756040802643e-01 3.081453266608358168e-04
2.458972013920300640e+06 9.998758333141549715e-01 3.081374358131782915e-04
2.458972018560401164e+06 9.999498069249256327e-01 3.081653187642246529e-04
2.458972023200501222e+06 9.999941699821048857e-01 3.081932017124728511e-04
2.458972027840601280e+06 1.000000000000000000e+00 3.082210846607209950e-04
2.458972032480701804e+06 9.999659410517011127e-01 3.082202271380821059e-04
2.458972037120801862e+06 9.998919931440439779e-01 3.081446418952197533e-04
2.458972041760902386e+06 9.997781585616059008e-01 3.080690566447718886e-04
2.458972046401002444e+06 9.996267077228528919e-01 3.079934714019094276e-04
2.458972051041102968e+06 9.994396376359626633e-01 3.079178861514615629e-04
2.458972055681203026e+06 9.992169483384824025e-01 3.077904012263878945e-04
2.458972060321303084e+06 9.989586398134258083e-01 3.076489422870535531e-04
2.458972064961403608e+06 9.986636661114397517e-01 3.075074833335229938e-04
2.458972069601503666e+06 9.983267177288291938e-01 3.073660243941887067e-04
2.458972074241604190e+06 9.979470532351218948e-01 3.072513881104342831e-04
2.458972078881704248e+06 9.975246727065211205e-01 3.071999496385920169e-04
2.458972083521804307e+06 9.970596331976210314e-01 3.071485111667496964e-04
2.458972088161904830e+06 9.965742913427845240e-01 3.070970726897452184e-04
2.458972092802004889e+06 9.960868672436311577e-01 3.070456342179029522e-04
2.458972097442105412e+06 9.955973608023291899e-01 3.068954770425550978e-04
2.458972102082205471e+06 9.951057721171284731e-01 3.067218706353831573e-04
2.458972106722305994e+06 9.946127055982553200e-01 3.065482642107887927e-04
2.458972111362406053e+06 9.941210058269184247e-01 3.063746578036167980e-04
2.458972116002506111e+06 9.936310366505635150e-01 3.062337039071180798e-04
2.458972120642606635e+06 9.931427980202794936e-01 3.061627291258091138e-04
2.458972125282706693e+06 9.926561312071817689e-01 3.060917543516228682e-04
2.458972129922807217e+06 9.921373727672508913e-01 3.060207795703139564e-04
2.458972134562907275e+06 9.915610620277128806e-01 3.059498047961277107e-04
2.458972139203007333e+06 9.909271989393951818e-01 3.057564365628407462e-04
2.458972143843107857e+06 9.902357834300223871e-01 3.055376878133554100e-04
2.458972148483207915e+06 9.894862410758642479e-01 3.053189390858228368e-04
2.458972153123308439e+06 9.886760620656624976e-01 3.051001903363375549e-04
2.458972157763408497e+06 9.878049533266795024e-01 3.048760872342605455e-04
2.458972162403508555e+06 9.868729147806666324e-01 3.046415132259145927e-04
2.458972167043609079e+06 9.858805130827217322e-01 3.044069391940277375e-04
2.458972171683709137e+06 9.849037338853880996e-01 3.041723651856817305e-04
2.458972176323809661e+06 9.839959880240348733e-01 3.039377911537949296e-04
2.458972180963909719e+06 9.831572756808578673e-01 3.037528417899004415e-04
2.458972185604010243e+06 9.823875966875174059e-01 3.035767571644198753e-04
2.458972190244110301e+06 9.816593513097976453e-01 3.034006725566104493e-04
2.458972194884210359e+06 9.808604877749848017e-01 3.032245879488009691e-04
2.458972199524310883e+06 9.799790910841441605e-01 3.030109103967646897e-04
2.458972204164410941e+06 9.790151614141824332e-01 3.027299738363857257e-04
2.458972208804511465e+06 9.779695017512455291e-01 3.024490372478131142e-04
2.458972213444611523e+06 9.769169077150134939e-01 3.021681006874341502e-04
2.458972218084711581e+06 9.759062984421388309e-01 3.018871641270552404e-04
2.458972222724812105e+06 9.749376738375208351e-01 3.016962504754014396e-04
2.458972227364912163e+06 9.740110340955743240e-01 3.015189519287327482e-04
2.458972232005012687e+06 9.731122630732603751e-01 3.013416533642710522e-04
2.458972236645112745e+06 9.721880354858937201e-01 3.011643548176022524e-04
2.458972241285213269e+06 9.712332117068845916e-01 3.009843739882637689e-04
2.458972245925313327e+06 9.702477919278773566e-01 3.007999930603140254e-04
2.458972250565413386e+06 9.692320151773834436e-01 3.006156121323642818e-04
2.458972255205513909e+06 9.682023410075609737e-01 3.004312311859107850e-04
2.458972259845613968e+06 9.671687964339297228e-01 3.002468502579610414e-04
2.458972264485714491e+06 9.661313812490454067e-01 3.000085764726210949e-04
2.458972269125814550e+06 9.650900956611293546e-01 2.997635613089853854e-04
2.458972273765914608e+06 9.640574061222008106e-01 2.995185461453496218e-04
2.458972278406015132e+06 9.630771750211555293e-01 2.992735309571251286e-04
2.458972283046115190e+06 9.621532165691537575e-01 2.990311729405004115e-04
2.458972287686215714e+06 9.612855305807460615e-01 2.987928187135207333e-04
2.458972292326315772e+06 9.604729944038755685e-01 2.985544645104613198e-04
2.458972296966415830e+06 9.596558990612957807e-01 2.983161103074019062e-04
2.458972301606516354e+06 9.588003388114575420e-01 2.980777560804221738e-04
2.458972306246616412e+06 9.579063138260819343e-01 2.978652108294270722e-04
2.458972310886716936e+06 9.569738239257276069e-01 2.976552490283765557e-04
2.458972315526816994e+06 9.560226945919580999e-01 2.974452872483969120e-04
2.458972320166917518e+06 9.551179431197587277e-01 2.972353254473464497e-04
2.458972324807017576e+06 9.542646436195232340e-01 2.970181750216829863e-04
2.458972329447117634e+06 9.534627959978725364e-01 2.967910608015562521e-04
2.458972334087218158e+06 9.527112226664923300e-01 2.965639465586372573e-04
2.458972338727318216e+06 9.519599304618090452e-01 2.963368323385105231e-04
2.458972343367418740e+06 9.511824392566040620e-01 2.961097180955915825e-04
2.458972348007518798e+06 9.503787492069291076e-01 2.959473261522503531e-04
2.458972352647618856e+06 9.495488602360727670e-01 2.957898658280381414e-04
2.458972357287719380e+06 9.487230394508716635e-01 2.956324054880239542e-04
2.458972361927819438e+06 9.479938683675523947e-01 2.954749451638117425e-04
2.458972366567919962e+06 9.473677921943669533e-01 2.953003840529895736e-04
2.458972371208020020e+06 9.468448110569757104e-01 2.951039957972978207e-04
2.458972375848120078e+06 9.464209530606418896e-01 2.949076075416060135e-04
2.458972380488220602e+06 9.459581235193577076e-01 2.947112192662055792e-04
2.458972385128320660e+06 9.453880623256905036e-01 2.945148310105137721e-04
2.458972389768421184e+06 9.447107693652225802e-01 2.943090495417201497e-04
2.458972394408521242e+06 9.439262447738944184e-01 2.941027673384191752e-04
2.458972399048621766e+06 9.430938574884152326e-01 2.938964851144165529e-04
2.458972403688721824e+06 9.423830680295861573e-01 2.936902029111154700e-04
2.458972408328821883e+06 9.418043279367792620e-01 2.935525918934582209e-04
2.458972412968922406e+06 9.413576371717923275e-01 2.934957630151235311e-04
2.458972417609022465e+06 9.410402933147836713e-01 2.934389341424920158e-04
2.458972422249122988e+06 9.407737858119236130e-01 2.933821052641573260e-04
2.458972426889223047e+06 9.405218861484702098e-01 2.933252763915257565e-04
2.458972431529323105e+06 9.402845942969448867e-01 2.932575555929021983e-04
2.458972436169423629e+06 9.400619102357328227e-01 2.931894930274661984e-04
2.458972440809523687e+06 9.398498377934147996e-01 2.931214304688606180e-04
2.458972445449624211e+06 9.396377289331775406e-01 2.930533679034245638e-04
2.458972450089724269e+06 9.394250065682725470e-01 2.929784747025419227e-04
2.458972454729824793e+06 9.392116706560039718e-01 2.928961718960794111e-04
2.458972459369924851e+06 9.390006060970546020e-01 2.928138690978765142e-04
2.458972464010024909e+06 9.388629878642819060e-01 2.927315662996736174e-04
2.458972468650125433e+06 9.388294828064447373e-01 2.926492634932111058e-04
2.458972473290225491e+06 9.389000909302680498e-01 2.927192673376386670e-04
2.458972477930326015e+06 9.390748122499236183e-01 2.927908459327176129e-04
2.458972482570426073e+06 9.393007911355135686e-01 2.928624245206132857e-04
2.458972487210526131e+06 9.394465304578420994e-01 2.929340031085089584e-04
2.458972491850626655e+06 9.395058256729706958e-01 2.929736443904653329e-04
2.458972496490726713e+06 9.394786767689983220e-01 2.929813305973553105e-04
2.458972501130827237e+06 9.393731925792478954e-01 2.929890168050167522e-04
2.458972505770927295e+06 9.393615701658083461e-01 2.929967030119067298e-04
2.458972510411027353e+06 9.395130898638144323e-01 2.930051854782285241e-04
2.458972515051127877e+06 9.398277517130302350e-01 2.930928535305933765e-04
2.458972519691227935e+06 9.403055556502996071e-01 2.931805215741601993e-04
2.458972524331328459e+06 9.408806930118468470e-01 2.932681896265249975e-04
2.458972528971428517e+06 9.414002832279332322e-01 2.933558576700918204e-04
2.458972533611529041e+06 9.418581165184320980e-01 2.934267845342746817e-04
2.458972538251629099e+06 9.422541927914510618e-01 2.934822610835829959e-04
2.458972542891729157e+06 9.425929288776513371e-01 2.935377376328913643e-04
2.458972547531829681e+06 9.429559643990029771e-01 2.935932141877670566e-04
2.458972552171929739e+06 9.433739678185718569e-01 2.936516170847524622e-04
2.458972556812030263e+06 9.438469392202561981e-01 2.938041713208018320e-04
2.458972561452130321e+06 9.443748785091249376e-01 2.939567255415415081e-04
2.458972566092230380e+06 9.449375893182997421e-01 2.941092797622812385e-04
2.458972570732330903e+06 9.454912628333820290e-01 2.942618339983306625e-04
2.458972575372430962e+06 9.460343873824830219e-01 2.944131649280025582e-04
2.458972580012531485e+06 9.465669630746141872e-01 2.945634548115141525e-04
2.458972584652631544e+06 9.470919294049926496e-01 2.947137446799432477e-04
2.458972589292732067e+06 9.476570309039594742e-01 2.948640345634548419e-04
2.458972593932832126e+06 9.482790102769429463e-01 2.950193236824469366e-04
2.458972598572932184e+06 9.489578675778006511e-01 2.952689366994641477e-04
2.458972603213032708e+06 9.496936028832217991e-01 2.955185497415315247e-04
2.458972607853132766e+06 9.504761359930670173e-01 2.957681627585487358e-04
2.458972612493233290e+06 9.512850550370932634e-01 2.960177758006161670e-04
2.458972617133333348e+06 9.521197712342387431e-01 2.962074989022600992e-04
2.458972621773433406e+06 9.529802846643887770e-01 2.963502472276875071e-04
2.458972626413533930e+06 9.538629669277974843e-01 2.964929955674404784e-04
2.458972631053633988e+06 9.547156130943953434e-01 2.966357438928678863e-04
2.458972635693734512e+06 9.555211398540091050e-01 2.967842599988052780e-04
2.458972640333834570e+06 9.562795470449603208e-01 2.970087953467280659e-04
2.458972644973934628e+06 9.569908347504524349e-01 2.972333306946507996e-04
2.458972649614035152e+06 9.576938997116041241e-01 2.974578660651069949e-04
2.458972654254135210e+06 9.584622481584520459e-01 2.976824014130297286e-04
2.458972658894235734e+06 9.592976166616443701e-01 2.978939356909486883e-04
2.458972663534335792e+06 9.602000050535129949e-01 2.980960791446868167e-04
2.458972668174436316e+06 9.611642234952296748e-01 2.982982226187111266e-04
2.458972672814536374e+06 9.621236638287548049e-01 2.985003660724492008e-04
2.458972677454636432e+06 9.630579960910315984e-01 2.986952435199334652e-04
2.458972682094736956e+06 9.639672203720465182e-01 2.988172856426177899e-04
2.458972686734837014e+06 9.648513364893070987e-01 2.989393277530544789e-04
2.458972691374937538e+06 9.657080523862405785e-01 2.990613698757387494e-04
2.458972696015037596e+06 9.665333272581368984e-01 2.991834119861753842e-04
2.458972700655137654e+06 9.673270849535986482e-01 2.993463312523024196e-04
2.458972705295238178e+06 9.680893255475394588e-01 2.995364107691340797e-04
2.458972709935338236e+06 9.688258328810163134e-01 2.997264902668901783e-04
2.458972714575438760e+06 9.696032233372627873e-01 2.999165697837218383e-04
2.458972719215538818e+06 9.704404491095848240e-01 3.001031692803776078e-04
2.458972723855639342e+06 9.713375103660236709e-01 3.002618686978618715e-04
2.458972728495739400e+06 9.722944069265282430e-01 3.004205680994197474e-04
2.458972733135839459e+06 9.732703822759835033e-01 3.005792675009775691e-04
2.458972737775939982e+06 9.741984655014718220e-01 3.007379669184618871e-04
2.458972742416040041e+06 9.750776796740132646e-01 3.009263242297845393e-04
2.458972747056140564e+06 9.759080249700762266e-01 3.011327825375437325e-04
2.458972751696240623e+06 9.766920620952748155e-01 3.013392408245836054e-04
2.458972756336340681e+06 9.774563997169218865e-01 3.015456991116234782e-04
2.458972760976441205e+06 9.782080886531639985e-01 3.017419837196307747e-04
2.458972765616541263e+06 9.789471287531287258e-01 3.018708314504217312e-04
2.458972770256641787e+06 9.796735201651495251e-01 3.019996791941432623e-04
2.458972774896741845e+06 9.803854484243214040e-01 3.021285269249341645e-04
2.458972779536841903e+06 9.810801367811534668e-01 3.022573746557251210e-04
2.458972784176942427e+06 9.817575553451527437e-01 3.023939535337554028e-04
2.458972788817042485e+06 9.824177039803535516e-01 3.025348589213648328e-04
2.458972793457143009e+06 9.830588493853729126e-01 3.026757643231148612e-04
2.458972798097243067e+06 9.836646673609242830e-01 3.028166697107242370e-04
2.458972802737343591e+06 9.842311330368855860e-01 3.029579290684782577e-04
2.458972807377443649e+06 9.847582462995599917e-01 3.031011742830758832e-04
2.458972812017543707e+06 9.852460072077708908e-01 3.032444194976735086e-04
2.458972816657644231e+06 9.857357337048909818e-01 3.033876647266466249e-04
2.458972821297744289e+06 9.862862677177283155e-01 3.035309099412442503e-04
2.458972825937844813e+06 9.868980507802549429e-01 3.036580895850242391e-04
2.458972830577944871e+06 9.875710827696785321e-01 3.037770433673162777e-04
2.458972835218044929e+06 9.882916541128500265e-01 3.038959971496083164e-04
2.458972839858145453e+06 9.889422753091358098e-01 3.040149509438380714e-04
2.458972844498245511e+06 9.894960196974681432e-01 3.041357952880510999e-04
2.458972849138346035e+06 9.899528873889901215e-01 3.042657752033301453e-04
2.458972853778446093e+06 9.903128782920029849e-01 3.043957551055649917e-04
2.458972858418546617e+06 9.906214858250959043e-01 3.045257350208440913e-04
2.458972863058646675e+06 9.909389236813090918e-01 3.046557149230789377e-04
2.458972867698746733e+06 9.912654781222807188e-01 3.048080938220533160e-04
2.458972872338847257e+06 9.916011491821548063e-01 3.049709382416690385e-04
2.458972876978947315e+06 9.919451981589331169e-01 3.051337826449423648e-04
2.458972881619047839e+06 9.922918439712077321e-01 3.052966270645580331e-04
2.458972886259147897e+06 9.926398566039082993e-01 3.054318196662252440e-04
2.458972890899247956e+06 9.929892360917548233e-01 3.054503810348640591e-04
2.458972895539348479e+06 9.933399824700150926e-01 3.054689424053656419e-04
2.458972900179448538e+06 9.936710648561044579e-01 3.054875037740045112e-04
2.458972904819549061e+06 9.939566492971325662e-01 3.055060651445060940e-04
2.458972909459649120e+06 9.941966690636128146e-01 3.054979932449955883e-04
2.458972914099749178e+06 9.943911241864917816e-01 3.054786016152045178e-04
2.458972918739849702e+06 9.945441411488544770e-01 3.054592099834673585e-04
2.458972923379949760e+06 9.946853105165398556e-01 3.054398183536762880e-04
2.458972928020050284e+06 9.948204678451126881e-01 3.054516068154842947e-04
2.458972932660150342e+06 9.949496131074458960e-01 3.055794041315040822e-04
2.458972937300250866e+06 9.950727463294598563e-01 3.057072014603491681e-04
2.458972941940350924e+06 9.951657501990519572e-01 3.058349987763690097e-04
2.458972946580450982e+06 9.952011750559647263e-01 3.059627960923888513e-04
2.458972951220551506e+06 9.951789926035574663e-01 3.058827817965337030e-04
2.458972955860651564e+06 9.950992028462825045e-01 3.057227238035837712e-04
2.458972960500752088e+06 9.949686382934055384e-01 3.055626657945710589e-04
2.458972965140852146e+06 9.948323152222844357e-01 3.054026078016211271e-04
2.458972969780952204e+06 9.946984489607082480e-01 3.052869900041069499e-04
2.458972974421052728e+06 9.945670394956120930e-01 3.053184644520615608e-04
2.458972979061152786e+06 9.944380868533716500e-01 3.053499388968574030e-04
2.458972983701253310e+06 9.943064327140174186e-01 3.053814133448119598e-04
2.458972988341353368e+06 9.941666476687250897e-01 3.054128877896079104e-04
2.458972992981453426e+06 9.940187308197205862e-01 3.053872048244773204e-04
2.458972997621553950e+06 9.938626821509350950e-01 3.053416599658552834e-04
2.458973002261654008e+06 9.936896552620588796e-01 3.052961151118039175e-04
2.458973006901754532e+06 9.934459649815133853e-01 3.052505702531817721e-04
2.458973011541854590e+06 9.931225619800240212e-01 3.051609019751344055e-04
2.458973016181955114e+06 9.927194461926807101e-01 3.049404110231510793e-04
2.458973020822055172e+06 9.922366226611025741e-01 3.047199200932952895e-04
2.458973025462155230e+06 9.917696115771572618e-01 3.044994291634395538e-04
2.458973030102255754e+06 9.914112141840375481e-01 3.042789382114562276e-04
2.458973034742355812e+06 9.911614305536772251e-01 3.041697631110038252e-04
2.458973039382456336e+06 9.910202606359423960e-01 3.040952974889661272e-04
2.458973044022556394e+06 9.909424040974490477e-01 3.040208318744015096e-04
2.458973048662656453e+06 9.906740871956467576e-01 3.039463662598368920e-04
2.458973053302756976e+06 9.901758831000162520e-01 3.038419736013051064e-04
2.458973057942857035e+06 9.894477919105526542e-01 3.036576430581484887e-04
2.458973062582957558e+06 9.884899775186296589e-01 3.034733124964933220e-04
2.458973067223057617e+06 9.875318432926792900e-01 3.032889819533367043e-04
2.458973071863158140e+06 9.867793766617490858e-01 3.031046513916815376e-04
2.458973076503258198e+06 9.862325777768674584e-01 3.029965589427684094e-04
2.458973081143358257e+06 9.858914465522006232e-01 3.029096582832677088e-04
2.458973085783458780e+06 9.857037787274555152e-01 3.028227576150459570e-04
2.458973090423558839e+06 9.853990781245841601e-01 3.027358569555452564e-04
2.458973095063659362e+06 9.849387046132223045e-01 3.026201828966932055e-04
2.458973099703759421e+06 9.843226582857725893e-01 3.024349403284421985e-04
2.458973104343859479e+06 9.835511716194685894e-01 3.022496977601911916e-04
2.458973108983960003e+06 9.827360270050505830e-01 3.020644551733500205e-04
2.458973113624060061e+06 9.819701785427134011e-01 3.018792126050989593e-04
2.458973118264160585e+06 9.812536260787425579e-01 3.016981655155438541e-04
2.458973122904260643e+06 9.805863697569581205e-01 3.015181498181704247e-04
2.458973127544360701e+06 9.799562758233012483e-01 3.013381341207970496e-04
2.458973132184461225e+06 9.793050923919571771e-01 3.011581184053580473e-04
2.458973136824561283e+06 9.786251893824405856e-01 3.009961801358538680e-04
2.458973141464661807e+06 9.779165666582864125e-01 3.008739619217199075e-04
2.458973146104761865e+06 9.771792188326865469e-01 3.007517437198513094e-04
2.458973150744862389e+06 9.764117916226732197e-01 3.006295255057173490e-04
2.458973155384962447e+06 9.756132405688664466e-01 3.005073073038487508e-04
2.458973160025062505e+06 9.747835655958122514e-01 3.003481759869948658e-04
2.458973164665163029e+06 9.739227666155626517e-01 3.001810985117213003e-04
2.458973169305263087e+06 9.730410707266313741e-01 3.000140210532150297e-04
2.458973173945363611e+06 9.721840377904432673e-01 2.998469435779415183e-04
2.458973178585463669e+06 9.713571234046451952e-01 2.997066831187753660e-04
2.458973183225563727e+06 9.705603274817171666e-01 2.996201472748288418e-04
2.458973187865664251e+06 9.697934206780631783e-01 2.995336114221979124e-04
2.458973192505764309e+06 9.690220487016606432e-01 2.994470755782513882e-04
2.458973197145864833e+06 9.682215898450011737e-01 2.993605397256204588e-04
2.458973201785964891e+06 9.673920442687461430e-01 2.991446610940452235e-04
2.458973206426065415e+06 9.665334118063961810e-01 2.989047030494261948e-04
2.458973211066165473e+06 9.656473012951704016e-01 2.986647450288882721e-04
2.458973215706265531e+06 9.647403715679995218e-01 2.984247870083504579e-04
2.458973220346366055e+06 9.638133489062972181e-01 2.981761150834467728e-04
2.458973224986466113e+06 9.628662334961276548e-01 2.979114819563670555e-04
2.458973229626566637e+06 9.618997229296667451e-01 2.976468488027299145e-04
2.458973234266666695e+06 9.609849332717147474e-01 2.973822156756501973e-04
2.458973238906766754e+06 9.601692755176994831e-01 2.971175825485705344e-04
2.458973243546867277e+06 9.594527496006879375e-01 2.969414851293985689e-04
2.458973248186967336e+06 9.588353556644948483e-01 2.967794144039201409e-04
2.458973252827067859e+06 9.582821947817188324e-01 2.966173436621770540e-04
2.458973257467167918e+06 9.576588831937006274e-01 2.964552729366986259e-04
2.458973262107267976e+06 9.569521189289167395e-01 2.962943880503150318e-04
2.458973266747368500e+06 9.561619019038767320e-01 2.961354936862867801e-04
2.458973271387468558e+06 9.552893419586847568e-01 2.959765993382045403e-04
2.458973276027569082e+06 9.544168396317819214e-01 2.958177049741763428e-04
2.458973280667669140e+06 9.535955491679891649e-01 2.956588106260941030e-04
2.458973285307769664e+06 9.528254704024641253e-01 2.955150580237082803e-04
2.458973289947869722e+06 9.521066034897704977e-01 2.953733035370211804e-04
2.458973294587969780e+06 9.514342253396902427e-01 2.952315490503340805e-04
2.458973299228070304e+06 9.507914010274123306e-01 2.950897945494211096e-04
2.458973303868170362e+06 9.501766163331664128e-01 2.949499484134790700e-04
2.458973308508270886e+06 9.495898711335579723e-01 2.948130433920977470e-04
2.458973313148370944e+06 9.490305649999676296e-01 2.946761383844555965e-04
2.458973317788471002e+06 9.484646044853985991e-01 2.945392333768134460e-04
2.458973322428571526e+06 9.478722639640451142e-01 2.944023283554321230e-04
2.458973327068671584e+06 9.472535435547966287e-01 2.942191647367095402e-04
2.458973331708772108e+06 9.466084431334690352e-01 2.940310665714788974e-04
2.458973336348872166e+06 9.459569211860409110e-01 2.938429684251250818e-04
2.458973340988972690e+06 9.453656694026379981e-01 2.936548702598944390e-04
2.458973345629072748e+06 9.448400482351150265e-01 2.934950728737945177e-04
2.458973350269172806e+06 9.443800576208434272e-01 2.933753832049443549e-04
2.458973354909273330e+06 9.439854490252397312e-01 2.932556935240825330e-04
2.458973359549373388e+06 9.436450478111703122e-01 2.931360038552323702e-04
2.458973364189473912e+06 9.433528240661320785e-01 2.930163141743706025e-04
2.458973368829573970e+06 9.431087778487778905e-01 2.929995988921728920e-04
2.458973373469674028e+06 9.429129091273636964e-01 2.929913780506314771e-04
2.458973378109774552e+06 9.427379852772639346e-01 2.929831572082651470e-04
2.458973382749874610e+06 9.424991437698103658e-01 2.929749363667237321e-04
2.458973387389975134e+06 9.421902893187965589e-01 2.929079253874957637e-04
2.458973392030075192e+06 9.418114219862128156e-01 2.927642084689210445e-04
2.458973396670175251e+06 9.413661663024615045e-01 2.926204915503463795e-04
2.458973401310275774e+06 9.409871804634313275e-01 2.924767746173488440e-04
2.458973405950375833e+06 9.407412596244449920e-01 2.923330576987741248e-04
2.458973410590476356e+06 9.406284037361434258e-01 2.922559001893951930e-04
2.458973415230576415e+06 9.406486128211781761e-01 2.921826925576430584e-04
2.458973419870676938e+06 9.407702315291237571e-01 2.921094849185442073e-04
2.458973424510776997e+06 9.409012181421982923e-01 2.920362772867921269e-04
2.458973429150877055e+06 9.410357043593515769e-01 2.920240207756007980e-04
2.458973433790977579e+06 9.411736901946070599e-01 2.920850449614124478e-04
2.458973438431077637e+06 9.413151269075926697e-01 2.921460691410999815e-04
2.458973443071178161e+06 9.414585321568305076e-01 2.922070933269116854e-04
2.458973447711278219e+06 9.416032091711254992e-01 2.922681175065992192e-04
2.458973452351378277e+06 9.417491579648052946e-01 2.923354547958357153e-04
2.458973456991478801e+06 9.418963785527081356e-01 2.924030267220545268e-04
2.458973461631578859e+06 9.420614720100065620e-01 2.924705986414920873e-04
2.458973466271679383e+06 9.422894947435921376e-01 2.925381705677108988e-04
2.458973470911779441e+06 9.425829770430201870e-01 2.926009040289720268e-04
2.458973475551879965e+06 9.429419189671957025e-01 2.926582738082740705e-04
2.458973480191980023e+06 9.433649105321406658e-01 2.927156435818187297e-04
2.458973484832080081e+06 9.438156601946210422e-01 2.927730133553633346e-04
2.458973489472180605e+06 9.442782411900050299e-01 2.928303831346653783e-04
2.458973494112280663e+06 9.447526534254471198e-01 2.929018445988481418e-04
2.458973498752381187e+06 9.452388969961673659e-01 2.929735300894841638e-04
2.458973503392481245e+06 9.457430031813707227e-01 2.930452155729260707e-04
2.458973508032581303e+06 9.462802557213354504e-01 2.931169010563680318e-04
2.458973512672681827e+06 9.468514039072312150e-01 2.932318028517119494e-04
2.458973517312781885e+06 9.474564476244219380e-01 2.933908921675580195e-04
2.458973521952882409e+06 9.480952509780338211e-01 2.935499814993695086e-04
2.458973526592982467e+06 9.487648103571747482e-01 2.937090708152155245e-04
2.458973531233082525e+06 9.494638949995576338e-01 2.938684362816308031e-04
2.458973535873183049e+06 9.501925049797840250e-01 2.940883988413422437e-04
2.458973540513283107e+06 9.509506401516136798e-01 2.943083613789791654e-04
2.458973545153383631e+06 9.517202991229113396e-01 2.945283239386906602e-04
2.458973549793483689e+06 9.524588859742475488e-01 2.947482864763275819e-04
2.458973554433584213e+06 9.531645974596100190e-01 2.949127192800771072e-04
2.458973559073684271e+06 9.538374334373543872e-01 2.950247793436425853e-04
2.458973563713784330e+06 9.544813092962939338e-01 2.951368394072080093e-04
2.458973568353884853e+06 9.551712691965381641e-01 2.952488994820193203e-04
2.458973572993984912e+06 9.559360285082509900e-01 2.953642484084523906e-04
2.458973577634085435e+06 9.567755873849286274e-01 2.956093452278940777e-04
2.458973582274185494e+06 9.576899456580615366e-01 2.958544420227388495e-04
2.458973586914285552e+06 9.586557332171766754e-01 2.960995388175836213e-04
2.458973591554386076e+06 9.596213136780521458e-01 2.963446356370253625e-04
2.458973596194486134e+06 9.605848226398583378e-01 2.965836572218614087e-04
2.458973600834586658e+06 9.615462602959823357e-01 2.968173945561107118e-04
2.458973605474686716e+06 9.625052242986757989e-01 2.970511318669031924e-04
2.458973610114786774e+06 9.634549577519075925e-01 2.972848691776956188e-04
2.458973614754887298e+06 9.643930469324660804e-01 2.975185020040531066e-04
2.458973619394987356e+06 9.653194916520659863e-01 2.977499120684045102e-04
2.458973624035087880e+06 9.662342920966554560e-01 2.979813221559793617e-04
2.458973628675187938e+06 9.671511734077852251e-01 2.982127322203308195e-04
2.458973633315288462e+06 9.680984488505831598e-01 2.984441423079056709e-04
2.458973637955388520e+06 9.690769765781386269e-01 2.986769591891324702e-04
2.458973642595488578e+06 9.700867566839479483e-01 2.989109040651480439e-04
2.458973647235589102e+06 9.711236648480898737e-01 2.991448489646413109e-04
2.458973651875689160e+06 9.721264386783194933e-01 2.993787938406568846e-04
2.458973656515789684e+06 9.730746536271344116e-01 2.996099146127393829e-04
2.458973661155889742e+06 9.739683095042164229e-01 2.998004720630095821e-04
2.458973665795989800e+06 9.748074064074625511e-01 2.999910295132797813e-04
2.458973670436090324e+06 9.756363937868840486e-01 3.001815869826735721e-04
2.458973675076190382e+06 9.765408512079011283e-01 3.003721444329437171e-04
2.458973679716290906e+06 9.775229167012167153e-01 3.005711097130346295e-04
2.458973684356390964e+06 9.785825900697187052e-01 3.007762847865694841e-04
2.458973688996491488e+06 9.797079936534521805e-01 3.009814598806949642e-04
2.458973693636591546e+06 9.807420259150878561e-01 3.011866349542298730e-04
2.458973698276691604e+06 9.816358262695147330e-01 3.013854561974054695e-04
2.458973702916792128e+06 9.823893947853212794e-01 3.015161216575554942e-04
2.458973707556892186e+06 9.830027313112575937e-01 3.016467871045924731e-04
2.458973712196992710e+06 9.835724164241096412e-01 3.017774525647424978e-04
2.458973716837092768e+06 9.842719269702252527e-01 3.019081180117794225e-04
2.458973721477192827e+06 9.851047503210043077e-01 3.021026168900714710e-04
2.458973726117293350e+06 9.860708865800932310e-01 3.023404992287098128e-04
2.458973730757393409e+06 9.871562791107955093e-01 3.025783815434752696e-04
2.458973735397493932e+06 9.881943374207636799e-01 3.028162638821136655e-04
2.458973740037593991e+06 9.891367567843618591e-01 3.030491447233549414e-04
2.458973744677694049e+06 9.899835373105647651e-01 3.032396015316864558e-04
2.458973749317794573e+06 9.907346790699548267e-01 3.034300583591314788e-04
2.458973753957894631e+06 9.914131968307210441e-01 3.036205151674629932e-04
2.458973758597995155e+06 9.920576340177096331e-01 3.038109719949079620e-04
2.458973763238095213e+06 9.926685953064896539e-01 3.039339832486981103e-04
2.458973767878195737e+06 9.932460808196882374e-01 3.040148707898539270e-04
2.458973772518295795e+06 9.937883830998166523e-01 3.040957583228921595e-04
2.458973777158395853e+06 9.942772716525717369e-01 3.041766458559304461e-04
2.458973781798496377e+06 9.947078219138980604e-01 3.042564151495880825e-04
2.458973786438596435e+06 9.950800337973789711e-01 3.043284025380502329e-04
2.458973791078696959e+06 9.953939073777219315e-01 3.044003899337366934e-04
2.458973795718797017e+06 9.956972712082126087e-01 3.044723773221988438e-04
2.458973800358897075e+06 9.960647498206862682e-01 3.045443647106609942e-04
2.458973804998997599e+06 9.964972210661857677e-01 3.045970664442414232e-04
2.458973809639097657e+06 9.969946848579086529e-01 3.046387178619558390e-04
2.458973814279198181e+06 9.975458029281256689e-01 3.046803692838501794e-04
2.458973818919298239e+06 9.980409752179617566e-01 3.047220207015645952e-04
2.458973823559398763e+06 9.984526450807709175e-01 3.047837825044646932e-04
2.458973828199498821e+06 9.987808124339263571e-01 3.049633389861156540e-04
2.458973832839598879e+06 9.990254773229317875e-01 3.051428954677666691e-04
2.458973837479699403e+06 9.992185595480849170e-01 3.053224519674371785e-04
2.458973842119799461e+06 9.994064143182004312e-01 3.055020084490881935e-04
2.458973846759899985e+06 9.995894281366984879e-01 3.055511039820335301e-04
2.458973851400000043e+06 9.997676009668456931e-01 3.055317626788815830e-04
