2.458845000000000000e+06 9.723432447175865967e-01 2.858903843770594397e-04
2.458845004640100058e+06 9.732789383163793495e-01 2.860359376242971275e-04
2.458845009280200582e+06 9.741301575362728560e-01 2.861814908861420002e-04
2.458845013920300640e+06 9.748969022064172263e-01 2.862939031098643626e-04
2.458845018560401164e+06 9.755791724807074683e-01 2.863971846128058121e-04
2.458845023200501222e+06 9.761949422408008337e-01 2.865004661053823431e-04
2.458845027840601280e+06 9.768367856226368717e-01 2.866037475979588741e-04
2.458845032480701804e+06 9.775178389923806499e-01 2.867120646098977833e-04
2.458845037120801862e+06 9.782381022133366244e-01 2.868324604256751735e-04
2.458845041760902386e+06 9.789974708805077031e-01 2.869528562535349670e-04
2.458845046401002444e+06 9.797489736825383266e-01 2.870732520693123030e-04
2.458845051041102968e+06 9.804538014447071737e-01 2.871936478971720964e-04
2.458845055681203026e+06 9.811119540255467397e-01 2.873877439072700449e-04
2.458845060321303084e+06 9.817234314981327925e-01 2.875997546385262375e-04
2.458845064961403608e+06 9.822978301659758271e-01 2.878117653910588678e-04
2.458845069601503666e+06 9.828809033199210621e-01 2.880237761223150604e-04
2.458845074241604190e+06 9.834785959819840606e-01 2.881781982503727607e-04
2.458845078881704248e+06 9.840909080322011171e-01 2.882072048334057847e-04
2.458845083521804307e+06 9.847176800055704726e-01 2.882362114164388630e-04
2.458845088161904830e+06 9.853219162193515013e-01 2.882652180023829698e-04
2.458845092802004889e+06 9.858752841717638438e-01 2.882942245854159939e-04
2.458845097442105412e+06 9.863777839738750997e-01 2.884165743411882133e-04
2.458845102082205471e+06 9.868294155248277244e-01 2.885587360622689809e-04
2.458845106722305994e+06 9.872412416002310787e-01 2.887008977976166023e-04
2.458845111362406053e+06 9.876621645322019027e-01 2.888430595186974241e-04
2.458845116002506111e+06 9.880979840606265441e-01 2.889607929523005533e-04
2.458845120642606635e+06 9.885487002314845562e-01 2.890300652167304696e-04
2.458845125282706693e+06 9.890141099686692305e-01 2.890993374742085358e-04
2.458845129922807217e+06 9.894652031277817450e-01 2.891686097386385605e-04
2.458845134562907275e+06 9.898813564588041514e-01 2.892378819961166267e-04
2.458845139203007333e+06 9.902625700087590577e-01 2.893012027927306337e-04
2.458845143843107857e+06 9.906088438106442906e-01 2.893634349890199025e-04
2.458845148483207915e+06 9.909225040090339220e-01 2.894256671790637332e-04
2.458845153123308439e+06 9.912130973282119450e-01 2.894878993753530021e-04
2.458845157763408497e+06 9.914816534197227194e-01 2.895313257064928533e-04
2.458845162403508555e+06 9.917281723138349214e-01 2.895406727593065658e-04
2.458845167043609079e+06 9.919524938562286343e-01 2.895500198130582757e-04
2.458845171683709137e+06 9.921389769275295034e-01 2.895593668658719339e-04
2.458845176323809661e+06 9.922772870598012274e-01 2.895687139196236439e-04
2.458845180963909719e+06 9.923674242252831235e-01 2.895876465564895040e-04
2.458845185604010243e+06 9.924093884420667200e-01 2.896080646343361957e-04
2.458845190244110301e+06 9.924077598513620924e-01 2.896284827101337452e-04
2.458845194884210359e+06 9.923800094522247095e-01 2.896489007859312948e-04
2.458845199524310883e+06 9.923278440844349735e-01 2.896719073764281432e-04
2.458845204164410941e+06 9.922512637584631756e-01 2.896992087943313582e-04
2.458845208804511465e+06 9.921508875279893003e-01 2.897265102149744606e-04
2.458845213444611523e+06 9.920708979823238405e-01 2.897538116328776756e-04
2.458845218084711581e+06 9.920384563339126327e-01 2.897811130507808907e-04
2.458845222724812105e+06 9.920535625866575558e-01 2.897578262642109929e-04
2.458845227364912163e+06 9.921162167375269236e-01 2.897280485983005156e-04
2.458845232005012687e+06 9.921986480339349823e-01 2.896982709294016519e-04
2.458845236645112745e+06 9.922022985810386997e-01 2.896684932634910662e-04
2.458845241285213269e+06 9.921184875147204263e-01 2.896225783029039496e-04
2.458845245925313327e+06 9.919472148518020393e-01 2.895521024039216006e-04
2.458845250565413386e+06 9.916894377442746489e-01 2.894816265049393058e-04
2.458845255205513909e+06 9.913975005601609602e-01 2.894111505988842723e-04
2.458845259845613968e+06 9.911013685910858850e-01 2.893406746999019233e-04
2.458845264485714491e+06 9.908010417776120793e-01 2.893821857910698950e-04
2.458845269125814550e+06 9.904965201800191021e-01 2.894352151111344675e-04
2.458845273765914608e+06 9.901734217395291582e-01 2.894882444311990943e-04
2.458845278406015132e+06 9.897842185857341768e-01 2.895412737565854731e-04
2.458845283046115190e+06 9.893251566732907953e-01 2.894950380179592427e-04
2.458845287686215714e+06 9.887962359100601617e-01 2.893100027220489655e-04
2.458845292326315772e+06 9.881993939481404920e-01 2.891249674447080357e-04
2.458845296966415830e+06 9.876187061128175460e-01 2.889399321673671601e-04
2.458845301606516354e+06 9.870990223476152625e-01 2.887548968714568828e-04
2.458845306246616412e+06 9.866403427568408713e-01 2.886352704292176243e-04
2.458845310886716936e+06 9.862426672484319035e-01 2.885207799991567983e-04
2.458845315526816994e+06 9.858964483336948303e-01 2.884062895805858048e-04
2.458845320166917518e+06 9.855722866703776619e-01 2.882917991505249788e-04
2.458845324807017576e+06 9.852681124650083389e-01 2.882386927882934894e-04
2.458845329447117634e+06 9.849839256840515755e-01 2.882645335321663534e-04
2.458845334087218158e+06 9.847167354714662091e-01 2.882903742786324663e-04
2.458845338727318216e+06 9.843607761652617416e-01 2.883162150225053303e-04
2.458845343367418740e+06 9.838634447385552484e-01 2.883420557689714433e-04
2.458845348007518798e+06 9.832247412911667706e-01 2.881547582345503886e-04
2.458845352647618856e+06 9.824446657802801131e-01 2.879556867150597117e-04
2.458845357287719380e+06 9.815622020701110229e-01 2.877566151755909835e-04
2.458845361927819438e+06 9.806892613628482858e-01 2.875575436561003066e-04
2.458845366567919962e+06 9.798328172479944254e-01 2.873649564237394909e-04
2.458845371208020020e+06 9.789928698974477150e-01 2.871800465343079807e-04
2.458845375848120078e+06 9.781702277247759092e-01 2.869951366448764704e-04
2.458845380488220602e+06 9.773886872960566574e-01 2.868102267368881353e-04
2.458845385128320660e+06 9.766592872637115397e-01 2.866253168474566250e-04
2.458845389768421184e+06 9.759820274813415519e-01 2.865253310391331566e-04
2.458845394408521242e+06 9.753569080848802919e-01 2.864281430152729397e-04
2.458845399048621766e+06 9.747576339787187294e-01 2.863309549816593484e-04
2.458845403688721824e+06 9.741138062332608261e-01 2.862337669577991314e-04
2.458845408328821883e+06 9.734215735507240064e-01 2.860921626748245635e-04
2.458845412968922406e+06 9.726809358543522244e-01 2.859021184744120177e-04
2.458845417609022465e+06 9.718925675357249494e-01 2.857120742930714013e-04
2.458845422249122988e+06 9.710732682402021254e-01 2.855220300926588554e-04
2.458845426889223047e+06 9.702303078854095375e-01 2.853319859113182932e-04
2.458845431529323105e+06 9.693636863903123402e-01 2.851520246971931262e-04
2.458845436169423629e+06 9.684734036643782851e-01 2.849721801310893337e-04
2.458845440809523687e+06 9.675797099296963300e-01 2.847923355830339837e-04
2.458845445449624211e+06 9.667331792715344596e-01 2.846124910169301912e-04
2.458845450089724269e+06 9.659362175462937739e-01 2.844746282561682270e-04
2.458845454729824793e+06 9.651888245940150046e-01 2.843789510494433071e-04
2.458845459369924851e+06 9.644877334283782355e-01 2.842832738523201901e-04
2.458845464010024909e+06 9.637630636520090333e-01 2.841875966551970188e-04
2.458845468650125433e+06 9.629866040234514868e-01 2.840910187897591785e-04
2.458845473290225491e+06 9.621583546985499336e-01 2.838954579088617531e-04
2.458845477930326015e+06 9.612783155110652400e-01 2.836998970083386422e-04
2.458845482570426073e+06 9.603682180100149290e-01 2.835043361274412169e-04
2.458845487210526131e+06 9.594786959115048086e-01 2.833087752465437374e-04
2.458845491850626655e+06 9.586118197182059708e-01 2.831384611781073658e-04
2.458845496490726713e+06 9.577675896041104586e-01 2.829915225217554254e-04
2.458845501130827237e+06 9.569461954162078454e-01 2.828445838506573598e-04
2.458845505770927295e+06 9.561511668354243376e-01 2.826976451943054194e-04
2.458845510411027353e+06 9.553838330046396932e-01 2.825531627389577297e-04
2.458845515051127877e+06 9.546441938510163983e-01 2.824895639157020831e-04
2.458845519691227935e+06 9.539322495230089238e-01 2.824259650988288637e-04
2.458845524331328459e+06 9.532404052543818063e-01 2.823623662755732171e-04
2.458845528971428517e+06 9.525521534192656903e-01 2.822987674587000518e-04
2.458845533611529041e+06 9.518669213824341169e-01 2.822105038870001826e-04
2.458845538251629099e+06 9.511847092814215143e-01 2.821012041977543424e-04
2.458845542891729157e+06 9.505058725846261547e-01 2.819919045085085563e-04
2.458845547531829681e+06 9.498362027363739246e-01 2.818826048082938968e-04
2.458845552171929739e+06 9.491777340966758292e-01 2.817691992936597191e-04
2.458845556812030263e+06 9.485304665333693652e-01 2.815776630882878143e-04
2.458845561452130321e+06 9.478944001763688343e-01 2.813861269021376756e-04
2.458845566092230380e+06 9.472540982190646996e-01 2.811945907159875912e-04
2.458845570732330903e+06 9.465782650633209894e-01 2.810030545106156864e-04
2.458845575372430962e+06 9.458659955134451902e-01 2.808847843031299992e-04
2.458845580012531485e+06 9.451172894264765478e-01 2.808240441384205594e-04
2.458845584652631544e+06 9.443395723236037709e-01 2.807633039798067753e-04
2.458845589292732067e+06 9.436398048494245572e-01 2.807025638150973897e-04
2.458845593932832126e+06 9.430530138203201407e-01 2.806475330699292610e-04
2.458845598572932184e+06 9.425791991603960085e-01 2.806679135277322622e-04
2.458845603213032708e+06 9.422183608391088150e-01 2.806882939875805566e-04
2.458845607853132766e+06 9.419169593963688802e-01 2.807086744453835578e-04
2.458845612493233290e+06 9.415737909799598571e-01 2.807290549052319606e-04
2.458845617133333348e+06 9.411864631194389874e-01 2.806021242642339612e-04
2.458845621773433406e+06 9.407549757825829362e-01 2.803687865158838036e-04
2.458845626413533930e+06 9.402886664263077066e-01 2.801354487441168849e-04
2.458845631053633988e+06 9.399073319820699934e-01 2.799021109957667815e-04
2.458845635693734512e+06 9.396475291637693683e-01 2.796893879477484277e-04
2.458845640333834570e+06 9.395092580235512303e-01 2.796829935870918439e-04
2.458845644973934628e+06 9.394925185292446468e-01 2.796765992264353142e-04
2.458845649614035152e+06 9.395322496100158016e-01 2.796702048651370453e-04
2.458845654254135210e+06 9.395138413774327679e-01 2.796638105044805156e-04
2.458845658894235734e+06 9.394351363032628077e-01 2.796636409725346880e-04
2.458845663534335792e+06 9.392961344033029514e-01 2.796676029685493214e-04
2.458845668174436316e+06 9.391061068449380045e-01 2.796715649649615860e-04
2.458845672814536374e+06 9.389716515438200073e-01 2.796755269609762194e-04
2.458845677454636432e+06 9.389230610481535955e-01 2.796804454756767790e-04
2.458845682094736956e+06 9.389603353659878859e-01 2.796930022456710092e-04
2.458845686734837014e+06 9.390834744898415298e-01 2.797055590144050712e-04
2.458845691374937538e+06 9.392664505909906758e-01 2.797181157843993014e-04
2.458845696015037596e+06 9.394665634339521842e-01 2.797306725531334176e-04
2.458845700655137654e+06 9.396831941917447306e-01 2.797827103637776330e-04
2.458845705295238178e+06 9.399163428885948246e-01 2.798587907235630320e-04
2.458845709935338236e+06 9.401651456418852471e-01 2.799348710757132625e-04
2.458845714575438760e+06 9.404206532703792698e-01 2.800109514354986616e-04
2.458845719215538818e+06 9.406804993230645229e-01 2.800749025208978623e-04
2.458845723855639342e+06 9.409446838520950651e-01 2.800589166183668419e-04
2.458845728495739400e+06 9.412132068044458677e-01 2.800429307174401154e-04
2.458845733135839459e+06 9.415060097020354624e-01 2.800269448165133889e-04
2.458845737775939982e+06 9.418535348303820331e-01 2.800109589139824226e-04
2.458845742416040041e+06 9.422561066782594308e-01 2.800734026657709388e-04
2.458845747056140564e+06 9.427137253264686878e-01 2.801795866724651404e-04
2.458845751696240623e+06 9.432230804319343687e-01 2.802857706685030984e-04
2.458845756336340681e+06 9.437531259140747864e-01 2.803919546645410564e-04
2.458845760976441205e+06 9.442962304259454598e-01 2.805002959648220822e-04
2.458845765616541263e+06 9.448523938585391413e-01 2.806206541236581594e-04
2.458845770256641787e+06 9.454216163234843151e-01 2.807410122945728993e-04
2.458845774896741845e+06 9.460181975260628651e-01 2.808613704534089765e-04
2.458845779536841903e+06 9.466624298338633947e-01 2.809817286122449995e-04
2.458845784176942427e+06 9.473544625500348593e-01 2.811433649720961395e-04
2.458845788817042485e+06 9.480942955356783663e-01 2.813260367982498142e-04
2.458845793457143009e+06 9.488776381682622052e-01 2.815087086427356671e-04
2.458845798097243067e+06 9.496679075536628156e-01 2.816913804688893960e-04
2.458845802737343591e+06 9.504567540992164831e-01 2.818807953995648751e-04
2.458845807377443649e+06 9.512441776465924148e-01 2.821025229749528980e-04
2.458845812017543707e+06 9.520301782750273389e-01 2.823242505503408125e-04
2.458845816657644231e+06 9.528253647310438446e-01 2.825459781479804046e-04
2.458845821297744289e+06 9.536437136988678009e-01 2.827677057233683733e-04
2.458845825937844813e+06 9.544852896507832751e-01 2.828813647663645380e-04
2.458845830577944871e+06 9.553500924178762732e-01 2.829448381936772606e-04
2.458845835218044929e+06 9.562353952034835514e-01 2.830083116209899290e-04
2.458845839858145453e+06 9.571199856536395378e-01 2.830717850546725562e-04
2.458845844498245511e+06 9.579993739159160526e-01 2.831576857004154744e-04
2.458845849138346035e+06 9.588735601668167963e-01 2.833372982780392999e-04
2.458845853778446093e+06 9.597425442308822330e-01 2.835169108376378849e-04
2.458845858418546617e+06 9.606343877519804009e-01 2.836965234152616562e-04
2.458845863058646675e+06 9.615833651831592332e-01 2.838761359748603495e-04
2.458845867698746733e+06 9.625895602903850046e-01 2.840733543976182150e-04
2.458845872338847257e+06 9.636529731832481627e-01 2.842779990122178829e-04
2.458845876978947315e+06 9.647651334833997616e-01 2.844826436062802139e-04
2.458845881619047839e+06 9.658657292816006379e-01 2.846872882208798818e-04
2.458845886259147897e+06 9.669429409159809863e-01 2.848844756796000441e-04
2.458845890899247956e+06 9.679967684981652942e-01 2.850542020531953271e-04
2.458845895539348479e+06 9.690272121303917796e-01 2.852239284438236430e-04
2.458845900179448538e+06 9.700387344546347324e-01 2.853936548174189802e-04
2.458845904819549061e+06 9.710363804995811865e-01 2.855633812080472962e-04
2.458845909459649120e+06 9.720201547324838209e-01 2.857645381806557311e-04
2.458845914099749178e+06 9.729900572541583248e-01 2.859776897762685770e-04
2.458845918739849702e+06 9.739474291937453287e-01 2.861908413932724065e-04
2.458845923379949760e+06 9.749010359949262794e-01 2.864039929888853066e-04
2.458845928020050284e+06 9.758524656363083416e-01 2.866032401433132415e-04
2.458845932660150342e+06 9.768017179269288253e-01 2.867569743446371348e-04
2.458845937300250866e+06 9.777487930573136587e-01 2.869107085613891708e-04
2.458845941940350924e+06 9.786662240080526987e-01 2.870644427627130641e-04
2.458845946580450982e+06 9.795253329667173992e-01 2.872181769640370116e-04
2.458845951220551506e+06 9.803261166915543390e-01 2.873781211283327587e-04
2.458845955860651564e+06 9.810685750218366419e-01 2.875401993422962792e-04
2.458845960500752088e+06 9.817710164139406004e-01 2.877022775725253259e-04
2.458845965140852146e+06 9.825435752442421844e-01 2.878643557864889006e-04
2.458845969780952204e+06 9.834046548634292062e-01 2.880274725041456719e-04
2.458845974421052728e+06 9.843542553712415488e-01 2.881936318371772611e-04
2.458845979061152786e+06 9.853923678292649813e-01 2.883597911535338209e-04
2.458845983701253310e+06 9.864218624090287380e-01 2.885259504865654101e-04
2.458845988341353368e+06 9.873492352640309555e-01 2.886921098029219157e-04
2.458845992981453426e+06 9.881744865027116687e-01 2.888264140169540233e-04
2.458845997621553950e+06 9.888976161925169261e-01 2.889509159705570557e-04
2.458846002261654008e+06 9.895344268163034362e-01 2.890754179116655255e-04
2.458846006901754532e+06 9.901726005221538340e-01 2.891999198652685037e-04
2.458846011541854590e+06 9.908256230702152667e-01 2.893292561241753700e-04
2.458846016181955114e+06 9.914934945915567788e-01 2.894713425713801381e-04
2.458846020822055172e+06 9.921761971085121257e-01 2.896134290043255875e-04
2.458846025462155230e+06 9.928527948670762271e-01 2.897555154372711455e-04
2.458846030102255754e+06 9.935046751468249449e-01 2.898976018844758593e-04
2.458846034742355812e+06 9.941318378169183845e-01 2.900200443557914378e-04
2.458846039382456336e+06 9.947342830032355199e-01 2.901371112958526241e-04
2.458846044022556394e+06 9.953067184193932215e-01 2.902541782241654499e-04
2.458846048662656453e+06 9.958220059242277600e-01 2.903712451524782757e-04
2.458846053302756976e+06 9.962763132927167087e-01 2.904768464752042903e-04
2.458846057942857035e+06 9.966696404336756743e-01 2.905550958825011158e-04
2.458846062582957558e+06 9.970020423766396966e-01 2.906333452976508176e-04
2.458846067223057617e+06 9.972971456229824394e-01 2.907115947049477515e-04
2.458846071863158140e+06 9.975743878775222839e-01 2.907898441200973448e-04
2.458846076503258198e+06 9.978337690846134089e-01 2.908500438187601391e-04
2.458846081143358257e+06 9.980752892729747305e-01 2.909058878893448861e-04
2.458846085783458780e+06 9.982998812463671490e-01 2.909617319655340368e-04
2.458846090423558839e+06 9.985119734185122775e-01 2.910175760361188922e-04
2.458846095063659362e+06 9.987121383647493689e-01 2.910625049263452818e-04
2.458846099703759421e+06 9.989003760449030045e-01 2.910837881126804002e-04
2.458846104343859479e+06 9.990767205649486726e-01 2.911050712990155727e-04
2.458846108983960003e+06 9.992488382065718433e-01 2.911263544874865693e-04
2.458846113624060061e+06 9.994225754778170989e-01 2.911476376738216334e-04
2.458846118264160585e+06 9.995979324135562116e-01 2.911717172507653534e-04
2.458846122904260643e+06 9.997749089785925580e-01 2.911963856856274462e-04
2.458846127544360701e+06 9.999354399598622267e-01 2.912210541204894847e-04
2.458846132184461225e+06 1.000000000000000000e+00 2.912457225578271363e-04
2.458846136824561283e+06 9.999592062632571832e-01 2.912448638239986242e-04
2.458846141464661807e+06 9.998130587414458814e-01 2.911936211804684745e-04
2.458846146104761865e+06 9.995620711302518613e-01 2.911423785420808041e-04
2.458846150744862389e+06 9.992779579210666618e-01 2.910911358985506544e-04
2.458846155384962447e+06 9.990114924040435218e-01 2.910398932601629841e-04
2.458846160025062505e+06 9.987626745497841796e-01 2.910001502674738915e-04
2.458846164665163029e+06 9.985315043359750398e-01 2.909624925038715310e-04
2.458846169305263087e+06 9.983048287131773835e-01 2.909248347440483197e-04
2.458846173945363611e+06 9.980288876496420380e-01 2.908871769804459591e-04
2.458846178585463669e+06 9.976979136478824062e-01 2.908196373803519433e-04
2.458846183225563727e+06 9.973119066829676527e-01 2.906982135165238931e-04
2.458846187865664251e+06 9.968713056065162670e-01 2.905767896405102237e-04
2.458846192505764309e+06 9.964181684938984152e-01 2.904553657766821193e-04
2.458846197145864833e+06 9.959801729325286068e-01 2.903339419006685041e-04
2.458846201785964891e+06 9.955573190103174097e-01 2.902345512325553694e-04
2.458846206426065415e+06 9.951496066423930476e-01 2.901385418041087455e-04
2.458846211066165473e+06 9.947443928440282690e-01 2.900425323852971553e-04
2.458846215706265531e+06 9.942936432348017384e-01 2.899465229664856193e-04
2.458846220346366055e+06 9.937926911492935833e-01 2.898520055651844377e-04
2.458846224986466113e+06 9.932415366880504859e-01 2.897599518723454324e-04
2.458846229626566637e+06 9.926400464578377658e-01 2.896678981702683741e-04
2.458846234266666695e+06 9.919788568726229938e-01 2.895758444774294230e-04
2.458846238906766754e+06 9.912522341921746749e-01 2.894837907845904720e-04
2.458846243546867277e+06 9.904601783337221299e-01 2.893375854793263954e-04
2.458846248186967336e+06 9.896026894562400811e-01 2.891845095448739066e-04
2.458846252827067859e+06 9.886951715562442011e-01 2.890314335950594114e-04
2.458846257467167918e+06 9.877920789979653948e-01 2.888783576606069768e-04
2.458846262107267976e+06 9.868981800190785858e-01 2.887102504085587622e-04
2.458846266747368500e+06 9.860134745312595372e-01 2.885193725102889930e-04
2.458846271387468558e+06 9.851381090830628739e-01 2.883284946311749078e-04
2.458846276027569082e+06 9.842799808305866538e-01 2.881376167329050843e-04
2.458846280667669140e+06 9.834435933425103027e-01 2.879467388537909991e-04
2.458846285307769664e+06 9.826289464509609939e-01 2.877824680265273004e-04
2.458846289947869722e+06 9.818360403194481556e-01 2.876208976252396412e-04
2.458846294587969780e+06 9.810508650622700166e-01 2.874593272239519821e-04
2.458846299228070304e+06 9.802273022523360080e-01 2.872977568064497543e-04
2.458846303868170362e+06 9.793617315245907173e-01 2.871333557614236471e-04
2.458846308508270886e+06 9.784541527053043364e-01 2.869650148494534009e-04
2.458846313148370944e+06 9.775050296855284371e-01 2.867966739543771387e-04
2.458846317788471002e+06 9.765342478160398132e-01 2.866283330593008766e-04
2.458846322428571526e+06 9.755523742392683273e-01 2.864599921473306304e-04
2.458846327068671584e+06 9.745594091522873370e-01 2.862902312824658606e-04
2.458846331708772108e+06 9.735553523557969324e-01 2.861203607432450139e-04
2.458846336348872166e+06 9.725389769931127582e-01 2.859504902210716201e-04
2.458846340988972690e+06 9.715065189133965662e-01 2.857806196818507734e-04
2.458846345629072748e+06 9.704577150300158772e-01 2.856228730343561496e-04
2.458846350269172806e+06 9.693925652401776949e-01 2.854806487092815073e-04
2.458846354909273330e+06 9.683113607419538971e-01 2.853384243699338312e-04
2.458846359549373388e+06 9.672242959042427479e-01 2.851962000448592430e-04
2.458846364189473912e+06 9.661364213773687704e-01 2.850539757055115669e-04
2.458846368829573970e+06 9.650477373796813030e-01 2.848149751794916158e-04
2.458846373469674028e+06 9.639582438020464217e-01 2.845707482981826354e-04
2.458846378109774552e+06 9.628798285470199225e-01 2.843265213923640180e-04
2.458846382749874610e+06 9.618464893769027579e-01 2.840822945110550377e-04
2.458846387389975134e+06 9.608603301867175706e-01 2.838487657341176172e-04
2.458846392030075192e+06 9.599213511743978078e-01 2.836278469214230206e-04
2.458846396670175251e+06 9.590283034839336418e-01 2.834069281087284783e-04
2.458846401310275774e+06 9.581447773661048162e-01 2.831860092738634651e-04
2.458846405950375833e+06 9.572539472803054394e-01 2.829650904611689228e-04
2.458846410590476356e+06 9.563558130477356478e-01 2.827681899789663425e-04
2.458846415230576415e+06 9.554503748486613546e-01 2.825720524394437693e-04
2.458846419870676938e+06 9.545433990336622543e-01 2.823759148802376683e-04
2.458846424510776997e+06 9.536502664030589438e-01 2.821797773407151494e-04
2.458846429150877055e+06 9.527718121520669659e-01 2.820459517978604982e-04
2.458846433790977579e+06 9.519080361947379609e-01 2.819797827200511186e-04
2.458846438431077637e+06 9.510599643636230560e-01 2.819136136488823146e-04
2.458846443071178161e+06 9.502529342189447448e-01 2.818474445710729350e-04
2.458846447711278219e+06 9.494978692632201067e-01 2.817812754999041310e-04
2.458846452351378277e+06 9.487947694128512355e-01 2.815733034989537477e-04
2.458846456991478801e+06 9.481436346051004271e-01 2.813638506321349572e-04
2.458846461631578859e+06 9.475120285002622822e-01 2.811543977863360279e-04
2.458846466271679383e+06 9.468192437996112432e-01 2.809449449195172916e-04
2.458846470911779441e+06 9.460614715872355251e-01 2.807912016842157850e-04
2.458846475551879965e+06 9.452387117110415682e-01 2.806931924642987208e-04
2.458846480191980023e+06 9.443557553403996163e-01 2.805951832542173761e-04
2.458846484832080081e+06 9.435142740139288442e-01 2.804971740441360856e-04
2.458846489472180605e+06 9.427551602159097710e-01 2.803985243841813219e-04
2.458846494112280663e+06 9.420784140987051858e-01 2.802372047600913902e-04
2.458846498752381187e+06 9.414840355264841865e-01 2.800758851198120974e-04
2.458846503392481245e+06 9.409623452721967984e-01 2.799145654957221115e-04
2.458846508032581303e+06 9.404908743925067816e-01 2.797532458716321256e-04
2.458846512672681827e+06 9.400687117725126107e-01 2.797015753789530712e-04
2.458846517312781885e+06 9.396958574969471734e-01 2.797509811986186078e-04
2.458846521952882409e+06 9.393698950665461123e-01 2.798003870232423093e-04
2.458846526592982467e+06 9.390462648824700054e-01 2.798497928429078459e-04
2.458846531233082525e+06 9.387082480354972391e-01 2.798931484114427744e-04
2.458846535873183049e+06 9.383558444895401252e-01 2.797446174919345483e-04
2.458846540513283107e+06 9.379890543153305282e-01 2.795960865873322590e-04
2.458846545153383631e+06 9.376350229246560586e-01 2.794475556678240329e-04
2.458846549793483689e+06 9.373525351953596596e-01 2.792990247632217435e-04
2.458846554433584213e+06 9.371436109952135940e-01 2.792633540467454522e-04
2.458846559073684271e+06 9.370082503661514295e-01 2.793235174321955015e-04
2.458846563713784330e+06 9.369415204408583220e-01 2.793836808176455508e-04
2.458846568353884853e+06 9.368636090706887742e-01 2.794438442091333051e-04
2.458846572993984912e+06 9.367465871525894050e-01 2.794953556671785902e-04
2.458846577634085435e+06 9.365904546630725580e-01 2.793859306411344097e-04
2.458846582274185494e+06 9.363952116334758324e-01 2.792765056260716251e-04
2.458846586914285552e+06 9.362148915263963644e-01 2.791670806110088947e-04
2.458846591554386076e+06 9.361586321200527916e-01 2.790576555849646058e-04
2.458846596194486134e+06 9.362295586053315244e-01 2.790532306742747929e-04
2.458846600834586658e+06 9.364276709964681755e-01 2.791308907844229420e-04
2.458846605474686716e+06 9.367464965535968746e-01 2.792085508867774664e-04
2.458846610114786774e+06 9.370933852724403490e-01 2.792862109891319907e-04
2.458846614754887298e+06 9.374381100336224293e-01 2.793604952005248818e-04
2.458846619394987356e+06 9.377806707679524623e-01 2.793909185512111876e-04
2.458846624035087880e+06 9.381210675441865599e-01 2.794213419049507152e-04
2.458846628675187938e+06 9.384629026715575195e-01 2.794517652556370211e-04
2.458846633315288462e+06 9.388129603396366818e-01 2.794821886093764945e-04
2.458846637955388520e+06 9.391713990466867834e-01 2.795500080383997443e-04
2.458846642595488578e+06 9.395382188274179480e-01 2.796447197594319136e-04
2.458846647235589102e+06 9.399134146701486614e-01 2.797394314899689580e-04
2.458846651875689160e+06 9.402969220972671183e-01 2.798341432110011272e-04
2.458846656515789684e+06 9.406887216065645818e-01 2.799344415009602147e-04
2.458846661155889742e+06 9.410888131194019568e-01 2.800899309646059910e-04
2.458846665795989800e+06 9.414971966746826793e-01 2.802454204282517672e-04
2.458846670436090324e+06 9.419299121786791629e-01 2.804009099075018148e-04
2.458846675076190382e+06 9.424151094382179350e-01 2.805563993711475911e-04
2.458846679716290906e+06 9.429533116857419239e-01 2.806469128555421971e-04
2.458846684356390964e+06 9.435445188132279837e-01 2.806944943982060290e-04
2.458846688996491488e+06 9.441867350071979637e-01 2.807420759456450668e-04
2.458846693636591546e+06 9.448571400606833315e-01 2.807896574883088987e-04
2.458846698276691604e+06 9.455492735554671402e-01 2.808478689051027385e-04
2.458846702916792128e+06 9.462631355642797670e-01 2.809900493393472287e-04
2.458846707556892186e+06 9.469987259438410465e-01 2.811322297593231304e-04
2.458846712196992710e+06 9.477407201054415253e-01 2.812744101935676206e-04
2.458846716837092768e+06 9.484640712774464744e-01 2.814165906135435223e-04
2.458846721477192827e+06 9.491684219052518579e-01 2.815279098450479390e-04
2.458846726117293350e+06 9.498537720566827547e-01 2.816205214635729014e-04
2.458846730757393409e+06 9.505257026604642112e-01 2.817131330728037033e-04
2.458846735397493932e+06 9.512417253221566726e-01 2.818057446913286115e-04
2.458846740037593991e+06 9.520169895724174269e-01 2.819188373763030432e-04
2.458846744677694049e+06 9.528514954801311498e-01 2.821656533017769539e-04
2.458846749317794573e+06 9.537452431379628282e-01 2.824124692520203306e-04
2.458846753957894631e+06 9.546679607924706268e-01 2.826592851774941870e-04
2.458846758597995155e+06 9.555736119660238614e-01 2.829061011277375095e-04
2.458846763238095213e+06 9.564617142473625933e-01 2.830850716121922819e-04
2.458846767878195737e+06 9.573322678147393461e-01 2.832263806520967319e-04
2.458846772518295795e+06 9.581858088316305144e-01 2.833676896778200343e-04
2.458846777158395853e+06 9.590273420775092816e-01 2.835089987035432826e-04
2.458846781798496377e+06 9.598580931070752609e-01 2.836418284138677811e-04
2.458846786438596435e+06 9.606780617535872757e-01 2.837278137116283541e-04
2.458846791078696959e+06 9.614872481816226779e-01 2.838137990180179837e-04
2.458846795718797017e+06 9.622921886446051953e-01 2.838997843157785566e-04
2.458846800358897075e+06 9.631021232120920983e-01 2.839857696135391295e-04
2.458846804998997599e+06 9.639171184606849518e-01 2.841145844497641629e-04
2.458846809639097657e+06 9.647371742268044947e-01 2.842651214072570401e-04
2.458846814279198181e+06 9.655628927388827387e-01 2.844156583798571904e-04
2.458846818919298239e+06 9.663993820813504554e-01 2.845661953373500677e-04
2.458846823559398763e+06 9.672478038104753706e-01 2.847211396072826437e-04
2.458846828199498821e+06 9.681081577559690343e-01 2.848970471207822584e-04
2.458846832839598879e+06 9.689804440023771503e-01 2.850729546342819273e-04
2.458846837479699403e+06 9.698481167644487089e-01 2.852488621654349012e-04
2.458846842119799461e+06 9.706894616045151913e-01 2.854247696789345701e-04
2.458846846759899985e+06 9.715043815465428390e-01 2.855975472451417903e-04
2.458846851400000043e+06 9.722928764269681556e-01 2.857688783972810653e-04
