2.458872000000000000e+06 9.846465319500002922e-01 1.805103198669904705e-04
2.458872006171929650e+06 9.845053793929813279e-01 1.804855724991502228e-04
2.458872012343859766e+06 9.843564777993080162e-01 1.804637721618226106e-04
2.458872018515789416e+06 9.841998271914487173e-01 1.804476972399191232e-04
2.458872024687719531e+06 9.840366401344372571e-01 1.804316223168027930e-04
2.458872030859649181e+06 9.838710621234915132e-01 1.804155473948993327e-04
2.458872037031578831e+06 9.837034382947049682e-01 1.804260549001015243e-04
2.458872043203508947e+06 9.835375255658207472e-01 1.804375442934612480e-04
2.458872049375438597e+06 9.834420534912685641e-01 1.804490336859541249e-04
2.458872055547368247e+06 9.834427039374206148e-01 1.804303545994996442e-04
2.458872061719298363e+06 9.835394769152042693e-01 1.803906190260276478e-04
2.458872067891228013e+06 9.836320200157492311e-01 1.803508834555536059e-04
2.458872074063158128e+06 9.835747791953957098e-01 1.803161139911791256e-04
2.458872080235087778e+06 9.833665489252152447e-01 1.802996384754578364e-04
2.458872086407017428e+06 9.830393079577675053e-01 1.802831629597365743e-04
2.458872092578947544e+06 9.827664171683759831e-01 1.802666874427722203e-04
2.458872098750877194e+06 9.825738899036939866e-01 1.802704089876796406e-04
2.458872104922806844e+06 9.824607722000522347e-01 1.802780330688036608e-04
2.458872111094736960e+06 9.823740805772805951e-01 1.802856571505028502e-04
2.458872117266666610e+06 9.822833493537578287e-01 1.802741768184432309e-04
2.458872123438596725e+06 9.821885785157931092e-01 1.802405055666235001e-04
2.458872129610526375e+06 9.820937050594567008e-01 1.802068343173441635e-04
2.458872135782456025e+06 9.820075724704470099e-01 1.801796304004743185e-04
2.458872141954386141e+06 9.819305129221523876e-01 1.802201330681486554e-04
2.458872148126315791e+06 9.818619958375879309e-01 1.802606357327671412e-04
2.458872154298245441e+06 9.817971010048693881e-01 1.803011383973856271e-04
2.458872160470175557e+06 9.817346293369553223e-01 1.802895693890395063e-04
2.458872166642105207e+06 9.816745694665591770e-01 1.802569124117632256e-04
2.458872172814035323e+06 9.815963042406493644e-01 1.802242554320230140e-04
2.458872178985964973e+06 9.814810757323259027e-01 1.801919410042742678e-04
2.458872185157894623e+06 9.813288839370780670e-01 1.801603025598922704e-04
2.458872191329824738e+06 9.811589333720401873e-01 1.801286641131232122e-04
2.458872197501754388e+06 9.810376848607772482e-01 1.800970256687412147e-04
2.458872203673684038e+06 9.809707755639428539e-01 1.800832083363777347e-04
2.458872209845614154e+06 9.809559538848287019e-01 1.800701165655935242e-04
2.458872216017543804e+06 9.809510619000476606e-01 1.800570247957970218e-04
2.458872222189473920e+06 9.809401579696211959e-01 1.800451904765657961e-04
2.458872228361403570e+06 9.809232420951947695e-01 1.800342465752515408e-04
2.458872234533333220e+06 9.808925025062261716e-01 1.800233026739373127e-04
2.458872240705263335e+06 9.808364660640912502e-01 1.800247522099070565e-04
2.458872246877192985e+06 9.807550313808449660e-01 1.800728235521284904e-04
2.458872253049122635e+06 9.806566647296661721e-01 1.801208948943499243e-04
2.458872259221052751e+06 9.805878904956599751e-01 1.801689662401982314e-04
2.458872265392982401e+06 9.805557916457144918e-01 1.801576810701877040e-04
2.458872271564912517e+06 9.805603808109806252e-01 1.801346298375741109e-04
2.458872277736842167e+06 9.806023907855447863e-01 1.801115786066996322e-04
2.458872283908771817e+06 9.806822480778112361e-01 1.801147640054671982e-04
2.458872290080701932e+06 9.807999526980879512e-01 1.801488571577890664e-04
2.458872296252631582e+06 9.809153931316831887e-01 1.801829503075386650e-04
2.458872302424561232e+06 9.809373911360012022e-01 1.802101588157671347e-04
2.458872308596491348e+06 9.808624245110928452e-01 1.801619894542570786e-04
2.458872314768420998e+06 9.807077625107271102e-01 1.801138200963812953e-04
2.458872320940351114e+06 9.806362308248819382e-01 1.800656507348712663e-04
2.458872327112280764e+06 9.806880138697542382e-01 1.800751434360783356e-04
2.458872333284210414e+06 9.808630638021756942e-01 1.801083885179847967e-04
2.458872339456140529e+06 9.810433801204430093e-01 1.801416336023995595e-04
2.458872345628070179e+06 9.811201363523019969e-01 1.801566841925252547e-04
2.458872351799999829e+06 9.810933325152644269e-01 1.801352609100302031e-04
2.458872357971929945e+06 9.810111970058524866e-01 1.801138376259188228e-04
2.458872364143859595e+06 9.810426879252156507e-01 1.800924143434237711e-04
2.458872370315789711e+06 9.812024025914758418e-01 1.801250021538461127e-04
2.458872376487719361e+06 9.814823648494660491e-01 1.801599945088560662e-04
2.458872382659649011e+06 9.817296811029941894e-01 1.801949868638659925e-04
2.458872388831579126e+06 9.818858436357138508e-01 1.802237568463606473e-04
2.458872395003508776e+06 9.819508524240605496e-01 1.802480567377583577e-04
2.458872401175438426e+06 9.819780084377861540e-01 1.802723566291560681e-04
2.458872407347368542e+06 9.820465786435969013e-01 1.802918955066300168e-04
2.458872413519298192e+06 9.821573088633968052e-01 1.802931399065402544e-04
2.458872419691228308e+06 9.823052936224049292e-01 1.802943843065443839e-04
2.458872425863157958e+06 9.824632055826558741e-01 1.802956287064545944e-04
2.458872432035087608e+06 9.826268239917193004e-01 1.803045125558912578e-04
2.458872438207017723e+06 9.827960771488284397e-01 1.803149493214459655e-04
2.458872444378947373e+06 9.829666178240014096e-01 1.803253860862131901e-04
2.458872450550877023e+06 9.831358848253990423e-01 1.803461858040955905e-04
2.458872456722807139e+06 9.833038781656483485e-01 1.803793669616261678e-04
2.458872462894736789e+06 9.834963664830341790e-01 1.804125481166532680e-04
2.458872469066666905e+06 9.837726256583788631e-01 1.804443845413002058e-04
2.458872475238596555e+06 9.841350095861535197e-01 1.804607961301604301e-04
2.458872481410526205e+06 9.845648617401365765e-01 1.804772077190206273e-04
2.458872487582456321e+06 9.848833020539270455e-01 1.804936193091190647e-04
2.458872493754385971e+06 9.850456257049703401e-01 1.805170498375177591e-04
2.458872499926315621e+06 9.850518705097854877e-01 1.805434208864912637e-04
2.458872506098245736e+06 9.850366568356964114e-01 1.805697919374544148e-04
2.458872512270175386e+06 9.851258441429239232e-01 1.805915008425121771e-04
2.458872518442105502e+06 9.853194324449261465e-01 1.806037147129664546e-04
2.458872524614035152e+06 9.855946736738045999e-01 1.806159285824991874e-04
2.458872530785964802e+06 9.858708913504090621e-01 1.806281424520319743e-04
2.458872536957894918e+06 9.861409868817279101e-01 1.807092552842775842e-04
2.458872543129824568e+06 9.864069534479824597e-01 1.807936997451260481e-04
2.458872549301754218e+06 9.867079198011352581e-01 1.808781442059745120e-04
2.458872555473684333e+06 9.870590386838050678e-01 1.809186434714746359e-04
2.458872561645613983e+06 9.874603100430091596e-01 1.809271156182405650e-04
2.458872567817544099e+06 9.878481571832067321e-01 1.809355877656457126e-04
2.458872573989473749e+06 9.881268454379827926e-01 1.809414126776283719e-04
2.458872580161403399e+06 9.882954178346278207e-01 1.809368441961746118e-04
2.458872586333333515e+06 9.883798701602704018e-01 1.809322757143761839e-04
2.458872592505263165e+06 9.885270180809322405e-01 1.809277072329224239e-04
2.458872598677192815e+06 9.887598653347896560e-01 1.809537158412646829e-04
2.458872604849122930e+06 9.890772333602231292e-01 1.809860958083397823e-04
2.458872611021052580e+06 9.894043551352922350e-01 1.810184757729719031e-04
2.458872617192982696e+06 9.896966400005017261e-01 1.810458152668963496e-04
2.458872623364912346e+06 9.899540879117463277e-01 1.810670467730555143e-04
2.458872629536841996e+06 9.901763633904615558e-01 1.810882782792146519e-04
2.458872635708772112e+06 9.903626854581195627e-01 1.811125817362705748e-04
2.458872641880701762e+06 9.905130222163185394e-01 1.811738726866429967e-04
2.458872648052631412e+06 9.906378551643857389e-01 1.812351636370154728e-04
2.458872654224561527e+06 9.908393942625112194e-01 1.812964545920122067e-04
2.458872660396491177e+06 9.911435056080697414e-01 1.813307896093577980e-04
2.458872666568421293e+06 9.915501719317887375e-01 1.813536405411261452e-04
2.458872672740350943e+06 9.919622458646386587e-01 1.813764914711704483e-04
2.458872678912280593e+06 9.922876481712750163e-01 1.814096976780257007e-04
2.458872685084210709e+06 9.925263788664393516e-01 1.814643319448519456e-04
2.458872691256140359e+06 9.927089381349017971e-01 1.815189662075561352e-04
2.458872697428070009e+06 9.929448341945764644e-01 1.815736004702603248e-04
2.458872703600000124e+06 9.932438787390035495e-01 1.815761297047495696e-04
2.458872709771929774e+06 9.936021642389528674e-01 1.815759379308165187e-04
2.458872715943859890e+06 9.939411094733805463e-01 1.815757461568690207e-04
2.458872722115789540e+06 9.942299190462045022e-01 1.815919581684561886e-04
2.458872728287719190e+06 9.944685929848884332e-01 1.816202980934844254e-04
2.458872734459649306e+06 9.946852769014931095e-01 1.816486380206508444e-04
2.458872740631578956e+06 9.949228832976485526e-01 1.816834749494319716e-04
2.458872746803508606e+06 9.951818670462094785e-01 1.817443823505683208e-04
2.458872752975438721e+06 9.954567081385818916e-01 1.818052897563000609e-04
2.458872759147368371e+06 9.957157986706660635e-01 1.818661971574364101e-04
2.458872765319298487e+06 9.959541149647881397e-01 1.818700619079917456e-04
2.458872771491228137e+06 9.961714291692475021e-01 1.818617474429550353e-04
2.458872777663157787e+06 9.963525986074314167e-01 1.818534329779183251e-04
2.458872783835087903e+06 9.964884810854244268e-01 1.818705556171675822e-04
2.458872790007017553e+06 9.965790765827223785e-01 1.819189423102157937e-04
2.458872796178947203e+06 9.966323943515075223e-01 1.819673290032640053e-04
2.458872802350877319e+06 9.966673016982325883e-01 1.820086529739124042e-04
2.458872808522806969e+06 9.966845894884077683e-01 1.819605262421544799e-04
2.458872814694737084e+06 9.966948704375316881e-01 1.819123995067654812e-04
2.458872820866666734e+06 9.968034124321818457e-01 1.818642727750075839e-04
2.458872827038596384e+06 9.970371909940966004e-01 1.818903740174944742e-04
2.458872833210526500e+06 9.973961945453801992e-01 1.819486306772006765e-04
2.458872839382456150e+06 9.977625207859660561e-01 1.820068873325115502e-04
2.458872845554386266e+06 9.980228667783362928e-01 1.820413598532875227e-04
2.458872851726315916e+06 9.981772324832056675e-01 1.820258219041094886e-04
2.458872857898245566e+06 9.982560154833156618e-01 1.820102839549314817e-04
2.458872864070175681e+06 9.983697093086217889e-01 1.819947460045811811e-04
2.458872870242105331e+06 9.985283934892241753e-01 1.820505583449933480e-04
2.458872876414034981e+06 9.987302946964762285e-01 1.821103747615217315e-04
2.458872882585965097e+06 9.989388671876271442e-01 1.821701911825631607e-04
2.458872888757894747e+06 9.991396173544752068e-01 1.821908616189162045e-04
2.458872894929824863e+06 9.993325452273127407e-01 1.821821721288547063e-04
2.458872901101754513e+06 9.994798745883151092e-01 1.821734826394487709e-04
2.458872907273684163e+06 9.995232898886584616e-01 1.821673080096281711e-04
2.458872913445614278e+06 9.994621369054078608e-01 1.821714503265241866e-04
2.458872919617543928e+06 9.993227602272414245e-01 1.821755926431076807e-04
2.458872925789473578e+06 9.992581131493591950e-01 1.821797349596912020e-04
2.458872931961403694e+06 9.992928541167798162e-01 1.821788837291765239e-04
2.458872938133333344e+06 9.994257527690557641e-01 1.821769404202054523e-04
2.458872944305263460e+06 9.995710098440497848e-01 1.821749971110877967e-04
2.458872950477193110e+06 9.996761859159138952e-01 1.821849928695800389e-04
2.458872956649122760e+06 9.997412809971194525e-01 1.822098723383803673e-04
2.458872962821052875e+06 9.997705275913185696e-01 1.822347518090578562e-04
2.458872968992982525e+06 9.997740155674564866e-01 1.822559460136054059e-04
2.458872975164912175e+06 9.997521792144660191e-01 1.822279299759395203e-04
2.458872981336842291e+06 9.997109702782648322e-01 1.821999139361598740e-04
2.458872987508771941e+06 9.997104472731879188e-01 1.821718978984939884e-04
2.458872993680702057e+06 9.997661940260968993e-01 1.821819349721723932e-04
2.458872999852631707e+06 9.998782076730206025e-01 1.822087321794899442e-04
2.458873006024561357e+06 9.999782929835706602e-01 1.822355293868074680e-04
2.458873012196491472e+06 1.000000000000000000e+00 1.822491225244074454e-04
2.458873018368421122e+06 9.999433287190327979e-01 1.822345008290573206e-04
2.458873024540350772e+06 9.998283604103840316e-01 1.822198791337071959e-04
2.458873030712280888e+06 9.997289972874798814e-01 1.822052574372538954e-04
2.458873036884210538e+06 9.996521022833655401e-01 1.821911985761821948e-04
2.458873043056140654e+06 9.995964349733581500e-01 1.821771735103481799e-04
2.458873049228070304e+06 9.995357904167990748e-01 1.821631484455722651e-04
2.458873055399999954e+06 9.994596515163944872e-01 1.821652688993974335e-04
2.458873061571930069e+06 9.993680182646463850e-01 1.821796732514239083e-04
2.458873067743859719e+06 9.992616488906534977e-01 1.821940776023636059e-04
2.458873073915789369e+06 9.991417284523288478e-01 1.822030759717549323e-04
2.458873080087719485e+06 9.990082709857120991e-01 1.821893939683039978e-04
2.458873086259649135e+06 9.988612765109414759e-01 1.821757119658853322e-04
2.458873092431579251e+06 9.987007450058359437e-01 1.821620299624344247e-04
2.458873098603508901e+06 9.985478597453674166e-01 1.821483479600157862e-04
2.458873104775438551e+06 9.984438407131814852e-01 1.821346659575971477e-04
2.458873110947368667e+06 9.983897501595001556e-01 1.821209839541462132e-04
2.458873117119298317e+06 9.983855880924851212e-01 1.821004639249057424e-04
2.458873123291227967e+06 9.984313545061722639e-01 1.820712972457259567e-04
2.458873129463158082e+06 9.984729271286244545e-01 1.820421305643455930e-04
2.458873135635087732e+06 9.983797377815575302e-01 1.820133924542110767e-04
2.458873141807017848e+06 9.981460179251455678e-01 1.819907034694552247e-04
2.458873147978947498e+06 9.977880655745973160e-01 1.819680144864112465e-04
2.458873154150877148e+06 9.974732154276095830e-01 1.819453255033672413e-04
2.458873160322807264e+06 9.972454318477953494e-01 1.819401156731640095e-04
2.458873166494736914e+06 9.971047144152874742e-01 1.819427323214130245e-04
2.458873172666666564e+06 9.970003732210369618e-01 1.819453489696619853e-04
2.458873178838596679e+06 9.968823221594012018e-01 1.819354040840772736e-04
2.458873185010526329e+06 9.967505612481933897e-01 1.818981786403396075e-04
2.458873191182456445e+06 9.965979083614673328e-01 1.818609531937933157e-04
2.458873197354386095e+06 9.963976025883044541e-01 1.818237277500556225e-04
2.458873203526315745e+06 9.961471143823572572e-01 1.817902872956604393e-04
2.458873209698245861e+06 9.958490076590084117e-01 1.817570891019439235e-04
2.458873215870175511e+06 9.955588278309396300e-01 1.817238909107321586e-04
2.458873222042105161e+06 9.952991347151254331e-01 1.817027071541882637e-04
2.458873228214035276e+06 9.950699282954225122e-01 1.816907958638881422e-04
2.458873234385964926e+06 9.948802123777089612e-01 1.816788845744867701e-04
2.458873240557895042e+06 9.947442347230628368e-01 1.816633486024516050e-04
2.458873246729824692e+06 9.946621734932689085e-01 1.816322556623898709e-04
2.458873252901754342e+06 9.946146669411917163e-01 1.816011627223281368e-04
2.458873259073684458e+06 9.944861219764361548e-01 1.815700697799204602e-04
2.458873265245614108e+06 9.942573690082765481e-01 1.815726895704091988e-04
2.458873271417543758e+06 9.939299718127768690e-01 1.815830368369638172e-04
2.458873277589473873e+06 9.936244641928562160e-01 1.815933841042991154e-04
2.458873283761403523e+06 9.934163515161136271e-01 1.815772987506166251e-04
2.458873289933333639e+06 9.933056337511456668e-01 1.815273096872545852e-04
2.458873296105263289e+06 9.932481290519381556e-01 1.814773206276641324e-04
2.458873302277192939e+06 9.931359722943259305e-01 1.814315673200674343e-04
2.458873308449123055e+06 9.929642736362587208e-01 1.814491892102960350e-04
2.458873314621052705e+06 9.927388497059919104e-01 1.814668110991951328e-04
2.458873320792982355e+06 9.925204731047874152e-01 1.814844329880942306e-04
2.458873326964912470e+06 9.923253107901132131e-01 1.814501710550719548e-04
2.458873333136842120e+06 9.921533627914187470e-01 1.813922936976019651e-04
2.458873339308772236e+06 9.919922007682435705e-01 1.813344163357652158e-04
2.458873345480701886e+06 9.918293710721036716e-01 1.812930010118051286e-04
2.458873351652631536e+06 9.916648736876689796e-01 1.812879253964051762e-04
2.458873357824561652e+06 9.914907864676020255e-01 1.812828497806222565e-04
2.458873363996491302e+06 9.912772219414904828e-01 1.812777741652223042e-04
2.458873370168420952e+06 9.910213049533149743e-01 1.812293558100721701e-04
2.458873376340351067e+06 9.907261000806225626e-01 1.811779902385659809e-04
2.458873382512280717e+06 9.904597145489665300e-01 1.811266246709352181e-04
2.458873388684210833e+06 9.902501419165782304e-01 1.811106765021645415e-04
2.458873394856140483e+06 9.900973822150812564e-01 1.811224556798739390e-04
2.458873401028070133e+06 9.899673806123671094e-01 1.811342348575833365e-04
2.458873407200000249e+06 9.898055781189298852e-01 1.811411716562651630e-04
2.458873413371929899e+06 9.896112562963581549e-01 1.811268397554868684e-04
2.458873419543859549e+06 9.893919004636271275e-01 1.811125078547085466e-04
2.458873425715789665e+06 9.891928322546300612e-01 1.810981759528489229e-04
2.458873431887719315e+06 9.890216739993479278e-01 1.810943519046652093e-04
2.458873438059649430e+06 9.888782625592174025e-01 1.810929924408848915e-04
2.458873444231579080e+06 9.887493503556508134e-01 1.810916329772071121e-04
2.458873450403508730e+06 9.886265355339894922e-01 1.810816598589641644e-04
2.458873456575438846e+06 9.885098180856576322e-01 1.810604794984995586e-04
2.458873462747368496e+06 9.883790637178452299e-01 1.810392991396329854e-04
2.458873468919298146e+06 9.881845270006005544e-01 1.810180288122502953e-04
2.458873475091228262e+06 9.879238947623907308e-01 1.809953270461189573e-04
2.458873481263157912e+06 9.876081415317007339e-01 1.809726252817004148e-04
2.458873487435088027e+06 9.873539682297772790e-01 1.809499235155690496e-04
2.458873493607017677e+06 9.871928083300695045e-01 1.809093580619924489e-04
2.458873499778947327e+06 9.871246618098918901e-01 1.808605281733669673e-04
2.458873505950877443e+06 9.870666145463046215e-01 1.808116982810573938e-04
2.458873512122807093e+06 9.869344111408682174e-01 1.807729876570413801e-04
2.458873518294736743e+06 9.867280502386168717e-01 1.807569851934621996e-04
2.458873524466666859e+06 9.864767194108949866e-01 1.807409827286756787e-04
2.458873530638596509e+06 9.862919145809123656e-01 1.807249802650964983e-04
2.458873536810526624e+06 9.861845501996632235e-01 1.807060400301778631e-04
2.458873542982456274e+06 9.861528821852770799e-01 1.806868882135800219e-04
2.458873549154385924e+06 9.861571336985021086e-01 1.806677363969822077e-04
2.458873555326316040e+06 9.861807593904742264e-01 1.806873430558769049e-04
2.458873561498245690e+06 9.862237592576285072e-01 1.807377284425337922e-04
2.458873567670175340e+06 9.862496663521004292e-01 1.807881138291906524e-04
2.458873573842105456e+06 9.861993322380365745e-01 1.808245637655934014e-04
2.458873580014035106e+06 9.860719377553919252e-01 1.807983546713691232e-04
2.458873586185965221e+06 9.858797710392003255e-01 1.807721455751674228e-04
2.458873592357894871e+06 9.856982928039108582e-01 1.807459364809431716e-04
2.458873598529824521e+06 9.855403729284417658e-01 1.807067320610752394e-04
2.458873604701754637e+06 9.854062093291408031e-01 1.806644096977615870e-04
2.458873610873684287e+06 9.853127677705487697e-01 1.806220873376410455e-04
2.458873617045613937e+06 9.852709424107791714e-01 1.805933681025870914e-04
2.458873623217544053e+06 9.852807332525177486e-01 1.805826031959975586e-04
2.458873629389473703e+06 9.853180989857923677e-01 1.805718382902202017e-04
2.458873635561403818e+06 9.853229281154333163e-01 1.805614917419711796e-04
2.458873641733333468e+06 9.852923544641855047e-01 1.805582486329860138e-04
2.458873647905263118e+06 9.852307885498429174e-01 1.805550055240008481e-04
2.458873654077193234e+06 9.851859720498070683e-01 1.805517624147709780e-04
2.458873660249122884e+06 9.851709247263409353e-01 1.805508324544231543e-04
2.458873666421053000e+06 9.851856465771738902e-01 1.805509901351610329e-04
2.458873672592982650e+06 9.851999932751247524e-01 1.805511478158869853e-04
2.458873678764912300e+06 9.851829027051289822e-01 1.805574548103987872e-04
2.458873684936842415e+06 9.851343731224844191e-01 1.805777913634855000e-04
2.458873691108772065e+06 9.850685887588729317e-01 1.805981279150378500e-04
2.458873697280701715e+06 9.850404145680099477e-01 1.806184644665902270e-04
2.458873703452631831e+06 9.850553151463977697e-01 1.806316882387354512e-04
2.458873709624561481e+06 9.851126060006905050e-01 1.806443708827882265e-04
2.458873715796491597e+06 9.851962608348119321e-01 1.806570535277978915e-04
2.458873721968421247e+06 9.852995333964797986e-01 1.806709493949022294e-04
2.458873728140350897e+06 9.854224236912655366e-01 1.806858225221719908e-04
2.458873734312281013e+06 9.855247270700684403e-01 1.807006956505639015e-04
2.458873740484210663e+06 9.855404246485227615e-01 1.807098895973520078e-04
2.458873746656140313e+06 9.854685561656616466e-01 1.806929325272290581e-04
2.458873752828070428e+06 9.853379258988349543e-01 1.806759754558266956e-04
2.458873759000000078e+06 9.853279510315130496e-01 1.806590183857036916e-04
2.458873765171930194e+06 9.854696605811260612e-01 1.806697078063407205e-04
2.458873771343859844e+06 9.857611563730125370e-01 1.806871805342613547e-04
2.458873777515789494e+06 9.860304212128461199e-01 1.807046532621820161e-04
2.458873783687719610e+06 9.861656163594062496e-01 1.807192890919975489e-04
2.458873789859649260e+06 9.861667417922923562e-01 1.807301264449492776e-04
2.458873796031578910e+06 9.860775373069414762e-01 1.807409637979010334e-04
2.458873802203509025e+06 9.860086813516747428e-01 1.807525987170372449e-04
2.458873808375438675e+06 9.859655835263199108e-01 1.807787438843038829e-04
2.458873814547368791e+06 9.859504700346672923e-01 1.808048890535430913e-04
2.458873820719298441e+06 9.859878744536588746e-01 1.808310342208097022e-04
2.458873826891228091e+06 9.860845707783416625e-01 1.808308858981462518e-04
2.458873833063158207e+06 9.862405590227212304e-01 1.808181734222146203e-04
2.458873839235087857e+06 9.864222149201880008e-01 1.808054609472421010e-04
2.458873845407017507e+06 9.865944061568223677e-01 1.808072196295256178e-04
2.458873851578947622e+06 9.867571285406494530e-01 1.808425486341391102e-04
2.458873857750877272e+06 9.868997622456890939e-01 1.808778776360870917e-04
2.458873863922807388e+06 9.869807113747727234e-01 1.809132066407005842e-04
2.458873870094737038e+06 9.869957611049657853e-01 1.808895999840785015e-04
2.458873876266666688e+06 9.869487943756928283e-01 1.808612685956346002e-04
2.458873882438596804e+06 9.869331803573889728e-01 1.808329372050531401e-04
2.458873888610526454e+06 9.869886947333982308e-01 1.808537247176175938e-04
2.458873894782456104e+06 9.871153374998593577e-01 1.809146448723638516e-04
2.458873900954386219e+06 9.872594313740574723e-01 1.809755650317063948e-04
2.458873907126315869e+06 9.873317439346465108e-01 1.810163079972488425e-04
2.458873913298245985e+06 9.873309138038877109e-01 1.809618655323589373e-04
2.458873919470175635e+06 9.872772224600887547e-01 1.809074230715766133e-04
2.458873925642105285e+06 9.872988181147938080e-01 1.808529806107942893e-04
2.458873931814035401e+06 9.874181728089251875e-01 1.808936826299600224e-04
2.458873937985965051e+06 9.876340172357601643e-01 1.809582507492017277e-04
2.458873944157894701e+06 9.878245177210982497e-01 1.810228188684434331e-04
2.458873950329824816e+06 9.879094689940977059e-01 1.810499832545974463e-04
2.458873956501754466e+06 9.878888710419401198e-01 1.810263396721575998e-04
2.458873962673684582e+06 9.878142856633488345e-01 1.810026960879338885e-04
2.458873968845614232e+06 9.878177530115680449e-01 1.809797158631209547e-04
2.458873975017543882e+06 9.879058865294940706e-01 1.809697265776126181e-04
2.458873981189473998e+06 9.880703032253935758e-01 1.809597372913505984e-04
2.458873987361403648e+06 9.882169331487102859e-01 1.809497480058422619e-04
2.458873993533333298e+06 9.883194793297839231e-01 1.809406135899731412e-04
2.458873999705263413e+06 9.883779417713626225e-01 1.809318942726983526e-04
2.458874005877193063e+06 9.884310465061033613e-01 1.809231749560814308e-04
2.458874012049123179e+06 9.885198196340632126e-01 1.809255631022737329e-04
2.458874018221052829e+06 9.886442696169096545e-01 1.809541544488929002e-04
2.458874024392982479e+06 9.887874163204801725e-01 1.809827457955120946e-04
2.458874030564912595e+06 9.888819098274884700e-01 1.810113371442884718e-04
2.458874036736842245e+06 9.889208082512410680e-01 1.810025941053801119e-04
2.458874042908771895e+06 9.889069048705904086e-01 1.809907041281752136e-04
2.458874049080702011e+06 9.889092096659921616e-01 1.809788141500732735e-04
2.458874055252631661e+06 9.889574745458757921e-01 1.809767909088993098e-04
2.458874061424561776e+06 9.890516995175244741e-01 1.809829447182166834e-04
2.458874067596491426e+06 9.891688406449744564e-01 1.809890985270697745e-04
2.458874073768421076e+06 9.892701167643764837e-01 1.809969993731987787e-04
2.458874079940351192e+06 9.893549080432667564e-01 1.810133470269479727e-04
2.458874086112280842e+06 9.894243287840384093e-01 1.810296946794636970e-04
2.458874092284210492e+06 9.894855216805916731e-01 1.810460423319794755e-04
2.458874098456140608e+06 9.895397567081064549e-01 1.810568745678134558e-04
2.458874104628070258e+06 9.895870182150696692e-01 1.810662927930636564e-04
2.458874110800000373e+06 9.896257127083689653e-01 1.810757110190244431e-04
2.458874116971930023e+06 9.896547779507067766e-01 1.810858711423786298e-04
2.458874123143859673e+06 9.896742139453661435e-01 1.810970536867481261e-04
2.458874129315789789e+06 9.896850584495664460e-01 1.811082362319613214e-04
2.458874135487719439e+06 9.896900009505403828e-01 1.811187057582715632e-04
2.458874141659649089e+06 9.896891794502606921e-01 1.811140648318926088e-04
2.458874147831579205e+06 9.896835397590373340e-01 1.811094239051635113e-04
2.458874154003508855e+06 9.896838908183723804e-01 1.811047829787845568e-04
2.458874160175438970e+06 9.896932917822405251e-01 1.811149098563904667e-04
2.458874166347368620e+06 9.897117426492231251e-01 1.811323229186131815e-04
2.458874172519298270e+06 9.897209781810865081e-01 1.811497359808358963e-04
2.458874178691228386e+06 9.897013801763251406e-01 1.811527391298160166e-04
2.458874184863158036e+06 9.896529424316172774e-01 1.811211688992573623e-04
2.458874191035087686e+06 9.895865835176288483e-01 1.810895986686987622e-04
2.458874197207017802e+06 9.895461605322737331e-01 1.810580284357582242e-04
2.458874203378947452e+06 9.895362711710554704e-01 1.810925647766708992e-04
2.458874209550877567e+06 9.895564497481553756e-01 1.811329480831006065e-04
2.458874215722807217e+06 9.895948704987920230e-01 1.811733313864834888e-04
2.458874221894736867e+06 9.896463737225411617e-01 1.811899407121119159e-04
2.458874228066666983e+06 9.897109594247692765e-01 1.811865654928988822e-04
2.458874234238596633e+06 9.897592254178217974e-01 1.811831902739405276e-04
2.458874240410526283e+06 9.897410795440140241e-01 1.811823788837786816e-04
2.458874246582456399e+06 9.896556840357250140e-01 1.811942773840986278e-04
2.458874252754386049e+06 9.895145950770750654e-01 1.812061758835208276e-04
2.458874258926316164e+06 9.893929651365828137e-01 1.812180743838407468e-04
2.458874265098245814e+06 9.893043416189785111e-01 1.811747420095055259e-04
2.458874271270175464e+06 9.892484098187895869e-01 1.811169413848435778e-04
2.458874277442105580e+06 9.891910790723404956e-01 1.810591407558206705e-04
2.458874283614035230e+06 9.891093375875227300e-01 1.810277536072610403e-04
2.458874289785964880e+06 9.890031853609311252e-01 1.810332980009058388e-04
2.458874295957894996e+06 9.888845956771683543e-01 1.810388423949689496e-04
2.458874302129824646e+06 9.887849728487506651e-01 1.810437693524292655e-04
2.458874308301754761e+06 9.887059671647869807e-01 1.810344491448296744e-04
2.458874314473684411e+06 9.886412563152943145e-01 1.810251289379332968e-04
2.458874320645614062e+06 9.885172439436725744e-01 1.810158087310368921e-04
2.458874326817544177e+06 9.883128423043503474e-01 1.809823456765273020e-04
2.458874332989473827e+06 9.880280514281712945e-01 1.809367802226264190e-04
2.458874339161403477e+06 9.877461865339755009e-01 1.808912147687254818e-04
2.458874345333333593e+06 9.875579690646245634e-01 1.808659573422487666e-04
2.458874351505263243e+06 9.874634397455818169e-01 1.808902614751897644e-04
2.458874357677193359e+06 9.874453365324395993e-01 1.809145656099645275e-04
2.458874363849123009e+06 9.874334393256287701e-01 1.809388697429055253e-04
2.458874370021052659e+06 9.874202617615032151e-01 1.809555331495116314e-04
2.458874376192982774e+06 9.874036002687841540e-01 1.809714887305326463e-04
2.458874382364912424e+06 9.873259118773920484e-01 1.809874443103497903e-04
2.458874388536842074e+06 9.871617877886389447e-01 1.809434993879289642e-04
2.458874394708772190e+06 9.869112279803600174e-01 1.808484818573617378e-04
2.458874400880701840e+06 9.866106562054652862e-01 1.807534643339633916e-04
2.458874407052631956e+06 9.863228917945284779e-01 1.806725060058161263e-04
2.458874413224561606e+06 9.860490329163088541e-01 1.806630409037910843e-04
2.458874419396491256e+06 9.857999174283705868e-01 1.806535758017660152e-04
2.458874425568421371e+06 9.856470583822138920e-01 1.806441106990268634e-04
2.458874431740351021e+06 9.856035251890828963e-01 1.806362122798765347e-04
2.458874437912280671e+06 9.856679175093839840e-01 1.806287331020044011e-04
2.458874444084210787e+06 9.856785507698466731e-01 1.806212539235679945e-04
2.458874450256140437e+06 9.855249028434804881e-01 1.806123387262527195e-04
2.458874456428070553e+06 9.852069737071001976e-01 1.806013863113513579e-04
2.458874462600000203e+06 9.848076092599459264e-01 1.805904338972763210e-04
