2.458830000000000000e+06 9.884230177356728708e-01 1.909988881523200027e-04
2.458830006171929650e+06 9.885554573815437118e-01 1.910053637987334935e-04
2.458830012343859766e+06 9.885275825743774503e-01 1.910231431175161466e-04
2.458830018515789416e+06 9.883381617166134836e-01 1.910817860615121957e-04
2.458830024687719531e+06 9.880252957767379218e-01 1.911404290099327926e-04
2.458830030859649181e+06 9.877930107681635041e-01 1.911990719539288688e-04
2.458830037031578831e+06 9.876715190010849632e-01 1.911556145323783896e-04
2.458830043203508947e+06 9.876585372352856274e-01 1.910928902222006900e-04
2.458830049375438597e+06 9.876320333966150944e-01 1.910301659167553973e-04
2.458830055547368247e+06 9.875226097301464945e-01 1.909880490406440313e-04
2.458830061719298363e+06 9.873302662182398270e-01 1.909695636245018683e-04
2.458830067891228013e+06 9.870749385293718925e-01 1.909510782097543959e-04
2.458830074063158128e+06 9.868009237320728433e-01 1.909304743818477583e-04
2.458830080235087778e+06 9.865098430813187269e-01 1.908885530909707883e-04
2.458830086407017428e+06 9.862101711873937360e-01 1.908466318000938183e-04
2.458830092578947544e+06 9.859793148082740544e-01 1.908047105060539867e-04
2.458830098750877194e+06 9.858359217095610250e-01 1.907830721846374511e-04
2.458830104922806844e+06 9.857799438616756671e-01 1.907695201900968379e-04
2.458830111094736960e+06 9.857432864931241490e-01 1.907559681945337679e-04
2.458830117266666610e+06 9.856647587436124791e-01 1.907633297978068106e-04
2.458830123438596725e+06 9.855443606012908031e-01 1.908113731344823370e-04
2.458830129610526375e+06 9.853933212051347867e-01 1.908594164675330774e-04
2.458830135782456025e+06 9.852500669174314440e-01 1.909074598005838449e-04
2.458830141954386141e+06 9.851178018443526030e-01 1.908152285834095469e-04
2.458830148126315791e+06 9.849950451735037804e-01 1.907177743608236698e-04
2.458830154298245441e+06 9.848546577937699054e-01 1.906203201382377927e-04
2.458830160470175557e+06 9.846864893402200725e-01 1.905820678414974878e-04
2.458830166642105207e+06 9.844905398382303163e-01 1.905851821162567595e-04
2.458830172814035323e+06 9.842960458169969229e-01 1.905882963912509779e-04
2.458830178985964973e+06 9.841454530569369030e-01 1.906022260914274019e-04
2.458830185157894623e+06 9.840391148532298127e-01 1.906560591649397512e-04
2.458830191329824738e+06 9.839615012096893931e-01 1.907098922425137387e-04
2.458830197501754388e+06 9.838283382457082560e-01 1.907637253160260880e-04
2.458830203673684038e+06 9.836269669307748931e-01 1.907264512309131519e-04
2.458830209845614154e+06 9.833586451955528274e-01 1.906715403001327366e-04
2.458830216017543804e+06 9.830934547179507321e-01 1.906166293734952205e-04
2.458830222189473920e+06 9.828717275104915663e-01 1.905631938893420933e-04
2.458830228361403570e+06 9.826934636066332329e-01 1.905114739215959835e-04
2.458830234533333220e+06 9.825359974337773972e-01 1.904597539538498466e-04
2.458830240705263335e+06 9.823483743873390184e-01 1.904107238083586960e-04
2.458830246877192985e+06 9.821286768062813533e-01 1.903899378345009314e-04
2.458830253049122635e+06 9.818900798006526820e-01 1.903691518606431669e-04
2.458830259221052751e+06 9.817548931169266524e-01 1.903483658852171310e-04
2.458830265392982401e+06 9.817529494863853623e-01 1.903945413565120070e-04
2.458830271564912517e+06 9.818841971917330325e-01 1.904678652784347228e-04
2.458830277736842167e+06 9.820531635259009962e-01 1.905411891948253242e-04
2.458830283908771817e+06 9.821729092561363172e-01 1.905714126937624667e-04
2.458830290080701932e+06 9.822434343859035577e-01 1.905164975014604417e-04
2.458830296252631582e+06 9.822544852303362051e-01 1.904615823133016682e-04
2.458830302424561232e+06 9.821705499884825219e-01 1.904066671251428947e-04
2.458830308596491348e+06 9.819886130686465986e-01 1.904468747732384509e-04
2.458830314768420998e+06 9.817135364011178034e-01 1.904909773355208092e-04
2.458830320940351114e+06 9.814364801674727579e-01 1.905350799011306111e-04
2.458830327112280764e+06 9.811919405195379529e-01 1.905029232396675775e-04
2.458830333284210414e+06 9.809799174351829798e-01 1.904167204532280827e-04
2.458830339456140529e+06 9.808236001768949608e-01 1.903305176602847844e-04
2.458830345628070179e+06 9.807570715089026780e-01 1.902597665339156286e-04
2.458830351799999829e+06 9.807806337440621025e-01 1.902472114478408682e-04
2.458830357971929945e+06 9.808728297389821549e-01 1.902346563608188132e-04
2.458830364143859595e+06 9.809156574270316842e-01 1.902221012747440528e-04
2.458830370315789711e+06 9.808911375121061038e-01 1.902161650101808626e-04
2.458830376487719361e+06 9.808002595105200783e-01 1.902115425914205230e-04
2.458830382659649011e+06 9.807005422883593448e-01 1.902069201726602104e-04
2.458830388831579126e+06 9.806254853937846905e-01 1.902006084234755432e-04
2.458830395003508776e+06 9.805750888381219443e-01 1.901923051106964985e-04
2.458830401175438426e+06 9.805599549721547570e-01 1.901840017979175080e-04
2.458830407347368542e+06 9.806041989124328895e-01 1.901798122682440495e-04
2.458830413519298192e+06 9.807087535404136469e-01 1.902207664733464938e-04
2.458830419691228308e+06 9.808601209324641079e-01 1.902617206815388330e-04
2.458830425863157958e+06 9.809309297057847710e-01 1.903026748866412773e-04
2.458830432035087608e+06 9.808897260449884747e-01 1.903506367812383266e-04
2.458830438207017723e+06 9.807365568154274849e-01 1.904014876528688054e-04
2.458830444378947373e+06 9.805889008233171777e-01 1.904523385206626993e-04
2.458830450550877023e+06 9.805551721363450213e-01 1.904760327343886289e-04
2.458830456722807139e+06 9.806353707648595153e-01 1.904452478484635377e-04
2.458830462894736789e+06 9.808000609324443175e-01 1.904144629648611058e-04
2.458830469066666905e+06 9.809460646137223572e-01 1.903836780789360146e-04
2.458830475238596555e+06 9.810644603635109151e-01 1.903688302821466964e-04
2.458830481410526205e+06 9.811555857843804462e-01 1.903546946273570724e-04
2.458830487582456321e+06 9.812259185641909465e-01 1.903405589715009730e-04
2.458830493754385971e+06 9.812779387463510528e-01 1.903435134417645451e-04
2.458830499926315621e+06 9.813116463368579678e-01 1.903587525129859614e-04
2.458830506098245736e+06 9.813704289769157318e-01 1.903739915853571200e-04
2.458830512270175386e+06 9.815188429793962888e-01 1.903949418413587356e-04
2.458830518442105502e+06 9.817574972737835859e-01 1.904378557848853456e-04
2.458830524614035152e+06 9.820602231863977405e-01 1.904807697251742027e-04
2.458830530785964802e+06 9.822811668154733944e-01 1.905236836654630598e-04
2.458830536957894918e+06 9.823977885774878294e-01 1.905804249965190240e-04
2.458830543129824568e+06 9.824121618658669952e-01 1.906399796433857965e-04
2.458830549301754218e+06 9.824501729020587160e-01 1.906995342902525960e-04
2.458830555473684333e+06 9.825860207644160349e-01 1.907000462866885123e-04
2.458830561645613983e+06 9.828197054324401272e-01 1.906299814934799084e-04
2.458830567817544099e+06 9.831060420713104708e-01 1.905599166949849786e-04
2.458830573989473749e+06 9.833410509700193369e-01 1.905006047891041551e-04
2.458830580161403399e+06 9.835205992384461471e-01 1.905648201973753498e-04
2.458830586333333515e+06 9.836483367982339354e-01 1.906290356104914374e-04
2.458830592505263165e+06 9.837592772033491029e-01 1.906932510187626321e-04
2.458830598677192815e+06 9.838621742243857105e-01 1.907348673096326080e-04
2.458830604849122930e+06 9.839570439762584941e-01 1.907670112294090837e-04
2.458830611021052580e+06 9.841019334266493113e-01 1.907991551467603619e-04
2.458830617192982696e+06 9.843511328681927575e-01 1.908279048527571965e-04
2.458830623364912346e+06 9.847046422632856899e-01 1.908497388584222681e-04
2.458830629536841996e+06 9.851156117451553840e-01 1.908715728640873396e-04
2.458830635708772112e+06 9.854178343123241035e-01 1.908934068713997751e-04
2.458830641880701762e+06 9.855966787168152221e-01 1.909018925420974616e-04
2.458830648052631412e+06 9.856590146104672323e-01 1.909097314826679328e-04
2.458830654224561527e+06 9.857397748555478678e-01 1.909175704238298633e-04
2.458830660396491177e+06 9.858912271810724715e-01 1.909436206321804184e-04
2.458830666568421293e+06 9.861133716098945401e-01 1.909829474079864490e-04
2.458830672740350943e+06 9.863764689505921668e-01 1.910222741808253707e-04
2.458830678912280593e+06 9.866357258654271378e-01 1.910610658045694952e-04
2.458830685084210709e+06 9.868906940356444446e-01 1.910977554574425780e-04
2.458830691256140359e+06 9.871412582460240559e-01 1.911344451075475028e-04
2.458830697428070009e+06 9.873867678678052151e-01 1.911711347576524006e-04
2.458830703600000124e+06 9.876271209451232824e-01 1.911896933263997934e-04
2.458830709771929774e+06 9.878624577171173371e-01 1.912044722855514545e-04
2.458830715943859890e+06 9.881016836883415033e-01 1.912192512458181363e-04
2.458830722115789540e+06 9.883501110686329083e-01 1.912322063309203682e-04
2.458830728287719190e+06 9.886077398756938361e-01 1.912429507918545055e-04
2.458830734459649306e+06 9.888755158777543519e-01 1.912536952535992465e-04
2.458830740631578956e+06 9.891556409403466921e-01 1.912690382543191336e-04
2.458830746803508606e+06 9.894482049714748984e-01 1.913397846929678085e-04
2.458830752975438721e+06 9.897512635622921495e-01 1.914105311369541733e-04
2.458830759147368371e+06 9.900458518410477637e-01 1.914812775756028211e-04
2.458830765319298487e+06 9.903271697499856918e-01 1.915357219911462865e-04
2.458830771491228137e+06 9.905952191340848811e-01 1.915832200065921529e-04
2.458830777663157787e+06 9.908606397024012358e-01 1.916307180220379650e-04
2.458830783835087903e+06 9.911335173853714764e-01 1.916572862132668979e-04
2.458830790007017553e+06 9.914138521418196515e-01 1.916405389983850429e-04
2.458830796178947203e+06 9.917000589170379410e-01 1.916237917835031878e-04
2.458830802350877319e+06 9.919864461891025886e-01 1.916070445673578035e-04
2.458830808522806969e+06 9.922725039033227779e-01 1.916691228954163614e-04
2.458830814694737084e+06 9.925568851765770306e-01 1.917353193438138504e-04
2.458830820866666734e+06 9.928124997536839080e-01 1.918015157872169621e-04
2.458830827038596384e+06 9.930287306666524261e-01 1.918481322833825412e-04
2.458830833210526500e+06 9.932055779273397667e-01 1.918802719421464401e-04
2.458830839382456150e+06 9.933695894876137800e-01 1.919124115984854396e-04
2.458830845554386266e+06 9.935612430930047534e-01 1.919463385747763372e-04
2.458830851726315916e+06 9.937809678132378810e-01 1.919874376280334923e-04
2.458830857898245566e+06 9.940271972036150983e-01 1.920285366812906746e-04
2.458830864070175681e+06 9.942909617462099003e-01 1.920696357376486480e-04
2.458830870242105331e+06 9.945708358015311612e-01 1.920932864052954814e-04
2.458830876414034981e+06 9.948665516706862721e-01 1.921132117993434125e-04
2.458830882585965097e+06 9.951603167570187702e-01 1.921331371948946712e-04
2.458830888757894747e+06 9.954413893257580970e-01 1.921413845433330239e-04
2.458830894929824863e+06 9.957097694193172144e-01 1.921352795420102429e-04
2.458830901101754513e+06 9.959568212739824400e-01 1.921291745411480580e-04
2.458830907273684163e+06 9.961622030705997721e-01 1.921297174347947354e-04
2.458830913445614278e+06 9.963250622589931993e-01 1.922144291209793238e-04
2.458830919617543928e+06 9.964502461788820042e-01 1.922991408007725675e-04
2.458830925789473578e+06 9.965858297288170409e-01 1.923838524805657842e-04
2.458830931961403694e+06 9.967441312165931100e-01 1.923975193402485348e-04
2.458830938133333344e+06 9.969251490601181986e-01 1.923804142610707844e-04
2.458830944305263460e+06 9.971131688181800179e-01 1.923633091806025352e-04
2.458830950477193110e+06 9.972930911065314152e-01 1.923699314551591657e-04
2.458830956649122760e+06 9.974649159396636877e-01 1.924264357304105106e-04
2.458830962821052875e+06 9.976344453502653531e-01 1.924829400099250197e-04
2.458830968992982525e+06 9.978227660760075057e-01 1.925394442851763375e-04
2.458830975164912175e+06 9.980318012932474225e-01 1.925560228568496909e-04
2.458830981336842291e+06 9.982581920797712893e-01 1.925703630065025236e-04
2.458830987508771941e+06 9.984327412833438053e-01 1.925847031550734310e-04
2.458830993680702057e+06 9.985280111396952485e-01 1.925681277309560782e-04
2.458830999852631707e+06 9.985440016344494518e-01 1.925283706702122675e-04
2.458831006024561357e+06 9.985417967234386794e-01 1.924886136094684026e-04
2.458831012196491472e+06 9.986156720202876702e-01 1.924786219570899385e-04
2.458831018368421122e+06 9.987666841150938390e-01 1.925906889801815253e-04
2.458831024540350772e+06 9.989787947468804497e-01 1.927027560032730849e-04
2.458831030712280888e+06 9.991589135074380179e-01 1.928148230348199308e-04
2.458831036884210538e+06 9.992920369895138544e-01 1.927942798402718159e-04
2.458831043056140654e+06 9.993780582321267758e-01 1.927447496620590835e-04
2.458831049228070304e+06 9.994095249745731380e-01 1.926952194875833249e-04
2.458831055399999954e+06 9.993818837596378790e-01 1.926597396906787438e-04
2.458831061571930069e+06 9.992951345785467954e-01 1.926417697709271906e-04
2.458831067743859719e+06 9.992034927353811158e-01 1.926237998525314322e-04
2.458831073915789369e+06 9.992361639480197288e-01 1.926085256044879758e-04
2.458831080087719485e+06 9.993987058412068247e-01 1.926291965505843630e-04
2.458831086259649135e+06 9.996739223009557529e-01 1.926498674951211524e-04
2.458831092431579251e+06 9.998883711264222596e-01 1.926705384412175396e-04
2.458831098603508901e+06 9.999970633027585043e-01 1.927119927109357579e-04
2.458831104775438551e+06 1.000000000000000000e+00 1.927625964782910711e-04
2.458831110947368667e+06 9.999237861840971631e-01 1.928132002494643751e-04
2.458831117119298317e+06 9.997943352193603417e-01 1.928229476707959945e-04
2.458831123291227967e+06 9.996116471020478622e-01 1.927454358890766221e-04
2.458831129463158082e+06 9.994021061837742304e-01 1.926679241015091175e-04
2.458831135635087732e+06 9.992627723451174004e-01 1.925904123197897451e-04
2.458831141807017848e+06 9.992026538448410822e-01 1.925962000197975563e-04
2.458831147978947498e+06 9.992217506920167969e-01 1.926069785626001517e-04
2.458831154150877148e+06 9.993200628791206741e-01 1.926177571054027199e-04
2.458831160322807264e+06 9.994751558447636519e-01 1.926285356490185210e-04
2.458831166494736914e+06 9.995833821862557533e-01 1.926393141918210893e-04
2.458831172666666564e+06 9.996317689753431157e-01 1.926500927346236575e-04
2.458831178838596679e+06 9.996203162089044580e-01 1.926523133882653688e-04
2.458831185010526329e+06 9.995490238886678425e-01 1.926186613291358811e-04
2.458831191182456445e+06 9.994272370968084740e-01 1.925850092674674359e-04
2.458831197354386095e+06 9.993099421445004182e-01 1.925513572083380025e-04
2.458831203526315745e+06 9.992061250397794581e-01 1.925293575212221671e-04
2.458831209698245861e+06 9.991154630107840218e-01 1.925099646637350376e-04
2.458831215870175511e+06 9.990143595854873437e-01 1.924905718077110661e-04
2.458831222042105161e+06 9.988882220665277201e-01 1.924742334301922364e-04
2.458831228214035276e+06 9.987370504415558070e-01 1.924617550295815529e-04
2.458831234385964926e+06 9.985712669612978321e-01 1.924492766299123634e-04
2.458831240557895042e+06 9.984160014491980650e-01 1.924378051089139726e-04
2.458831246729824692e+06 9.982723628790826087e-01 1.924405082651715893e-04
2.458831252901754342e+06 9.981403512387987398e-01 1.924432114214292330e-04
2.458831259073684458e+06 9.980199665197022618e-01 1.924459145778908151e-04
2.458831265245614108e+06 9.979099598460479115e-01 1.924486177341484588e-04
2.458831271417543758e+06 9.978065972876573042e-01 1.924513208904060754e-04
2.458831277589473873e+06 9.977096288469059493e-01 1.924540240468676576e-04
2.458831283761403523e+06 9.976190545384262531e-01 1.924360523468229877e-04
2.458831289933333639e+06 9.975348743485509262e-01 1.923732172732118965e-04
2.458831296105263289e+06 9.974409455189313656e-01 1.923103822043416419e-04
2.458831302277192939e+06 9.972771582904261800e-01 1.922475471354713873e-04
2.458831308449123055e+06 9.970378361124586641e-01 1.922430742276165483e-04
2.458831314621052705e+06 9.967273628388924056e-01 1.922423244159768502e-04
2.458831320792982355e+06 9.964405777685723109e-01 1.922415746043371521e-04
2.458831326964912470e+06 9.962159748076775401e-01 1.922339718869159309e-04
2.458831333136842120e+06 9.960535539900995383e-01 1.922210844990704891e-04
2.458831339308772236e+06 9.959422848892630631e-01 1.922081971102527077e-04
2.458831345480701886e+06 9.958647251444222581e-01 1.921903734001297059e-04
2.458831351652631536e+06 9.958206573213461699e-01 1.921513917145806910e-04
2.458831357824561652e+06 9.957896410584473612e-01 1.921124100260905338e-04
2.458831363996491302e+06 9.956497464244985496e-01 1.920734283405414917e-04
2.458831370168420952e+06 9.953807700080689047e-01 1.920483380489682414e-04
2.458831376340351067e+06 9.949848614917016221e-01 1.920264273583208582e-04
2.458831382512280717e+06 9.946271844572601717e-01 1.920045166693265851e-04
2.458831388684210833e+06 9.944111213805845173e-01 1.919791308601652869e-04
2.458831394856140483e+06 9.943366722942773572e-01 1.919492917651398681e-04
2.458831401028070133e+06 9.943332374713158561e-01 1.919194526701144222e-04
2.458831407200000249e+06 9.942285893242871486e-01 1.918891844019850472e-04
2.458831413371929899e+06 9.940149333151790945e-01 1.918525203169209835e-04
2.458831419543859549e+06 9.937064666379724631e-01 1.918158562318568656e-04
2.458831425715789665e+06 9.934513474265487254e-01 1.917791921440265414e-04
2.458831431887719315e+06 9.932889561663941214e-01 1.917559095080706053e-04
2.458831438059649430e+06 9.932192928330046966e-01 1.917387107022873037e-04
2.458831444231579080e+06 9.931412604049325576e-01 1.917215118978016295e-04
2.458831450403508730e+06 9.929536555083754434e-01 1.917058444532061953e-04
2.458831456575438846e+06 9.926564781097892975e-01 1.916935535057985097e-04
2.458831462747368496e+06 9.922905188779442831e-01 1.916812625593181693e-04
2.458831468919298146e+06 9.920095273746754039e-01 1.916689716128378018e-04
2.458831475091228262e+06 9.918282752753798670e-01 1.916540072607181820e-04
2.458831481263157912e+06 9.917423524634496612e-01 1.916388619179934093e-04
2.458831487435088027e+06 9.916539382584612650e-01 1.916237165741259418e-04
2.458831493607017677e+06 9.915228623107950057e-01 1.915990012030337186e-04
2.458831499778947327e+06 9.913491246153892655e-01 1.915668019054605749e-04
2.458831505950877443e+06 9.911438145121226340e-01 1.915346026054580593e-04
2.458831512122807093e+06 9.909246811119899467e-01 1.914997478006573656e-04
2.458831518294736743e+06 9.906919571985255413e-01 1.914532509594482753e-04
2.458831524466666859e+06 9.904500652563239527e-01 1.914067541147311134e-04
2.458831530638596509e+06 9.902257519801825891e-01 1.913602572735220231e-04
2.458831536810526624e+06 9.900235105735079033e-01 1.913687354793029228e-04
2.458831542982456274e+06 9.898427855458409308e-01 1.913900838090902513e-04
2.458831549154385924e+06 9.896386575138262920e-01 1.914114321388775527e-04
2.458831555326316040e+06 9.893826671861098987e-01 1.913831508847266087e-04
2.458831561498245690e+06 9.890748146013199626e-01 1.912903744772673849e-04
2.458831567670175340e+06 9.887535413586004962e-01 1.911975980698081611e-04
2.458831573842105456e+06 9.885137272207645820e-01 1.911078468251490507e-04
2.458831580014035106e+06 9.883597745607018981e-01 1.910659638815970706e-04
2.458831586185965221e+06 9.882850468424936308e-01 1.910240809348851020e-04
2.458831592357894871e+06 9.882190827489348850e-01 1.909821979913330948e-04
2.458831598529824521e+06 9.881429243178478927e-01 1.909895806135433792e-04
2.458831604701754637e+06 9.880565715423327289e-01 1.910197221910011559e-04
2.458831610873684287e+06 9.879355524664393817e-01 1.910498637661847644e-04
2.458831617045613937e+06 9.877550308465729012e-01 1.910686441798658836e-04
2.458831623217544053e+06 9.875150063241215914e-01 1.910619682997420025e-04
2.458831629389473703e+06 9.872422975020156422e-01 1.910552924201218417e-04
2.458831635561403818e+06 9.870392309689911547e-01 1.910486165399979876e-04
2.458831641733333468e+06 9.869158073519415098e-01 1.910205326158405078e-04
2.458831647905263118e+06 9.868679636599262395e-01 1.909909150573962694e-04
2.458831654077193234e+06 9.868032695978107283e-01 1.909612974967174633e-04
2.458831660249122884e+06 9.866833224940784186e-01 1.909248297781636372e-04
2.458831666421053000e+06 9.865081223306297886e-01 1.908829297912136599e-04
2.458831672592982650e+06 9.863222625474755700e-01 1.908410298074249723e-04
2.458831678764912300e+06 9.861979843964083781e-01 1.908035759145128524e-04
2.458831684936842415e+06 9.861362834583815573e-01 1.907860661080701349e-04
2.458831691108772065e+06 9.861252855992679311e-01 1.907685563029484636e-04
2.458831697280701715e+06 9.860921773001527502e-01 1.907510464978268193e-04
2.458831703452631831e+06 9.860245577177727538e-01 1.907430137694248362e-04
2.458831709624561481e+06 9.859227707468373181e-01 1.907372495927022870e-04
2.458831715796491597e+06 9.858161260523343739e-01 1.907314854155448913e-04
2.458831721968421247e+06 9.857234198908413347e-01 1.907302298952516647e-04
2.458831728140350897e+06 9.856446522537866128e-01 1.907349162177903238e-04
2.458831734312281013e+06 9.855874990881561271e-01 1.907396025406825140e-04
2.458831740484210663e+06 9.855711284599011357e-01 1.907427340745332942e-04
2.458831746656140313e+06 9.855964518853009837e-01 1.907196560661771078e-04
2.458831752828070428e+06 9.856569429602148880e-01 1.906965780560796928e-04
2.458831759000000078e+06 9.856820942447185319e-01 1.906735000477235065e-04
2.458831765171930194e+06 9.856527035405132642e-01 1.906486765842662820e-04
2.458831771343859844e+06 9.855687708520337598e-01 1.906230338799666296e-04
2.458831777515789494e+06 9.854725656901166531e-01 1.905973911756669772e-04
2.458831783687719610e+06 9.854075766545610238e-01 1.905814294315324856e-04
2.458831789859649260e+06 9.853738059447727515e-01 1.905875131301102982e-04
2.458831796031578910e+06 9.853611726318519670e-01 1.905935968286881109e-04
2.458831802203509025e+06 9.853307393668889747e-01 1.905996805277249476e-04
2.458831808375438675e+06 9.852786356310050397e-01 1.906006983230474163e-04
2.458831814547368791e+06 9.852061602865085366e-01 1.906013331067704251e-04
2.458831820719298441e+06 9.851436301830541753e-01 1.906019678904455935e-04
2.458831826891228091e+06 9.851037892638143667e-01 1.906066477318182526e-04
2.458831833063158207e+06 9.850866375283509058e-01 1.906145803982093939e-04
2.458831839235087857e+06 9.850951192301400372e-01 1.906225130640020284e-04
2.458831845407017507e+06 9.851340618995443332e-01 1.906339141022729360e-04
2.458831851578947622e+06 9.852035353543144858e-01 1.906612396244173236e-04
2.458831857750877272e+06 9.852942867308964736e-01 1.906885651445000465e-04
2.458831863922807388e+06 9.853487821915477562e-01 1.907158906666444069e-04
2.458831870094737038e+06 9.853570885901489218e-01 1.907413849914548355e-04
2.458831876266666688e+06 9.853199685974224353e-01 1.907664312547174390e-04
2.458831882438596804e+06 9.853060504055868307e-01 1.907914775198697255e-04
2.458831888610526454e+06 9.853598837826513801e-01 1.907829376468949594e-04
2.458831894782456104e+06 9.854814687250103011e-01 1.907295093120497248e-04
2.458831900954386219e+06 9.856334583372614588e-01 1.906760809731733995e-04
2.458831907126315869e+06 9.857214949921643266e-01 1.906261626201848699e-04
2.458831913298245985e+06 9.857409813380832997e-01 1.906395186401291502e-04
2.458831919470175635e+06 9.856995379199043894e-01 1.906528746590657459e-04
2.458831925642105285e+06 9.856809483556683293e-01 1.906662306780023417e-04
2.458831931814035401e+06 9.857083088541556126e-01 1.906753864899518450e-04
2.458831937985965051e+06 9.857816194112374308e-01 1.906825395219433311e-04
2.458831944157894701e+06 9.858780042975008318e-01 1.906896925539348171e-04
2.458831950329824816e+06 9.859736059175644440e-01 1.906903868809669384e-04
2.458831956501754466e+06 9.860684216370420030e-01 1.906761319405002753e-04
2.458831962673684582e+06 9.861595329693809697e-01 1.906618769989581108e-04
2.458831968845614232e+06 9.862355281518323524e-01 1.906476220584914748e-04
2.458831975017543882e+06 9.862952535604502247e-01 1.906400992739219866e-04
2.458831981189473998e+06 9.863402796462048538e-01 1.906331123929875518e-04
2.458831987361403648e+06 9.864082291117692858e-01 1.906261255125802831e-04
2.458831993533333298e+06 9.865151028563510227e-01 1.906401605506348300e-04
2.458831999705263413e+06 9.866609008924187574e-01 1.906713373773549530e-04
2.458832005877193063e+06 9.868080312244227326e-01 1.907025142017228182e-04
2.458832012049123179e+06 9.868941100381275477e-01 1.907281484761411388e-04
2.458832018221052829e+06 9.869181918864117220e-01 1.907277267071315287e-04
2.458832024392982479e+06 9.868968851937319764e-01 1.907273049381219185e-04
2.458832030564912595e+06 9.869349135215660374e-01 1.907268831690804600e-04
2.458832036736842245e+06 9.870506045193827571e-01 1.907483824678958930e-04
2.458832042908771895e+06 9.872428450538759392e-01 1.907753629030296101e-04
2.458832049080702011e+06 9.874057010995417327e-01 1.908023433401989438e-04
2.458832055252631661e+06 9.874695621302648219e-01 1.908041035085385033e-04
2.458832061424561776e+06 9.874344281556819425e-01 1.907716784165922248e-04
2.458832067596491426e+06 9.873517782907724749e-01 1.907392533270923401e-04
2.458832073768421076e+06 9.873532053198426084e-01 1.907112649307413641e-04
2.458832079940351192e+06 9.874452763564531832e-01 1.907691750969252970e-04
2.458832086112280842e+06 9.876201755186215792e-01 1.908270852587400036e-04
2.458832092284210492e+06 9.877904392542962153e-01 1.908849954205547102e-04
2.458832098456140608e+06 9.879316633612275078e-01 1.909091763138009187e-04
2.458832104628070258e+06 9.880438478181052808e-01 1.909170195130873826e-04
2.458832110800000373e+06 9.881313077449963567e-01 1.909248627129656040e-04
2.458832116971930023e+06 9.881986047504214277e-01 1.909214975614016230e-04
2.458832123143859673e+06 9.882457397157283774e-01 1.908917607174060588e-04
2.458832129315789789e+06 9.882854832118619370e-01 1.908620238711669279e-04
2.458832135487719439e+06 9.883683878146763968e-01 1.908322870271713636e-04
2.458832141659649089e+06 9.884996500983356249e-01 1.908508603659514198e-04
2.458832147831579205e+06 9.886759270140391687e-01 1.908734740025367521e-04
2.458832154003508855e+06 9.888149857052590530e-01 1.908960876374159025e-04
2.458832160175438970e+06 9.888814415035476202e-01 1.909106603680818862e-04
2.458832166347368620e+06 9.888752943988765587e-01 1.909185845127569527e-04
2.458832172519298270e+06 9.888519407922612414e-01 1.909265086574319921e-04
2.458832178691228386e+06 9.889044220823437481e-01 1.909393331979297465e-04
2.458832184863158036e+06 9.890342142145046589e-01 1.909757544413850634e-04
2.458832191035087686e+06 9.892203976781843711e-01 1.910121756848403803e-04
2.458832197207017802e+06 9.893291998697663070e-01 1.910485969310436077e-04
2.458832203378947452e+06 9.893368903709507389e-01 1.910207359801253653e-04
2.458832209550877567e+06 9.892446418330608227e-01 1.909764544930466141e-04
2.458832215722807217e+06 9.891706967917781590e-01 1.909321730093088048e-04
2.458832221894736867e+06 9.891937096744652935e-01 1.909188615133963383e-04
2.458832228066666983e+06 9.893136804938313933e-01 1.909481254670950218e-04
2.458832234238596633e+06 9.894810658375693402e-01 1.909773894185857546e-04
2.458832240410526283e+06 9.895677304279486552e-01 1.910045676283372265e-04
2.458832246582456399e+06 9.895671265182476306e-01 1.909881612397545210e-04
2.458832252754386049e+06 9.894876815105443368e-01 1.909717548524096490e-04
2.458832258926316164e+06 9.894253987480544632e-01 1.909553484638269434e-04
2.458832265098245814e+06 9.894073908211753476e-01 1.909481679193706304e-04
2.458832271270175464e+06 9.894336577235377517e-01 1.909455265378122749e-04
2.458832277442105580e+06 9.894703778292781582e-01 1.909428851560546431e-04
2.458832283614035230e+06 9.894813124313783792e-01 1.909400327715565305e-04
2.458832289785964880e+06 9.894664508329007457e-01 1.909366756608767515e-04
2.458832295957894996e+06 9.894384668669976568e-01 1.909333185499437029e-04
2.458832302129824646e+06 9.894481526488696499e-01 1.909299614392639510e-04
2.458832308301754761e+06 9.895008167419809819e-01 1.909772840444076214e-04
2.458832314473684411e+06 9.895946740911720774e-01 1.910290508615012392e-04
2.458832320645614062e+06 9.896846227826577858e-01 1.910808176785948841e-04
2.458832326817544177e+06 9.897510272873500936e-01 1.910833588371108093e-04
2.458832332989473827e+06 9.897938875952286830e-01 1.910446285158040949e-04
2.458832339161403477e+06 9.898073337464292631e-01 1.910058981944973806e-04
2.458832345333333593e+06 9.897813878232654128e-01 1.909743306554636806e-04
2.458832351505263243e+06 9.897158843372092507e-01 1.909781052748320512e-04
2.458832357677193359e+06 9.896169497631694956e-01 1.909818798944851875e-04
2.458832363849123009e+06 9.895243177266791479e-01 1.909856545138535582e-04
2.458832370021052659e+06 9.894451323224037198e-01 1.909767147915633232e-04
2.458832376192982774e+06 9.893794085466649513e-01 1.909644579286971962e-04
2.458832382364912424e+06 9.893287521931172224e-01 1.909522010667558665e-04
2.458832388536842074e+06 9.892942445940176022e-01 1.909357698887337795e-04
2.458832394708772190e+06 9.892758857485903778e-01 1.909135183780696562e-04
2.458832400880701840e+06 9.892572987554545394e-01 1.908912668690844201e-04
2.458832407052631956e+06 9.891956287689227523e-01 1.908700043893024731e-04
2.458832413224561606e+06 9.890886340941065225e-01 1.908711759697800166e-04
2.458832419396491256e+06 9.889413537118305619e-01 1.908723475502575330e-04
2.458832425568421371e+06 9.888122323739718667e-01 1.908735191308234662e-04
2.458832431740351021e+06 9.887179759272674007e-01 1.908682876897921442e-04
2.458832437912280671e+06 9.886585843606594537e-01 1.908598565706465353e-04
2.458832444084210787e+06 9.885894294425363604e-01 1.908514254508647979e-04
2.458832450256140437e+06 9.884620480176454782e-01 1.908534733223545606e-04
2.458832456428070553e+06 9.882764196888332853e-01 1.908810075958004035e-04
2.458832462600000203e+06 9.880501640158604326e-01 1.909085418671688337e-04
