2.458908000000000000e+06 9.868528469787961610e-01 1.747605739201335724e-04
2.458908006171929650e+06 9.868322348302450697e-01 1.747635088338727759e-04
2.458908012343859766e+06 9.867307590822096408e-01 1.747546706561275574e-04
2.458908018515789416e+06 9.865484197500021812e-01 1.747290700303243810e-04
2.458908024687719531e+06 9.863176476356271261e-01 1.747034694025896985e-04
2.458908030859649181e+06 9.861247919993754163e-01 1.746771284723080768e-04
2.458908037031578831e+06 9.859745263432070361e-01 1.746315755451302066e-04
2.458908043203508947e+06 9.858680535270992751e-01 1.745860226145154427e-04
2.458908049375438597e+06 9.858197087117895885e-01 1.745404696873375724e-04
2.458908055547368247e+06 9.858336636948346055e-01 1.745472954345944259e-04
2.458908061719298363e+06 9.859099184843375108e-01 1.745809085050527352e-04
2.458908067891228013e+06 9.859617935378780507e-01 1.746145215729749873e-04
2.458908074063158128e+06 9.858932532044298869e-01 1.746241337076118909e-04
2.458908080235087778e+06 9.857042352136752283e-01 1.745738738456571000e-04
2.458908086407017428e+06 9.854366566919606774e-01 1.745236139837023090e-04
2.458908092578947544e+06 9.852638270520803765e-01 1.744733541179555481e-04
2.458908098750877194e+06 9.852046226254874695e-01 1.744754986465909229e-04
2.458908104922806844e+06 9.852556997581839449e-01 1.744827826845553786e-04
2.458908111094736960e+06 9.853264831521475475e-01 1.744900667230693894e-04
2.458908117266666610e+06 9.853763558564957448e-01 1.745012310307705796e-04
2.458908123438596725e+06 9.854053178787539613e-01 1.745157650304254350e-04
2.458908129610526375e+06 9.854131342321177378e-01 1.745302990289837554e-04
2.458908135782456025e+06 9.853993931626700009e-01 1.745439375706394106e-04
2.458908141954386141e+06 9.853640870556763520e-01 1.745528658422090655e-04
2.458908148126315791e+06 9.853125922840552109e-01 1.745617941131051326e-04
2.458908154298245441e+06 9.852810694957802040e-01 1.745707223840011727e-04
2.458908160470175557e+06 9.852762463149815630e-01 1.745587076916345196e-04
2.458908166642105207e+06 9.852977288490917251e-01 1.745409320839930699e-04
2.458908172814035323e+06 9.852958718557660589e-01 1.745231564750105162e-04
2.458908178985964973e+06 9.852361705003702674e-01 1.745107580843535460e-04
2.458908185157894623e+06 9.851186247849461619e-01 1.745061363411733494e-04
2.458908191329824738e+06 9.849912965135032561e-01 1.745015145976444462e-04
2.458908197501754388e+06 9.849838115366605917e-01 1.744976673941087478e-04
2.458908203673684038e+06 9.851033625248325487e-01 1.745162906758895209e-04
2.458908209845614154e+06 9.853402620945375112e-01 1.745349139590754472e-04
2.458908216017543804e+06 9.855767062996758643e-01 1.745535372408562474e-04
2.458908222189473920e+06 9.857779569481522897e-01 1.745639864643692041e-04
2.458908228361403570e+06 9.859440140095986349e-01 1.745701842855918633e-04
2.458908234533333220e+06 9.860280789504750620e-01 1.745763821068145225e-04
2.458908240705263335e+06 9.859775413632876351e-01 1.745764852286723365e-04
2.458908246877192985e+06 9.857923568322867203e-01 1.745610992972247916e-04
2.458908253049122635e+06 9.855275432067864827e-01 1.745457133657772196e-04
2.458908259221052751e+06 9.854137074648104955e-01 1.745303274331688195e-04
2.458908265392982401e+06 9.854764169445690003e-01 1.745398353233200666e-04
2.458908271564912517e+06 9.857085352463317296e-01 1.745518987120722937e-04
2.458908277736842167e+06 9.859106388081720906e-01 1.745639620999143602e-04
2.458908283908771817e+06 9.859921423439270693e-01 1.745789683082390326e-04
2.458908290080701932e+06 9.859530458460976643e-01 1.745965692691182881e-04
2.458908296252631582e+06 9.858767307913951505e-01 1.746141702286695856e-04
2.458908302424561232e+06 9.859112322027895337e-01 1.746319412529515459e-04
2.458908308596491348e+06 9.860594120898554804e-01 1.746506326896258318e-04
2.458908314768420998e+06 9.863028471235405492e-01 1.746693241248898959e-04
2.458908320940351114e+06 9.865156513698561946e-01 1.746880155615641817e-04
2.458908327112280764e+06 9.866740597573638860e-01 1.747050413751413385e-04
2.458908333284210414e+06 9.867784316709105052e-01 1.747215987149880923e-04
2.458908339456140529e+06 9.868775772228882692e-01 1.747381560560840096e-04
2.458908345628070179e+06 9.870058854055595576e-01 1.747472933088844494e-04
2.458908351799999829e+06 9.871633562253044891e-01 1.747455298052321240e-04
2.458908357971929945e+06 9.873157666770683294e-01 1.747437663014467669e-04
2.458908364143859595e+06 9.873696172922473702e-01 1.747424097844796798e-04
2.458908370315789711e+06 9.873195907736802557e-01 1.747544263160432320e-04
2.458908376487719361e+06 9.871779220372878250e-01 1.747664428467002014e-04
2.458908382659649011e+06 9.870964605780346846e-01 1.747784593773571708e-04
2.458908388831579126e+06 9.871205776441278612e-01 1.747694437549525903e-04
2.458908395003508776e+06 9.872502732319281549e-01 1.747493040329829836e-04
2.458908401175438426e+06 9.874161317852709896e-01 1.747291643110134311e-04
2.458908407347368542e+06 9.875389771211892098e-01 1.747218562781227579e-04
2.458908413519298192e+06 9.876187249177912353e-01 1.747477763729165026e-04
2.458908419691228308e+06 9.876638170471387923e-01 1.747736964696659041e-04
2.458908425863157958e+06 9.877101265124806906e-01 1.747996165644596759e-04
2.458908432035087608e+06 9.877617013691065706e-01 1.747906215791568776e-04
2.458908438207017723e+06 9.878194512242237657e-01 1.747778809041125776e-04
2.458908444378947373e+06 9.879096123204472724e-01 1.747651402300295584e-04
2.458908450550877023e+06 9.880442565187084192e-01 1.747691529711862754e-04
2.458908456722807139e+06 9.882233838342007193e-01 1.747881638814914064e-04
2.458908462894736789e+06 9.884078381866223673e-01 1.748071747903622193e-04
2.458908469066666905e+06 9.885271862641447083e-01 1.748275235443640964e-04
2.458908475238596555e+06 9.885800053798143860e-01 1.748553264116400863e-04
2.458908481410526205e+06 9.885734855168799573e-01 1.748831292789160762e-04
2.458908487582456321e+06 9.885575432825655096e-01 1.749109321482897534e-04
2.458908493754385971e+06 9.885417400450521308e-01 1.748996919283207449e-04
2.458908499926315621e+06 9.885262642744790940e-01 1.748772264272802860e-04
2.458908506098245736e+06 9.885387938340867153e-01 1.748547609245448126e-04
2.458908512270175386e+06 9.885990971892573143e-01 1.748485485992124346e-04
2.458908518442105502e+06 9.887071743490905007e-01 1.748665925630602002e-04
2.458908524614035152e+06 9.888449601430102653e-01 1.748846365255465874e-04
2.458908530785964802e+06 9.889624580122833297e-01 1.749025440626243526e-04
2.458908536957894918e+06 9.890567547111714930e-01 1.749152889964847172e-04
2.458908543129824568e+06 9.891263628943431918e-01 1.749280339293835028e-04
2.458908549301754218e+06 9.891524384290482086e-01 1.749407788622822884e-04
2.458908555473684333e+06 9.891292762886512158e-01 1.749477124571083416e-04
2.458908561645613983e+06 9.890568764766474175e-01 1.749515206020805548e-04
2.458908567817544099e+06 9.889907587695550006e-01 1.749553287473400815e-04
2.458908573989473749e+06 9.889951712320766974e-01 1.749688173172375260e-04
2.458908580161403399e+06 9.890701979724154658e-01 1.750078529330376478e-04
2.458908586333333515e+06 9.891996745037532346e-01 1.750468885517829235e-04
2.458908592505263165e+06 9.893139580143686107e-01 1.750859241675830182e-04
2.458908598677192815e+06 9.894050507473838296e-01 1.750492512483945774e-04
2.458908604849122930e+06 9.894725257150626119e-01 1.750041030037597712e-04
2.458908611021052580e+06 9.895036631102729352e-01 1.749589547625313385e-04
2.458908617192982696e+06 9.894925343534909379e-01 1.749416034024646764e-04
2.458908623364912346e+06 9.894391394463961653e-01 1.749495178689546774e-04
2.458908629536841996e+06 9.893903730940961649e-01 1.749574323354446785e-04
2.458908635708772112e+06 9.894316992402308886e-01 1.749747014956639615e-04
2.458908641880701762e+06 9.895649195888084337e-01 1.750456633348764770e-04
2.458908648052631412e+06 9.897667708762927230e-01 1.751166251740889654e-04
2.458908654224561527e+06 9.898731399675156917e-01 1.751875870186554067e-04
2.458908660396491177e+06 9.898521327676585990e-01 1.751545021351928657e-04
2.458908666568421293e+06 9.897045713207615059e-01 1.750908456263089181e-04
2.458908672740350943e+06 9.895614556010943197e-01 1.750271891222277150e-04
2.458908678912280593e+06 9.895176418312390254e-01 1.749923527050570359e-04
2.458908685084210709e+06 9.895731300191280555e-01 1.750012128185152117e-04
2.458908691256140359e+06 9.896788047050016912e-01 1.750100729313048956e-04
2.458908697428070009e+06 9.896969659820300524e-01 1.750179457342625178e-04
2.458908703600000124e+06 9.896193951279086409e-01 1.749818322525805423e-04
2.458908709771929774e+06 9.894520786968176163e-01 1.749457187736233024e-04
2.458908715943859890e+06 9.892724626268520893e-01 1.749096052919413269e-04
2.458908722115789540e+06 9.891043037535811600e-01 1.748951586063413294e-04
2.458908728287719190e+06 9.889476020630206810e-01 1.748925602079370379e-04
2.458908734459649306e+06 9.888471252798247679e-01 1.748899618093367227e-04
2.458908740631578956e+06 9.888554301494669740e-01 1.748899065321717972e-04
2.458908746803508606e+06 9.889725995658510405e-01 1.748966921855579087e-04
2.458908752975438721e+06 9.891560248688288093e-01 1.749034778394559534e-04
2.458908759147368371e+06 9.892195743595918467e-01 1.749102634928420108e-04
2.458908765319298487e+06 9.891414971337657569e-01 1.749085729656713409e-04
2.458908771491228137e+06 9.889254520364382239e-01 1.749058936336061261e-04
2.458908777663157787e+06 9.886840760373609704e-01 1.749032143015409656e-04
2.458908783835087903e+06 9.884705503205588606e-01 1.748929720509104452e-04
2.458908790007017553e+06 9.882848749182525649e-01 1.748757502078302742e-04
2.458908796178947203e+06 9.881368330378269560e-01 1.748585283647501303e-04
2.458908802350877319e+06 9.880444888047081875e-01 1.748491748623954298e-04
2.458908808522806969e+06 9.880082393078585268e-01 1.748863745546089189e-04
2.458908814694737084e+06 9.880145666793276327e-01 1.749235742496290551e-04
2.458908820866666734e+06 9.879665576460091581e-01 1.749607739418425172e-04
2.458908827038596384e+06 9.878451039703202152e-01 1.749398581667051917e-04
2.458908833210526500e+06 9.876504963015060312e-01 1.749014955835866039e-04
2.458908839382456150e+06 9.874331982786180850e-01 1.748631330033624293e-04
2.458908845554386266e+06 9.872302567810282703e-01 1.748220926605626683e-04
2.458908851726315916e+06 9.870416718393597577e-01 1.747769273887308811e-04
2.458908857898245566e+06 9.868670257833412895e-01 1.747317621168990940e-04
2.458908864070175681e+06 9.867051323980252642e-01 1.746872594650106237e-04
2.458908870242105331e+06 9.865559192072465011e-01 1.746785867786530345e-04
2.458908876414034981e+06 9.864184624039596949e-01 1.746699140922954453e-04
2.458908882585965097e+06 9.862805565484459303e-01 1.746612414052835130e-04
2.458908888757894747e+06 9.861384081097351872e-01 1.746394993339162082e-04
2.458908894929824863e+06 9.859920170663776240e-01 1.746104909862192483e-04
2.458908901101754513e+06 9.858197158832878726e-01 1.745814826407109132e-04
2.458908907273684163e+06 9.855956996710096840e-01 1.745532756013004150e-04
2.458908913445614278e+06 9.853199201760846071e-01 1.745272660601848746e-04
2.458908919617543928e+06 9.850200334678481662e-01 1.745012565210317401e-04
2.458908925789473578e+06 9.848185420169355275e-01 1.744752469818786056e-04
2.458908931961403694e+06 9.847300110736458834e-01 1.744700265795659424e-04
2.458908938133333344e+06 9.847500373769650928e-01 1.744673302091846842e-04
2.458908944305263460e+06 9.847384462327477550e-01 1.744646338385999755e-04
2.458908950477193110e+06 9.846281934212022247e-01 1.744574953027173655e-04
2.458908956649122760e+06 9.844192789451761127e-01 1.744461944012616389e-04
2.458908962821052875e+06 9.841593719690749920e-01 1.744348934989532957e-04
2.458908968992982525e+06 9.839376479516717122e-01 1.744237563138003992e-04
2.458908975164912175e+06 9.837561488460616621e-01 1.744136183021670057e-04
2.458908981336842291e+06 9.836095979101432407e-01 1.744034802897687347e-04
2.458908987508771941e+06 9.834595455364508743e-01 1.743933422781353141e-04
2.458908993680702057e+06 9.832983007492368532e-01 1.743594293523186337e-04
2.458908999852631707e+06 9.831260229433208542e-01 1.743182255773867331e-04
2.458909006024561357e+06 9.829729875124145755e-01 1.742770218024548054e-04
2.458909012196491472e+06 9.828617299842612454e-01 1.742509092333822496e-04
2.458909018368421122e+06 9.827922503756491013e-01 1.742484173272171658e-04
2.458909024540350772e+06 9.827548081678937342e-01 1.742459254210520277e-04
2.458909030712280888e+06 9.827213774193334084e-01 1.742435173722740697e-04
2.458909036884210538e+06 9.826902045026022492e-01 1.742468654717646743e-04
2.458909043056140654e+06 9.826589004008234873e-01 1.742502135715078980e-04
2.458909049228070304e+06 9.825952206906394260e-01 1.742535616709985026e-04
2.458909055399999954e+06 9.824890111469095633e-01 1.742377889725214488e-04
2.458909061571930069e+06 9.823402717568076037e-01 1.742112086392763636e-04
2.458909067743859719e+06 9.821712820026525792e-01 1.741846283080366730e-04
2.458909073915789369e+06 9.820089574401492660e-01 1.741687735064969622e-04
2.458909080087719485e+06 9.818533568337683981e-01 1.741829113472085754e-04
2.458909086259649135e+06 9.817056789751826829e-01 1.741970491868535234e-04
2.458909092431579251e+06 9.815713083843503606e-01 1.742111870275651366e-04
2.458909098603508901e+06 9.814508963959642784e-01 1.741906562709390519e-04
2.458909104775438551e+06 9.813447258475571644e-01 1.741657499899639829e-04
2.458909110947368667e+06 9.812621140995095859e-01 1.741408437071097746e-04
2.458909117119298317e+06 9.812075756544018645e-01 1.741267297024157667e-04
2.458909123291227967e+06 9.811811105049419446e-01 1.741228832219611955e-04
2.458909129463158082e+06 9.811598244072554653e-01 1.741190367412164377e-04
2.458909135635087732e+06 9.811003260167195927e-01 1.741114657580829673e-04
2.458909141807017848e+06 9.810015812004626579e-01 1.740804298126716874e-04
2.458909147978947498e+06 9.808720098472712978e-01 1.740493938696020403e-04
2.458909154150877148e+06 9.807739760564655462e-01 1.740183579265323932e-04
2.458909160322807264e+06 9.807201345705399698e-01 1.740100932593880009e-04
2.458909166494736914e+06 9.807102560482239273e-01 1.740089601876768641e-04
2.458909172666666564e+06 9.806964374394662176e-01 1.740078271159657003e-04
2.458909178838596679e+06 9.806425235029924137e-01 1.740052650858456881e-04
2.458909185010526329e+06 9.805485142469381188e-01 1.740004303624588056e-04
2.458909191182456445e+06 9.804493484659521085e-01 1.739955956387071703e-04
2.458909197354386095e+06 9.804468697941571831e-01 1.739909697127409117e-04
2.458909203526315745e+06 9.805476004414971358e-01 1.740059126280562956e-04
2.458909209698245861e+06 9.807385660316600973e-01 1.740208555444990599e-04
2.458909215870175511e+06 9.808408341085489424e-01 1.740357984598144166e-04
2.458909222042105161e+06 9.807973125300342154e-01 1.740323187094115537e-04
2.458909228214035276e+06 9.806080012763329634e-01 1.740182532846412666e-04
2.458909234385964926e+06 9.804038719637350185e-01 1.740041878609322238e-04
2.458909240557895042e+06 9.803454198615343396e-01 1.739981563380552912e-04
2.458909246729824692e+06 9.804330496081218316e-01 1.740150374019296098e-04
2.458909252901754342e+06 9.806382302168165088e-01 1.740319184658039285e-04
2.458909259073684458e+06 9.808310003001819988e-01 1.740487995309518865e-04
2.458909265245614108e+06 9.809953687118015964e-01 1.740717703828400208e-04
2.458909271417543758e+06 9.811306881663085511e-01 1.740955393291719318e-04
2.458909277589473873e+06 9.812148789215012767e-01 1.741193082772971403e-04
2.458909283761403523e+06 9.812371031199688121e-01 1.741417772029091521e-04
2.458909289933333639e+06 9.811973607650648077e-01 1.741629903501606882e-04
2.458909296105263289e+06 9.811507430210947289e-01 1.741842034958117249e-04
2.458909302277192939e+06 9.812030352733152050e-01 1.742061649094569587e-04
2.458909308449123055e+06 9.813568592863385343e-01 1.742329965583627087e-04
2.458909314621052705e+06 9.815937946118448165e-01 1.742598282052440907e-04
2.458909320792982355e+06 9.817751393258463688e-01 1.742866598521254455e-04
2.458909326964912470e+06 9.818723429742661768e-01 1.742938388541969948e-04
2.458909333136842120e+06 9.818857066030423075e-01 1.742947333843953086e-04
2.458909339308772236e+06 9.818847353390695032e-01 1.742956279146611141e-04
2.458909345480701886e+06 9.819226255703460415e-01 1.742881862489545548e-04
2.458909351652631536e+06 9.819993772953327094e-01 1.742672712809845777e-04
2.458909357824561652e+06 9.821196856369605044e-01 1.742463563114366256e-04
2.458909363996491302e+06 9.822974159036427233e-01 1.742257712035631342e-04
2.458909370168420952e+06 9.825334766871446357e-01 1.742537103621746007e-04
2.458909376340351067e+06 9.828230350688251793e-01 1.742816495228940814e-04
2.458909382512280717e+06 9.830979687217561436e-01 1.743095886815055479e-04
2.458909388684210833e+06 9.833362550810542668e-01 1.743471975801188134e-04
2.458909394856140483e+06 9.835378941107630890e-01 1.743904545037415434e-04
2.458909401028070133e+06 9.837176826355095161e-01 1.744337114273642733e-04
2.458909407200000249e+06 9.838940122609272088e-01 1.744629252871054915e-04
2.458909413371929899e+06 9.840669359463237731e-01 1.744512836163052735e-04
2.458909419543859549e+06 9.842401658099401152e-01 1.744396419455050825e-04
2.458909425715789665e+06 9.844308504834758944e-01 1.744280002738265252e-04
2.458909431887719315e+06 9.846411361434067588e-01 1.744493688634469444e-04
2.458909438059649430e+06 9.848710228214639928e-01 1.744752250454847421e-04
2.458909444231579080e+06 9.851205104829586778e-01 1.745010812255717077e-04
2.458909450403508730e+06 9.853895991444958646e-01 1.745269374056586734e-04
2.458909456575438846e+06 9.856782888285959832e-01 1.745527935876964711e-04
2.458909462747368496e+06 9.859716137144161063e-01 1.745786497677834367e-04
2.458909468919298146e+06 9.862404593962553756e-01 1.746045059478704023e-04
2.458909475091228262e+06 9.864840761376273415e-01 1.746303621299082000e-04
2.458909481263157912e+06 9.867024639017709653e-01 1.746562183099951656e-04
2.458909487435088027e+06 9.868956227216399979e-01 1.746820744920329091e-04
2.458909493607017677e+06 9.870635525680876432e-01 1.747007244135090418e-04
2.458909499778947327e+06 9.872064821430310833e-01 1.747170218996030224e-04
2.458909505950877443e+06 9.873831168968794092e-01 1.747333193869265967e-04
2.458909512122807093e+06 9.876390215215080648e-01 1.747624672654311730e-04
2.458909518294736743e+06 9.879741960272533374e-01 1.748127228171658144e-04
2.458909524466666859e+06 9.883584701912182524e-01 1.748629783726921277e-04
2.458909530638596509e+06 9.887015760952801990e-01 1.749132415844599129e-04
2.458909536810526624e+06 9.889974626677746627e-01 1.749660997955623896e-04
2.458909542982456274e+06 9.892476775452674342e-01 1.750189580026767912e-04
2.458909549154385924e+06 9.894745229608238324e-01 1.750718162097912199e-04
2.458909555326316040e+06 9.896853038681173720e-01 1.750907833181086521e-04
2.458909561498245690e+06 9.898800202353414956e-01 1.750896289483924891e-04
2.458909567670175340e+06 9.901008174804740714e-01 1.750884745786763261e-04
2.458909573842105456e+06 9.904008267177634162e-01 1.750967575004830129e-04
2.458909580014035106e+06 9.907802212693961330e-01 1.751330541217058744e-04
2.458909586185965221e+06 9.912119140623847358e-01 1.751693507456672408e-04
2.458909592357894871e+06 9.915689907505133016e-01 1.752056473668901022e-04
2.458909598529824521e+06 9.918352971199415613e-01 1.752209309627092047e-04
2.458909604701754637e+06 9.920125840520138683e-01 1.752332541795585392e-04
2.458909610873684287e+06 9.921650312397161109e-01 1.752455773954781162e-04
2.458909617045613937e+06 9.923249715319186759e-01 1.752903049697944915e-04
2.458909623217544053e+06 9.924924049415368987e-01 1.753673027101296440e-04
2.458909629389473703e+06 9.926864911925692425e-01 1.754443004446554514e-04
2.458909635561403818e+06 9.929449929717824030e-01 1.755120811510222723e-04
2.458909641733333468e+06 9.932689199144684178e-01 1.755156720499354255e-04
2.458909647905263118e+06 9.936463065902161329e-01 1.755192629488485788e-04
2.458909654077193234e+06 9.939840037514169335e-01 1.755228538480327013e-04
2.458909660249122884e+06 9.942622835103858137e-01 1.755554339708279780e-04
2.458909666421053000e+06 9.944812719913643795e-01 1.755976728267159652e-04
2.458909672592982650e+06 9.946771983218949398e-01 1.756399116794171570e-04
2.458909678764912300e+06 9.948785807299277417e-01 1.756569065055140725e-04
2.458909684936842415e+06 9.950854192312742486e-01 1.756317574327868598e-04
2.458909691108772065e+06 9.952952766562941367e-01 1.756066083619571365e-04
2.458909697280701715e+06 9.955007651951076619e-01 1.755814592911274132e-04
2.458909703452631831e+06 9.957013783579272692e-01 1.756218605818292867e-04
2.458909709624561481e+06 9.958989669407714018e-01 1.756623188930423298e-04
2.458909715796491597e+06 9.961208042667981655e-01 1.757027772073078628e-04
2.458909721968421247e+06 9.963759412313129005e-01 1.757327394560012092e-04
2.458909728140350897e+06 9.966643778497961126e-01 1.757563678248454271e-04
2.458909734312281013e+06 9.969397809615867523e-01 1.757799961954723987e-04
2.458909740484210663e+06 9.971429099395880957e-01 1.757955024648554150e-04
2.458909746656140313e+06 9.972735475756550061e-01 1.757864038176855490e-04
2.458909752828070428e+06 9.973430250902581840e-01 1.757773051698291933e-04
2.458909759000000078e+06 9.974051931446158425e-01 1.757682065226593543e-04
2.458909765171930194e+06 9.974670221702999218e-01 1.757824829638738684e-04
2.458909771343859844e+06 9.975293792684392091e-01 1.758001690978649057e-04
2.458909777515789494e+06 9.976252523672223260e-01 1.758178552318559701e-04
2.458909783687719610e+06 9.977714785318014812e-01 1.758348381890664509e-04
2.458909789859649260e+06 9.979680577401119912e-01 1.758511101135210920e-04
2.458909796031578910e+06 9.981988424208660948e-01 1.758673820379757331e-04
2.458909802203509025e+06 9.984315890151865824e-01 1.758857563637612829e-04
2.458909808375438675e+06 9.986654030526718184e-01 1.759192969737853737e-04
2.458909814547368791e+06 9.988915759780585546e-01 1.759528375863400737e-04
2.458909820719298441e+06 9.990411608365367124e-01 1.759863781963641916e-04
2.458909826891228091e+06 9.990993470139546417e-01 1.759944497973676286e-04
2.458909833063158207e+06 9.990663774369330508e-01 1.759938619634294728e-04
2.458909839235087857e+06 9.990209790068733664e-01 1.759932741295356610e-04
2.458909845407017507e+06 9.990260053612245450e-01 1.759975478439237387e-04
2.458909851578947622e+06 9.990814565060727181e-01 1.760100712626063205e-04
2.458909857750877272e+06 9.991736239967009547e-01 1.760225946803440473e-04
2.458909863922807388e+06 9.992604042223158789e-01 1.760351180990266291e-04
2.458909870094737038e+06 9.993388456187375368e-01 1.760525426202293490e-04
2.458909876266666688e+06 9.994088129426507150e-01 1.760699902113542080e-04
2.458909882438596804e+06 9.994682675823850504e-01 1.760874378037954511e-04
2.458909888610526454e+06 9.995165240784144034e-01 1.760838817971283456e-04
2.458909894782456104e+06 9.995535824356464039e-01 1.760674437471659588e-04
2.458909900954386219e+06 9.995799681963840611e-01 1.760510056959633802e-04
2.458909907126315869e+06 9.995963628233869303e-01 1.760435661695989912e-04
2.458909913298245985e+06 9.996027691080408006e-01 1.760639529307540113e-04
2.458909919470175635e+06 9.996087100180137686e-01 1.760843396903708738e-04
2.458909925642105285e+06 9.996600929838913574e-01 1.761047264499877364e-04
2.458909931814035401e+06 9.997629602994441145e-01 1.761076696860246790e-04
2.458909937985965051e+06 9.999144154687215069e-01 1.761079806416142985e-04
2.458909944157894701e+06 1.000000000000000000e+00 1.761082915972039722e-04
2.458909950329824816e+06 9.999605255709952401e-01 1.760962863402443105e-04
2.458909956501754466e+06 9.997959921876641287e-01 1.760716356564522543e-04
2.458909962673684582e+06 9.995736290897091481e-01 1.760469849708003577e-04
2.458909968845614232e+06 9.994294419473116475e-01 1.760247354432582345e-04
2.458909975017543882e+06 9.993673422217904667e-01 1.760204459601791434e-04
2.458909981189473998e+06 9.993804050902594938e-01 1.760161564767764452e-04
2.458909987361403648e+06 9.994128670727930874e-01 1.760118669936973812e-04
2.458909993533333298e+06 9.994525788707646630e-01 1.760138615780400153e-04
2.458909999705263413e+06 9.994993998727468298e-01 1.760180360504676861e-04
2.458910005877193063e+06 9.995014956061082367e-01 1.760222105225803962e-04
2.458910012049123179e+06 9.994168901951144823e-01 1.760127978171194382e-04
2.458910018221052829e+06 9.992455836525322432e-01 1.759799472788602418e-04
2.458910024392982479e+06 9.990246925560826163e-01 1.759470967406010725e-04
2.458910030564912595e+06 9.988697237889445635e-01 1.759142461998633900e-04
2.458910036736842245e+06 9.987889549921082910e-01 1.759171132752621795e-04
2.458910042908771895e+06 9.987758135697910600e-01 1.759202867257881144e-04
2.458910049080702011e+06 9.987289356482995650e-01 1.759234601765534683e-04
2.458910055252631661e+06 9.986137903356019363e-01 1.759363136666056734e-04
2.458910061424561776e+06 9.984303776143229614e-01 1.759552010232414473e-04
2.458910067596491426e+06 9.982219209634924928e-01 1.759740883784522271e-04
2.458910073768421076e+06 9.980452601076974517e-01 1.759854171238569426e-04
2.458910079940351192e+06 9.979006530614014103e-01 1.759728809286975712e-04
2.458910086112280842e+06 9.977803541420501299e-01 1.759603447344840308e-04
2.458910092284210492e+06 9.976464844275120258e-01 1.759478085402704903e-04
2.458910098456140608e+06 9.974939748665299089e-01 1.759036708685873937e-04
2.458910104628070258e+06 9.973229564141151693e-01 1.758546037880851496e-04
2.458910110800000373e+06 9.971388079994265574e-01 1.758055367038808701e-04
2.458910116971930023e+06 9.969443478725718011e-01 1.757734494669192760e-04
2.458910123143859673e+06 9.967395760200464805e-01 1.757590645787213265e-04
2.458910129315789789e+06 9.965441610798708716e-01 1.757446796894380635e-04
2.458910135487719439e+06 9.963984152823671669e-01 1.757297416730727404e-04
2.458910141659649089e+06 9.963035397803120530e-01 1.757105092862756509e-04
2.458910147831579205e+06 9.962471084332410465e-01 1.756912768980275195e-04
2.458910154003508855e+06 9.961273302037899624e-01 1.756720445112304300e-04
2.458910160175438970e+06 9.959217125691220973e-01 1.756605268692951899e-04
2.458910166347368620e+06 9.956304760541111465e-01 1.756517391811027499e-04
2.458910172519298270e+06 9.953469890223091143e-01 1.756429514929103641e-04
2.458910178691228386e+06 9.951479498908043508e-01 1.756285098981791738e-04
2.458910184863158036e+06 9.950333586896307203e-01 1.756041531356565208e-04
2.458910191035087686e+06 9.949577415663358737e-01 1.755797963731338949e-04
2.458910197207017802e+06 9.947777067545934271e-01 1.755554396087735734e-04
2.458910203378947452e+06 9.944827517466358069e-01 1.755115153933591964e-04
2.458910209550877567e+06 9.940841445511292562e-01 1.754673469281603320e-04
2.458910215722807217e+06 9.937597433133376068e-01 1.754231784662939255e-04
2.458910221894736867e+06 9.935709357384170382e-01 1.754188797157995488e-04
2.458910228066666983e+06 9.935177218274682254e-01 1.754398372665682767e-04
2.458910234238596633e+06 9.934821921512682064e-01 1.754607948157558043e-04
2.458910240410526283e+06 9.933071079668946979e-01 1.754619891631549423e-04
2.458910246582456399e+06 9.929916818414183943e-01 1.753994572840319760e-04
2.458910252754386049e+06 9.925774626394376909e-01 1.753369254096268884e-04
2.458910258926316164e+06 9.922705855569100564e-01 1.752743935305038951e-04
2.458910265098245814e+06 9.920990953980856064e-01 1.752617800208067765e-04
2.458910271270175464e+06 9.920597038934195755e-01 1.752572094010358510e-04
2.458910277442105580e+06 9.920118432571587430e-01 1.752526387809200678e-04
2.458910283614035230e+06 9.918808916944908960e-01 1.752446540350481705e-04
2.458910289785964880e+06 9.916668492049395267e-01 1.752330549692176077e-04
2.458910295957894996e+06 9.914079990237418816e-01 1.752214559025118770e-04
2.458910302129824646e+06 9.911838353163664461e-01 1.752102683421798818e-04
2.458910308301754761e+06 9.909968105150314122e-01 1.752024007420154527e-04
2.458910314473684411e+06 9.908391048170930304e-01 1.751945331424445971e-04
2.458910320645614062e+06 9.906455458509560996e-01 1.751866655428737686e-04
2.458910326817544177e+06 9.904015285353621190e-01 1.751424836053751038e-04
2.458910332989473827e+06 9.901071916034422937e-01 1.750851953830533862e-04
2.458910339161403477e+06 9.898307737135575435e-01 1.750279071607316686e-04
2.458910345333333593e+06 9.896291412018357603e-01 1.749889355507595824e-04
2.458910351505263243e+06 9.895022940987029392e-01 1.749826227287220085e-04
2.458910357677193359e+06 9.894219583690573305e-01 1.749763099062081717e-04
2.458910363849123009e+06 9.892977925223143121e-01 1.749699970841705977e-04
2.458910370021052659e+06 9.891230351306681268e-01 1.749535759450559602e-04
2.458910376192982774e+06 9.889014410351966156e-01 1.749369888125866545e-04
2.458910382364912424e+06 9.886936878702973219e-01 1.749204016813688705e-04
2.458910388536842074e+06 9.885209943706066982e-01 1.749324576395534076e-04
2.458910394708772190e+06 9.883833605270631040e-01 1.749629525756981132e-04
2.458910400880701840e+06 9.882577284598130785e-01 1.749934475095420335e-04
2.458910407052631956e+06 9.881129168602775792e-01 1.749981450140741476e-04
2.458910413224561606e+06 9.879487543501201952e-01 1.749178673918460312e-04
2.458910419396491256e+06 9.877652237811589409e-01 1.748375897696179148e-04
2.458910425568421371e+06 9.875622388709033306e-01 1.747573121413329843e-04
2.458910431740351021e+06 9.873397877190452920e-01 1.747405511097009493e-04
2.458910437912280671e+06 9.870989454102618854e-01 1.747343532990067877e-04
2.458910444084210787e+06 9.868875810909167878e-01 1.747281554878450367e-04
2.458910450256140437e+06 9.867314433020917264e-01 1.747209907830441845e-04
2.458910456428070553e+06 9.866305320202261031e-01 1.747127866703082578e-04
2.458910462600000203e+06 9.865639714506896363e-01 1.747045825581913564e-04
