2.458817000000000000e+06 9.856439753345704879e-01 1.899903627259314463e-04
2.458817006171929650e+06 9.855231271940466664e-01 1.899733816905489509e-04
2.458817012343859766e+06 9.854901915528716527e-01 1.899615741976711739e-04
2.458817018515789416e+06 9.855462581039861059e-01 1.899734357934783357e-04
2.458817024687719531e+06 9.856725035198442564e-01 1.899852973901804522e-04
2.458817030859649181e+06 9.857521318105340047e-01 1.899971589859876140e-04
2.458817037031578831e+06 9.857650198668534980e-01 1.900205904442031873e-04
2.458817043203508947e+06 9.857116203665026166e-01 1.900468435442772381e-04
2.458817049375438597e+06 9.856323326764608872e-01 1.900730966423704786e-04
2.458817055547368247e+06 9.855533339468470766e-01 1.900829006838868215e-04
2.458817061719298363e+06 9.854746241717338151e-01 1.900707665041686774e-04
2.458817067891228013e+06 9.854193238377593200e-01 1.900586323253660337e-04
2.458817074063158128e+06 9.854457454247811388e-01 1.900491175494988579e-04
2.458817080235087778e+06 9.855567198590448053e-01 1.900863420915713611e-04
2.458817086407017428e+06 9.857400453225936277e-01 1.901235666336439185e-04
2.458817092578947544e+06 9.858619186716545135e-01 1.901607911785249390e-04
2.458817098750877194e+06 9.858855211486881043e-01 1.901426340875045048e-04
2.458817104922806844e+06 9.858108527665965237e-01 1.900981307409587307e-04
2.458817111094736960e+06 9.857259336738676270e-01 1.900536273910552910e-04
2.458817117266666610e+06 9.857223792390151784e-01 1.900255487462451372e-04
2.458817123438596725e+06 9.858001985928751543e-01 1.900353957883235212e-04
2.458817129610526375e+06 9.859237607256015057e-01 1.900452428296589558e-04
2.458817135782456025e+06 9.859539926354139450e-01 1.900550898709943632e-04
2.458817141954386141e+06 9.858768695727171405e-01 1.900496099731046012e-04
2.458817148126315791e+06 9.857011639755137722e-01 1.900429189254039986e-04
2.458817154298245441e+06 9.856362386970486389e-01 1.900362278777034230e-04
2.458817160470175557e+06 9.857709851023068737e-01 1.900303328619206387e-04
2.458817166642105207e+06 9.861054031709560741e-01 1.900250856494654092e-04
2.458817172814035323e+06 9.865058857692057259e-01 1.900198384366143375e-04
2.458817178985964973e+06 9.867510945804639499e-01 1.900187243736845932e-04
2.458817185157894623e+06 9.868376974928044776e-01 1.900369746219582063e-04
2.458817191329824738e+06 9.867938365671480305e-01 1.900552248716087832e-04
2.458817197501754388e+06 9.867966064079629618e-01 1.900734751198823963e-04
2.458817203673684038e+06 9.868769404643173981e-01 1.900852955122745293e-04
2.458817209845614154e+06 9.870341133748553597e-01 1.900955130963895832e-04
2.458817216017543804e+06 9.871996451984079712e-01 1.901057306797337423e-04
2.458817222189473920e+06 9.873286146621883530e-01 1.901265372835409971e-04
2.458817228361403570e+06 9.874210217467352946e-01 1.901616684786874682e-04
2.458817234533333220e+06 9.874768664631589088e-01 1.901967996738339122e-04
2.458817240705263335e+06 9.874962249770172784e-01 1.902319308716309595e-04
2.458817246877192985e+06 9.875129817641588037e-01 1.902670620667774035e-04
2.458817253049122635e+06 9.875551068526288168e-01 1.903021932619238475e-04
2.458817259221052751e+06 9.876226002484767008e-01 1.903373244597208948e-04
2.458817265392982401e+06 9.877154619415178249e-01 1.903126991654573988e-04
2.458817271564912517e+06 9.878336919457646470e-01 1.902591920753208404e-04
2.458817277736842167e+06 9.879485605130713388e-01 1.902056849892212547e-04
2.458817283908771817e+06 9.880297532626325374e-01 1.901732511489157343e-04
2.458817290080701932e+06 9.880772647712487977e-01 1.901902875546572166e-04
2.458817296252631582e+06 9.881038303113941490e-01 1.902073239591133230e-04
2.458817302424561232e+06 9.881597776979991199e-01 1.902243603635694565e-04
2.458817308596491348e+06 9.882502685933143294e-01 1.902294934001841375e-04
2.458817314768420998e+06 9.883727784965353758e-01 1.902336375055681034e-04
2.458817320940351114e+06 9.884654343969642154e-01 1.902377816112647260e-04
2.458817327112280764e+06 9.885016547425722333e-01 1.902585324268610701e-04
2.458817333284210414e+06 9.884814395424789124e-01 1.902929885548735667e-04
2.458817339456140529e+06 9.884513308334210713e-01 1.903274446854857091e-04
2.458817345628070179e+06 9.884893719291414360e-01 1.903556703806675253e-04
2.458817351799999829e+06 9.885967933247264972e-01 1.903539922948661064e-04
2.458817357971929945e+06 9.887579388958582793e-01 1.903523142089380798e-04
2.458817364143859595e+06 9.888728821114806111e-01 1.903506361231366609e-04
2.458817370315789711e+06 9.889239287326929695e-01 1.903723560756470895e-04
2.458817376487719361e+06 9.889119043849169399e-01 1.904000359737871475e-04
2.458817382659649011e+06 9.889194134643665146e-01 1.904277158719272327e-04
2.458817388831579126e+06 9.890013146636490449e-01 1.904389979100532513e-04
2.458817395003508776e+06 9.891576079704063051e-01 1.904277794377188875e-04
2.458817401175438426e+06 9.893482321415875136e-01 1.904165609653845237e-04
2.458817407347368542e+06 9.894697357332520316e-01 1.904061457355800228e-04
2.458817413519298192e+06 9.895168487352525855e-01 1.904123427278394277e-04
2.458817419691228308e+06 9.894942238676681656e-01 1.904185397205664218e-04
2.458817425863157958e+06 9.894547398342097289e-01 1.904247367128258808e-04
2.458817432035087608e+06 9.894133066622706751e-01 1.904199817703181399e-04
2.458817438207017723e+06 9.893699243485044592e-01 1.904098493680033929e-04
2.458817444378947373e+06 9.893508360865500562e-01 1.903997169664531169e-04
2.458817450550877023e+06 9.893841114410018012e-01 1.904096570642068082e-04
2.458817456722807139e+06 9.894697582960556570e-01 1.904675084390034553e-04
2.458817462894736789e+06 9.895936302396057815e-01 1.905253598094353213e-04
2.458817469066666905e+06 9.896991238416245062e-01 1.905832111842319955e-04
2.458817475238596555e+06 9.897803357559081805e-01 1.905800693249135481e-04
2.458817481410526205e+06 9.898377982525411456e-01 1.905716107501011030e-04
2.458817487582456321e+06 9.898849133603655481e-01 1.905631521746504694e-04
2.458817493754385971e+06 9.899275070436878154e-01 1.905546356349487069e-04
2.458817499926315621e+06 9.899655793062337450e-01 1.905460705826083766e-04
2.458817506098245736e+06 9.899975958409036325e-01 1.905375055296218618e-04
2.458817512270175386e+06 9.900209525499477081e-01 1.905321670907826549e-04
2.458817518442105502e+06 9.900356064865062367e-01 1.905426998488677476e-04
2.458817524614035152e+06 9.900363756184369368e-01 1.905532326061581743e-04
2.458817530785964802e+06 9.899897114751664562e-01 1.905637653634486011e-04
2.458817536957894918e+06 9.898895922419200799e-01 1.905413294048659235e-04
2.458817543129824568e+06 9.897368748373007730e-01 1.905103146305535617e-04
2.458817549301754218e+06 9.896225951066013327e-01 1.904792998562411727e-04
2.458817555473684333e+06 9.896079628138466644e-01 1.904956115093048882e-04
2.458817561645613983e+06 9.896929779612445577e-01 1.905777951244012045e-04
2.458817567817544099e+06 9.898295702851991340e-01 1.906599787456981544e-04
2.458817573989473749e+06 9.898921326264054077e-01 1.907362823509798071e-04
2.458817580161403399e+06 9.898741134928734642e-01 1.906805988617703512e-04
2.458817586333333515e+06 9.897821008203691040e-01 1.906249153683596661e-04
2.458817592505263165e+06 9.896923356368835245e-01 1.905692318791501561e-04
2.458817598677192815e+06 9.896265783679006889e-01 1.905377458032510882e-04
2.458817604849122930e+06 9.895848290111766143e-01 1.905183285598072173e-04
2.458817611021052580e+06 9.895577924247966894e-01 1.904989113178283476e-04
2.458817617192982696e+06 9.895353911831188398e-01 1.904800781565719862e-04
2.458817623364912346e+06 9.895176212175393893e-01 1.904626626921167244e-04
2.458817629536841996e+06 9.894939926487630322e-01 1.904452472276614355e-04
2.458817635708772112e+06 9.894220065155970856e-01 1.904278317618922020e-04
2.458817641880701762e+06 9.892971561961517724e-01 1.904728340561113824e-04
2.458817648052631412e+06 9.891210551001120566e-01 1.905235343969060723e-04
2.458817654224561527e+06 9.889354558501818326e-01 1.905742347415259900e-04
2.458817660396491177e+06 9.887587239283086582e-01 1.905556112608239338e-04
2.458817666568421293e+06 9.885908593078240880e-01 1.904781509830188134e-04
2.458817672740350943e+06 9.884338487548266494e-01 1.904006907110579493e-04
2.458817678912280593e+06 9.882911051919868184e-01 1.903358096020659699e-04
2.458817685084210709e+06 9.881626874287841034e-01 1.903343657666793794e-04
2.458817691256140359e+06 9.880486962941006368e-01 1.903329219314017242e-04
2.458817697428070009e+06 9.879497938146934999e-01 1.903314780961240689e-04
2.458817703600000124e+06 9.878661004367103038e-01 1.903180586397886117e-04
2.458817709771929774e+06 9.877974471468731199e-01 1.903014566632750179e-04
2.458817715943859890e+06 9.877247262624654356e-01 1.902848546855088455e-04
2.458817722115789540e+06 9.876349302398910179e-01 1.902459674037255597e-04
2.458817728287719190e+06 9.875280590743075182e-01 1.901756155715240125e-04
2.458817734459649306e+06 9.874027853305532565e-01 1.901052637340145367e-04
2.458817740631578956e+06 9.872555992829884497e-01 1.900389707767712651e-04
2.458817746803508606e+06 9.870863135407066391e-01 1.900722215791684848e-04
2.458817752975438721e+06 9.868979055891385910e-01 1.901054723840744671e-04
2.458817759147368371e+06 9.867254686223104754e-01 1.901387231864716868e-04
2.458817765319298487e+06 9.865791410892975621e-01 1.901562731122082505e-04
2.458817771491228137e+06 9.864589230121798558e-01 1.901658688672326440e-04
2.458817777663157787e+06 9.863638805165864110e-01 1.901754646222570647e-04
2.458817783835087903e+06 9.862929874199085623e-01 1.901696067743663084e-04
2.458817790007017553e+06 9.862462431694242193e-01 1.901256017416561505e-04
2.458817796178947203e+06 9.862032079982370192e-01 1.900815967089459655e-04
2.458817802350877319e+06 9.860800308619774857e-01 1.900375916729157095e-04
2.458817808522806969e+06 9.858676721736071569e-01 1.899959583370305948e-04
2.458817814694737084e+06 9.855704251057678666e-01 1.899545513528758892e-04
2.458817820866666734e+06 9.853025233103583913e-01 1.899131443718453122e-04
2.458817827038596384e+06 9.851148099413339354e-01 1.898902555281863785e-04
2.458817833210526500e+06 9.850072849936069019e-01 1.898833046746438425e-04
2.458817839382456150e+06 9.849230225823226714e-01 1.898763538216257350e-04
2.458817845554386266e+06 9.847630463355101504e-01 1.898660467875183460e-04
2.458817851726315916e+06 9.845255758142473779e-01 1.898383796666816190e-04
2.458817857898245566e+06 9.842276591792016305e-01 1.898107125458448649e-04
2.458817864070175681e+06 9.839828755027603124e-01 1.897830454229206692e-04
2.458817870242105331e+06 9.838121699359548833e-01 1.898036598502608014e-04
2.458817876414034981e+06 9.837149967511383819e-01 1.898373748954330757e-04
2.458817882585965097e+06 9.836255657553341081e-01 1.898710899431490780e-04
2.458817888757894747e+06 9.834985305536790845e-01 1.898622642021962324e-04
2.458817894929824863e+06 9.833338911270038674e-01 1.897925086388877239e-04
2.458817901101754513e+06 9.831500160077235595e-01 1.897227530808421225e-04
2.458817907273684163e+06 9.829960491173876935e-01 1.896557629184788521e-04
2.458817913445614278e+06 9.828746753363514221e-01 1.896634591147725566e-04
2.458817919617543928e+06 9.827838136703929139e-01 1.896711553104856438e-04
2.458817925789473578e+06 9.826984809728711578e-01 1.896788515061986768e-04
2.458817931961403694e+06 9.826113715932783821e-01 1.896444890413024513e-04
2.458817938133333344e+06 9.825224855447589611e-01 1.895884861207540852e-04
2.458817944305263460e+06 9.824208459990148024e-01 1.895324831959803663e-04
2.458817950477193110e+06 9.822942283139501907e-01 1.895030579198491382e-04
2.458817956649122760e+06 9.821426237406960524e-01 1.895403633865069522e-04
2.458817962821052875e+06 9.819776802123316717e-01 1.895776688559793822e-04
2.458817968992982525e+06 9.818477839683469321e-01 1.896149743226371420e-04
2.458817975164912175e+06 9.817582374783048182e-01 1.896462917646045214e-04
2.458817981336842291e+06 9.817080406017376637e-01 1.896770126632578869e-04
2.458817987508771941e+06 9.816698196021734768e-01 1.897077335595933906e-04
2.458817993680702057e+06 9.816312463861324167e-01 1.896941752844479977e-04
2.458817999852631707e+06 9.815923209594352716e-01 1.896419714820933339e-04
2.458818006024561357e+06 9.815473154489670060e-01 1.895897676797386701e-04
2.458818012196491472e+06 9.814861503070497761e-01 1.895607324856797441e-04
2.458818018368421122e+06 9.814086364752881986e-01 1.896546712198508161e-04
2.458818024540350772e+06 9.813137130547100462e-01 1.897486099540218610e-04
2.458818030712280888e+06 9.811942092716648967e-01 1.898425486952804169e-04
2.458818036884210538e+06 9.810487849156634965e-01 1.897377300465902543e-04
2.458818043056140654e+06 9.808780678203689041e-01 1.895778604151121419e-04
2.458818049228070304e+06 9.807629778639235241e-01 1.894179907956959142e-04
2.458818055399999954e+06 9.807599886301742176e-01 1.893512541031466833e-04
2.458818061571930069e+06 9.808691001315819058e-01 1.894198384120274908e-04
2.458818067743859719e+06 9.810476956407307991e-01 1.894884227157336994e-04
2.458818073915789369e+06 9.811804006657469657e-01 1.895543914405667634e-04
2.458818080087719485e+06 9.812607668341118972e-01 1.895418270913324006e-04
2.458818086259649135e+06 9.812887182027926203e-01 1.895292627430460370e-04
2.458818092431579251e+06 9.812633261004461982e-01 1.895166983938116742e-04
2.458818098603508901e+06 9.811843156605124516e-01 1.895252038266471962e-04
2.458818104775438551e+06 9.810516868830981840e-01 1.895447190279516672e-04
2.458818110947368667e+06 9.809253372043120756e-01 1.895642342307285661e-04
2.458818117119298317e+06 9.808728693445273317e-01 1.895711175524042848e-04
2.458818123291227967e+06 9.808943442655176925e-01 1.895457375694330757e-04
2.458818129463158082e+06 9.809742600784437938e-01 1.895203575845470030e-04
2.458818135635087732e+06 9.810474071188436396e-01 1.894949776015757939e-04
2.458818141807017848e+06 9.811065220578941704e-01 1.894860731812293816e-04
2.458818147978947498e+06 9.811518372330224613e-01 1.894788795594477945e-04
2.458818154150877148e+06 9.811898970056324165e-01 1.894716859376662074e-04
2.458818160322807264e+06 9.812236836920780192e-01 1.894762639681005516e-04
2.458818166494736914e+06 9.812531972872611252e-01 1.894912602631230569e-04
2.458818172666666564e+06 9.812913872702740958e-01 1.895062565581455351e-04
2.458818178838596679e+06 9.813613167595347520e-01 1.895234672507499539e-04
2.458818185010526329e+06 9.814634364050203175e-01 1.895527443111533780e-04
2.458818191182456445e+06 9.815923993959558835e-01 1.895820213737657285e-04
2.458818197354386095e+06 9.817115370323251655e-01 1.896112984341691526e-04
2.458818203526315745e+06 9.818139036405261200e-01 1.896537612451584028e-04
2.458818209698245861e+06 9.818996513422465489e-01 1.896999511991925326e-04
2.458818215870175511e+06 9.819897932156600451e-01 1.897461411497417384e-04
2.458818222042105161e+06 9.820991785134792762e-01 1.897518982473787603e-04
2.458818228214035276e+06 9.822278072461347875e-01 1.896980546870327873e-04
2.458818234385964926e+06 9.823624149643911396e-01 1.896442111307492114e-04
2.458818240557895042e+06 9.824666641231043496e-01 1.895923393782347809e-04
2.458818246729824692e+06 9.825384775728720488e-01 1.896070588313558865e-04
2.458818252901754342e+06 9.825862156104215872e-01 1.896217782844769649e-04
2.458818259073684458e+06 9.827140651923400583e-01 1.896364977387085917e-04
2.458818265245614108e+06 9.829532382722994122e-01 1.896807987641466089e-04
2.458818271417543758e+06 9.833037348557460700e-01 1.897407967201988573e-04
2.458818277589473873e+06 9.836897839940441646e-01 1.898007946807778667e-04
2.458818283761403523e+06 9.840247235278597460e-01 1.898606932174102613e-04
2.458818289933333639e+06 9.843084573857573405e-01 1.899203334134767025e-04
2.458818296105263289e+06 9.845368677359110920e-01 1.899799736050433794e-04
2.458818302277192939e+06 9.846924133114085542e-01 1.900396137966100564e-04
2.458818308449123055e+06 9.847731084583382088e-01 1.901029708058420641e-04
2.458818314621052705e+06 9.847835613082444040e-01 1.901667295480939418e-04
2.458818320792982355e+06 9.848574055331837940e-01 1.902304882903458195e-04
2.458818326964912470e+06 9.850562623180779687e-01 1.902436079221784865e-04
2.458818333136842120e+06 9.853801316329195981e-01 1.902112813447229896e-04
2.458818339308772236e+06 9.857514476850702811e-01 1.901789547648285257e-04
2.458818345480701886e+06 9.860303977047445434e-01 1.901624609671592053e-04
2.458818351652631536e+06 9.862141383507259107e-01 1.902345803230990186e-04
2.458818357824561652e+06 9.863225981371759321e-01 1.903066996844801173e-04
2.458818363996491302e+06 9.864944573847410636e-01 1.903788190404199305e-04
2.458818370168420952e+06 9.867563367424283527e-01 1.903770787316706888e-04
2.458818376340351067e+06 9.871077621913977307e-01 1.903540369934203719e-04
2.458818382512280717e+06 9.874783496283450202e-01 1.903309952569084919e-04
2.458818388684210833e+06 9.878177341092803099e-01 1.903142393190140902e-04
2.458818394856140483e+06 9.881259155829916763e-01 1.903068838515545574e-04
2.458818401028070133e+06 9.884016618540132360e-01 1.902995283840950517e-04
2.458818407200000249e+06 9.886415570983808632e-01 1.902940587538154297e-04
2.458818413371929899e+06 9.888454016332702823e-01 1.903612844042966651e-04
2.458818419543859549e+06 9.890178412886346804e-01 1.904285100547778735e-04
2.458818425715789665e+06 9.892178792854572356e-01 1.904957357103311422e-04
2.458818431887719315e+06 9.894634059602746001e-01 1.905312287243440122e-04
2.458818438059649430e+06 9.897544213501362487e-01 1.905496237826210507e-04
2.458818444231579080e+06 9.900620083744536837e-01 1.905680188395102019e-04
2.458818450403508730e+06 9.903526530224241453e-01 1.905946607440778717e-04
2.458818456575438846e+06 9.906263105251996715e-01 1.906431080218223329e-04
2.458818462747368496e+06 9.908763120683431458e-01 1.906915552959115420e-04
2.458818468919298146e+06 9.910738883272640631e-01 1.907400025700007240e-04
2.458818475091228262e+06 9.912157299523732812e-01 1.907346045877317058e-04
2.458818481263157912e+06 9.913062150874902834e-01 1.907231561241930651e-04
2.458818487435088027e+06 9.914761261863636044e-01 1.907117076597906948e-04
2.458818493607017677e+06 9.917864862653017477e-01 1.907357026296662914e-04
2.458818499778947327e+06 9.922372953318261413e-01 1.907919525755646755e-04
2.458818505950877443e+06 9.927309455593842369e-01 1.908482025257070335e-04
2.458818512122807093e+06 9.930893776840262754e-01 1.908950782553571718e-04
2.458818518294736743e+06 9.933088262262210755e-01 1.908880379615304095e-04
2.458818524466666859e+06 9.934098052366081566e-01 1.908809976671724696e-04
2.458818530638596509e+06 9.935371809875296334e-01 1.908739573733457073e-04
2.458818536810526624e+06 9.937191329757895097e-01 1.909749449628302391e-04
2.458818542982456274e+06 9.939554316208532025e-01 1.911077139159225659e-04
2.458818549154385924e+06 9.942093329766172882e-01 1.912404828690148926e-04
2.458818555326316040e+06 9.944542116043584290e-01 1.913061709057990896e-04
2.458818561498245690e+06 9.946900674671246279e-01 1.912700750246644900e-04
2.458818567670175340e+06 9.949204594156411119e-01 1.912339791435299175e-04
2.458818573842105456e+06 9.951553704820682578e-01 1.911998796782815222e-04
2.458818580014035106e+06 9.953953970783271377e-01 1.912553118768025521e-04
2.458818586185965221e+06 9.956400491565952082e-01 1.913107440795058648e-04
2.458818592357894871e+06 9.958829823805308568e-01 1.913661762780268947e-04
2.458818598529824521e+06 9.961222498174024942e-01 1.913779818693307484e-04
2.458818604701754637e+06 9.963578514848479006e-01 1.913659200946049794e-04
2.458818610873684287e+06 9.965671506853913675e-01 1.913538583207892896e-04
2.458818617045613937e+06 9.967235641355871589e-01 1.913470656013611178e-04
2.458818623217544053e+06 9.968270497483469050e-01 1.913544508829198923e-04
2.458818629389473703e+06 9.969024466001068507e-01 1.913618361639214953e-04
2.458818635561403818e+06 9.970582779888470526e-01 1.913692214454802698e-04
2.458818641733333468e+06 9.973072280411832136e-01 1.914332951706329393e-04
2.458818647905263118e+06 9.976455438233777784e-01 1.915039834670823613e-04
2.458818654077193234e+06 9.979576904169733531e-01 1.915746717688651365e-04
2.458818660249122884e+06 9.981891181546883596e-01 1.916077883524228088e-04
2.458818666421053000e+06 9.983398270714444189e-01 1.916062337804684079e-04
2.458818672592982650e+06 9.984219773215771143e-01 1.916046792086312906e-04
2.458818678764912300e+06 9.984580189105197734e-01 1.915999544965458004e-04
2.458818684936842415e+06 9.984484451070643196e-01 1.915764825895847456e-04
2.458818691108772065e+06 9.984044245006262752e-01 1.915530106843946266e-04
2.458818697280701715e+06 9.984060006331872961e-01 1.915295387792045076e-04
2.458818703452631831e+06 9.984689508053092855e-01 1.915784824159842497e-04
2.458818709624561481e+06 9.985930654063222001e-01 1.916491536760303778e-04
2.458818715796491597e+06 9.987420554296613240e-01 1.917198249414085579e-04
2.458818721968421247e+06 9.988892915425302554e-01 1.917605429139506064e-04
2.458818728140350897e+06 9.990347737562360608e-01 1.917551466330803757e-04
2.458818734312281013e+06 9.991755198736643750e-01 1.917497503518029729e-04
2.458818740484210663e+06 9.993030645708378401e-01 1.917455334320618699e-04
2.458818746656140313e+06 9.994168909754123087e-01 1.918044495738215386e-04
2.458818752828070428e+06 9.995151180028194471e-01 1.918633657200263549e-04
2.458818759000000078e+06 9.995729199211351723e-01 1.919222818617859964e-04
2.458818765171930194e+06 9.995825860381860606e-01 1.918978063744509728e-04
2.458818771343859844e+06 9.995441163525135009e-01 1.918270115988983740e-04
2.458818777515789494e+06 9.994926180975169938e-01 1.917562168233458023e-04
2.458818783687719610e+06 9.994698641203764167e-01 1.917061311864239038e-04
2.458818789859649260e+06 9.994759316989501041e-01 1.917127626064137785e-04
2.458818796031578910e+06 9.995137333338163232e-01 1.917193940264036260e-04
2.458818802203509025e+06 9.995961566912220375e-01 1.917260254468938329e-04
2.458818808375438675e+06 9.997247321140387832e-01 1.917655737213867957e-04
2.458818814547368791e+06 9.998959959396898078e-01 1.918091059942386202e-04
2.458818820719298441e+06 1.000000000000000000e+00 1.918526382638060168e-04
2.458818826891228091e+06 9.999842147453653629e-01 1.918490058691777692e-04
2.458818833063158207e+06 9.998486401610383600e-01 1.918012400497830726e-04
2.458818839235087857e+06 9.996709694630263598e-01 1.917534742339922370e-04
2.458818845407017507e+06 9.995963635165945327e-01 1.917111688999792159e-04
2.458818851578947622e+06 9.996281334771056626e-01 1.917020842372267337e-04
2.458818857750877272e+06 9.997455781499609007e-01 1.916929995751596842e-04
2.458818863922807388e+06 9.997981157597940483e-01 1.916839149124072020e-04
2.458818870094737038e+06 9.997556717844664487e-01 1.916815257622020007e-04
2.458818876266666688e+06 9.996187704909514915e-01 1.916811850341357151e-04
2.458818882438596804e+06 9.994859403764722039e-01 1.916808443060437339e-04
2.458818888610526454e+06 9.994304028137090956e-01 1.916827360709691896e-04
2.458818894782456104e+06 9.994521577897246267e-01 1.916881153151952979e-04
2.458818900954386219e+06 9.994992343078971109e-01 1.916934945598272231e-04
2.458818907126315869e+06 9.994223456859627763e-01 1.916981301607151257e-04
2.458818913298245985e+06 9.992121785379740606e-01 1.916534777442609433e-04
2.458818919470175635e+06 9.988815177499320574e-01 1.916088253311756752e-04
2.458818925642105285e+06 9.986024104786329625e-01 1.915641729180904071e-04
2.458818931814035401e+06 9.984289387402304206e-01 1.915653143618779050e-04
2.458818937985965051e+06 9.983611025609009371e-01 1.915922787292227041e-04
2.458818944157894701e+06 9.983321495661705569e-01 1.916192430965675032e-04
2.458818950329824816e+06 9.982616080097931333e-01 1.916416469776947970e-04
2.458818956501754466e+06 9.981493060584953891e-01 1.916513364318629036e-04
2.458818962673684582e+06 9.979905646978253220e-01 1.916610258867620334e-04
2.458818968845614232e+06 9.977644139596917316e-01 1.916707153409301400e-04
2.458818975017543882e+06 9.974683242331982003e-01 1.915856530586001474e-04
2.458818981189473998e+06 9.971057563586631645e-01 1.914887074003959852e-04
2.458818987361403648e+06 9.967900487406043952e-01 1.913917617495062033e-04
2.458818993533333298e+06 9.965759955386057634e-01 1.913417159728643662e-04
2.458818999705263413e+06 9.964635967480220957e-01 1.913361706231673815e-04
2.458819005877193063e+06 9.964058412895742123e-01 1.913306252738887362e-04
2.458819012049123179e+06 9.963138394356590988e-01 1.913240395740977828e-04
2.458819018221052829e+06 9.961854878757226972e-01 1.913109385802423722e-04
2.458819024392982479e+06 9.960288134727569576e-01 1.912978375863869616e-04
2.458819030564912595e+06 9.959030828270479807e-01 1.912847365915430840e-04
2.458819036736842245e+06 9.958202891838063842e-01 1.912583702725028755e-04
2.458819042908771895e+06 9.957800759462899221e-01 1.912278665930514999e-04
2.458819049080702011e+06 9.957094110950150956e-01 1.911973629112986340e-04
2.458819055252631661e+06 9.955533280967424625e-01 1.911626893640369477e-04
2.458819061424561776e+06 9.953118269279198627e-01 1.911214058975149960e-04
2.458819067596491426e+06 9.950164364032808573e-01 1.910801224341077945e-04
2.458819073768421076e+06 9.947588055657826667e-01 1.910396501670166315e-04
2.458819079940351192e+06 9.945447748898398332e-01 1.910695959065313509e-04
2.458819086112280842e+06 9.943712028287507998e-01 1.910995416437867014e-04
2.458819092284210492e+06 9.941949729374511824e-01 1.911294873810419977e-04
2.458819098456140608e+06 9.940023683372942731e-01 1.911035494298528813e-04
2.458819104628070258e+06 9.937933890573434903e-01 1.910456214007802357e-04
2.458819110800000373e+06 9.935943631319674729e-01 1.909876933673370085e-04
2.458819116971930023e+06 9.934374459742821850e-01 1.909440922354531823e-04
2.458819123143859673e+06 9.933227160235409414e-01 1.909411577151135929e-04
2.458819129315789789e+06 9.932275952406208752e-01 1.909382231945525824e-04
2.458819135487719439e+06 9.930495922335776937e-01 1.909352886742129659e-04
2.458819141659649089e+06 9.927761486201415186e-01 1.908842607365113448e-04
2.458819147831579205e+06 9.924109245545376101e-01 1.908269886046305101e-04
2.458819154003508855e+06 9.920776509226236772e-01 1.907697164770707631e-04
2.458819160175438970e+06 9.918368592152230212e-01 1.907423581388268741e-04
2.458819166347368620e+06 9.916885494686703550e-01 1.907437806784399704e-04
2.458819172519298270e+06 9.916027175703464591e-01 1.907452032180530395e-04
2.458819178691228386e+06 9.915219504778401971e-01 1.907454624673497116e-04
2.458819184863158036e+06 9.914448399834319137e-01 1.907382177370025027e-04
2.458819191035087686e+06 9.913619431174920393e-01 1.907309730066552667e-04
2.458819197207017802e+06 9.912024819806432019e-01 1.907237282757614572e-04
2.458819203378947452e+06 9.909519453923908427e-01 1.906917995981452041e-04
2.458819209550877567e+06 9.906107488655702120e-01 1.906520238542856293e-04
2.458819215722807217e+06 9.902720400895913544e-01 1.906122481134270720e-04
2.458819221894736867e+06 9.900068233944012697e-01 1.905733801626106807e-04
2.458819228066666983e+06 9.898150987683073110e-01 1.905359724788845068e-04
2.458819234238596633e+06 9.896700902671278222e-01 1.904985647979807008e-04
2.458819240410526283e+06 9.894930329772975153e-01 1.904612895010368632e-04
2.458819246582456399e+06 9.892788007369192060e-01 1.904406115658791553e-04
2.458819252754386049e+06 9.890322798121814474e-01 1.904199336322815058e-04
2.458819258926316164e+06 9.888218767490891681e-01 1.903992556971237707e-04
2.458819265098245814e+06 9.886696162969430546e-01 1.903732521400414320e-04
2.458819271270175464e+06 9.885754984376753374e-01 1.903441539644824181e-04
2.458819277442105580e+06 9.884950523808654355e-01 1.903150557867280032e-04
2.458819283614035230e+06 9.883732548037480470e-01 1.902866692162615220e-04
2.458819289785964880e+06 9.882099536765149850e-01 1.902603394561172253e-04
2.458819295957894996e+06 9.880114596073282796e-01 1.902340096939863720e-04
2.458819302129824646e+06 9.878067893300154223e-01 1.902076799338421023e-04
2.458819308301754761e+06 9.875995539537439916e-01 1.902169387798981345e-04
2.458819314473684411e+06 9.873909771802228397e-01 1.902309767756010762e-04
2.458819320645614062e+06 9.872237831681806020e-01 1.902450147713040179e-04
2.458819326817544177e+06 9.871191227901701115e-01 1.902422651527033409e-04
2.458819332989473827e+06 9.870769960619842909e-01 1.902231375321654502e-04
2.458819339161403477e+06 9.870419363834481707e-01 1.902040099116276137e-04
2.458819345333333593e+06 9.869065360606640303e-01 1.901815885933745478e-04
2.458819351505263243e+06 9.866680661783627793e-01 1.901372683921352300e-04
2.458819357677193359e+06 9.863492733042361627e-01 1.900929481875519888e-04
2.458819363849123009e+06 9.861232468462143297e-01 1.900486279863126439e-04
2.458819370021052659e+06 9.860259399127565549e-01 1.900559716046426703e-04
2.458819376192982774e+06 9.860569677400051747e-01 1.900800525609286958e-04
2.458819382364912424e+06 9.861214875206822938e-01 1.901041335153978696e-04
2.458819388536842074e+06 9.861462733509869238e-01 1.901092104795615875e-04
2.458819394708772190e+06 9.861313252282921660e-01 1.900832640370970529e-04
2.458819400880701840e+06 9.860768171954363837e-01 1.900573175965901537e-04
2.458819407052631956e+06 9.859832673409352211e-01 1.900314613185132668e-04
2.458819413224561606e+06 9.858507101068019196e-01 1.900258350465704356e-04
2.458819419396491256e+06 9.856847280124123589e-01 1.900202087746276044e-04
2.458819425568421371e+06 9.855650600220582369e-01 1.900145825022602809e-04
2.458819431740351021e+06 9.855176884478393795e-01 1.900252900064435804e-04
2.458819437912280671e+06 9.855426132779997461e-01 1.900456314706361306e-04
2.458819444084210787e+06 9.855812939538984851e-01 1.900659729363633960e-04
2.458819450256140437e+06 9.855603557920388225e-01 1.900743742280553740e-04
2.458819456428070553e+06 9.854795710142089105e-01 1.900476270746283801e-04
2.458819462600000203e+06 9.853639734708894427e-01 1.900208799232194117e-04
