2.458701000000000000e+06 9.908706804948771429e-01 1.715547914688857146e-04
2.458701006171929650e+06 9.906840361181413757e-01 1.715297300939481247e-04
2.458701012343859766e+06 9.904530511022522354e-01 1.715024939731921833e-04
2.458701018515789416e+06 9.901773186962141704e-01 1.714607377948582903e-04
2.458701024687719531e+06 9.898674590395788453e-01 1.714189816133739226e-04
2.458701030859649181e+06 9.896044720568650810e-01 1.713772254350400296e-04
2.458701037031578831e+06 9.894052157675078396e-01 1.713494678743360646e-04
2.458701043203508947e+06 9.892694120655559642e-01 1.713262595824847315e-04
2.458701049375438597e+06 9.891272861999261812e-01 1.713030512923844392e-04
2.458701055547368247e+06 9.889248418226042059e-01 1.712863221505145025e-04
2.458701061719298363e+06 9.886620789114889396e-01 1.712802005801418242e-04
2.458701067891228013e+06 9.883791274251915171e-01 1.712740790102310160e-04
2.458701074063158128e+06 9.881957485971750721e-01 1.712680030389214915e-04
2.458701080235087778e+06 9.881199353493550497e-01 1.712743546469500588e-04
2.458701086407017428e+06 9.881412232488375746e-01 1.712807062549785990e-04
2.458701092578947544e+06 9.881094173986668672e-01 1.712870578634863566e-04
2.458701098750877194e+06 9.879754377665566079e-01 1.712938643518817231e-04
2.458701104922806844e+06 9.877392843539614109e-01 1.713009401539846278e-04
2.458701111094736960e+06 9.874836660463641724e-01 1.713080159566213938e-04
2.458701117266666610e+06 9.873126102911145008e-01 1.713208483326888521e-04
2.458701123438596725e+06 9.872264498562079993e-01 1.713507149505614179e-04
2.458701129610526375e+06 9.872012533434518788e-01 1.713805815661805507e-04
2.458701135782456025e+06 9.871251264990332785e-01 1.714104481817997107e-04
2.458701141954386141e+06 9.869838622609166112e-01 1.714067862407699506e-04
2.458701148126315791e+06 9.867796698697620661e-01 1.713984239291937929e-04
2.458701154298245441e+06 9.865931390292699277e-01 1.713900616176176352e-04
2.458701160470175557e+06 9.864647999591219518e-01 1.713909564008695222e-04
2.458701166642105207e+06 9.863946526786844249e-01 1.714010525182589552e-04
2.458701172814035323e+06 9.863390270232933466e-01 1.714111486364101216e-04
2.458701178985964973e+06 9.862119822454633589e-01 1.714143917919406829e-04
2.458701185157894623e+06 9.860112304308112918e-01 1.713700881544511401e-04
2.458701191329824738e+06 9.857547910678915448e-01 1.713257845136189749e-04
2.458701197501754388e+06 9.855827070239735477e-01 1.712814808761294050e-04
2.458701203673684038e+06 9.855245952486274552e-01 1.712723616467041023e-04
2.458701209845614154e+06 9.855800811359618496e-01 1.712749431857756434e-04
2.458701216017543804e+06 9.856425759410910592e-01 1.712775247246524346e-04
2.458701222189473920e+06 9.856282774979646666e-01 1.712657885546707873e-04
2.458701228361403570e+06 9.855371858087405013e-01 1.712301795068344986e-04
2.458701234533333220e+06 9.854063011835262342e-01 1.711945704589981827e-04
2.458701240705263335e+06 9.853476829214198318e-01 1.711589614084752138e-04
2.458701246877192985e+06 9.853690018546747975e-01 1.711168728093563575e-04
2.458701253049122635e+06 9.854638239217659024e-01 1.710747800937761247e-04
2.458701259221052751e+06 9.855374527649225502e-01 1.710326873750200741e-04
2.458701265392982401e+06 9.855584844351082952e-01 1.710056227584566264e-04
2.458701271564912517e+06 9.855269189354968207e-01 1.709876201444030820e-04
2.458701277736842167e+06 9.854734427386547813e-01 1.709696175317077990e-04
2.458701283908771817e+06 9.854372698763061988e-01 1.709459709408664820e-04
2.458701290080701932e+06 9.854185435255004011e-01 1.709052371510936619e-04
2.458701296252631582e+06 9.854110135601485965e-01 1.708645033643941484e-04
2.458701302424561232e+06 9.853849862336033771e-01 1.708237695776946348e-04
2.458701308596491348e+06 9.853366194306595327e-01 1.707952156636318168e-04
2.458701314768420998e+06 9.852675609365817433e-01 1.707684375227414952e-04
2.458701320940351114e+06 9.852404818958847565e-01 1.707416593798308170e-04
2.458701327112280764e+06 9.852873668389466877e-01 1.707303288269720399e-04
2.458701333284210414e+06 9.854082157609340697e-01 1.707346186117753798e-04
2.458701339456140529e+06 9.855541991264924473e-01 1.707389083969023812e-04
2.458701345628070179e+06 9.856278027039045986e-01 1.707419224805382973e-04
2.458701351799999829e+06 9.856263206059817650e-01 1.707357284912200770e-04
2.458701357971929945e+06 9.855611966146202718e-01 1.707295345014344572e-04
2.458701364143859595e+06 9.855230697326866629e-01 1.707233405121162369e-04
2.458701370315789711e+06 9.855314169998948826e-01 1.707382140228578984e-04
2.458701376487719361e+06 9.855861618915804367e-01 1.707602550825089330e-04
2.458701382659649011e+06 9.856623824336071538e-01 1.707822961421599946e-04
2.458701388831579126e+06 9.857401703110244551e-01 1.708114591203167582e-04
2.458701395003508776e+06 9.858195255120945077e-01 1.708527168818067485e-04
2.458701401175438426e+06 9.858975485734440269e-01 1.708939746432967116e-04
2.458701407347368542e+06 9.859653277068552990e-01 1.709352324078995005e-04
2.458701413519298192e+06 9.860222374024086855e-01 1.709892113555680558e-04
2.458701419691228308e+06 9.860694197680641704e-01 1.710432532774523783e-04
2.458701425863157958e+06 9.861241173257777604e-01 1.710972951952593416e-04
2.458701432035087608e+06 9.861921329614049547e-01 1.711369613337928534e-04
2.458701438207017723e+06 9.862734666815849982e-01 1.711677992231020427e-04
2.458701444378947373e+06 9.863368911604118994e-01 1.711986371100845884e-04
2.458701450550877023e+06 9.863418649848539888e-01 1.712362677265999347e-04
2.458701456722807139e+06 9.862882207042911187e-01 1.712949444909098022e-04
2.458701462894736789e+06 9.862024853440664041e-01 1.713536212507925740e-04
2.458701469066666905e+06 9.862127239134544920e-01 1.714122980151024415e-04
2.458701475238596555e+06 9.863358207195942473e-01 1.714979006952743333e-04
2.458701481410526205e+06 9.865689941238775518e-01 1.715875814794650105e-04
2.458701487582456321e+06 9.868018278154988554e-01 1.716772622704219767e-04
2.458701493754385971e+06 9.869771361647227126e-01 1.717572522017266816e-04
2.458701499926315621e+06 9.870949191912858911e-01 1.718272732487858960e-04
2.458701506098245736e+06 9.871628592945127512e-01 1.718972943011280751e-04
2.458701512270175386e+06 9.871965249198261239e-01 1.719634416643950727e-04
2.458701518442105502e+06 9.871963659398013125e-01 1.720004650234206560e-04
2.458701524614035152e+06 9.871705595641376840e-01 1.720374883796529008e-04
2.458701530785964802e+06 9.871851205702559806e-01 1.720745117358851457e-04
2.458701536957894918e+06 9.872544617955082424e-01 1.721386787536312735e-04
2.458701543129824568e+06 9.873784777808394253e-01 1.722122909496608860e-04
2.458701549301754218e+06 9.875174358112185358e-01 1.722859031456904714e-04
2.458701555473684333e+06 9.876390851267448090e-01 1.723599148383409268e-04
2.458701561645613983e+06 9.877434257090620395e-01 1.724346175870925598e-04
2.458701567817544099e+06 9.878311919301445698e-01 1.725093203414803365e-04
2.458701573989473749e+06 9.879046744731917462e-01 1.725840230902319695e-04
2.458701580161403399e+06 9.879640381477178268e-01 1.726105254097009243e-04
2.458701586333333515e+06 9.880117360605037424e-01 1.726365793579002692e-04
2.458701592505263165e+06 9.880857702406057319e-01 1.726626333041338742e-04
2.458701598677192815e+06 9.881991194604428097e-01 1.727043394498751420e-04
2.458701604849122930e+06 9.883517837330165756e-01 1.727558339112606508e-04
2.458701611021052580e+06 9.885068366460011413e-01 1.728073283687610025e-04
2.458701617192982696e+06 9.886155767236864955e-01 1.728499627420864489e-04
2.458701623364912346e+06 9.886777781842965851e-01 1.728644956130101354e-04
2.458701629536841996e+06 9.886934410377914428e-01 1.728790284839338220e-04
2.458701635708772112e+06 9.886625652800857811e-01 1.728935613559540163e-04
2.458701641880701762e+06 9.886146899796228738e-01 1.729080942268777028e-04
2.458701648052631412e+06 9.885986549983855065e-01 1.729226270978014165e-04
2.458701654224561527e+06 9.886151900608833865e-01 1.729371599698215837e-04
2.458701660396491177e+06 9.886642951646215094e-01 1.729472913385453391e-04
2.458701666568421293e+06 9.887459703170099479e-01 1.729528165136294754e-04
2.458701672740350943e+06 9.888602155057238940e-01 1.729583416882967360e-04
2.458701678912280593e+06 9.890068081112526333e-01 1.729638668629640238e-04
2.458701685084210709e+06 9.891648532035690611e-01 1.729693920380481330e-04
2.458701691256140359e+06 9.893206613808109839e-01 1.729749172127154208e-04
2.458701697428070009e+06 9.894742326549872402e-01 1.729804423873826814e-04
2.458701703600000124e+06 9.896255670374308755e-01 1.729848710038000865e-04
2.458701709771929774e+06 9.897745864773030977e-01 1.729889094506656053e-04
2.458701715943859890e+06 9.898868469850679030e-01 1.729929478978358120e-04
2.458701722115789540e+06 9.899339381427804119e-01 1.729924706955696654e-04
2.458701728287719190e+06 9.899158599613688825e-01 1.729840359647746113e-04
2.458701734459649306e+06 9.898526763754261770e-01 1.729756012333431576e-04
2.458701740631578956e+06 9.898079061562807812e-01 1.729671665025481035e-04
2.458701746803508606e+06 9.897862320555496085e-01 1.729630896843282865e-04
2.458701752975438721e+06 9.897877986398329053e-01 1.729590725369849452e-04
2.458701759147368371e+06 9.898149046986874922e-01 1.729550553899446654e-04
2.458701765319298487e+06 9.898683469492869369e-01 1.729408384524207005e-04
2.458701771491228137e+06 9.899481253835671346e-01 1.729201265023572729e-04
2.458701777663157787e+06 9.900205927654530669e-01 1.728994145522938454e-04
2.458701783835087903e+06 9.900406706752800101e-01 1.728838904948565964e-04
2.458701790007017553e+06 9.900081261771959129e-01 1.728852153439864941e-04
2.458701796178947203e+06 9.899319354748175037e-01 1.728865401931164189e-04
2.458701802350877319e+06 9.898568553162204742e-01 1.728878650423463343e-04
2.458701808522806969e+06 9.897890096494837975e-01 1.728858564957295465e-04
2.458701814694737084e+06 9.897290268823930592e-01 1.728833047764732965e-04
2.458701820866666734e+06 9.897041659477289199e-01 1.728807530574095195e-04
2.458701827038596384e+06 9.897289664070968440e-01 1.728899765925420685e-04
2.458701833210526500e+06 9.898034282679888385e-01 1.729117364951626658e-04
2.458701839382456150e+06 9.898858127854777145e-01 1.729334963961415370e-04
2.458701845554386266e+06 9.898890241923793409e-01 1.729502687351933891e-04
2.458701851726315916e+06 9.898103405667815213e-01 1.729261914127420518e-04
2.458701857898245566e+06 9.896625901963099770e-01 1.729021140902906874e-04
2.458701864070175681e+06 9.895534155301553003e-01 1.728780367660227423e-04
2.458701870242105331e+06 9.895070721506887823e-01 1.728924343182063018e-04
2.458701876414034981e+06 9.895234048314093256e-01 1.729208269852512659e-04
2.458701882585965097e+06 9.895209462526399768e-01 1.729492196544384509e-04
2.458701888757894747e+06 9.894314071157361834e-01 1.729565361035752583e-04
2.458701894929824863e+06 9.892547874071865310e-01 1.729260134517034055e-04
2.458701901101754513e+06 9.890251568631038825e-01 1.728954908021343711e-04
2.458701907273684163e+06 9.888519842607095267e-01 1.728649681525653908e-04
2.458701913445614278e+06 9.887435369582131539e-01 1.728251064953163763e-04
2.458701919617543928e+06 9.886959725167021595e-01 1.727850756046549760e-04
2.458701925789473578e+06 9.886465513903480717e-01 1.727450447139935758e-04
2.458701931961403694e+06 9.885732081161540119e-01 1.727165504485680242e-04
2.458701938133333344e+06 9.884759427051875713e-01 1.726955360409862018e-04
2.458701944305263460e+06 9.883643560748118784e-01 1.726745216318188692e-04
2.458701950477193110e+06 9.882515135542658813e-01 1.726505957674300679e-04
2.458701956649122760e+06 9.881374899281366586e-01 1.726169846439525295e-04
2.458701962821052875e+06 9.880191232842547855e-01 1.725833735179390965e-04
2.458701968992982525e+06 9.878803895111957223e-01 1.725497623944615582e-04
2.458701975164912175e+06 9.877190554340431472e-01 1.725179809553960026e-04
2.458701981336842291e+06 9.875352733764755087e-01 1.724865083312467670e-04
2.458701987508771941e+06 9.873359629772073820e-01 1.724550357094720696e-04
2.458701993680702057e+06 9.871248699159271833e-01 1.724173380467215147e-04
2.458701999852631707e+06 9.869019942244880994e-01 1.723728980913406979e-04
2.458702006024561357e+06 9.866846943530167557e-01 1.723284581359598268e-04
2.458702012196491472e+06 9.865097252298590247e-01 1.722872039212299444e-04
2.458702018368421122e+06 9.863782799708191718e-01 1.722732440160796360e-04
2.458702024540350772e+06 9.862900201534201550e-01 1.722592841109293275e-04
2.458702030712280888e+06 9.862420501197713962e-01 1.722453242047257708e-04
2.458702036884210538e+06 9.862337070566359332e-01 1.722432674506244293e-04
2.458702043056140654e+06 9.862648622415415289e-01 1.722456359913168906e-04
2.458702049228070304e+06 9.862537466791445606e-01 1.722480045318306482e-04
2.458702055399999954e+06 9.861306980895800933e-01 1.722458124051743440e-04
2.458702061571930069e+06 9.858957164508966864e-01 1.722352775108157799e-04
2.458702067743859719e+06 9.855884038914153322e-01 1.722247426172520443e-04
2.458702073915789369e+06 9.853379085839135687e-01 1.722142077236883087e-04
2.458702080087719485e+06 9.851542194744459247e-01 1.722262392978924153e-04
2.458702086259649135e+06 9.850334153751545418e-01 1.722387806347134328e-04
2.458702092431579251e+06 9.849097287964273528e-01 1.722513219724806878e-04
2.458702098603508901e+06 9.847596880257238894e-01 1.722577393389489100e-04
2.458702104775438551e+06 9.845832930547064876e-01 1.722601142694366125e-04
2.458702110947368667e+06 9.843805438670837349e-01 1.722624892001035338e-04
2.458702117119298317e+06 9.841528079072872082e-01 1.722648641305912635e-04
2.458702123291227967e+06 9.839359817173566336e-01 1.722672390610789661e-04
2.458702129463158082e+06 9.837459513343820294e-01 1.722696139917458873e-04
2.458702135635087732e+06 9.835827167870382359e-01 1.722719889222335899e-04
2.458702141807017848e+06 9.834462780506938451e-01 1.722718126034014966e-04
2.458702147978947498e+06 9.833361315363141619e-01 1.722711906485183933e-04
2.458702154150877148e+06 9.832282936500863491e-01 1.722705686936353172e-04
2.458702160322807264e+06 9.831095882817925125e-01 1.722779908588899776e-04
2.458702166494736914e+06 9.829800154493453235e-01 1.722942767049045142e-04
2.458702172666666564e+06 9.828442534931922658e-01 1.723105625509190237e-04
2.458702178838596679e+06 9.827123540926065992e-01 1.723221820981303651e-04
2.458702185010526329e+06 9.825846559049848938e-01 1.722919107871758294e-04
2.458702191182456445e+06 9.824609068810427059e-01 1.722616394739373677e-04
2.458702197354386095e+06 9.823389075529843639e-01 1.722313681629828049e-04
2.458702203526315745e+06 9.822181465044357296e-01 1.722011740309685099e-04
2.458702209698245861e+06 9.820986224574320689e-01 1.721710092168619085e-04
2.458702215870175511e+06 9.819793383922058583e-01 1.721408444050311830e-04
2.458702222042105161e+06 9.818594309308591450e-01 1.721079889131772961e-04
2.458702228214035276e+06 9.817389000642745556e-01 1.720701178218896662e-04
2.458702234385964926e+06 9.816281147060176293e-01 1.720322467334593427e-04
2.458702240557895042e+06 9.815613961321569825e-01 1.719943756421716857e-04
2.458702246729824692e+06 9.815414622420208790e-01 1.719528380945406628e-04
2.458702252901754342e+06 9.815635690168957872e-01 1.719112011970920419e-04
2.458702259073684458e+06 9.815459530003063371e-01 1.718695642965020266e-04
2.458702265245614108e+06 9.814590034218729775e-01 1.718152800901689883e-04
2.458702271417543758e+06 9.813027202828824569e-01 1.717524967266947206e-04
2.458702277589473873e+06 9.811353004226756047e-01 1.716897133584835465e-04
2.458702283761403523e+06 9.810384405488320470e-01 1.716331671085804741e-04
2.458702289933333639e+06 9.810127055515919237e-01 1.715984100519082737e-04
2.458702296105263289e+06 9.810459366976279627e-01 1.715636529978584331e-04
2.458702302277192939e+06 9.810744641330002569e-01 1.715288959438086196e-04
2.458702308449123055e+06 9.810890861958374565e-01 1.715070382977846989e-04
2.458702314621052705e+06 9.810895663305959635e-01 1.714875106188775637e-04
2.458702320792982355e+06 9.810640778618897606e-01 1.714679829399704284e-04
2.458702326964912470e+06 9.810060264989570733e-01 1.714316244146249783e-04
2.458702333136842120e+06 9.809154122505573392e-01 1.713763982289769419e-04
2.458702339308772236e+06 9.808232008229113008e-01 1.713211720391622352e-04
2.458702345480701886e+06 9.807969018771338643e-01 1.712707662544859469e-04
2.458702351652631536e+06 9.808388741192609617e-01 1.712657863554561271e-04
2.458702357824561652e+06 9.809356401914289814e-01 1.712608064560505771e-04
2.458702363996491302e+06 9.809672200302678169e-01 1.712558265570207844e-04
2.458702370168420952e+06 9.809052784103714506e-01 1.712451047940287245e-04
2.458702376340351067e+06 9.807499333466688229e-01 1.712321544995951410e-04
2.458702382512280717e+06 9.806190338323672595e-01 1.712192042061386405e-04
2.458702388684210833e+06 9.806163143465705945e-01 1.712308496236117253e-04
2.458702394856140483e+06 9.807417748896892773e-01 1.712892196620902270e-04
2.458702401028070133e+06 9.809489751053901418e-01 1.713475897005687287e-04
2.458702407200000249e+06 9.810818876921755249e-01 1.714059597434511783e-04
2.458702413371929899e+06 9.811278655688436823e-01 1.714351563159371918e-04
2.458702419543859549e+06 9.810927488117683337e-01 1.714634297033288898e-04
2.458702425715789665e+06 9.810800098985267281e-01 1.714917030928537285e-04
2.458702431887719315e+06 9.811276735928068371e-01 1.715468374779236123e-04
2.458702438059649430e+06 9.812357399018011295e-01 1.716203474370521509e-04
2.458702444231579080e+06 9.813725136066816512e-01 1.716938573906345075e-04
2.458702450403508730e+06 9.814928079100863068e-01 1.717676165175230113e-04
2.458702456575438846e+06 9.815962818018011404e-01 1.718422681489881068e-04
2.458702462747368496e+06 9.816852889054800135e-01 1.719169197748208263e-04
2.458702468919298146e+06 9.817723591106009007e-01 1.719915714006535457e-04
2.458702475091228262e+06 9.818593361380230089e-01 1.720833255177205384e-04
2.458702481263157912e+06 9.819466824226327217e-01 1.721782716144662061e-04
2.458702487435088027e+06 9.820587036333416897e-01 1.722732177183753874e-04
2.458702493607017677e+06 9.822091546194496869e-01 1.723745283791323717e-04
2.458702499778947327e+06 9.823980353879588900e-01 1.724830978434925533e-04
2.458702505950877443e+06 9.826115548781643172e-01 1.725916673160441262e-04
2.458702512122807093e+06 9.828192047610865290e-01 1.726990035148245884e-04
2.458702518294736743e+06 9.830198803899379278e-01 1.727941157523255977e-04
2.458702524466666859e+06 9.832136289373232252e-01 1.728892279970026431e-04
2.458702530638596509e+06 9.834008786965818816e-01 1.729843402345036525e-04
2.458702536810526624e+06 9.835817324355954350e-01 1.730587176144638599e-04
2.458702542982456274e+06 9.837561953917636215e-01 1.731248748687020105e-04
2.458702549154385924e+06 9.839311842293200217e-01 1.731910321229401611e-04
2.458702555326316040e+06 9.841128882960834545e-01 1.732694821618052303e-04
2.458702561498245690e+06 9.843013075646358523e-01 1.733717340982816380e-04
2.458702567670175340e+06 9.845044887452329974e-01 1.734739860347580187e-04
2.458702573842105456e+06 9.847498735480811893e-01 1.735762379789491754e-04
2.458702580014035106e+06 9.850397381289186516e-01 1.736681260589139904e-04
2.458702586185965221e+06 9.853715248485469536e-01 1.737596386308888955e-04
2.458702592357894871e+06 9.856986295406540144e-01 1.738511511959593572e-04
2.458702598529824521e+06 9.860036737334633150e-01 1.739189526562471666e-04
2.458702604701754637e+06 9.862866574474936643e-01 1.739702426370021138e-04
2.458702610873684287e+06 9.865299785409601396e-01 1.740215326138873266e-04
2.458702617045613937e+06 9.867081527249755846e-01 1.740744495557003380e-04
2.458702623217544053e+06 9.868209709491418957e-01 1.741333435742997693e-04
2.458702629389473703e+06 9.868871272856264421e-01 1.741922375884557607e-04
2.458702635561403818e+06 9.870078050666047931e-01 1.742511316070552191e-04
2.458702641733333468e+06 9.871981614742711963e-01 1.742938031526760181e-04
2.458702647905263118e+06 9.874575709743608209e-01 1.743333484064488593e-04
2.458702654077193234e+06 9.877514201452453069e-01 1.743728936632053979e-04
2.458702660249122884e+06 9.880598273481087102e-01 1.744186542983420108e-04
2.458702666421053000e+06 9.883827926294888044e-01 1.744716269653426429e-04
2.458702672592982650e+06 9.887223198133699986e-01 1.745245996283466077e-04
2.458702678764912300e+06 9.890829069507327542e-01 1.745724304427134093e-04
2.458702684936842415e+06 9.894647227408175372e-01 1.745665389108708935e-04
2.458702691108772065e+06 9.898584542589281554e-01 1.745606473794728735e-04
2.458702697280701715e+06 9.901777872705889161e-01 1.745547558480748263e-04
2.458702703452631831e+06 9.904016948410476751e-01 1.745501348520085618e-04
2.458702709624561481e+06 9.905302250065044500e-01 1.745460282458858605e-04
2.458702715796491597e+06 9.906504138154863526e-01 1.745419216394533213e-04
2.458702721968421247e+06 9.908414452252154447e-01 1.745513080554366044e-04
2.458702728140350897e+06 9.911033192420877214e-01 1.745873260575023689e-04
2.458702734312281013e+06 9.914072543214790256e-01 1.746233440622856320e-04
2.458702740484210663e+06 9.916536158413340463e-01 1.746593620643513694e-04
2.458702746656140313e+06 9.918339489279255350e-01 1.746606000959414020e-04
2.458702752828070428e+06 9.919542149334736880e-01 1.746604169174387081e-04
2.458702759000000078e+06 9.921261710533286760e-01 1.746602337389498378e-04
2.458702765171930194e+06 9.923921042190371189e-01 1.746850548695261848e-04
2.458702771343859844e+06 9.927520143904705607e-01 1.747275991385587892e-04
2.458702777515789494e+06 9.931317383115200181e-01 1.747701434075914207e-04
2.458702783687719610e+06 9.934222411106929940e-01 1.748094150701490137e-04
2.458702789859649260e+06 9.936225540948452339e-01 1.748363508273414254e-04
2.458702796031578910e+06 9.937514976085095597e-01 1.748632865845338100e-04
2.458702802203509025e+06 9.939126493005580043e-01 1.748902223437584502e-04
2.458702808375438675e+06 9.941218030759856328e-01 1.749445332748251613e-04
2.458702814547368791e+06 9.943781382368896971e-01 1.750042878063907330e-04
2.458702820719298441e+06 9.946337691939182157e-01 1.750640423334479752e-04
2.458702826891228091e+06 9.948607781444340770e-01 1.751133822247799457e-04
2.458702833063158207e+06 9.950591651023261708e-01 1.751504268811483788e-04
2.458702839235087857e+06 9.952513552626754967e-01 1.751874715347218471e-04
2.458702845407017507e+06 9.954884249082330827e-01 1.752258791258014703e-04
2.458702851578947622e+06 9.957723562782522242e-01 1.752793331688673863e-04
2.458702857750877272e+06 9.960958121758305417e-01 1.753327872079002328e-04
2.458702863922807388e+06 9.963893875956303381e-01 1.753862412509661216e-04
2.458702870094737038e+06 9.966359117323043693e-01 1.754220632812627460e-04
2.458702876266666688e+06 9.968354005640606141e-01 1.754505965252410235e-04
2.458702882438596804e+06 9.970303246591782909e-01 1.754791297713721200e-04
2.458702888610526454e+06 9.972599717381799289e-01 1.755104618073338068e-04
2.458702894782456104e+06 9.975243418144630336e-01 1.755474255215767876e-04
2.458702900954386219e+06 9.978049920148841512e-01 1.755843892386086346e-04
2.458702907126315869e+06 9.980371122500557579e-01 1.756213529528516425e-04
2.458702913298245985e+06 9.982150773884259642e-01 1.756097901159086184e-04
2.458702919470175635e+06 9.983396741362017268e-01 1.755960176498319039e-04
2.458702925642105285e+06 9.984260835391042255e-01 1.755822451837552164e-04
2.458702931814035401e+06 9.984801342784340727e-01 1.755595688719205349e-04
2.458702937985965051e+06 9.985018263460354593e-01 1.755304690519784321e-04
2.458702944157894701e+06 9.985432468764838809e-01 1.755013692320363293e-04
2.458702950329824816e+06 9.986821555360257952e-01 1.754782527988637002e-04
2.458702956501754466e+06 9.989192978729748429e-01 1.754782868785818059e-04
2.458702962673684582e+06 9.992227885558371270e-01 1.754783209583024594e-04
2.458702968845614232e+06 9.994141833079446258e-01 1.754783550380205380e-04
2.458702975017543882e+06 9.994657877218631192e-01 1.754566165338617464e-04
2.458702981189473998e+06 9.993799526154507618e-01 1.754304134886315104e-04
2.458702987361403648e+06 9.993015398835596308e-01 1.754042104453782357e-04
2.458702993533333298e+06 9.993162762283114287e-01 1.753702738978734808e-04
2.458702999705263413e+06 9.994241616613598334e-01 1.753270480321684902e-04
2.458703005877193063e+06 9.995758930356124505e-01 1.752838221697248340e-04
2.458703012049123179e+06 9.996575278654679098e-01 1.752426128923458026e-04
2.458703018221052829e+06 9.996644925264291937e-01 1.752249894181239030e-04
2.458703024392982479e+06 9.996056914784184899e-01 1.752073659439020575e-04
2.458703030564912595e+06 9.995671083387399625e-01 1.751897424683504924e-04
2.458703036736842245e+06 9.995703453221350676e-01 1.751817982001217507e-04
2.458703042908771895e+06 9.996153950842278091e-01 1.751779386721332874e-04
2.458703049080702011e+06 9.996706156730682524e-01 1.751740791438536888e-04
2.458703055252631661e+06 9.997062421025868506e-01 1.751777256794140140e-04
2.458703061424561776e+06 9.997222743781598586e-01 1.751967719833035300e-04
2.458703067596491426e+06 9.997304200365286775e-01 1.752158182857560444e-04
2.458703073768421076e+06 9.997724440575156413e-01 1.752348645882085588e-04
2.458703079940351192e+06 9.998520532321377718e-01 1.752543083947715656e-04
2.458703086112280842e+06 9.999638245770329226e-01 1.752737721737708206e-04
2.458703092284210492e+06 1.000000000000000000e+00 1.752932359527700215e-04
2.458703098456140608e+06 9.999185983348091167e-01 1.753047287902644523e-04
2.458703104628070258e+06 9.997196195937433361e-01 1.753103689834837687e-04
2.458703110800000373e+06 9.994990542831030389e-01 1.753160091771286072e-04
2.458703116971930023e+06 9.994024077896518365e-01 1.753311174106579704e-04
2.458703123143859673e+06 9.994311811040688109e-01 1.753838429945216929e-04
2.458703129315789789e+06 9.995582022792636190e-01 1.754365685823634617e-04
2.458703135487719439e+06 9.996288236444474951e-01 1.754892941662272113e-04
2.458703141659649089e+06 9.996186192075896537e-01 1.755055646473943057e-04
2.458703147831579205e+06 9.995281961136274207e-01 1.755141314371777518e-04
2.458703154003508855e+06 9.993971384155669879e-01 1.755226982263148508e-04
2.458703160175438970e+06 9.992492244776621790e-01 1.755295895379465970e-04
2.458703166347368620e+06 9.990844543222325846e-01 1.755344331177731225e-04
2.458703172519298270e+06 9.989258366205012729e-01 1.755392766975996752e-04
2.458703178691228386e+06 9.988273262971805178e-01 1.755440968013064710e-04
2.458703184863158036e+06 9.987911619983811384e-01 1.755486251437476475e-04
2.458703191035087686e+06 9.988080856479784053e-01 1.755531534861888240e-04
2.458703197207017802e+06 9.987868211589910894e-01 1.755576818289716326e-04
2.458703203378947452e+06 9.987040820961265997e-01 1.755591523391911114e-04
2.458703209550877567e+06 9.985598715062422581e-01 1.755593056979341338e-04
2.458703215722807217e+06 9.983792627069409953e-01 1.755594590566655823e-04
2.458703221894736867e+06 9.981862423511439486e-01 1.755384100976146522e-04
2.458703228066666983e+06 9.979808104228831134e-01 1.754730025951804372e-04
2.458703234238596633e+06 9.977687776926968954e-01 1.754075950976811309e-04
2.458703240410526283e+06 9.975711881297600891e-01 1.753421876001818246e-04
2.458703246582456399e+06 9.973899511579611410e-01 1.753009103509124700e-04
2.458703252754386049e+06 9.972248392025589991e-01 1.752609604022640360e-04
2.458703258926316164e+06 9.970711928291120518e-01 1.752210104506014116e-04
2.458703265098245814e+06 9.969271701502869787e-01 1.751530176236263758e-04
2.458703271270175464e+06 9.967927711541288982e-01 1.750640695613764374e-04
2.458703277442105580e+06 9.966543162505603348e-01 1.749751214924155044e-04
2.458703283614035230e+06 9.964907516450022262e-01 1.748888627414304847e-04
2.458703289785964880e+06 9.963018443288699233e-01 1.748135806458327201e-04
2.458703295957894996e+06 9.960946488832971291e-01 1.747382985445550643e-04
2.458703302129824646e+06 9.959100015658199911e-01 1.746630164489573268e-04
2.458703308301754761e+06 9.957544657355050788e-01 1.745866603063942911e-04
2.458703314473684411e+06 9.956267798983162720e-01 1.745100704016437241e-04
2.458703320645614062e+06 9.954397652587220202e-01 1.744334804968931301e-04
2.458703326817544177e+06 9.951402612986937068e-01 1.743594140020654200e-04
2.458703332989473827e+06 9.947282680634258467e-01 1.742884855903574840e-04
2.458703339161403477e+06 9.942943002531363650e-01 1.742175571786495208e-04
2.458703345333333593e+06 9.940537284563735199e-01 1.741499197077533848e-04
2.458703351505263243e+06 9.940157839780409121e-01 1.741258849871013602e-04
2.458703357677193359e+06 9.941557427044995787e-01 1.741018502646359803e-04
2.458703363849123009e+06 9.942246783557052714e-01 1.740778155439839556e-04
2.458703370021052659e+06 9.941581056265791361e-01 1.740534346026640191e-04
2.458703376192982774e+06 9.939560279569769063e-01 1.740289014642949566e-04
2.458703382364912424e+06 9.936926772682197484e-01 1.740043683277768712e-04
2.458703388536842074e+06 9.934402822734885730e-01 1.739829413697499896e-04
2.458703394708772190e+06 9.931988429549803987e-01 1.739681422517105316e-04
2.458703400880701840e+06 9.929635111988487362e-01 1.739533431347876663e-04
2.458703407052631956e+06 9.927164615519694646e-01 1.739385440167482354e-04
2.458703413224561606e+06 9.924560409009420825e-01 1.739759269489198979e-04
2.458703419396491256e+06 9.921847004921338087e-01 1.740164306929751082e-04
2.458703425568421371e+06 9.919541649973148134e-01 1.740569344400862508e-04
2.458703431740351021e+06 9.917851820185937806e-01 1.741059413472830018e-04
2.458703437912280671e+06 9.916777515362552586e-01 1.741614146059386264e-04
2.458703444084210787e+06 9.915829240878718531e-01 1.742168878687796508e-04
2.458703450256140437e+06 9.914242114686246943e-01 1.742673122477869836e-04
2.458703456428070553e+06 9.912007079738148763e-01 1.742965569074333900e-04
2.458703462600000203e+06 9.909262998568479919e-01 1.743258015648733094e-04
