2.458727000000000000e+06 9.804375874683362024e-01 1.721008472796420178e-04
2.458727006171929650e+06 9.805796298497017061e-01 1.721310078482213225e-04
2.458727012343859766e+06 9.806494052957731578e-01 1.721580491274698609e-04
2.458727018515789416e+06 9.806438447633077926e-01 1.721527078828718820e-04
2.458727024687719531e+06 9.805760820160120961e-01 1.721473666378708781e-04
2.458727030859649181e+06 9.805675435947616148e-01 1.721420253932728721e-04
2.458727037031578831e+06 9.806477544154997839e-01 1.721682575515892091e-04
2.458727043203508947e+06 9.808166823501867082e-01 1.722072392686198501e-04
2.458727049375438597e+06 9.810186247211407640e-01 1.722462209827093759e-04
2.458727055547368247e+06 9.812030109106235631e-01 1.722972972286408364e-04
2.458727061719298363e+06 9.813698409305599002e-01 1.723721854021714349e-04
2.458727067891228013e+06 9.815152010945262795e-01 1.724470735700518221e-04
2.458727074063158128e+06 9.816255701405505185e-01 1.725219617435823935e-04
2.458727080235087778e+06 9.816998040868785136e-01 1.725479274497617919e-04
2.458727086407017428e+06 9.817394248365352016e-01 1.725719247161614162e-04
2.458727092578947544e+06 9.817728511941130609e-01 1.725959219843716040e-04
2.458727098750877194e+06 9.818108147473846303e-01 1.726086286382553679e-04
2.458727104922806844e+06 9.818533154987003631e-01 1.726133522749312671e-04
2.458727111094736960e+06 9.819415484016111861e-01 1.726180759119635706e-04
2.458727117266666610e+06 9.821359458821620203e-01 1.726266958922583383e-04
2.458727123438596725e+06 9.824370388846532798e-01 1.726499477714133325e-04
2.458727129610526375e+06 9.828101805378408606e-01 1.726731996488140334e-04
2.458727135782456025e+06 9.830651625030017993e-01 1.726964515262147614e-04
2.458727141954386141e+06 9.831730569841923284e-01 1.727212109903999580e-04
2.458727148126315791e+06 9.831370381082065180e-01 1.727462688388609112e-04
2.458727154298245441e+06 9.831407850767853729e-01 1.727713266873218915e-04
2.458727160470175557e+06 9.832911405906822333e-01 1.727896161794375402e-04
2.458727166642105207e+06 9.835881046272091366e-01 1.727999366227790472e-04
2.458727172814035323e+06 9.839296051942444388e-01 1.728102570668991740e-04
2.458727178985964973e+06 9.840836965291966942e-01 1.728181296899479740e-04
2.458727185157894623e+06 9.840414255583697090e-01 1.727992223655695444e-04
2.458727191329824738e+06 9.838411748430723192e-01 1.727803150397646300e-04
2.458727197501754388e+06 9.838448050875190365e-01 1.727614077153862547e-04
2.458727203673684038e+06 9.841416147419986826e-01 1.727782746621835455e-04
2.458727209845614154e+06 9.847314909764937063e-01 1.728098791588288043e-04
2.458727216017543804e+06 9.853344601814234549e-01 1.728414836530895772e-04
2.458727222189473920e+06 9.856922596058892427e-01 1.728636284517763924e-04
2.458727228361403570e+06 9.858048891959003690e-01 1.728668016792999111e-04
2.458727234533333220e+06 9.857526434680349281e-01 1.728699749068233755e-04
2.458727240705263335e+06 9.858169475041819174e-01 1.728731481345862860e-04
2.458727246877192985e+06 9.860221321576064790e-01 1.729014892829006166e-04
2.458727253049122635e+06 9.863618749695921561e-01 1.729309555755281151e-04
2.458727259221052751e+06 9.867148104494953831e-01 1.729604218703787702e-04
2.458727265392982401e+06 9.870344627106867330e-01 1.729914664230681619e-04
2.458727271564912517e+06 9.873208318014008444e-01 1.730236459341402818e-04
2.458727277736842167e+06 9.875632197815665814e-01 1.730558254427844666e-04
2.458727283908771817e+06 9.877457010533322590e-01 1.730844851519929592e-04
2.458727290080701932e+06 9.878681250262371094e-01 1.730995931232995973e-04
2.458727296252631582e+06 9.879566961535550806e-01 1.731147010934663323e-04
2.458727302424561232e+06 9.881575993983832129e-01 1.731298090636330944e-04
2.458727308596491348e+06 9.884934468768592497e-01 1.731697757786730804e-04
2.458727314768420998e+06 9.889616561615676149e-01 1.732148100543183403e-04
2.458727320940351114e+06 9.894048057674558194e-01 1.732598443333613813e-04
2.458727327112280764e+06 9.897300076460778806e-01 1.733191529317217689e-04
2.458727333284210414e+06 9.899372618353187159e-01 1.733955489167704250e-04
2.458727339456140529e+06 9.900702737507809381e-01 1.734719449075830251e-04
2.458727345628070179e+06 9.902297546511211745e-01 1.735429139675821449e-04
2.458727351799999829e+06 9.904197200385026489e-01 1.735511643591432175e-04
2.458727357971929945e+06 9.906421480729833418e-01 1.735594147513267577e-04
2.458727364143859595e+06 9.909160591262052842e-01 1.735676651428878304e-04
2.458727370315789711e+06 9.912462167748421482e-01 1.736152519705112796e-04
2.458727376487719361e+06 9.916326082359214755e-01 1.736793682039489270e-04
2.458727382659649011e+06 9.920261647953999562e-01 1.737434844373865472e-04
2.458727388831579126e+06 9.923808916111582779e-01 1.738030391631301391e-04
2.458727395003508776e+06 9.926967886296698129e-01 1.738532741245375399e-04
2.458727401175438426e+06 9.929733356191204896e-01 1.739035090859449137e-04
2.458727407347368542e+06 9.932086826740770258e-01 1.739537440511424414e-04
2.458727413519298192e+06 9.934026663591921658e-01 1.739917880906322446e-04
2.458727419691228308e+06 9.935592451913174417e-01 1.740292321782344531e-04
2.458727425863157958e+06 9.937565645787559410e-01 1.740666762630116101e-04
2.458727432035087608e+06 9.940249708002706353e-01 1.740852437792049772e-04
2.458727438207017723e+06 9.943644638841576677e-01 1.740900057506388247e-04
2.458727444378947373e+06 9.947123118864372726e-01 1.740947677217133947e-04
2.458727450550877023e+06 9.949737519372895411e-01 1.741017872494334678e-04
2.458727456722807139e+06 9.951478223153817915e-01 1.741177215384621436e-04
2.458727462894736789e+06 9.952523154594808963e-01 1.741336558262885476e-04
2.458727469066666905e+06 9.953881006442981683e-01 1.741495901153171963e-04
2.458727475238596555e+06 9.955710451977337616e-01 1.742158759082850557e-04
2.458727481410526205e+06 9.958004601125292066e-01 1.742927276454746808e-04
2.458727487582456321e+06 9.960320285892314551e-01 1.743695793884626191e-04
2.458727493754385971e+06 9.962392236581590899e-01 1.744228760277322121e-04
2.458727499926315621e+06 9.964220453377028441e-01 1.744475036813576002e-04
2.458727506098245736e+06 9.966023842947197009e-01 1.744721313368410669e-04
2.458727512270175386e+06 9.968313925895992966e-01 1.745005787200159056e-04
2.458727518442105502e+06 9.971111757385606733e-01 1.745757820899945204e-04
2.458727524614035152e+06 9.974301781059055072e-01 1.746509854542991258e-04
2.458727530785964802e+06 9.976750595651732167e-01 1.747261888186037854e-04
2.458727536957894918e+06 9.978170142976969803e-01 1.747713048309300268e-04
2.458727543129824568e+06 9.978560559956516363e-01 1.748035269339524855e-04
2.458727549301754218e+06 9.978857216616009440e-01 1.748357490369749443e-04
2.458727555473684333e+06 9.979951129898704254e-01 1.748881712881714687e-04
2.458727561645613983e+06 9.981842299639533955e-01 1.749826440238010984e-04
2.458727567817544099e+06 9.984264224596037796e-01 1.750771167665585170e-04
2.458727573989473749e+06 9.986255508625749844e-01 1.751715895021881738e-04
2.458727580161403399e+06 9.987729413714917515e-01 1.751751036280348531e-04
2.458727586333333515e+06 9.988689937098441662e-01 1.751737278527458323e-04
2.458727592505263165e+06 9.989218263678150134e-01 1.751723520775605968e-04
2.458727598677192815e+06 9.989346363652941152e-01 1.751770461990804432e-04
2.458727604849122930e+06 9.989074236987187660e-01 1.751862549488478671e-04
2.458727611021052580e+06 9.988917384114653908e-01 1.751954636979205070e-04
2.458727617192982696e+06 9.989665959226106118e-01 1.752066277429648847e-04
2.458727623364912346e+06 9.991328545320902199e-01 1.752257139615562612e-04
2.458727629536841996e+06 9.993666718003817451e-01 1.752448001801476106e-04
2.458727635708772112e+06 9.995306738471118058e-01 1.752638864001789974e-04
2.458727641880701762e+06 9.996028863904035111e-01 1.752809618523138498e-04
2.458727648052631412e+06 9.995847918551927780e-01 1.752976031948794470e-04
2.458727654224561527e+06 9.995771599794932571e-01 1.753142445387006045e-04
2.458727660396491177e+06 9.996411814500872905e-01 1.753103857338562607e-04
2.458727666568421293e+06 9.997768562766358169e-01 1.752811579622019984e-04
2.458727672740350943e+06 9.999351735867411106e-01 1.752519301927529219e-04
2.458727678912280593e+06 1.000000000000000000e+00 1.752244934035954345e-04
2.458727685084210709e+06 9.999664033798228990e-01 1.752203447808972658e-04
2.458727691256140359e+06 9.998458754094473599e-01 1.752161961585121063e-04
2.458727697428070009e+06 9.997534115486516049e-01 1.752120475361269197e-04
2.458727703600000124e+06 9.997186700269069526e-01 1.752052430893054672e-04
2.458727709771929774e+06 9.997416473613111032e-01 1.751972780748971574e-04
2.458727715943859890e+06 9.997688778811393284e-01 1.751893130598879014e-04
2.458727722115789540e+06 9.997485990753338658e-01 1.751913426545232961e-04
2.458727728287719190e+06 9.996808109477418602e-01 1.752145732361339687e-04
2.458727734459649306e+06 9.995874278769179000e-01 1.752378038194972812e-04
2.458727740631578956e+06 9.995486576157744940e-01 1.752610344011079537e-04
2.458727746803508606e+06 9.995718901426421388e-01 1.752615946792182642e-04
2.458727752975438721e+06 9.996520255845923186e-01 1.752608322526478190e-04
2.458727759147368371e+06 9.996824486071812510e-01 1.752600698261349448e-04
2.458727765319298487e+06 9.996205845269811041e-01 1.752683724287607534e-04
2.458727771491228137e+06 9.994664333533268552e-01 1.752835315119936606e-04
2.458727777663157787e+06 9.992638501011552599e-01 1.752986905952265678e-04
2.458727783835087903e+06 9.990810398335451259e-01 1.753189670576907528e-04
2.458727790007017553e+06 9.989187935783794270e-01 1.753605256916917305e-04
2.458727796178947203e+06 9.987772329753750178e-01 1.754020843256926811e-04
2.458727802350877319e+06 9.986570704557937717e-01 1.754436429628291716e-04
2.458727808522806969e+06 9.985584219102408010e-01 1.754438488584030909e-04
2.458727814694737084e+06 9.984808514366009247e-01 1.754348743735771512e-04
2.458727820866666734e+06 9.983929878223959387e-01 1.754258998894283228e-04
2.458727827038596384e+06 9.982755052796720152e-01 1.754378537182748872e-04
2.458727833210526500e+06 9.981284037962133704e-01 1.754761411612255971e-04
2.458727839382456150e+06 9.979582766123487048e-01 1.755144286012875587e-04
2.458727845554386266e+06 9.977809661411444209e-01 1.755480698260401394e-04
2.458727851726315916e+06 9.975971662516922578e-01 1.755173214629312866e-04
2.458727857898245566e+06 9.974108967843399176e-01 1.754865730998224338e-04
2.458727864070175681e+06 9.972632057106863845e-01 1.754558247343936865e-04
2.458727870242105331e+06 9.971648355683457865e-01 1.754382033706838829e-04
2.458727876414034981e+06 9.971157853182619490e-01 1.754264304830771744e-04
2.458727882585965097e+06 9.970523918695177734e-01 1.754146575945822331e-04
2.458727888757894747e+06 9.969120073149406736e-01 1.753865831417629093e-04
2.458727894929824863e+06 9.966946316333473721e-01 1.753232676614888542e-04
2.458727901101754513e+06 9.964242697112244418e-01 1.752599521859918481e-04
2.458727907273684163e+06 9.961900642141792162e-01 1.751966367104948420e-04
2.458727913445614278e+06 9.960004009174360240e-01 1.751561333117507594e-04
2.458727919617543928e+06 9.958533411426331305e-01 1.751170664068561398e-04
2.458727925789473578e+06 9.957071493669481521e-01 1.750779995019614930e-04
2.458727931961403694e+06 9.955449250948587014e-01 1.750408153288818063e-04
2.458727938133333344e+06 9.953666683508440860e-01 1.750050792481942926e-04
2.458727944305263460e+06 9.951777034399396094e-01 1.749693431648105578e-04
2.458727950477193110e+06 9.949864319449057692e-01 1.749308917406881348e-04
2.458727956649122760e+06 9.947929576361622672e-01 1.748808441902616466e-04
2.458727962821052875e+06 9.945956415523660166e-01 1.748307966360591534e-04
2.458727968992982525e+06 9.943847273262732545e-01 1.747807490856326381e-04
2.458727975164912175e+06 9.941586016897814293e-01 1.747305420047848333e-04
2.458727981336842291e+06 9.939178307975398141e-01 1.746802985197318031e-04
2.458727987508771941e+06 9.937056391014321699e-01 1.746300550384696044e-04
2.458727993680702057e+06 9.935490412820655592e-01 1.746184710538551028e-04
2.458727999852631707e+06 9.934480373630700800e-01 1.746563495964841158e-04
2.458728006024561357e+06 9.933705427214711836e-01 1.746942281391131559e-04
2.458728012196491472e+06 9.932383800248897332e-01 1.747303601655651804e-04
2.458728018368421122e+06 9.930480202195137718e-01 1.747405996814141427e-04
2.458728024540350772e+06 9.928052685923218768e-01 1.747508391972631050e-04
2.458728030712280888e+06 9.925706272193501878e-01 1.747610787138846426e-04
2.458728036884210538e+06 9.923601624458058268e-01 1.747565850306498521e-04
2.458728043056140654e+06 9.921738742399308641e-01 1.747453999347063863e-04
2.458728049228070304e+06 9.919918392776397864e-01 1.747342148396067822e-04
2.458728055399999954e+06 9.917941277695293545e-01 1.747325178710169640e-04
2.458728061571930069e+06 9.915807396987791345e-01 1.747517276130980629e-04
2.458728067743859719e+06 9.913510547823615182e-01 1.747709373537298546e-04
2.458728073915789369e+06 9.911027357047510478e-01 1.747901470943616733e-04
2.458728080087719485e+06 9.908355579963126214e-01 1.748064724071885694e-04
2.458728086259649135e+06 9.905503265332904483e-01 1.748226026265674228e-04
2.458728092431579251e+06 9.902648912856348851e-01 1.748387328471632390e-04
2.458728098603508901e+06 9.899865820940716432e-01 1.748552024574457383e-04
2.458728104775438551e+06 9.897153989367961646e-01 1.748719375064351680e-04
2.458728110947368667e+06 9.894869760726525687e-01 1.748886725566872323e-04
2.458728117119298317e+06 9.893583618413021030e-01 1.748995443163199159e-04
2.458728123291227967e+06 9.893303052256809949e-01 1.748846919067677621e-04
2.458728129463158082e+06 9.893767572288384438e-01 1.748698394960949770e-04
2.458728135635087732e+06 9.893400807217205273e-01 1.748549870865428232e-04
2.458728141807017848e+06 9.891937777122791209e-01 1.748437991520412199e-04
2.458728147978947498e+06 9.889388674004244706e-01 1.748334701895063869e-04
2.458728154150877148e+06 9.886580549225265635e-01 1.748231412269715538e-04
2.458728160322807264e+06 9.884037828745115828e-01 1.748085325410751322e-04
2.458728166494736914e+06 9.881760512947480590e-01 1.747883559239117840e-04
2.458728172666666564e+06 9.879827680513479926e-01 1.747681793067484086e-04
2.458728178838596679e+06 9.878434722315416749e-01 1.747467948159183869e-04
2.458728185010526329e+06 9.877590725414449047e-01 1.747061732424360259e-04
2.458728191182456445e+06 9.877240580280057802e-01 1.746655516658888693e-04
2.458728197354386095e+06 9.876797987434170478e-01 1.746249300924065083e-04
2.458728203526315745e+06 9.876104974905998146e-01 1.745688685431397798e-04
2.458728209698245861e+06 9.875161542614909749e-01 1.745056595456107636e-04
2.458728215870175511e+06 9.873823104269958684e-01 1.744424505528507734e-04
2.458728222042105161e+06 9.871942636414637873e-01 1.743856695569648491e-04
2.458728228214035276e+06 9.869520136283977951e-01 1.743433271964264005e-04
2.458728234385964926e+06 9.866784990737729188e-01 1.743009848390825536e-04
2.458728240557895042e+06 9.864614204048716140e-01 1.742586424785441050e-04
2.458728246729824692e+06 9.863093730450926966e-01 1.742535099934181561e-04
2.458728252901754342e+06 9.862194374075554659e-01 1.742510693766491966e-04
2.458728259073684458e+06 9.861248716189447983e-01 1.742486287596960854e-04
2.458728265245614108e+06 9.859978842649348429e-01 1.742249892486764961e-04
2.458728271417543758e+06 9.858384753396136624e-01 1.741844911959027705e-04
2.458728277589473873e+06 9.856826725959186852e-01 1.741439931400735463e-04
2.458728283761403523e+06 9.855889922800240566e-01 1.741098856716739223e-04
2.458728289933333639e+06 9.855582492759114022e-01 1.741045955385923027e-04
2.458728296105263289e+06 9.855836391556653808e-01 1.740993054059098322e-04
2.458728302277192939e+06 9.856232978734080774e-01 1.740940152732273617e-04
2.458728308449123055e+06 9.856700722804735415e-01 1.740951449105882279e-04
2.458728314621052705e+06 9.857233946886923004e-01 1.740978197924921203e-04
2.458728320792982355e+06 9.857341929552257964e-01 1.741004946743959585e-04
2.458728326964912470e+06 9.856708963968168202e-01 1.741014808281137534e-04
2.458728333136842120e+06 9.855335050230168426e-01 1.741002328338775885e-04
2.458728339308772236e+06 9.853557636653682561e-01 1.740989848395472605e-04
2.458728345480701886e+06 9.852222220973219091e-01 1.740990882437013149e-04
2.458728351652631536e+06 9.851369292846745562e-01 1.741224253105026613e-04
2.458728357824561652e+06 9.850970710125667162e-01 1.741457623790647791e-04
2.458728363996491302e+06 9.850720781126893755e-01 1.741690994458661255e-04
2.458728370168420952e+06 9.850535937392641550e-01 1.741878986499556829e-04
2.458728376340351067e+06 9.850416178916326926e-01 1.742045570319864151e-04
2.458728382512280717e+06 9.850645244649599563e-01 1.742212154127602860e-04
2.458728388684210833e+06 9.851516395323562936e-01 1.742338217142548368e-04
2.458728394856140483e+06 9.853029650694058450e-01 1.742371482791702929e-04
2.458728401028070133e+06 9.854741713700856387e-01 1.742404748440857490e-04
2.458728407200000249e+06 9.854932783770355975e-01 1.742438014092522250e-04
2.458728413371929899e+06 9.853430863648887650e-01 1.742994382259897769e-04
2.458728419543859549e+06 9.850343784244641743e-01 1.743591076855298340e-04
2.458728425715789665e+06 9.848213630491130521e-01 1.744187771495718780e-04
2.458728431887719315e+06 9.848113801431425118e-01 1.744552587029816809e-04
2.458728438059649430e+06 9.850044297050460917e-01 1.744729904453478134e-04
2.458728444231579080e+06 9.852661561085601649e-01 1.744907221863760947e-04
2.458728450403508730e+06 9.853751767887871660e-01 1.745060435394268103e-04
2.458728456575438846e+06 9.853282278876807077e-01 1.745101879029440533e-04
2.458728462747368496e+06 9.851573645929322387e-01 1.745143322661485581e-04
2.458728468919298146e+06 9.850631124696251906e-01 1.745184766293531172e-04
2.458728475091228262e+06 9.850802964483178492e-01 1.745542965525152335e-04
2.458728481263157912e+06 9.852082337050614980e-01 1.745979422768286892e-04
2.458728487435088027e+06 9.853839012190750424e-01 1.746415880044351380e-04
2.458728493607017677e+06 9.855661591780832120e-01 1.747225903296302431e-04
2.458728499778947327e+06 9.857550075950911594e-01 1.748538512173272979e-04
2.458728505950877443e+06 9.859268096856054209e-01 1.749851121149276992e-04
2.458728512122807093e+06 9.860215095077945469e-01 1.751092024056859957e-04
2.458728518294736743e+06 9.860361469112308708e-01 1.750994697541727741e-04
2.458728524466666859e+06 9.859802042113202658e-01 1.750897371019252224e-04
2.458728530638596509e+06 9.859588682753793742e-01 1.750800044504119738e-04
2.458728536810526624e+06 9.860013135114050753e-01 1.751037978330282068e-04
2.458728542982456274e+06 9.861075399129926033e-01 1.751437080932816820e-04
2.458728549154385924e+06 9.862501846706421826e-01 1.751836183535351030e-04
2.458728555326316040e+06 9.864005049542340364e-01 1.752258567439764800e-04
2.458728561498245690e+06 9.865584964182151362e-01 1.752735318286100820e-04
2.458728567670175340e+06 9.867102520721220404e-01 1.753212069132436841e-04
2.458728573842105456e+06 9.868010219980957176e-01 1.753688820014742895e-04
2.458728580014035106e+06 9.868252198470126579e-01 1.754034901812733937e-04
2.458728586185965221e+06 9.867844674125276772e-01 1.754370284331378100e-04
2.458728592357894871e+06 9.867182136862475694e-01 1.754705666824718339e-04
2.458728598529824521e+06 9.866433500477657104e-01 1.754907411575573801e-04
2.458728604701754637e+06 9.865598764904592866e-01 1.754999286109043934e-04
2.458728610873684287e+06 9.865133540701604975e-01 1.755091160635582491e-04
2.458728617045613937e+06 9.865799407372813912e-01 1.755226036814961537e-04
2.458728623217544053e+06 9.867608230625316557e-01 1.755566062035496494e-04
2.458728629389473703e+06 9.870298523027244419e-01 1.755906087230377330e-04
2.458728635561403818e+06 9.872206928019702232e-01 1.756246112450912287e-04
2.458728641733333468e+06 9.873039861029283548e-01 1.755942179909530335e-04
2.458728647905263118e+06 9.872808771572506581e-01 1.755475012626452611e-04
2.458728654077193234e+06 9.872644817919565829e-01 1.755007845308128017e-04
2.458728660249122884e+06 9.873297234101376940e-01 1.754687854507169396e-04
2.458728666421053000e+06 9.874766020216385609e-01 1.754569231152642368e-04
2.458728672592982650e+06 9.876832847127117176e-01 1.754450607807064887e-04
2.458728678764912300e+06 9.878935188896614816e-01 1.754351963442473826e-04
2.458728684936842415e+06 9.881044519821599037e-01 1.754660724913556817e-04
2.458728691108772065e+06 9.883130727248397029e-01 1.754969486361344911e-04
2.458728697280701715e+06 9.884852617375515793e-01 1.755278247809132733e-04
2.458728703452631831e+06 9.886114181992766703e-01 1.755282579951165532e-04
2.458728709624561481e+06 9.886915420909783148e-01 1.755137804094566197e-04
2.458728715796491597e+06 9.887307388845779643e-01 1.754993028227043797e-04
2.458728721968421247e+06 9.887344585864861202e-01 1.754860167975143682e-04
2.458728728140350897e+06 9.887027026421748577e-01 1.754755685724981612e-04
2.458728734312281013e+06 9.886458405335324384e-01 1.754651203466936851e-04
2.458728740484210663e+06 9.886053001206277502e-01 1.754546721216774781e-04
2.458728746656140313e+06 9.885853931997464761e-01 1.754319989985856320e-04
2.458728752828070428e+06 9.885860328665475594e-01 1.754082658084169151e-04
2.458728759000000078e+06 9.886050368054449811e-01 1.753845326200388123e-04
2.458728765171930194e+06 9.886414574606253725e-01 1.753890993061219168e-04
2.458728771343859844e+06 9.886952948265931296e-01 1.754173218658272625e-04
2.458728777515789494e+06 9.887788353496869131e-01 1.754455444255326624e-04
2.458728783687719610e+06 9.889129128099442001e-01 1.754789084065239016e-04
2.458728789859649260e+06 9.890978696374530532e-01 1.755375215445840196e-04
2.458728796031578910e+06 9.893160625949053433e-01 1.755961346826441646e-04
2.458728802203509025e+06 9.894533565303856859e-01 1.756547478251265263e-04
2.458728808375438675e+06 9.894892795456335932e-01 1.756917460022177182e-04
2.458728814547368791e+06 9.894245697871499878e-01 1.757231247545624727e-04
2.458728820719298441e+06 9.893374995913469805e-01 1.757545035045397633e-04
2.458728826891228091e+06 9.892806769685725810e-01 1.757912699484726038e-04
2.458728833063158207e+06 9.892541019179633688e-01 1.758355332851979289e-04
2.458728839235087857e+06 9.892564174676563571e-01 1.758797966185836131e-04
2.458728845407017507e+06 9.892840781716998322e-01 1.759236486165444830e-04
2.458728851578947622e+06 9.893368991426871872e-01 1.759582644881348015e-04
2.458728857750877272e+06 9.894106908986550764e-01 1.759928803571134126e-04
2.458728863922807388e+06 9.894569560117966178e-01 1.760274962287037041e-04
2.458728870094737038e+06 9.894618499473274431e-01 1.760340748116886523e-04
2.458728876266666688e+06 9.894253727102987339e-01 1.760266635146938972e-04
2.458728882438596804e+06 9.893801377876872971e-01 1.760192522171399648e-04
2.458728888610526454e+06 9.893615216575438742e-01 1.760101343161859849e-04
2.458728894782456104e+06 9.893695387923566731e-01 1.759968706498885157e-04
2.458728900954386219e+06 9.893952144265479864e-01 1.759836069825903551e-04
2.458728907126315869e+06 9.894021601831963775e-01 1.759703433162928860e-04
2.458728913298245985e+06 9.893865134900771130e-01 1.759364069292985435e-04
2.458728919470175635e+06 9.893503177294806772e-01 1.759005771409574682e-04
2.458728925642105285e+06 9.893465753732880730e-01 1.758647473526163657e-04
2.458728931814035401e+06 9.893986234077835062e-01 1.758269281714308478e-04
2.458728937985965051e+06 9.895064618251124822e-01 1.757874182907066536e-04
2.458728944157894701e+06 9.895835301946668272e-01 1.757479084099824594e-04
2.458728950329824816e+06 9.894809378085819285e-01 1.757011103560431281e-04
2.458728956501754466e+06 9.891961067568122434e-01 1.756174478873240264e-04
2.458728962673684582e+06 9.887626225382548650e-01 1.755337854122926997e-04
2.458728968845614232e+06 9.884014600052966060e-01 1.754501229435735709e-04
2.458728975017543882e+06 9.881528942214858890e-01 1.754257551959640272e-04
2.458728981189473998e+06 9.880169251808115227e-01 1.754171917396046940e-04
2.458728987361403648e+06 9.879935529037910946e-01 1.754086282838914640e-04
2.458728993533333298e+06 9.880705578887344354e-01 1.754000648281782340e-04
2.458728999705263413e+06 9.881420734378938420e-01 1.753915013718188737e-04
2.458729005877193063e+06 9.881836256064322477e-01 1.753829379161056707e-04
2.458729012049123179e+06 9.881952144006199701e-01 1.753754295292617887e-04
2.458729018221052829e+06 9.881768398187079638e-01 1.753942516684295805e-04
2.458729024392982479e+06 9.881281254334620678e-01 1.754130738075973452e-04
2.458729030564912595e+06 9.880446183672122462e-01 1.754318959481851979e-04
2.458729036736842245e+06 9.879250290850647431e-01 1.754634911012894062e-04
2.458729042908771895e+06 9.877693575820800653e-01 1.755015783537081043e-04
2.458729049080702011e+06 9.875963480557781171e-01 1.755396656090003990e-04
2.458729055252631661e+06 9.874266591310332242e-01 1.755711463440361630e-04
2.458729061424561776e+06 9.872603028487274557e-01 1.755862543166935544e-04
2.458729067596491426e+06 9.871006226531848782e-01 1.756013622882110427e-04
2.458729073768421076e+06 9.869613764870377448e-01 1.756164702597285581e-04
2.458729079940351192e+06 9.868440535044977757e-01 1.756486194396703841e-04
2.458729086112280842e+06 9.867482215443111881e-01 1.756824132509754617e-04
2.458729092284210492e+06 9.866622944032189535e-01 1.757162070622805123e-04
2.458729098456140608e+06 9.865810989720806834e-01 1.757587319671362423e-04
2.458729104628070258e+06 9.865046352631483551e-01 1.758088008166309524e-04
2.458729110800000373e+06 9.864016745766758243e-01 1.758588696699032669e-04
2.458729116971930023e+06 9.862177295903029606e-01 1.758996105583326562e-04
2.458729123143859673e+06 9.859518080379812144e-01 1.758917264715257993e-04
2.458729129315789789e+06 9.856276568626902712e-01 1.758838423841240948e-04
2.458729135487719439e+06 9.854042012763247760e-01 1.758759582973172108e-04
2.458729141659649089e+06 9.853108724472887658e-01 1.758837010059860571e-04
2.458729147831579205e+06 9.853462904908658615e-01 1.758957124195315936e-04
2.458729154003508855e+06 9.853403622620717783e-01 1.759077238321708997e-04
2.458729160175438970e+06 9.851753576132775692e-01 1.759077416824555182e-04
2.458729166347368620e+06 9.848512765693818727e-01 1.758904955087758817e-04
2.458729172519298270e+06 9.844495320582304920e-01 1.758732493350962723e-04
2.458729178691228386e+06 9.841888675421122112e-01 1.758545363665767777e-04
2.458729184863158036e+06 9.840813322880318514e-01 1.757946709748585239e-04
2.458729191035087686e+06 9.841124076347694816e-01 1.757348055831402700e-04
2.458729197207017802e+06 9.841065529021252312e-01 1.756749401869052841e-04
2.458729203378947452e+06 9.840121977974348733e-01 1.756255991959537592e-04
2.458729209550877567e+06 9.838293423064607968e-01 1.755817064241144479e-04
2.458729215722807217e+06 9.836067449573472343e-01 1.755378136555867509e-04
2.458729221894736867e+06 9.833990020680818400e-01 1.754883973980750432e-04
2.458729228066666983e+06 9.832061566678502729e-01 1.754250137651065084e-04
2.458729234238596633e+06 9.830282087857524775e-01 1.753616301369201455e-04
2.458729240410526283e+06 9.828651584066765423e-01 1.752982465087337554e-04
2.458729246582456399e+06 9.827141508033832018e-01 1.752348628757652207e-04
2.458729252754386049e+06 9.825711431775443483e-01 1.751714792475788306e-04
2.458729258926316164e+06 9.824361061130247874e-01 1.751080956146102959e-04
2.458729265098245814e+06 9.823090396302013305e-01 1.750598817035229965e-04
2.458729271270175464e+06 9.821899437185848125e-01 1.750249932351085767e-04
2.458729277442105580e+06 9.820750981059628293e-01 1.749901047640619310e-04
2.458729283614035230e+06 9.819579186983068420e-01 1.749541894712452854e-04
2.458729289785964880e+06 9.818382795522876405e-01 1.749127543570058382e-04
2.458729295957894996e+06 9.817165713074254008e-01 1.748713192396402025e-04
2.458729302129824646e+06 9.815954535480863052e-01 1.748298841254007825e-04
2.458729308301754761e+06 9.814754266522580650e-01 1.747911014131337101e-04
2.458729314473684411e+06 9.813565942287620913e-01 1.747530610137430340e-04
2.458729320645614062e+06 9.812527931238173018e-01 1.747150206143524120e-04
2.458729326817544177e+06 9.811737429054755433e-01 1.747031571556080369e-04
2.458729332989473827e+06 9.811194435856654961e-01 1.747296205983016576e-04
2.458729339161403477e+06 9.810827741022685178e-01 1.747560840409953054e-04
2.458729345333333593e+06 9.810443316826213955e-01 1.747814008216653202e-04
2.458729351505263243e+06 9.810030185322952123e-01 1.747700283139536211e-04
2.458729357677193359e+06 9.809584577848923237e-01 1.747586558053839116e-04
2.458729363849123009e+06 9.809059911497460815e-01 1.747472832976722126e-04
2.458729370021052659e+06 9.808442303978316401e-01 1.747605544000691068e-04
2.458729376192982774e+06 9.807731755234374571e-01 1.747868176539421018e-04
2.458729382364912424e+06 9.806928662034505306e-01 1.748130809058335818e-04
2.458729388536842074e+06 9.806033475537058175e-01 1.748362406218290934e-04
2.458729394708772190e+06 9.805046196124992397e-01 1.748513911884892183e-04
2.458729400880701840e+06 9.804043849228535334e-01 1.748665417540062688e-04
2.458729407052631956e+06 9.803352951425858830e-01 1.748816923206663666e-04
2.458729413224561606e+06 9.803010233544406926e-01 1.749174567753964977e-04
2.458729419396491256e+06 9.803002397710970373e-01 1.749554162468296690e-04
2.458729425568421371e+06 9.802947919048456971e-01 1.749933757211268146e-04
2.458729431740351021e+06 9.802671625903913721e-01 1.750399347501219941e-04
2.458729437912280671e+06 9.802173518281594999e-01 1.750941735191109867e-04
2.458729444084210787e+06 9.801739270284893779e-01 1.751484122921922191e-04
2.458729450256140437e+06 9.801881701156427429e-01 1.752044999652866309e-04
2.458729456428070553e+06 9.802611099465218247e-01 1.752708438594594085e-04
2.458729462600000203e+06 9.803818922615974429e-01 1.753371877486266416e-04
