2.458834000000000000e+06 9.899243437021969516e-01 1.908451958735032147e-04
2.458834006171929650e+06 9.896811461824328582e-01 1.907945075971621547e-04
2.458834012343859766e+06 9.894670303379548004e-01 1.907557501122074547e-04
2.458834018515789416e+06 9.892820440126303128e-01 1.907570410719226133e-04
2.458834024687719531e+06 9.891215138967004439e-01 1.907583320317351875e-04
2.458834030859649181e+06 9.889616168801754759e-01 1.907596229914503732e-04
2.458834037031578831e+06 9.887990109647912806e-01 1.907156670597169178e-04
2.458834043203508947e+06 9.886334340800368992e-01 1.906639818018416362e-04
2.458834049375438597e+06 9.884527939393470408e-01 1.906122965478659317e-04
2.458834055547368247e+06 9.882505121837514839e-01 1.906343418211987786e-04
2.458834061719298363e+06 9.880265887955391735e-01 1.907366897945464044e-04
2.458834067891228013e+06 9.878055034741395346e-01 1.908390377601720713e-04
2.458834074063158128e+06 9.876393259456837104e-01 1.909191451857528306e-04
2.458834080235087778e+06 9.875297662696375101e-01 1.908060562651133526e-04
2.458834086407017428e+06 9.874663554966489620e-01 1.906929673444738747e-04
2.458834092578947544e+06 9.873590070265860774e-01 1.905798784153020238e-04
2.458834098750877194e+06 9.871870069304801154e-01 1.905217214327699967e-04
2.458834104922806844e+06 9.869504875364848440e-01 1.904841089175529970e-04
2.458834111094736960e+06 9.867381371066034079e-01 1.904464963994981794e-04
2.458834117266666610e+06 9.866258362418423022e-01 1.904267314476098605e-04
2.458834123438596725e+06 9.866135849252557488e-01 1.904397688632473312e-04
2.458834129610526375e+06 9.866621822005318121e-01 1.904528062779011865e-04
2.458834135782456025e+06 9.866433342958930153e-01 1.904658436925550148e-04
2.458834141954386141e+06 9.865470621846317290e-01 1.904931579344763630e-04
2.458834148126315791e+06 9.863765012557148548e-01 1.905208091825849094e-04
2.458834154298245441e+06 9.861845441494599962e-01 1.905484604306934286e-04
2.458834160470175557e+06 9.859901269181118311e-01 1.905211426659960967e-04
2.458834166642105207e+06 9.857932495910071147e-01 1.904574084563727247e-04
2.458834172814035323e+06 9.856385546338432002e-01 1.903936742419407263e-04
2.458834178985964973e+06 9.855879285124966582e-01 1.903489799016414518e-04
2.458834185157894623e+06 9.856417685466182244e-01 1.903694648324436066e-04
2.458834191329824738e+06 9.857677371261230892e-01 1.903899497647912917e-04
2.458834197501754388e+06 9.857988013724756637e-01 1.904104346955934194e-04
2.458834203673684038e+06 9.857111835013355750e-01 1.903748380553165127e-04
2.458834209845614154e+06 9.855079253168497200e-01 1.903293945677082724e-04
2.458834216017543804e+06 9.853348724756220145e-01 1.902839510835286317e-04
2.458834222189473920e+06 9.852723168447383717e-01 1.902722023698521689e-04
2.458834228361403570e+06 9.853202584336381298e-01 1.902976636726261305e-04
2.458834234533333220e+06 9.854343510247237647e-01 1.903231249754001192e-04
2.458834240705263335e+06 9.855191521590317416e-01 1.903462814917017843e-04
2.458834246877192985e+06 9.855714326106516099e-01 1.903486439904544293e-04
2.458834253049122635e+06 9.855911923872083813e-01 1.903510064892071014e-04
2.458834259221052751e+06 9.855784314865124740e-01 1.903533689881380163e-04
2.458834265392982401e+06 9.855432316217984656e-01 1.903557314868907155e-04
2.458834271564912517e+06 9.855124810309900951e-01 1.903580939858216304e-04
2.458834277736842167e+06 9.854876397560150547e-01 1.903604564845742754e-04
2.458834283908771817e+06 9.854687077943302675e-01 1.903645129497222169e-04
2.458834290080701932e+06 9.854556851451761190e-01 1.903717303945269752e-04
2.458834296252631582e+06 9.854445657656555335e-01 1.903789478387872200e-04
2.458834302424561232e+06 9.854220809671624393e-01 1.903861652830474377e-04
2.458834308596491348e+06 9.853871789340833409e-01 1.903344326370518457e-04
2.458834314768420998e+06 9.853419496979636261e-01 1.902810942753672063e-04
2.458834320940351114e+06 9.853224339019305278e-01 1.902277559096583065e-04
2.458834327112280764e+06 9.853416873757882000e-01 1.902279954968381546e-04
2.458834333284210414e+06 9.853997101166014350e-01 1.902642446198566989e-04
2.458834339456140529e+06 9.854871470249794152e-01 1.903004937456101702e-04
2.458834345628070179e+06 9.855908664631578553e-01 1.903337333046905655e-04
2.458834351799999829e+06 9.857107776790394738e-01 1.903564635669501037e-04
2.458834357971929945e+06 9.858377142269206805e-01 1.903791938309246058e-04
2.458834364143859595e+06 9.859236988073372121e-01 1.904019240931841168e-04
2.458834370315789711e+06 9.859618013828878036e-01 1.903922733395707069e-04
2.458834376487719361e+06 9.859530040599077116e-01 1.903767818243737905e-04
2.458834382659649011e+06 9.859462781209401561e-01 1.903612903091768740e-04
2.458834388831579126e+06 9.859689070217833029e-01 1.903615166671741615e-04
2.458834395003508776e+06 9.860208907590226612e-01 1.903793429871917500e-04
2.458834401175438426e+06 9.860943955138151695e-01 1.903971693072093385e-04
2.458834407347368542e+06 9.861723619418254483e-01 1.904126658150593558e-04
2.458834413519298192e+06 9.862541956757152617e-01 1.904063047501008661e-04
2.458834419691228308e+06 9.863390058359766677e-01 1.903999436846624815e-04
2.458834425863157958e+06 9.864188776122287949e-01 1.903935826197039919e-04
2.458834432035087608e+06 9.864919447860103219e-01 1.904103309542757455e-04
2.458834438207017723e+06 9.865581993951413331e-01 1.904360265904455479e-04
2.458834444378947373e+06 9.866099384225085478e-01 1.904617222246766614e-04
2.458834450550877023e+06 9.866403955466982456e-01 1.904742167352851479e-04
2.458834456722807139e+06 9.866495707676000704e-01 1.904616991128752076e-04
2.458834462894736789e+06 9.866567318913562756e-01 1.904491814914096887e-04
2.458834469066666905e+06 9.867264677818118335e-01 1.904366638689997484e-04
2.458834475238596555e+06 9.868639954597350217e-01 1.904521755151269806e-04
2.458834481410526205e+06 9.870635793397051216e-01 1.904685532332474416e-04
2.458834487582456321e+06 9.872240924023946151e-01 1.904849309526035408e-04
2.458834493754385971e+06 9.873084670303859944e-01 1.905046577298530352e-04
2.458834499926315621e+06 9.873167032386618303e-01 1.905266679514477858e-04
2.458834506098245736e+06 9.872952657411199207e-01 1.905486781747031818e-04
2.458834512270175386e+06 9.873101936897002995e-01 1.905652678952414610e-04
2.458834518442105502e+06 9.873619770000130469e-01 1.905625453763979012e-04
2.458834524614035152e+06 9.874507520249494741e-01 1.905598228577597706e-04
2.458834530785964802e+06 9.875772420158184239e-01 1.905571003391216128e-04
2.458834536957894918e+06 9.877415529818616147e-01 1.906001323502811231e-04
2.458834543129824568e+06 9.879421503521554904e-01 1.906516386547447181e-04
2.458834549301754218e+06 9.880993866509307777e-01 1.907031449592082859e-04
2.458834555473684333e+06 9.881683543888452048e-01 1.907162790060087075e-04
2.458834561645613983e+06 9.881490535554916521e-01 1.906858455934386210e-04
2.458834567817544099e+06 9.880820394991879363e-01 1.906554121785724112e-04
2.458834573989473749e+06 9.880566715569329972e-01 1.906292978576006926e-04
2.458834580161403399e+06 9.880761541667231196e-01 1.906453730732841814e-04
2.458834586333333515e+06 9.881383120954657651e-01 1.906614482901804587e-04
2.458834592505263165e+06 9.882235060841655372e-01 1.906775235058639204e-04
2.458834598677192815e+06 9.883270470416575249e-01 1.907085765262232638e-04
2.458834604849122930e+06 9.884489407104073422e-01 1.907455286473537612e-04
2.458834611021052580e+06 9.885960523548024126e-01 1.907824807656962869e-04
2.458834617192982696e+06 9.887744928840161984e-01 1.908118106337171479e-04
2.458834623364912346e+06 9.889842622711226827e-01 1.908264755932672209e-04
2.458834629536841996e+06 9.892000466583131812e-01 1.908411405528173210e-04
2.458834635708772112e+06 9.893359630440993202e-01 1.908558055134738495e-04
2.458834641880701762e+06 9.893849440390607430e-01 1.908415856989186161e-04
2.458834648052631412e+06 9.893526186595819061e-01 1.908263668626774493e-04
2.458834654224561527e+06 9.893404914001981965e-01 1.908111480252880853e-04
2.458834660396491177e+06 9.893862088558649237e-01 1.908150352576460545e-04
2.458834666568421293e+06 9.894897710334806806e-01 1.908321372770416409e-04
2.458834672740350943e+06 9.896176295349693453e-01 1.908492392951469184e-04
2.458834678912280593e+06 9.897215068600477839e-01 1.908661262597896092e-04
2.458834685084210709e+06 9.898010196127625671e-01 1.908822313004760254e-04
2.458834691256140359e+06 9.898505172870992741e-01 1.908983363399473492e-04
2.458834697428070009e+06 9.898396278559707939e-01 1.909144413794186459e-04
2.458834703600000124e+06 9.897638354507115599e-01 1.909038355876464094e-04
2.458834709771929774e+06 9.896248283611533969e-01 1.908881523468279216e-04
2.458834715943859890e+06 9.895139037657477710e-01 1.908724691048261355e-04
2.458834722115789540e+06 9.894831574606979263e-01 1.908597328430767061e-04
2.458834728287719190e+06 9.895325894346101991e-01 1.908503893640367305e-04
2.458834734459649306e+06 9.896565851740360964e-01 1.908410458842917795e-04
2.458834740631578956e+06 9.898426274564076088e-01 1.908362297853485998e-04
2.458834746803508606e+06 9.900902544857345111e-01 1.908775234474004644e-04
2.458834752975438721e+06 9.903770776793892061e-01 1.909188171125678383e-04
2.458834759147368371e+06 9.904976504241701507e-01 1.909601107746196759e-04
2.458834765319298487e+06 9.904023032495307133e-01 1.909458156445221198e-04
2.458834771491228137e+06 9.900911571936602540e-01 1.909092512409100864e-04
2.458834777663157787e+06 9.897486914808336644e-01 1.908726868372980802e-04
2.458834783835087903e+06 9.895413135825680273e-01 1.908405693399868673e-04
2.458834790007017553e+06 9.894690235301563108e-01 1.908171403431366882e-04
2.458834796178947203e+06 9.895027569133004741e-01 1.907937113462865092e-04
2.458834802350877319e+06 9.895427106806801154e-01 1.907702823476686469e-04
2.458834808522806969e+06 9.895805189850165329e-01 1.908276702935069998e-04
2.458834814694737084e+06 9.896161247832145902e-01 1.908881536671773503e-04
2.458834820866666734e+06 9.896484756609661426e-01 1.909486370362843482e-04
2.458834827038596384e+06 9.896771766759894229e-01 1.909403293544738810e-04
2.458834833210526500e+06 9.897022278300370290e-01 1.908837572061473204e-04
2.458834839382456150e+06 9.896932562924106724e-01 1.908271850620889927e-04
2.458834845554386266e+06 9.896060093057797991e-01 1.907914334190048927e-04
2.458834851726315916e+06 9.894401115987332407e-01 1.908329571511929040e-04
2.458834857898245566e+06 9.892151857742765841e-01 1.908744808833809153e-04
2.458834864070175681e+06 9.890381270394195123e-01 1.909160046187018101e-04
2.458834870242105331e+06 9.889250589964450056e-01 1.909217325038126080e-04
2.458834876414034981e+06 9.888750907516078437e-01 1.909204798896875260e-04
2.458834882585965097e+06 9.888379785640240005e-01 1.909192272754679017e-04
2.458834888757894747e+06 9.887847065774665323e-01 1.908843051442661891e-04
2.458834894929824863e+06 9.887152747838974243e-01 1.908100771002726971e-04
2.458834901101754513e+06 9.886182878114992967e-01 1.907358490618795430e-04
2.458834907273684163e+06 9.884680402026392310e-01 1.906680598165768064e-04
2.458834913445614278e+06 9.882635566711915898e-01 1.906687457719827815e-04
2.458834919617543928e+06 9.880185427001102472e-01 1.906694317273370130e-04
2.458834925789473578e+06 9.878608396663841607e-01 1.906701176826912174e-04
2.458834931961403694e+06 9.878217426418801628e-01 1.906553012334599121e-04
2.458834938133333344e+06 9.879011872693830298e-01 1.906341686963114413e-04
2.458834944305263460e+06 9.879698481842960067e-01 1.906130361575685971e-04
2.458834950477193110e+06 9.879094984756379150e-01 1.905884843812585990e-04
2.458834956649122760e+06 9.877201381534560509e-01 1.905571477258701093e-04
2.458834962821052875e+06 9.874468817113902785e-01 1.905258110681173000e-04
2.458834968992982525e+06 9.872465284060805146e-01 1.904944744127288103e-04
2.458834975164912175e+06 9.871324644183960828e-01 1.905432677973013377e-04
2.458834981336842291e+06 9.871005259873739668e-01 1.905954302311378256e-04
2.458834987508771941e+06 9.870721115486500441e-01 1.906475926610387409e-04
2.458834993680702057e+06 9.870173745597208281e-01 1.906623710017527550e-04
2.458834999852631707e+06 9.869363150288458231e-01 1.906505435981614650e-04
2.458835006024561357e+06 9.868087350167255023e-01 1.906387161945701479e-04
2.458835012196491472e+06 9.866048403444406256e-01 1.906118677680858852e-04
2.458835018368421122e+06 9.863243618520176614e-01 1.905280960067702719e-04
2.458835024540350772e+06 9.859866644180906858e-01 1.904443242454546316e-04
2.458835030712280888e+06 9.856986674025939310e-01 1.903605524778185804e-04
2.458835036884210538e+06 9.854767301883133879e-01 1.903190290873676244e-04
2.458835043056140654e+06 9.853206266308670580e-01 1.902859541078795068e-04
2.458835049228070304e+06 9.852170434738820592e-01 1.902528791308868701e-04
2.458835055399999954e+06 9.851581993146355520e-01 1.902577416762229242e-04
2.458835061571930069e+06 9.851440941537505935e-01 1.903075139154483566e-04
2.458835067743859719e+06 9.851314382173986806e-01 1.903572861509185464e-04
2.458835073915789369e+06 9.850214253236823092e-01 1.903960417922789317e-04
2.458835080087719485e+06 9.848102019765427872e-01 1.903122615034581191e-04
2.458835086259649135e+06 9.845126021482050183e-01 1.902284812209583135e-04
2.458835092431579251e+06 9.842692934730835619e-01 1.901447009321374738e-04
2.458835098603508901e+06 9.841151418058338152e-01 1.901132413776866379e-04
2.458835104775438551e+06 9.840501092729917465e-01 1.901034590582898138e-04
2.458835110947368667e+06 9.839691592708889045e-01 1.900936767381548919e-04
2.458835117119298317e+06 9.837749703479057306e-01 1.900809230619766226e-04
2.458835123291227967e+06 9.834675425022065820e-01 1.900621807178717491e-04
2.458835129463158082e+06 9.831004733271063722e-01 1.900434383723527507e-04
2.458835135635087732e+06 9.828623141104982919e-01 1.900246960282478501e-04
2.458835141807017848e+06 9.827694565442171015e-01 1.900048985322080755e-04
2.458835147978947498e+06 9.828143254090230263e-01 1.899850526947812553e-04
2.458835154150877148e+06 9.828505428233973440e-01 1.899652068573544350e-04
2.458835160322807264e+06 9.828218684651285342e-01 1.899605165639017379e-04
2.458835166494736914e+06 9.827283023385435801e-01 1.899667668521916276e-04
2.458835172666666564e+06 9.825976987193363321e-01 1.899730171404815445e-04
2.458835178838596679e+06 9.824716556377866006e-01 1.899809636839458417e-04
2.458835185010526329e+06 9.823505726655401560e-01 1.899954752602180206e-04
2.458835191182456445e+06 9.822381073657880934e-01 1.900099868375850539e-04
2.458835197354386095e+06 9.821547289795250490e-01 1.900244984138572328e-04
2.458835203526315745e+06 9.821036142796186752e-01 1.899749972247152471e-04
2.458835209698245861e+06 9.820840519962085180e-01 1.899123750405187761e-04
2.458835215870175511e+06 9.820522725975234790e-01 1.898497528610469871e-04
2.458835222042105161e+06 9.819823836094987435e-01 1.898230175046086991e-04
2.458835228214035276e+06 9.818743850225488679e-01 1.898393611362985420e-04
2.458835234385964926e+06 9.817506597237770638e-01 1.898557047667553217e-04
2.458835240557895042e+06 9.816628989915935355e-01 1.898702685794765265e-04
2.458835246729824692e+06 9.816131743196431225e-01 1.898640907212486119e-04
2.458835252901754342e+06 9.815911985977828769e-01 1.898579128630206703e-04
2.458835259073684458e+06 9.814977870750275502e-01 1.898517350043266302e-04
2.458835265245614108e+06 9.813080489376927451e-01 1.898400623061797046e-04
2.458835271417543758e+06 9.810220159042754018e-01 1.898260747830333170e-04
2.458835277589473873e+06 9.807694380300655546e-01 1.898120872588315942e-04
2.458835283761403523e+06 9.806721694073471385e-01 1.897947511313681967e-04
2.458835289933333639e+06 9.807302100214423390e-01 1.897705594893815218e-04
2.458835296105263289e+06 9.808856169094340993e-01 1.897463678492200740e-04
2.458835302277192939e+06 9.809320647990626973e-01 1.897221762090586534e-04
2.458835308449123055e+06 9.808512909811136771e-01 1.897651966478419955e-04
2.458835314621052705e+06 9.806519079163696917e-01 1.898115518864747144e-04
2.458835320792982355e+06 9.805043160144799597e-01 1.898579071251074333e-04
2.458835326964912470e+06 9.804747601291083914e-01 1.898492946733714153e-04
2.458835333136842120e+06 9.805632402647145307e-01 1.898004342067684735e-04
2.458835339308772236e+06 9.807189309854247306e-01 1.897515737364791088e-04
2.458835345480701886e+06 9.808649887278124702e-01 1.897167158859906625e-04
2.458835351652631536e+06 9.810006304240552755e-01 1.897372221142571520e-04
2.458835357824561652e+06 9.811216366041974890e-01 1.897577283440707709e-04
2.458835363996491302e+06 9.812040708370413089e-01 1.897782345723372332e-04
2.458835370168420952e+06 9.812441652881216392e-01 1.897870050258828852e-04
2.458835376340351067e+06 9.812422899046914226e-01 1.897933107020611154e-04
2.458835382512280717e+06 9.812222651688522479e-01 1.897996163777635706e-04
2.458835388684210833e+06 9.811983534804487039e-01 1.898085353189993838e-04
2.458835394856140483e+06 9.811705548430887935e-01 1.898206353994014107e-04
2.458835401028070133e+06 9.811481609406748072e-01 1.898327354798034648e-04
2.458835407200000249e+06 9.811528837753382692e-01 1.898455084410426955e-04
2.458835413371929899e+06 9.811856170416316525e-01 1.898665131580786532e-04
2.458835419543859549e+06 9.812461801696560348e-01 1.898875178751145839e-04
2.458835425715789665e+06 9.813328027922074703e-01 1.899085225937352929e-04
2.458835431887719315e+06 9.814450350783882060e-01 1.899550615981705271e-04
2.458835438059649430e+06 9.815828760702994815e-01 1.900125369844166590e-04
2.458835444231579080e+06 9.817398467815094953e-01 1.900700123663263616e-04
2.458835450403508730e+06 9.819097793947008102e-01 1.900891368236088958e-04
2.458835456575438846e+06 9.820926739241615522e-01 1.900285000794449939e-04
2.458835462747368496e+06 9.822808335590409445e-01 1.899678633398560186e-04
2.458835468919298146e+06 9.824465160970770050e-01 1.899072266002670433e-04
2.458835475091228262e+06 9.825872217320613666e-01 1.899314300008532106e-04
2.458835481263157912e+06 9.827033538738465523e-01 1.899601676918080619e-04
2.458835487435088027e+06 9.828030879972056155e-01 1.899889053849311007e-04
2.458835493607017677e+06 9.828896399852640187e-01 1.899878963396398220e-04
2.458835499778947327e+06 9.829630098460435672e-01 1.899647954120083256e-04
2.458835505950877443e+06 9.830660753939826080e-01 1.899416944826338928e-04
2.458835512122807093e+06 9.832644651161605021e-01 1.899349256659654296e-04
2.458835518294736743e+06 9.835588872369731561e-01 1.899941436272294104e-04
2.458835524466666859e+06 9.839327387663218127e-01 1.900533615929612800e-04
2.458835530638596509e+06 9.842905406814167479e-01 1.901125795542252337e-04
2.458835536810526624e+06 9.846170503547143626e-01 1.901723971032406792e-04
2.458835542982456274e+06 9.849123756461083401e-01 1.902323436269911508e-04
2.458835549154385924e+06 9.851837954342360648e-01 1.902922901507416223e-04
2.458835555326316040e+06 9.854357209432629272e-01 1.903428167974210148e-04
2.458835561498245690e+06 9.856681521351744468e-01 1.903817149324543755e-04
2.458835567670175340e+06 9.858810890297130536e-01 1.904206130674877362e-04
2.458835573842105456e+06 9.860745316407384387e-01 1.904595112054558966e-04
2.458835580014035106e+06 9.862484799390607293e-01 1.904984093404892573e-04
2.458835586185965221e+06 9.864029339509281513e-01 1.905373074784573906e-04
2.458835592357894871e+06 9.865378936530341258e-01 1.905762056134907513e-04
2.458835598529824521e+06 9.866652414730887610e-01 1.906151037485241120e-04
2.458835604701754637e+06 9.868198070233493713e-01 1.906540018864922724e-04
2.458835610873684287e+06 9.870038429001621871e-01 1.906929000215256331e-04
2.458835617045613937e+06 9.872173491140769919e-01 1.907317981565589938e-04
2.458835623217544053e+06 9.874603256845376764e-01 1.907706962945271542e-04
2.458835629389473703e+06 9.877327725748800136e-01 1.908095944295605149e-04
2.458835635561403818e+06 9.880346898262152289e-01 1.908484925675286482e-04
2.458835641733333468e+06 9.883660773929848764e-01 1.908757419126239920e-04
2.458835647905263118e+06 9.887231374200666778e-01 1.909023237429949597e-04
2.458835654077193234e+06 9.890270164896221017e-01 1.909289055753714845e-04
2.458835660249122884e+06 9.892463297173668124e-01 1.909193249305249026e-04
2.458835666421053000e+06 9.893810771363938938e-01 1.908825048968235073e-04
2.458835672592982650e+06 9.894920080248252869e-01 1.908456848659001090e-04
2.458835678764912300e+06 9.896732515296583488e-01 1.908318268671900368e-04
2.458835684936842415e+06 9.899258814324789491e-01 1.909127994111444360e-04
2.458835691108772065e+06 9.902368120896780646e-01 1.909937719489895999e-04
2.458835697280701715e+06 9.905297543686333306e-01 1.910747444868347638e-04
2.458835703452631831e+06 9.907923571074571667e-01 1.910669962992816984e-04
2.458835709624561481e+06 9.910252751393535675e-01 1.910397072113316497e-04
2.458835715796491597e+06 9.912748435951334036e-01 1.910124181213227010e-04
2.458835721968421247e+06 9.915694853552192711e-01 1.910149318240010011e-04
2.458835728140350897e+06 9.919092004367401350e-01 1.910547555709749175e-04
2.458835734312281013e+06 9.922556227261426498e-01 1.910945793209534020e-04
2.458835740484210663e+06 9.925169686962994620e-01 1.911352879700430128e-04
2.458835746656140313e+06 9.926892571215972794e-01 1.911880042663207356e-04
2.458835752828070428e+06 9.927851162499864435e-01 1.912407205665758269e-04
2.458835759000000078e+06 9.929326246837887338e-01 1.912934368628535498e-04
2.458835765171930194e+06 9.931651380211686808e-01 1.913183138761659981e-04
2.458835771343859844e+06 9.934826552731917948e-01 1.913308698387563612e-04
2.458835777515789494e+06 9.938531477230825306e-01 1.913434258013467244e-04
2.458835783687719610e+06 9.942452791732485640e-01 1.913759990233127007e-04
2.458835789859649260e+06 9.946590495645184493e-01 1.914515478267316581e-04
2.458835796031578910e+06 9.950627406921391804e-01 1.915270966301505884e-04
2.458835802203509025e+06 9.953392035107915259e-01 1.916026454392695760e-04
2.458835808375438675e+06 9.954775026647070257e-01 1.916190666172745726e-04
2.458835814547368791e+06 9.954872684408856420e-01 1.916318696951268641e-04
2.458835820719298441e+06 9.955734270714442502e-01 1.916446727720132128e-04
2.458835826891228091e+06 9.958185074796442882e-01 1.916744726365433415e-04
2.458835833063158207e+06 9.962225097019618003e-01 1.917172574967493403e-04
2.458835839235087857e+06 9.966488276362127641e-01 1.917600423537272898e-04
2.458835845407017507e+06 9.968831894073469924e-01 1.917946775886836893e-04
2.458835851578947622e+06 9.969230155295798479e-01 1.917948991394386176e-04
2.458835857750877272e+06 9.968070640914503677e-01 1.917951206901768221e-04
2.458835863922807388e+06 9.967644263510562208e-01 1.917953422409317504e-04
2.458835870094737038e+06 9.968327137088339729e-01 1.918110738029799869e-04
2.458835876266666688e+06 9.970110381058047144e-01 1.918303018511318834e-04
2.458835882438596804e+06 9.972334027050973049e-01 1.918495299007345238e-04
2.458835888610526454e+06 9.974588287308231438e-01 1.918656642675922329e-04
2.458835894782456104e+06 9.976873161996430150e-01 1.918778708611494621e-04
2.458835900954386219e+06 9.979158128153479135e-01 1.918900774556276940e-04
2.458835907126315869e+06 9.981369300877827033e-01 1.919034147037447556e-04
2.458835913298245985e+06 9.983503392294830192e-01 1.919329704265703915e-04
2.458835919470175635e+06 9.985544045766234778e-01 1.919625261471660945e-04
2.458835925642105285e+06 9.987322503510599470e-01 1.919920818677617975e-04
2.458835931814035401e+06 9.988794271775068845e-01 1.920041847161590759e-04
2.458835937985965051e+06 9.989959350892281265e-01 1.920084367860963007e-04
2.458835944157894701e+06 9.990954147979298483e-01 1.920126888560334984e-04
2.458835950329824816e+06 9.991913973668707927e-01 1.920203114938817354e-04
2.458835956501754466e+06 9.992838827815675451e-01 1.920352874713318820e-04
2.458835962673684582e+06 9.993697388747019295e-01 1.920502634499119841e-04
2.458835968845614232e+06 9.994372545986518475e-01 1.920652394273621307e-04
2.458835975017543882e+06 9.994853175586637661e-01 1.921399015512284449e-04
2.458835981189473998e+06 9.995157148155038307e-01 1.922184498150331165e-04
2.458835987361403648e+06 9.995674338222164668e-01 1.922969980729114848e-04
2.458835993533333298e+06 9.996563616483480352e-01 1.923101666491053297e-04
2.458835999705263413e+06 9.997824983048189118e-01 1.922726777058546559e-04
2.458836005877193063e+06 9.998963598744110559e-01 1.922351887654325030e-04
2.458836012049123179e+06 9.999193754672787149e-01 1.922035631990775737e-04
2.458836018221052829e+06 9.998505484563434687e-01 1.921972617850935922e-04
2.458836024392982479e+06 9.997134289305689148e-01 1.921909603711096108e-04
2.458836030564912595e+06 9.996491552143350612e-01 1.921846589566502067e-04
2.458836036736842245e+06 9.996812233628000754e-01 1.921664931651795001e-04
2.458836042908771895e+06 9.998080915697361570e-01 1.921455907056146420e-04
2.458836049080702011e+06 9.999092392336149659e-01 1.921246882444727305e-04
2.458836055252631661e+06 9.999089157008007600e-01 1.921213339003304389e-04
2.458836061424561776e+06 9.998071209712446894e-01 1.921405747304174324e-04
2.458836067596491426e+06 9.996648845893765234e-01 1.921598155590527877e-04
2.458836073768421076e+06 9.996316836913791137e-01 1.921774669352721316e-04
2.458836079940351192e+06 9.997143413804139289e-01 1.921709482306589484e-04
2.458836086112280842e+06 9.998960224618328452e-01 1.921644295265375864e-04
2.458836092284210492e+06 1.000000000000000000e+00 1.921579108224162516e-04
2.458836098456140608e+06 9.999791032905108734e-01 1.921794032313912882e-04
2.458836104628070258e+06 9.998333323365188319e-01 1.922137009876030581e-04
2.458836110800000373e+06 9.996456246080736019e-01 1.922479987464025474e-04
2.458836116971930023e+06 9.994993984568851797e-01 1.922488143629226705e-04
2.458836123143859673e+06 9.993946540413362056e-01 1.921753958600342553e-04
2.458836129315789789e+06 9.993179511627252598e-01 1.921019773516065429e-04
2.458836135487719439e+06 9.992184169511255654e-01 1.920285588487181277e-04
2.458836141659649089e+06 9.990911347478034221e-01 1.919952451177243838e-04
2.458836147831579205e+06 9.989378001148341291e-01 1.919647009397326687e-04
2.458836154003508855e+06 9.987963516709230660e-01 1.919341567640454253e-04
2.458836160175438970e+06 9.986824320878086025e-01 1.919381327356913935e-04
2.458836166347368620e+06 9.985960413826802107e-01 1.919692350487778635e-04
2.458836172519298270e+06 9.985258726950839714e-01 1.920003373618643064e-04
2.458836178691228386e+06 9.984537527769070664e-01 1.920161435383643670e-04
2.458836184863158036e+06 9.983794391114202416e-01 1.919643560579375899e-04
2.458836191035087686e+06 9.983006468284763013e-01 1.919125685775107857e-04
2.458836197207017802e+06 9.982034908012363816e-01 1.918607810931767337e-04
2.458836203378947452e+06 9.980856272864514489e-01 1.919092914496705856e-04
2.458836209550877567e+06 9.979470609147963467e-01 1.919814658638399130e-04
2.458836215722807217e+06 9.977881744832495237e-01 1.920536402725638080e-04
2.458836221894736867e+06 9.976092115234476143e-01 1.920492004433797936e-04
2.458836228066666983e+06 9.974101720196163479e-01 1.919447094476337955e-04
2.458836234238596633e+06 9.971964820455788692e-01 1.918402184597714109e-04
2.458836240410526283e+06 9.969815887539470456e-01 1.917431610069288692e-04
2.458836246582456399e+06 9.967661214805956238e-01 1.917663173193398377e-04
2.458836252754386049e+06 9.965515974586922621e-01 1.917894736300037499e-04
2.458836258926316164e+06 9.963542234459316083e-01 1.918126299424147455e-04
2.458836265098245814e+06 9.961783786294576837e-01 1.917954016107919612e-04
2.458836271270175464e+06 9.960240629935673828e-01 1.917594124016280973e-04
2.458836277442105580e+06 9.958703417237075861e-01 1.917234231897488490e-04
2.458836283614035230e+06 9.956958658742202095e-01 1.917051275497891121e-04
2.458836289785964880e+06 9.955006349234452045e-01 1.917267031808067416e-04
2.458836295957894996e+06 9.953003409041745186e-01 1.917482788134521922e-04
2.458836302129824646e+06 9.951551160015764674e-01 1.917698544444698487e-04
2.458836308301754761e+06 9.950708724164738506e-01 1.916782007844733881e-04
2.458836314473684411e+06 9.950440779149011261e-01 1.915782771521162267e-04
2.458836320645614062e+06 9.949936457093263575e-01 1.914783535197590923e-04
2.458836326817544177e+06 9.948857464824253372e-01 1.914464022744686558e-04
2.458836332989473827e+06 9.947203802504801518e-01 1.914686212546734415e-04
2.458836339161403477e+06 9.944995301551805555e-01 1.914908402348782001e-04
2.458836345333333593e+06 9.942264226587653742e-01 1.915062804829129159e-04
2.458836351505263243e+06 9.939011030411323278e-01 1.914910616534752804e-04
2.458836357677193359e+06 9.935347200702485670e-01 1.914758428228893663e-04
2.458836363849123009e+06 9.931959782505669354e-01 1.914606239934516765e-04
2.458836370021052659e+06 9.928966356233464019e-01 1.913997258385025308e-04
2.458836376192982774e+06 9.926370513606661561e-01 1.913278070646251246e-04
2.458836382364912424e+06 9.924484327338353173e-01 1.912558882961738792e-04
2.458836388536842074e+06 9.923508798992074498e-01 1.912068514684537397e-04
2.458836394708772190e+06 9.923443928597285302e-01 1.911881219109913793e-04
2.458836400880701840e+06 9.923660020910358703e-01 1.911693923549421137e-04
2.458836407052631956e+06 9.922578033152741339e-01 1.911542724428619104e-04
2.458836413224561606e+06 9.920122217036717593e-01 1.912014542225911272e-04
2.458836419396491256e+06 9.916432828903219976e-01 1.912486360023203441e-04
2.458836425568421371e+06 9.913034656342908368e-01 1.912958177856093219e-04
2.458836431740351021e+06 9.910344778019682943e-01 1.912692717181773512e-04
2.458836437912280671e+06 9.908363193650436829e-01 1.912079234762470924e-04
2.458836444084210787e+06 9.906863905409153404e-01 1.911465752296882391e-04
2.458836450256140437e+06 9.905613255008778317e-01 1.910967997553759121e-04
2.458836456428070553e+06 9.904611226098828380e-01 1.910735326691575804e-04
2.458836462600000203e+06 9.903673959792470560e-01 1.910502655846946804e-04
