2.458782000000000000e+06 9.985528091623944169e-01 1.859447316712716186e-04
2.458782006171929650e+06 9.985549838973140080e-01 1.859607779326055287e-04
2.458782012343859766e+06 9.984722868022245512e-01 1.859727092127477885e-04
2.458782018515789416e+06 9.983013150428770022e-01 1.859486163924386256e-04
2.458782024687719531e+06 9.980525246853514387e-01 1.859245235703116622e-04
2.458782030859649181e+06 9.978161941919966305e-01 1.859004307500024993e-04
2.458782037031578831e+06 9.976131370335583615e-01 1.858953754310315809e-04
2.458782043203508947e+06 9.974433362575296780e-01 1.858974669401660296e-04
2.458782049375438597e+06 9.972950103967989088e-01 1.858995584491426726e-04
2.458782055547368247e+06 9.971580502267257673e-01 1.858954974440828547e-04
2.458782061719298363e+06 9.970324557382628239e-01 1.858800901354489932e-04
2.458782067891228013e+06 9.969055244630271595e-01 1.858646828279775860e-04
2.458782074063158128e+06 9.967355708033139861e-01 1.858492755193437516e-04
2.458782080235087778e+06 9.965193382579843329e-01 1.859047710251408424e-04
2.458782086407017428e+06 9.962595146518304912e-01 1.859619999927599344e-04
2.458782092578947544e+06 9.960016782402519864e-01 1.860192289646968886e-04
2.458782098750877194e+06 9.957621921459458569e-01 1.859919483566224957e-04
2.458782104922806844e+06 9.955410563487664399e-01 1.859084860732547896e-04
2.458782111094736960e+06 9.953382708341061980e-01 1.858250237835900101e-04
2.458782117266666610e+06 9.951534626294735730e-01 1.857415615002223311e-04
2.458782123438596725e+06 9.949767112284447768e-01 1.856580992105575246e-04
2.458782129610526375e+06 9.948036020671907620e-01 1.855746369271898456e-04
2.458782135782456025e+06 9.946341351322381952e-01 1.854911746438221124e-04
2.458782141954386141e+06 9.944683104112137517e-01 1.854886140578373575e-04
2.458782148126315791e+06 9.943059098107127625e-01 1.855003580295678622e-04
2.458782154298245441e+06 9.941363681150054976e-01 1.855121020012983398e-04
2.458782160470175557e+06 9.939538506796753436e-01 1.855037436589807790e-04
2.458782166642105207e+06 9.937583575322630480e-01 1.854731036914270448e-04
2.458782172814035323e+06 9.935607748117463167e-01 1.854424637215616018e-04
2.458782178985964973e+06 9.933846065296181305e-01 1.854136129385743753e-04
2.458782185157894623e+06 9.932306542767725954e-01 1.854010766637918741e-04
2.458782191329824738e+06 9.930908554263132570e-01 1.853885403880635419e-04
2.458782197501754388e+06 9.928944035159392723e-01 1.853760041132809864e-04
2.458782203673684038e+06 9.926247535398967647e-01 1.853337576695565257e-04
2.458782209845614154e+06 9.922820039506685674e-01 1.852801494364470099e-04
2.458782216017543804e+06 9.919490234012374730e-01 1.852265412073821375e-04
2.458782222189473920e+06 9.916979224900843715e-01 1.852067902940671281e-04
2.458782228361403570e+06 9.915287012550996204e-01 1.852504989979554539e-04
2.458782234533333220e+06 9.914109131514902140e-01 1.852942077018437798e-04
2.458782240705263335e+06 9.912433557152077190e-01 1.853379164090298420e-04
2.458782246877192985e+06 9.910179617953531750e-01 1.852624504498477263e-04
2.458782253049122635e+06 9.907410499680719962e-01 1.851836078029059926e-04
2.458782259221052751e+06 9.905223145246200289e-01 1.851047651500157295e-04
2.458782265392982401e+06 9.904016352454415584e-01 1.850882940628546336e-04
2.458782271564912517e+06 9.903790121123265955e-01 1.851139288937527839e-04
2.458782277736842167e+06 9.903701057729940027e-01 1.851395637227168259e-04
2.458782283908771817e+06 9.902560681408864030e-01 1.851495617099959388e-04
2.458782290080701932e+06 9.900360591515519060e-01 1.851046091725302989e-04
2.458782296252631582e+06 9.897388355821405970e-01 1.850596566384562873e-04
2.458782302424561232e+06 9.895155520625281698e-01 1.850147041043822757e-04
2.458782308596491348e+06 9.893881440815842643e-01 1.849948640374712210e-04
2.458782314768420998e+06 9.893535592579751903e-01 1.849795930401571756e-04
2.458782320940351114e+06 9.892575875612057423e-01 1.849643220416909216e-04
2.458782327112280764e+06 9.890139751755196995e-01 1.849641137778317739e-04
2.458782333284210414e+06 9.886227220992458431e-01 1.849808501089631038e-04
2.458782339456140529e+06 9.881761967994295848e-01 1.849975864413572039e-04
2.458782345628070179e+06 9.878763458732976455e-01 1.850015011306011133e-04
2.458782351799999829e+06 9.877302744424486525e-01 1.848834735731176495e-04
2.458782357971929945e+06 9.877187879851404562e-01 1.847654460067292266e-04
2.458782364143859595e+06 9.876704077092399725e-01 1.846474184492457628e-04
2.458782370315789711e+06 9.875445249084391364e-01 1.846170675520280831e-04
2.458782376487719361e+06 9.873411990986271647e-01 1.846208671976638620e-04
2.458782382659649011e+06 9.871223201062689911e-01 1.846246668432996137e-04
2.458782388831579126e+06 9.869425074913841245e-01 1.846217025892394118e-04
2.458782395003508776e+06 9.868017612811059713e-01 1.846058522737566534e-04
2.458782401175438426e+06 9.867049598760939677e-01 1.845900019582738950e-04
2.458782407347368542e+06 9.866685280001669112e-01 1.845741516415952887e-04
2.458782413519298192e+06 9.866938013479479297e-01 1.845692327241727382e-04
2.458782419691228308e+06 9.867738221659905218e-01 1.845646663335574398e-04
2.458782425863157958e+06 9.867848906499032680e-01 1.845600999432866736e-04
2.458782432035087608e+06 9.866814666880611151e-01 1.845647454321782950e-04
2.458782438207017723e+06 9.864635502597038919e-01 1.845757056215935451e-04
2.458782444378947373e+06 9.861931183454241134e-01 1.845866658101818472e-04
2.458782450550877023e+06 9.859586738196057798e-01 1.845858043495850881e-04
2.458782456722807139e+06 9.857608906335678656e-01 1.845424960535164017e-04
2.458782462894736789e+06 9.856010925279304891e-01 1.844991877607152567e-04
2.458782469066666905e+06 9.854863367042403510e-01 1.844558794646465702e-04
2.458782475238596555e+06 9.854176632624648269e-01 1.844578334847889580e-04
2.458782481410526205e+06 9.853946583811536986e-01 1.844682569518997766e-04
2.458782487582456321e+06 9.853954945325696935e-01 1.844786804197969942e-04
2.458782493754385971e+06 9.854078062754563216e-01 1.844864626129036139e-04
2.458782499926315621e+06 9.854315936094438788e-01 1.844912292087179568e-04
2.458782506098245736e+06 9.854488758960003869e-01 1.844959958048919297e-04
2.458782512270175386e+06 9.854198459803001908e-01 1.845023342860468312e-04
2.458782518442105502e+06 9.853430597903506394e-01 1.845242887424192266e-04
2.458782524614035152e+06 9.852258706887793149e-01 1.845462431971351780e-04
2.458782530785964802e+06 9.851351144766541390e-01 1.845681976518511293e-04
2.458782536957894918e+06 9.850868315567498090e-01 1.845381145978533023e-04
2.458782543129824568e+06 9.850809957755656265e-01 1.844873901805545841e-04
2.458782549301754218e+06 9.850830549048340545e-01 1.844366657632558388e-04
2.458782555473684333e+06 9.850620808844386955e-01 1.844095535295566521e-04
2.458782561645613983e+06 9.850180737175446843e-01 1.844281683854178766e-04
2.458782567817544099e+06 9.849670281032910646e-01 1.844467832426835495e-04
2.458782573989473749e+06 9.849634911200313425e-01 1.844653980985447739e-04
2.458782580161403399e+06 9.850119872842032498e-01 1.845706666577125979e-04
2.458782586333333515e+06 9.851094502076536141e-01 1.846790715757825035e-04
2.458782592505263165e+06 9.852000335432523626e-01 1.847874764856734589e-04
2.458782598677192815e+06 9.852629176595468774e-01 1.847967704836667331e-04
2.458782604849122930e+06 9.852981025581466490e-01 1.847370794093271533e-04
2.458782611021052580e+06 9.853125568303023885e-01 1.846773883394911596e-04
2.458782617192982696e+06 9.853163642032873870e-01 1.846172220063582682e-04
2.458782623364912346e+06 9.853096071618953067e-01 1.845553116367731471e-04
2.458782629536841996e+06 9.853017293011451239e-01 1.844934012671879989e-04
2.458782635708772112e+06 9.853438003606294071e-01 1.844314908929318368e-04
2.458782641880701762e+06 9.854434634049126229e-01 1.844638708045244079e-04
2.458782648052631412e+06 9.855988074044689240e-01 1.845143864968947260e-04
2.458782654224561527e+06 9.857044736791104045e-01 1.845649021930763399e-04
2.458782660396491177e+06 9.857000083569572579e-01 1.845721377109731662e-04
2.458782666568421293e+06 9.855854114373352459e-01 1.845292213066364090e-04
2.458782672740350943e+06 9.854427270105229342e-01 1.844863049055375944e-04
2.458782678912280593e+06 9.854558816083566208e-01 1.844525299258627010e-04
2.458782685084210709e+06 9.856317512950579784e-01 1.845137715269901362e-04
2.458782691256140359e+06 9.859487086458905702e-01 1.845750131234969458e-04
2.458782697428070009e+06 9.862067328413500755e-01 1.846362547200037824e-04
2.458782703600000124e+06 9.863571762165085355e-01 1.846413758414030399e-04
2.458782709771929774e+06 9.864000871460688602e-01 1.846238301683384212e-04
2.458782715943859890e+06 9.864194560297038228e-01 1.846062844939500187e-04
2.458782722115789540e+06 9.864915404044068969e-01 1.846435872812337761e-04
2.458782728287719190e+06 9.866163402696509488e-01 1.847888726104920769e-04
2.458782734459649306e+06 9.867690726312230431e-01 1.849341579507118784e-04
2.458782740631578956e+06 9.868641252483730808e-01 1.850794432799701249e-04
2.458782746803508606e+06 9.868942562683309383e-01 1.849536105990638669e-04
2.458782752975438721e+06 9.868631518098227584e-01 1.848168872443037704e-04
2.458782759147368371e+06 9.868396037215503291e-01 1.846801638998591798e-04
2.458782765319298487e+06 9.868495816147636601e-01 1.846754606151232490e-04
2.458782771491228137e+06 9.868930854879571779e-01 1.847640579576993443e-04
2.458782777663157787e+06 9.869528711719850467e-01 1.848526553002754395e-04
2.458782783835087903e+06 9.870036544442248871e-01 1.849158352605742074e-04
2.458782790007017553e+06 9.870452137403934456e-01 1.848836618037504444e-04
2.458782796178947203e+06 9.870791936893921203e-01 1.848514883469266814e-04
2.458782802350877319e+06 9.871146163467230394e-01 1.848193148876755253e-04
2.458782808522806969e+06 9.871528527250289509e-01 1.847881337891020776e-04
2.458782814694737084e+06 9.871945356907302349e-01 1.847571487848174130e-04
2.458782820866666734e+06 9.872761745136411360e-01 1.847261637828705053e-04
2.458782827038596384e+06 9.874189877176261509e-01 1.847409977173157709e-04
2.458782833210526500e+06 9.876229753203834560e-01 1.848097193402602082e-04
2.458782839382456150e+06 9.878447637015366212e-01 1.848784409580196924e-04
2.458782845554386266e+06 9.879858923388180614e-01 1.849433917207091952e-04
2.458782851726315916e+06 9.880425697007864105e-01 1.849672630370126824e-04
2.458782857898245566e+06 9.880259611202653058e-01 1.849911343533161968e-04
2.458782864070175681e+06 9.880411530906062501e-01 1.850150056714207336e-04
2.458782870242105331e+06 9.881140455190146055e-01 1.850242343205895658e-04
2.458782876414034981e+06 9.882446146187986447e-01 1.850274418689076903e-04
2.458782882585965097e+06 9.883760983384466403e-01 1.850306494174678087e-04
2.458782888757894747e+06 9.884562188114057735e-01 1.850255067733626519e-04
2.458782894929824863e+06 9.884849760497654847e-01 1.850036502899232455e-04
2.458782901101754513e+06 9.884957471328841283e-01 1.849817938081328836e-04
2.458782907273684163e+06 9.886053279458891785e-01 1.849599373263424945e-04
2.458782913445614278e+06 9.888237919326848813e-01 1.849822208108819338e-04
2.458782919617543928e+06 9.891413288302604023e-01 1.850064542004991892e-04
2.458782925789473578e+06 9.893702726945871051e-01 1.850306875901164445e-04
2.458782931961403694e+06 9.894388835981283714e-01 1.850747297852927949e-04
2.458782938133333344e+06 9.893471615305308164e-01 1.851329853387843492e-04
2.458782944305263460e+06 9.892084897751874939e-01 1.851912408966712050e-04
2.458782950477193110e+06 9.891913188419471092e-01 1.852249340808181195e-04
2.458782956649122760e+06 9.892972258799451746e-01 1.851643995932366509e-04
2.458782962821052875e+06 9.894918697580179501e-01 1.851038651010879807e-04
2.458782968992982525e+06 9.895841361008448356e-01 1.850433306135065392e-04
2.458782975164912175e+06 9.895445380550339509e-01 1.851020789405995312e-04
2.458782981336842291e+06 9.893754160509402595e-01 1.851850321969821238e-04
2.458782987508771941e+06 9.892182212458867641e-01 1.852679854471059968e-04
2.458782993680702057e+06 9.891562233348700772e-01 1.852877008410192417e-04
2.458782999852631707e+06 9.891894223272457154e-01 1.852319286894532765e-04
2.458783006024561357e+06 9.892841335551225690e-01 1.851761565378873113e-04
2.458783012196491472e+06 9.893629273831515691e-01 1.851249010134433780e-04
2.458783018368421122e+06 9.894227340193431086e-01 1.851253142036078073e-04
2.458783024540350772e+06 9.894646360400852769e-01 1.851257273937722094e-04
2.458783030712280888e+06 9.894990038445728997e-01 1.851261405839678366e-04
2.458783036884210538e+06 9.895284274015061499e-01 1.851425465391028308e-04
2.458783043056140654e+06 9.895529051024808398e-01 1.851656468523054635e-04
2.458783049228070304e+06 9.895667986070029176e-01 1.851887471637651600e-04
2.458783055399999954e+06 9.895648398987918481e-01 1.852102489759819182e-04
2.458783061571930069e+06 9.895470289759058513e-01 1.852284974992642063e-04
2.458783067743859719e+06 9.895165520222156674e-01 1.852467460211697204e-04
2.458783073915789369e+06 9.894847033128554292e-01 1.852649945430752073e-04
2.458783080087719485e+06 9.894524758841153345e-01 1.852397160554977121e-04
2.458783086259649135e+06 9.894191713219595563e-01 1.852123390123352413e-04
2.458783092431579251e+06 9.893710901151336889e-01 1.851849619671072026e-04
2.458783098603508901e+06 9.893029292304530431e-01 1.851497258932272396e-04
2.458783104775438551e+06 9.892146886650472482e-01 1.851087646918632879e-04
2.458783110947368667e+06 9.891328528737483028e-01 1.850678034874088721e-04
2.458783117119298317e+06 9.890972889966106463e-01 1.850478046573288105e-04
2.458783123291227967e+06 9.891083949113228524e-01 1.851100643203004909e-04
2.458783129463158082e+06 9.891558933134234621e-01 1.851723239879695315e-04
2.458783135635087732e+06 9.891817577504499193e-01 1.852345836509412119e-04
2.458783141807017848e+06 9.891768990651249593e-01 1.852133756258595083e-04
2.458783147978947498e+06 9.891417912571764948e-01 1.851747828125637125e-04
2.458783154150877148e+06 9.891064843082114644e-01 1.851361899992679167e-04
2.458783160322807264e+06 9.890888968232888212e-01 1.851005093938102816e-04
2.458783166494736914e+06 9.890890288050624424e-01 1.850683572361673079e-04
2.458783172666666564e+06 9.890882833183826106e-01 1.850362050785242800e-04
2.458783178838596679e+06 9.890433737186218321e-01 1.850142101983777746e-04
2.458783185010526329e+06 9.889525339503264512e-01 1.851144876153192195e-04
2.458783191182456445e+06 9.888169327415045062e-01 1.852147650398264169e-04
2.458783197354386095e+06 9.886479668866923198e-01 1.853150424567678617e-04
2.458783203526315745e+06 9.884485205088170412e-01 1.852751939176498048e-04
2.458783209698245861e+06 9.882185998874977173e-01 1.851756449005845825e-04
2.458783215870175511e+06 9.879936426316956455e-01 1.850760958910300895e-04
2.458783222042105161e+06 9.878072401632368438e-01 1.849941499931508863e-04
2.458783228214035276e+06 9.876593924724207385e-01 1.849486351772611757e-04
2.458783234385964926e+06 9.875452463387790480e-01 1.849031203648054858e-04
2.458783240557895042e+06 9.874473740230780283e-01 1.848576055489157752e-04
2.458783246729824692e+06 9.873642137165903332e-01 1.848740259723101779e-04
2.458783252901754342e+06 9.872952910156432837e-01 1.848936844528134842e-04
2.458783259073684458e+06 9.872310612771051375e-01 1.849133429348000061e-04
2.458783265245614108e+06 9.871677832149994281e-01 1.848999291908511673e-04
2.458783271417543758e+06 9.871054568244445049e-01 1.848620562664203082e-04
2.458783277589473873e+06 9.870060383500205425e-01 1.848241833391320343e-04
2.458783283761403523e+06 9.868115057976042381e-01 1.847912001642045064e-04
2.458783289933333639e+06 9.865212432333746451e-01 1.847778502874615437e-04
2.458783296105263289e+06 9.861676116410105220e-01 1.847645004117258319e-04
2.458783302277192939e+06 9.859359917602115164e-01 1.847511505359901202e-04
2.458783308449123055e+06 9.858558610784610154e-01 1.847400819649019574e-04
2.458783314621052705e+06 9.859244302182502695e-01 1.847295008891752289e-04
2.458783320792982355e+06 9.859559557989013845e-01 1.847189198134485276e-04
2.458783326964912470e+06 9.858382452550230601e-01 1.847082413089636227e-04
2.458783333136842120e+06 9.855712986043771995e-01 1.846974429889285227e-04
2.458783339308772236e+06 9.852182383069861826e-01 1.846866446680786990e-04
2.458783345480701886e+06 9.849278405899081212e-01 1.846769093573242962e-04
2.458783351652631536e+06 9.847063491745097208e-01 1.846806706656442499e-04
2.458783357824561652e+06 9.845477648153957428e-01 1.846844319742479393e-04
2.458783363996491302e+06 9.843925288020406450e-01 1.846881932825678659e-04
2.458783370168420952e+06 9.842253690797753141e-01 1.846532409146482386e-04
2.458783376340351067e+06 9.840462876371086631e-01 1.846015026889636734e-04
2.458783382512280717e+06 9.838764578744794154e-01 1.845497644671826427e-04
2.458783388684210833e+06 9.837362434020300306e-01 1.845442035749503002e-04
2.458783394856140483e+06 9.836256442409183620e-01 1.846358338164789936e-04
2.458783401028070133e+06 9.835414191289382213e-01 1.847274640580076871e-04
2.458783407200000249e+06 9.834717769693526179e-01 1.848190943064497685e-04
2.458783413371929899e+06 9.834156409203961280e-01 1.847529793530732975e-04
2.458783419543859549e+06 9.833698256487595213e-01 1.846779704309832188e-04
2.458783425715789665e+06 9.832685721854727001e-01 1.846029615032339030e-04
2.458783431887719315e+06 9.830857794728373733e-01 1.845438229914143143e-04
2.458783438059649430e+06 9.828214474832708270e-01 1.844966000387748286e-04
2.458783444231579080e+06 9.825226837342562192e-01 1.844493770896981667e-04
2.458783450403508730e+06 9.822622780269724130e-01 1.844162160421502518e-04
2.458783456575438846e+06 9.820410504530791007e-01 1.844408455850116678e-04
2.458783462747368496e+06 9.818648702788552729e-01 1.844654751260148154e-04
2.458783468919298146e+06 9.817678529922954089e-01 1.844901046670179901e-04
2.458783475091228262e+06 9.817555050554375162e-01 1.844870164074830085e-04
2.458783481263157912e+06 9.818265793905630590e-01 1.844778538095041658e-04
2.458783487435088027e+06 9.818937292824623242e-01 1.844686912108340357e-04
2.458783493607017677e+06 9.819035106304616622e-01 1.844674254651597746e-04
2.458783499778947327e+06 9.818559234417912895e-01 1.844760172645723540e-04
2.458783505950877443e+06 9.817511994568306477e-01 1.844846090646331236e-04
2.458783512122807093e+06 9.815898917951508817e-01 1.844870851245109802e-04
2.458783518294736743e+06 9.813720243177810332e-01 1.844074544362520681e-04
2.458783524466666859e+06 9.811117346491826652e-01 1.843278237419851580e-04
2.458783530638596509e+06 9.809519372459053477e-01 1.842481930537262188e-04
2.458783536810526624e+06 9.809297626705516526e-01 1.842779621665019873e-04
2.458783542982456274e+06 9.810452060674994534e-01 1.843559997280883782e-04
2.458783549154385924e+06 9.811673885406828610e-01 1.844340372896747420e-04
2.458783555326316040e+06 9.811685871860618136e-01 1.844651257289658161e-04
2.458783561498245690e+06 9.810488020034554557e-01 1.843957097828939574e-04
2.458783567670175340e+06 9.808473121025171881e-01 1.843262938368220717e-04
2.458783573842105456e+06 9.807088774673365927e-01 1.842568778855128932e-04
2.458783580014035106e+06 9.806469688210329716e-01 1.843114271132802271e-04
2.458783586185965221e+06 9.806582686652620673e-01 1.843734780546228431e-04
2.458783592357894871e+06 9.806724780460763791e-01 1.844355289912837927e-04
2.458783598529824521e+06 9.806613422031006388e-01 1.844255716241110252e-04
2.458783604701754637e+06 9.806248611326263687e-01 1.843607305827003515e-04
2.458783610873684287e+06 9.805834434753738504e-01 1.842958895461818420e-04
2.458783617045613937e+06 9.805690378848730404e-01 1.842446441336467776e-04
2.458783623217544053e+06 9.805820256861632611e-01 1.842506077032135764e-04
2.458783629389473703e+06 9.806173596500754597e-01 1.842565712723304313e-04
2.458783635561403818e+06 9.806452696670585611e-01 1.842625348418972301e-04
2.458783641733333468e+06 9.806608786177022363e-01 1.842791349694869777e-04
2.458783647905263118e+06 9.806643873538470890e-01 1.842981246774319558e-04
2.458783654077193234e+06 9.806706148471208140e-01 1.843171143868096800e-04
2.458783660249122884e+06 9.806887462386090215e-01 1.843312433191106087e-04
2.458783666421053000e+06 9.807187815310475232e-01 1.843392132040455622e-04
2.458783672592982650e+06 9.807725307736137044e-01 1.843471830883791358e-04
2.458783678764912300e+06 9.808785353433389087e-01 1.843603060977200097e-04
2.458783684936842415e+06 9.810380610347211316e-01 1.844467906355163147e-04
2.458783691108772065e+06 9.812402251953953325e-01 1.845332751667874845e-04
2.458783697280701715e+06 9.813729945834841484e-01 1.846197596980586814e-04
2.458783703452631831e+06 9.814068779829752120e-01 1.845886239831610821e-04
2.458783709624561481e+06 9.813418759755101473e-01 1.845046867478412325e-04
2.458783715796491597e+06 9.812769499056143152e-01 1.844207495061885038e-04
2.458783721968421247e+06 9.813101013457304900e-01 1.843630056523613608e-04
2.458783728140350897e+06 9.814413302872604383e-01 1.843622985434517679e-04
2.458783734312281013e+06 9.816506134933616901e-01 1.843615914344888594e-04
2.458783740484210663e+06 9.818631890123574735e-01 1.843608843255793207e-04
2.458783746656140313e+06 9.820719693685856511e-01 1.845020415643574955e-04
2.458783752828070428e+06 9.822764968175144995e-01 1.846523746337515315e-04
2.458783759000000078e+06 9.824668108964376145e-01 1.848027076918031593e-04
2.458783765171930194e+06 9.826388578587806899e-01 1.848485823567640651e-04
2.458783771343859844e+06 9.827926376785823814e-01 1.848136358417392397e-04
2.458783777515789494e+06 9.829522046301061300e-01 1.847786893267144685e-04
2.458783783687719610e+06 9.831557070286655042e-01 1.847541956617071868e-04
2.458783789859649260e+06 9.834036263123916433e-01 1.847747529363914743e-04
2.458783796031578910e+06 9.836770935338110533e-01 1.847953102110757348e-04
2.458783802203509025e+06 9.838631644960427192e-01 1.848158674873110277e-04
2.458783808375438675e+06 9.839430599918196352e-01 1.848045519210161610e-04
2.458783814547368791e+06 9.839184607499298352e-01 1.847858987273497296e-04
2.458783820719298441e+06 9.839202015640452492e-01 1.847672455350905926e-04
2.458783826891228091e+06 9.840304344941636083e-01 1.847915877369408892e-04
2.458783833063158207e+06 9.842491595608801047e-01 1.848712312085055466e-04
2.458783839235087857e+06 9.845507324968770790e-01 1.849508746740612575e-04
2.458783845407017507e+06 9.848723979858428068e-01 1.850262897969952389e-04
2.458783851578947622e+06 9.852112967697157497e-01 1.850376716954827197e-04
2.458783857750877272e+06 9.855609018606765748e-01 1.850490535931114853e-04
2.458783863922807388e+06 9.858527743272536004e-01 1.850604354915989932e-04
2.458783870094737038e+06 9.860686614754925472e-01 1.850594421640675989e-04
2.458783876266666688e+06 9.862085633302811738e-01 1.850527970441945096e-04
2.458783882438596804e+06 9.863436084419728855e-01 1.850461519238200852e-04
2.458783888610526454e+06 9.865452811039800984e-01 1.850554580386143031e-04
2.458783894782456104e+06 9.868135814351306490e-01 1.851000996121484178e-04
2.458783900954386219e+06 9.871345145375752805e-01 1.851447411890506337e-04
2.458783907126315869e+06 9.874551397907918027e-01 1.851893827625847484e-04
2.458783913298245985e+06 9.877703450952468600e-01 1.852600596290941411e-04
2.458783919470175635e+06 9.880782916420175477e-01 1.853325297729407060e-04
2.458783925642105285e+06 9.883378801672668690e-01 1.854049999167872709e-04
2.458783931814035401e+06 9.885321730052141209e-01 1.854369655356120526e-04
2.458783937985965051e+06 9.886611701265409780e-01 1.854371188845287881e-04
2.458783944157894701e+06 9.887890677550820184e-01 1.854372722334454964e-04
2.458783950329824816e+06 9.890190052815008848e-01 1.854453188752092617e-04
2.458783956501754466e+06 9.893523568095216048e-01 1.854882224953128200e-04
2.458783962673684582e+06 9.897663490537597086e-01 1.855311261186534265e-04
2.458783968845614232e+06 9.901226372037399415e-01 1.855740297387570390e-04
2.458783975017543882e+06 9.903978773559725113e-01 1.855893069282611284e-04
2.458783981189473998e+06 9.905927153522502415e-01 1.855980691156359380e-04
2.458783987361403648e+06 9.907602832614621491e-01 1.856068313023496552e-04
2.458783993533333298e+06 9.909343792492000258e-01 1.856291780942786714e-04
2.458783999705263413e+06 9.911150033293377737e-01 1.856692618011526838e-04
2.458784005877193063e+06 9.913085661528432402e-01 1.857093455050024770e-04
2.458784012049123179e+06 9.915309533560673350e-01 1.857507381645379194e-04
2.458784018221052829e+06 9.917829082087308290e-01 1.858132917434833801e-04
2.458784024392982479e+06 9.920611313092122518e-01 1.858758453224288408e-04
2.458784030564912595e+06 9.923303790501261101e-01 1.859383989060938878e-04
2.458784036736842245e+06 9.925811285441481502e-01 1.859404676226422400e-04
2.458784042908771895e+06 9.928133798122907860e-01 1.859144366440289807e-04
2.458784049080702011e+06 9.930511298904262096e-01 1.858884056634517164e-04
2.458784055252631661e+06 9.933188527149032776e-01 1.858924285194429947e-04
2.458784061424561776e+06 9.936165489171386866e-01 1.859641872984978616e-04
2.458784067596491426e+06 9.939290305128597458e-01 1.860359460721386837e-04
2.458784073768421076e+06 9.941980867222000029e-01 1.861077048457795058e-04
2.458784079940351192e+06 9.944179928267281587e-01 1.861407453272594949e-04
2.458784086112280842e+06 9.945905188334963620e-01 1.861709550645286441e-04
2.458784092284210492e+06 9.947563216005343989e-01 1.862011648017977662e-04
2.458784098456140608e+06 9.949323676043901887e-01 1.862546539568536307e-04
2.458784104628070258e+06 9.951186568184990922e-01 1.863267023895593885e-04
2.458784110800000373e+06 9.953278917415094851e-01 1.863987508277010379e-04
2.458784116971930023e+06 9.955807462615493542e-01 1.864605740866147809e-04
2.458784123143859673e+06 9.958775106911744723e-01 1.864761134435090979e-04
2.458784129315789789e+06 9.962050671711156768e-01 1.864916528015758441e-04
2.458784135487719439e+06 9.964825334935620837e-01 1.865071921584701611e-04
2.458784141659649089e+06 9.966960602339709485e-01 1.864982264338653668e-04
2.458784147831579205e+06 9.968462123394318253e-01 1.864833430687689870e-04
2.458784154003508855e+06 9.969821966192425888e-01 1.864684597047955425e-04
2.458784160175438970e+06 9.971357245438162709e-01 1.864584232129182380e-04
2.458784166347368620e+06 9.973067960899864026e-01 1.864548109939910526e-04
2.458784172519298270e+06 9.974880696742333130e-01 1.864511987750638671e-04
2.458784178691228386e+06 9.976611235705991065e-01 1.864490282839997523e-04
2.458784184863158036e+06 9.978250728691171467e-01 1.864718389353618917e-04
2.458784191035087686e+06 9.979793199387411162e-01 1.864946495867240311e-04
2.458784197207017802e+06 9.981173604163429136e-01 1.865174602398071788e-04
2.458784203378947452e+06 9.982374137773890599e-01 1.865761325241524157e-04
2.458784209550877567e+06 9.983394800399949531e-01 1.866517505845692419e-04
2.458784215722807217e+06 9.984392790700251652e-01 1.867273686392808337e-04
2.458784221894736867e+06 9.985530792059643668e-01 1.867936650329413259e-04
2.458784228066666983e+06 9.986808816487183771e-01 1.868385834888489690e-04
2.458784234238596633e+06 9.988154458466912411e-01 1.868835019413675859e-04
2.458784240410526283e+06 9.989286543376075800e-01 1.869284203938862028e-04
2.458784246582456399e+06 9.990176913372044165e-01 1.868668878078519975e-04
2.458784252754386049e+06 9.990826715383341883e-01 1.867971183104364199e-04
2.458784258926316164e+06 9.991263036351066829e-01 1.867273488077568510e-04
2.458784265098245814e+06 9.991497322231644995e-01 1.866795506731928965e-04
2.458784271270175464e+06 9.991529573065618397e-01 1.866495326234158527e-04
2.458784277442105580e+06 9.991651820014478824e-01 1.866195145713740462e-04
2.458784283614035230e+06 9.992345536287781105e-01 1.866072427236816053e-04
2.458784289785964880e+06 9.993617836544016475e-01 1.866773402173912890e-04
2.458784295957894996e+06 9.995321536327503864e-01 1.867474377163896838e-04
2.458784302129824646e+06 9.996535470255411004e-01 1.868175352100993674e-04
2.458784308301754761e+06 9.997099588386986202e-01 1.868397931425959033e-04
2.458784314473684411e+06 9.997021526339163744e-01 1.868502251283918282e-04
2.458784320645614062e+06 9.997006765684467444e-01 1.868606571141877802e-04
2.458784326817544177e+06 9.997515929109996868e-01 1.868574577965132801e-04
2.458784332989473827e+06 9.998549016538915701e-01 1.868359165338877076e-04
2.458784339161403477e+06 9.999711331324409036e-01 1.868143752712621351e-04
2.458784345333333593e+06 1.000000000000000000e+00 1.867949780831195425e-04
2.458784351505263243e+06 9.999365587103558051e-01 1.868155822134972004e-04
2.458784357677193359e+06 9.997894047712713173e-01 1.868361863454294416e-04
2.458784363849123009e+06 9.996538672456939389e-01 1.868567904758071266e-04
2.458784370021052659e+06 9.995563824880966397e-01 1.868525656905233609e-04
2.458784376192982774e+06 9.994969504954308581e-01 1.868364086774121542e-04
2.458784382364912424e+06 9.994764292934510408e-01 1.868202516655199702e-04
2.458784388536842074e+06 9.994957198322815817e-01 1.868073898349530712e-04
2.458784394708772190e+06 9.995548222513550574e-01 1.868022185684313301e-04
2.458784400880701840e+06 9.996274350695403266e-01 1.867970473022997392e-04
2.458784407052631956e+06 9.996100673986926255e-01 1.867918760357779710e-04
2.458784413224561606e+06 9.994921672147967229e-01 1.867544876648769535e-04
2.458784419396491256e+06 9.992790738430092912e-01 1.867144678581996256e-04
2.458784425568421371e+06 9.991004642186727125e-01 1.866744480485028760e-04
2.458784431740351021e+06 9.990118262664070548e-01 1.866600135129646511e-04
2.458784437912280671e+06 9.990131599693424791e-01 1.866665947371601189e-04
2.458784444084210787e+06 9.990438083843392603e-01 1.866731759618521513e-04
2.458784450256140437e+06 9.990024689040973849e-01 1.866828483687688707e-04
2.458784456428070553e+06 9.988875684663113264e-01 1.867072393672067332e-04
2.458784462600000203e+06 9.987070681980255715e-01 1.867316303638043523e-04
