2.458961000000000000e+06 9.812660826784629364e-01 1.982336097905304593e-04
2.458961006171929650e+06 9.813393401733850885e-01 1.981987825159659672e-04
2.458961012343859766e+06 9.813923278621655699e-01 1.981867353290251441e-04
2.458961018515789416e+06 9.814250457368088876e-01 1.982073898017400345e-04
2.458961024687719531e+06 9.814629382371145017e-01 1.982280442760132758e-04
2.458961030859649181e+06 9.815742187179512523e-01 1.982479749486402401e-04
2.458961037031578831e+06 9.817626285450086199e-01 1.982479877246027655e-04
2.458961043203508947e+06 9.820158428568522835e-01 1.982480005005662124e-04
2.458961049375438597e+06 9.821853573077040656e-01 1.982480132765287377e-04
2.458961055547368247e+06 9.822276422289356601e-01 1.982600559912736182e-04
2.458961061719298363e+06 9.821426976093386996e-01 1.982783085840069271e-04
2.458961067891228013e+06 9.820756595653166166e-01 1.982965611753630824e-04
2.458961074063158128e+06 9.821886442305137743e-01 1.983059865040844960e-04
2.458961080235087778e+06 9.824817739644011727e-01 1.982931594380171172e-04
2.458961086407017428e+06 9.829029589428407432e-01 1.982803323719497385e-04
2.458961092578947544e+06 9.832351417286209205e-01 1.982675053049145738e-04
2.458961098750877194e+06 9.834544393680216823e-01 1.983114013596671329e-04
2.458961104922806844e+06 9.835646742982916413e-01 1.983610104198527590e-04
2.458961111094736960e+06 9.836712835573738767e-01 1.984106194837812680e-04
2.458961117266666610e+06 9.838219051625235467e-01 1.983876983392162167e-04
2.458961123438596725e+06 9.840165391364685821e-01 1.983012221050216414e-04
2.458961129610526375e+06 9.842453438029793444e-01 1.982147458773515509e-04
2.458961135782456025e+06 9.844909382286453070e-01 1.981556666206209163e-04
2.458961141954386141e+06 9.847529923750699687e-01 1.982431904818167541e-04
2.458961148126315791e+06 9.850349911377500600e-01 1.983307143364090419e-04
2.458961154298245441e+06 9.853606006151576224e-01 1.984182381910013296e-04
2.458961160470175557e+06 9.857342632884786848e-01 1.984628253481033092e-04
2.458961166642105207e+06 9.861549974918263350e-01 1.984954381195351471e-04
2.458961172814035323e+06 9.864932282718797962e-01 1.985280508934276090e-04
2.458961178985964973e+06 9.866581308374289261e-01 1.985390655654430396e-04
2.458961185157894623e+06 9.866497052205315255e-01 1.985185345955346010e-04
2.458961191329824738e+06 9.865604601080628644e-01 1.984980036240771356e-04
2.458961197501754388e+06 9.866419527829628500e-01 1.984812938905676158e-04
2.458961203673684038e+06 9.869083624023150536e-01 1.985844810718331887e-04
2.458961209845614154e+06 9.873429498356391942e-01 1.986876682608840921e-04
2.458961216017543804e+06 9.877394479365017022e-01 1.987908554421496650e-04
2.458961222189473920e+06 9.880365097933683227e-01 1.988361858350636241e-04
2.458961228361403570e+06 9.882341353614139123e-01 1.988510911229859175e-04
2.458961234533333220e+06 9.883871353016490113e-01 1.988659964109082108e-04
2.458961240705263335e+06 9.885577223270579639e-01 1.988788292485887304e-04
2.458961246877192985e+06 9.887459578560754414e-01 1.988863287377404861e-04
2.458961253049122635e+06 9.889584032854843443e-01 1.988938282268922419e-04
2.458961259221052751e+06 9.892228166103624876e-01 1.989013277166098428e-04
2.458961265392982401e+06 9.895423122554374284e-01 1.989390743897420882e-04
2.458961271564912517e+06 9.899142577235826579e-01 1.989800213471656486e-04
2.458961277736842167e+06 9.902634711939144463e-01 1.990209683014998020e-04
2.458961283908771817e+06 9.905554985384528166e-01 1.990905309289740907e-04
2.458961290080701932e+06 9.907903397727589878e-01 1.991855926017362349e-04
2.458961296252631582e+06 9.909961602397633351e-01 1.992806542673261649e-04
2.458961302424561232e+06 9.912234257843430818e-01 1.993554483357934490e-04
2.458961308596491348e+06 9.914731426360811062e-01 1.993182788052261982e-04
2.458961314768420998e+06 9.917470157967178679e-01 1.992811092774632634e-04
2.458961320940351114e+06 9.920568287878563929e-01 1.992439397468959855e-04
2.458961327112280764e+06 9.924048293047890157e-01 1.992802077290061185e-04
2.458961333284210414e+06 9.927906251116823677e-01 1.993374610666830756e-04
2.458961339456140529e+06 9.931578452864764373e-01 1.993947144086797110e-04
2.458961345628070179e+06 9.934663776698978710e-01 1.994151015839940792e-04
2.458961351799999829e+06 9.937162222918672905e-01 1.993807001817761979e-04
2.458961357971929945e+06 9.939118787714523728e-01 1.993462987769628180e-04
2.458961364143859595e+06 9.940657583100086514e-01 1.993130961007902834e-04
2.458961370315789711e+06 9.941785795879193310e-01 1.993235809062681861e-04
2.458961376487719361e+06 9.942584468548212318e-01 1.993340657109550279e-04
2.458961382659649011e+06 9.944075155986694670e-01 1.993445505156418967e-04
2.458961388831579126e+06 9.946566129093131758e-01 1.993791396581076863e-04
2.458961395003508776e+06 9.950057387491643146e-01 1.994266406771423041e-04
2.458961401175438426e+06 9.953720721710273001e-01 1.994741416961768948e-04
2.458961407347368542e+06 9.956600949980920490e-01 1.995142551021376030e-04
2.458961413519298192e+06 9.958696878011706888e-01 1.995349564154212706e-04
2.458961419691228308e+06 9.960143453010995573e-01 1.995556577302668398e-04
2.458961425863157958e+06 9.961520305824040911e-01 1.995763590435505074e-04
2.458961432035087608e+06 9.962893744433768406e-01 1.995921766396168155e-04
2.458961438207017723e+06 9.964267245354502256e-01 1.996074524301971222e-04
2.458961444378947373e+06 9.965743669987933151e-01 1.996227282196248677e-04
2.458961450550877023e+06 9.967370832755478860e-01 1.996373985535934887e-04
2.458961456722807139e+06 9.969148733796969752e-01 1.996515202484080639e-04
2.458961462894736789e+06 9.971162924399911143e-01 1.996656419421571395e-04
2.458961469066666905e+06 9.973568922039124374e-01 1.996886685279560328e-04
2.458961475238596555e+06 9.976369977875665374e-01 1.997625178317265573e-04
2.458961481410526205e+06 9.979384356847080806e-01 1.998363671354971090e-04
2.458961487582456321e+06 9.981333738311611858e-01 1.999102164448394298e-04
2.458961493754385971e+06 9.981970345207580309e-01 1.999465034466217119e-04
2.458961499926315621e+06 9.981303716994530673e-01 1.999717955875070750e-04
2.458961506098245736e+06 9.980832708126604613e-01 1.999970877303007153e-04
2.458961512270175386e+06 9.981640107043274757e-01 1.999900823946737538e-04
2.458961518442105502e+06 9.983725913866374757e-01 1.999342344146801858e-04
2.458961524614035152e+06 9.986589991195333749e-01 1.998783864389002340e-04
2.458961530785964802e+06 9.988832995457741504e-01 1.998262062984670049e-04
2.458961536957894918e+06 9.990371717995574219e-01 1.999332092224656717e-04
2.458961543129824568e+06 9.991259731558662649e-01 2.000402121383912065e-04
2.458961549301754218e+06 9.992188009802758231e-01 2.001472150543167142e-04
2.458961555473684333e+06 9.993368111513640795e-01 2.001781979516672311e-04
2.458961561645613983e+06 9.994800036513235009e-01 2.001677046308462753e-04
2.458961567817544099e+06 9.995949436518126729e-01 2.001572113092336350e-04
2.458961573989473749e+06 9.996190171383226852e-01 2.001499898202627789e-04
2.458961580161403399e+06 9.995521276329997207e-01 2.001515484872005111e-04
2.458961586333333515e+06 9.994313646345471813e-01 2.001531071542558794e-04
2.458961592505263165e+06 9.994184853254642897e-01 2.001546658211936388e-04
2.458961598677192815e+06 9.995323535801747816e-01 2.001507339056348453e-04
2.458961604849122930e+06 9.997666551773386479e-01 2.001461643706955529e-04
2.458961611021052580e+06 9.999276825993241857e-01 2.001415948361010640e-04
2.458961617192982696e+06 9.999241015322462012e-01 2.001764915203513458e-04
2.458961623364912346e+06 9.997559119766448177e-01 2.002477558153059807e-04
2.458961629536841996e+06 9.995389317158430709e-01 2.003190201102606155e-04
2.458961635708772112e+06 9.994867537472608143e-01 2.003719680150036007e-04
2.458961641880701762e+06 9.996040552759977160e-01 2.003168312379761268e-04
2.458961648052631412e+06 9.998566735015405049e-01 2.002616944609486528e-04
2.458961654224561527e+06 1.000000000000000000e+00 2.002065576797612306e-04
2.458961660396491177e+06 9.999858608041373165e-01 2.001926692382405054e-04
2.458961666568421293e+06 9.998151289907917239e-01 2.001911446404444595e-04
2.458961672740350943e+06 9.996385019079933043e-01 2.001896200427634746e-04
2.458961678912280593e+06 9.995665097091243068e-01 2.002151287239313418e-04
2.458961685084210709e+06 9.995991524005944928e-01 2.002822408360277202e-04
2.458961691256140359e+06 9.996980229642962179e-01 2.003493529430606034e-04
2.458961697428070009e+06 9.997541153966940097e-01 2.004153567827592455e-04
2.458961703600000124e+06 9.997607756999946638e-01 2.004220300918083174e-04
2.458961709771929774e+06 9.997187329541261658e-01 2.004287034003539400e-04
2.458961715943859890e+06 9.996376116465710560e-01 2.004353767094030120e-04
2.458961722115789540e+06 9.995204015618999183e-01 2.003917535629965753e-04
2.458961728287719190e+06 9.993671026953535597e-01 2.003201826482441106e-04
2.458961734459649306e+06 9.992112007739816226e-01 2.002486117280917227e-04
2.458961740631578956e+06 9.990925595614469357e-01 2.001985489188976778e-04
2.458961746803508606e+06 9.990112532147782387e-01 2.002074452440742378e-04
2.458961752975438721e+06 9.989549504766405130e-01 2.002163415699220815e-04
2.458961759147368371e+06 9.988690415146498358e-01 2.002252378950986956e-04
2.458961765319298487e+06 9.987470350298278676e-01 2.001762075203380336e-04
2.458961771491228137e+06 9.985885581528086696e-01 2.001201466194250716e-04
2.458961777663157787e+06 9.983817412205976405e-01 2.000640857185121367e-04
2.458961783835087903e+06 9.981209072370502700e-01 2.000346926295856330e-04
2.458961790007017553e+06 9.978060562415259627e-01 2.000302891830459660e-04
2.458961796178947203e+06 9.974978667520283393e-01 2.000258857365062447e-04
2.458961802350877319e+06 9.973098665043039768e-01 2.000174455635326631e-04
2.458961808522806969e+06 9.972446562323590280e-01 1.999843558346996522e-04
2.458961814694737084e+06 9.972835759123130916e-01 1.999512661033701303e-04
2.458961820866666734e+06 9.972906051056849019e-01 1.999181763745371194e-04
2.458961827038596384e+06 9.972385269755597026e-01 1.998860740331278576e-04
2.458961833210526500e+06 9.971273629711003839e-01 1.998542746735605766e-04
2.458961839382456150e+06 9.969612034217288921e-01 1.998224753163924995e-04
2.458961845554386266e+06 9.967430944552782002e-01 1.997948412524590159e-04
2.458961851726315916e+06 9.964730361046597595e-01 1.997737311131850615e-04
2.458961857898245566e+06 9.961806764553922111e-01 1.997526209739110530e-04
2.458961864070175681e+06 9.959513749051761566e-01 1.997318623034051693e-04
2.458961870242105331e+06 9.957904786793823071e-01 1.997355928827052897e-04
2.458961876414034981e+06 9.956924516288395699e-01 1.997393234620053830e-04
2.458961882585965097e+06 9.955824737880017983e-01 1.997430540415869623e-04
2.458961888757894747e+06 9.954369642350039404e-01 1.997308309623402919e-04
2.458961894929824863e+06 9.952559229478891156e-01 1.997095802864132491e-04
2.458961901101754513e+06 9.950608208539445387e-01 1.996883296120894973e-04
2.458961907273684163e+06 9.948776242828859528e-01 1.996696795200814546e-04
2.458961913445614278e+06 9.947063905579535126e-01 1.996583131768386746e-04
2.458961919617543928e+06 9.945465279302003747e-01 1.996469468344534443e-04
2.458961925789473578e+06 9.943953750490692745e-01 1.996355804920682141e-04
2.458961931961403694e+06 9.942526095067739655e-01 1.996270717416971825e-04
2.458961938133333344e+06 9.941165233923786593e-01 1.996189249402798157e-04
2.458961944305263460e+06 9.939306603949928931e-01 1.996107781382477876e-04
2.458961950477193110e+06 9.936676306035285844e-01 1.995658414310254867e-04
2.458961956649122760e+06 9.933274340068731778e-01 1.994858469104694395e-04
2.458961962821052875e+06 9.929265029310490043e-01 1.994058523838779370e-04
2.458961968992982525e+06 9.924960274920687775e-01 1.993369277885866434e-04
2.458961975164912175e+06 9.920367543174194447e-01 1.993380137448412244e-04
2.458961981336842291e+06 9.915711387767354168e-01 1.993390997011776898e-04
2.458961987508771941e+06 9.912658464113983658e-01 1.993401856574322708e-04
2.458961993680702057e+06 9.911547573481801487e-01 1.993416572761875388e-04
2.458961999852631707e+06 9.912370634872041952e-01 1.993432500119919496e-04
2.458962006024561357e+06 9.913416793420442019e-01 1.993448427477963875e-04
2.458962012196491472e+06 9.913392277853834145e-01 1.993275057910209207e-04
2.458962018368421122e+06 9.912297088175917592e-01 1.992799920119565080e-04
2.458962024540350772e+06 9.910405741235692734e-01 1.992324782328920682e-04
2.458962030712280888e+06 9.908520005117060769e-01 1.991853377351351310e-04
2.458962036884210538e+06 9.906691405846007603e-01 1.991753086101736062e-04
2.458962043056140654e+06 9.904942464889210374e-01 1.991652794844554167e-04
2.458962049228070304e+06 9.903584890991231626e-01 1.991552503594938919e-04
2.458962055399999954e+06 9.902718354989150651e-01 1.991002573007554508e-04
2.458962061571930069e+06 9.902342856873164179e-01 1.990193556866286283e-04
2.458962067743859719e+06 9.901566456064905264e-01 1.989384540786057014e-04
2.458962073915789369e+06 9.899293403432594118e-01 1.988690273184696804e-04
2.458962080087719485e+06 9.895520868276185267e-01 1.988324454976655282e-04
2.458962086259649135e+06 9.890698039007160824e-01 1.987958636796214294e-04
2.458962092431579251e+06 9.886876457145039598e-01 1.987592818588173043e-04
2.458962098603508901e+06 9.884309370521079385e-01 1.987105110501031417e-04
2.458962104775438551e+06 9.882979462357115441e-01 1.986601312005732451e-04
2.458962110947368667e+06 9.882291832428240497e-01 1.986097513472422440e-04
2.458962117119298317e+06 9.881953707164347067e-01 1.985802793601179237e-04
2.458962123291227967e+06 9.881965086500368312e-01 1.985710678967115617e-04
2.458962129463158082e+06 9.881959466543803750e-01 1.985618564326101991e-04
2.458962135635087732e+06 9.881231116833325556e-01 1.985534694881534537e-04
2.458962141807017848e+06 9.879762400964672286e-01 1.985504884318099728e-04
2.458962147978947498e+06 9.877639825321975486e-01 1.985475073756914097e-04
2.458962154150877148e+06 9.875517218933411723e-01 1.985445263195728194e-04
2.458962160322807264e+06 9.873529603809291233e-01 1.985307771999157104e-04
2.458962166494736914e+06 9.871676812073723051e-01 1.985135679891930204e-04
2.458962172666666564e+06 9.869919038040371184e-01 1.984963587784703575e-04
2.458962178838596679e+06 9.868225713562972512e-01 1.985082005982214282e-04
2.458962185010526329e+06 9.866596838897045973e-01 1.985671829215347967e-04
2.458962191182456445e+06 9.865146225880415676e-01 1.986261652492982729e-04
2.458962197354386095e+06 9.864211088073164824e-01 1.986847168552468180e-04
2.458962203526315745e+06 9.863813650491005669e-01 1.986689896555985898e-04
2.458962209698245861e+06 9.863881455493525019e-01 1.986532624547638108e-04
2.458962215870175511e+06 9.863387204921391094e-01 1.986375352551156097e-04
2.458962222042105161e+06 9.861997636109179899e-01 1.985491877129084352e-04
2.458962228214035276e+06 9.859712748850723019e-01 1.984182341751721023e-04
2.458962234385964926e+06 9.857417690146378364e-01 1.982872806473159682e-04
2.458962240557895042e+06 9.856216992371246155e-01 1.982061691525151346e-04
2.458962246729824692e+06 9.856113952785956478e-01 1.982708921366075467e-04
2.458962252901754342e+06 9.856786507761753358e-01 1.983356151206999859e-04
2.458962259073684458e+06 9.856740718083345509e-01 1.984003381096756716e-04
2.458962265245614108e+06 9.855788689874226405e-01 1.983470410178687113e-04
2.458962271417543758e+06 9.853971875828867466e-01 1.982775270540502641e-04
2.458962277589473873e+06 9.852771637632344870e-01 1.982080130849870703e-04
2.458962283761403523e+06 9.852927526306132222e-01 1.981830453393929352e-04
2.458962289933333639e+06 9.854439541873756259e-01 1.982019750454816194e-04
2.458962296105263289e+06 9.856170740718713796e-01 1.982209047501421113e-04
2.458962302277192939e+06 9.855900173585775415e-01 1.982485200891935713e-04
2.458962308449123055e+06 9.853569958547269136e-01 1.983352304931692602e-04
2.458962314621052705e+06 9.849615604503934030e-01 1.984219408906028189e-04
2.458962320792982355e+06 9.847389602538378917e-01 1.985086512880363777e-04
2.458962326964912470e+06 9.847595226448574435e-01 1.984343867003390859e-04
2.458962333136842120e+06 9.850223596339571230e-01 1.983072106018822305e-04
2.458962339308772236e+06 9.852907583433437866e-01 1.981800344938301317e-04
2.458962345480701886e+06 9.853801081579360854e-01 1.980966259381981734e-04
2.458962351652631536e+06 9.852904091047386403e-01 1.980855151174208575e-04
2.458962357824561652e+06 9.851041361356712711e-01 1.980744042958052095e-04
2.458962363996491302e+06 9.850691952178272093e-01 1.980633428934386634e-04
2.458962370168420952e+06 9.852023380259246066e-01 1.980837162799510358e-04
2.458962376340351067e+06 9.854886022199546014e-01 1.981040896680005359e-04
2.458962382512280717e+06 9.857106115997408269e-01 1.981244630545129083e-04
2.458962388684210833e+06 9.857968233462759411e-01 1.981142002027603698e-04
2.458962394856140483e+06 9.857472374465507947e-01 1.980856374309618263e-04
2.458962401028070133e+06 9.856617314528277607e-01 1.980570746591633099e-04
2.458962407200000249e+06 9.856668935898212913e-01 1.980394740631521294e-04
2.458962413371929899e+06 9.857631559872955807e-01 1.980546689296762159e-04
2.458962419543859549e+06 9.859272567159651501e-01 1.980698637962003295e-04
2.458962425715789665e+06 9.860495966749429630e-01 1.980850586638708514e-04
2.458962431887719315e+06 9.861161332849580630e-01 1.980913923868769084e-04
2.458962438059649430e+06 9.861282076851439760e-01 1.980964601817546361e-04
2.458962444231579080e+06 9.861357198053204431e-01 1.981015279762500200e-04
2.458962450403508730e+06 9.861639414563223571e-01 1.980890176496739115e-04
2.458962456575438846e+06 9.862128726426224734e-01 1.980588919513839071e-04
2.458962462747368496e+06 9.862860683754381963e-01 1.980287662553667971e-04
2.458962468919298146e+06 9.863905735948518272e-01 1.980036661503211109e-04
2.458962475091228262e+06 9.865265796073281468e-01 1.980140870697041672e-04
2.458962481263157912e+06 9.866852188445003335e-01 1.980245079883009602e-04
2.458962487435088027e+06 9.867969582664263273e-01 1.980349289076840165e-04
2.458962493607017677e+06 9.868469815484450791e-01 1.981212577258236970e-04
2.458962499778947327e+06 9.868354389345851407e-01 1.982331026702416365e-04
2.458962505950877443e+06 9.868078132492076326e-01 1.983449476230980842e-04
2.458962512122807093e+06 9.868001312483926091e-01 1.983737160758167314e-04
2.458962518294736743e+06 9.868123929293032282e-01 1.982627739678356695e-04
2.458962524466666859e+06 9.868433253688118079e-01 1.981518318514842144e-04
2.458962530638596509e+06 9.868890468024529294e-01 1.980408897435031253e-04
2.458962536810526624e+06 9.869492883909092296e-01 1.981473069879430943e-04
2.458962542982456274e+06 9.870242507821254119e-01 1.982542970681245784e-04
2.458962549154385924e+06 9.871169221422995133e-01 1.983612871483061166e-04
2.458962555326316040e+06 9.872283002209156777e-01 1.983934542210288139e-04
2.458962561498245690e+06 9.873583850011673491e-01 1.983801203861539617e-04
2.458962567670175340e+06 9.874839819729938073e-01 1.983667865512790825e-04
2.458962573842105456e+06 9.875752340051445755e-01 1.983533971185339015e-04
2.458962580014035106e+06 9.876320255804681425e-01 1.983398375751798531e-04
2.458962586185965221e+06 9.876695768588940050e-01 1.983262780308027787e-04
2.458962592357894871e+06 9.877607298181722006e-01 1.983127184874487303e-04
2.458962598529824521e+06 9.879149910762395903e-01 1.983350230553329835e-04
2.458962604701754637e+06 9.881292004983830424e-01 1.983626489229234487e-04
2.458962610873684287e+06 9.882808186852927168e-01 1.983902747884296438e-04
2.458962617045613937e+06 9.883068873928599896e-01 1.984142559772290252e-04
2.458962623217544053e+06 9.882074066088426534e-01 1.984345228962768330e-04
2.458962629389473703e+06 9.880759363104091308e-01 1.984547898137955363e-04
2.458962635561403818e+06 9.881005627811774161e-01 1.984777462516852198e-04
2.458962641733333468e+06 9.882866024020549034e-01 1.985204732907523098e-04
2.458962647905263118e+06 9.886076324078201250e-01 1.985632003298194270e-04
2.458962654077193234e+06 9.888525726449249875e-01 1.986059273721102025e-04
2.458962660249122884e+06 9.889757390063524944e-01 1.986255147823315522e-04
2.458962666421053000e+06 9.889773953615966784e-01 1.986371494159942959e-04
2.458962672592982650e+06 9.889491353129918894e-01 1.986487840487792425e-04
2.458962678764912300e+06 9.889646506389925262e-01 1.986584826895437111e-04
2.458962684936842415e+06 9.890239413457234674e-01 1.986648664067730747e-04
2.458962691108772065e+06 9.891130359775727188e-01 1.986712501235208086e-04
2.458962697280701715e+06 9.891887089964526147e-01 1.986776338402685424e-04
2.458962703452631831e+06 9.892478928369254909e-01 1.987072548009007631e-04
2.458962709624561481e+06 9.892882038122977617e-01 1.987370355422062409e-04
2.458962715796491597e+06 9.892732438873870215e-01 1.987668162857586193e-04
2.458962721968421247e+06 9.891906835617171323e-01 1.988268143340571467e-04
2.458962728140350897e+06 9.890405228367097346e-01 1.989055184478516058e-04
2.458962734312281013e+06 9.889084448911756864e-01 1.989842225675841317e-04
2.458962740484210663e+06 9.889064635928933589e-01 1.990268751038709746e-04
2.458962746656140313e+06 9.890350661037878854e-01 1.989566797746854590e-04
2.458962752828070428e+06 9.892599236624863845e-01 1.988864844402038056e-04
2.458962759000000078e+06 9.894141366120119407e-01 1.988162891110182900e-04
2.458962765171930194e+06 9.894755203757917839e-01 1.988111909423721205e-04
2.458962771343859844e+06 9.894464784550203174e-01 1.988161139418587577e-04
2.458962777515789494e+06 9.894242382605008546e-01 1.988210369413453949e-04
2.458962783687719610e+06 9.894594776246838919e-01 1.988254392091338464e-04
2.458962789859649260e+06 9.895521965422515720e-01 1.988293018047518205e-04
2.458962796031578910e+06 9.896618822989700082e-01 1.988331644003698217e-04
2.458962802203509025e+06 9.897059144273502307e-01 1.988368621554467035e-04
2.458962808375438675e+06 9.896818640343670870e-01 1.988392981032351288e-04
2.458962814547368791e+06 9.896001795676336865e-01 1.988417340512073535e-04
2.458962820719298441e+06 9.895459099235330847e-01 1.988441699989957788e-04
2.458962826891228091e+06 9.895377503719103851e-01 1.988318444121002818e-04
2.458962833063158207e+06 9.895756177474321902e-01 1.988143328424536694e-04
2.458962839235087857e+06 9.896260376158028116e-01 1.987968212741282657e-04
2.458962845407017507e+06 9.896616523961684342e-01 1.988017164149269986e-04
2.458962851578947622e+06 9.896824620895404712e-01 1.988456784610023969e-04
2.458962857750877272e+06 9.896781876378610843e-01 1.988896405037609498e-04
2.458962863922807388e+06 9.896165634540043943e-01 1.989336025498363481e-04
2.458962870094737038e+06 9.894952439609576711e-01 1.989029212185203449e-04
2.458962876266666688e+06 9.893205293829228086e-01 1.988714072093744427e-04
2.458962882438596804e+06 9.891910963920257371e-01 1.988398931978508581e-04
2.458962888610526454e+06 9.891408553527172298e-01 1.988241504596940804e-04
2.458962894782456104e+06 9.891698062522444879e-01 1.988183459200311648e-04
2.458962900954386219e+06 9.892350074560027906e-01 1.988125413799302587e-04
2.458962907126315869e+06 9.892794497490663419e-01 1.988151910054013281e-04
2.458962913298245985e+06 9.893028563307177947e-01 1.988449206411596300e-04
2.458962919470175635e+06 9.892976798776585978e-01 1.988746502746748803e-04
2.458962925642105285e+06 9.892266420104713909e-01 1.989043799081901306e-04
2.458962931814035401e+06 9.890846966458968215e-01 1.988775879144325507e-04
2.458962937985965051e+06 9.888743009039780985e-01 1.988417769291539623e-04
2.458962944157894701e+06 9.886992555181099984e-01 1.988059659438753740e-04
2.458962950329824816e+06 9.886144506262268816e-01 1.987922945936498387e-04
2.458962956501754466e+06 9.886198862411257338e-01 1.988019574695900184e-04
2.458962962673684582e+06 9.886533344426674530e-01 1.988116203462592427e-04
2.458962968845614232e+06 9.885860567798672172e-01 1.988255245414996401e-04
2.458962975017543882e+06 9.884141201968965618e-01 1.988732810381030455e-04
2.458962981189473998e+06 9.881528373117336450e-01 1.989210375383096072e-04
2.458962987361403648e+06 9.879292311820000450e-01 1.989687940349130126e-04
2.458962993533333298e+06 9.877716594101879632e-01 1.989211081907206122e-04
2.458962999705263413e+06 9.876799805513726271e-01 1.988391547334856255e-04
2.458963005877193063e+06 9.875873308041374088e-01 1.987572012824338709e-04
2.458963012049123179e+06 9.874381962750298225e-01 1.987205737470637155e-04
2.458963018221052829e+06 9.872325769865536449e-01 1.987644250610046874e-04
2.458963024392982479e+06 9.870027650088771809e-01 1.988082763749456593e-04
2.458963030564912595e+06 9.868516054666058857e-01 1.988521276921951012e-04
2.458963036736842245e+06 9.867867549877012978e-01 1.987105395081995355e-04
2.458963042908771895e+06 9.867991673993837809e-01 1.985660818616088910e-04
2.458963049080702011e+06 9.867434634839475915e-01 1.984216242041191415e-04
2.458963055252631661e+06 9.865689597805239464e-01 1.983485237125425361e-04
2.458963061424561776e+06 9.862756562627806867e-01 1.983211916991865819e-04
2.458963067596491426e+06 9.859736902205377129e-01 1.982938596878928072e-04
2.458963073768421076e+06 9.858115418638674354e-01 1.982643927817852845e-04
2.458963079940351192e+06 9.857900110433793772e-01 1.982279259649627847e-04
2.458963086112280842e+06 9.858668481231392944e-01 1.981914591508916377e-04
2.458963092284210492e+06 9.858300271669806492e-01 1.981549923368205177e-04
2.458963098456140608e+06 9.856503244788560325e-01 1.981345660203447546e-04
2.458963104628070258e+06 9.853312222554596600e-01 1.981167904181103565e-04
2.458963110800000373e+06 9.850265173592803736e-01 1.980990148145348817e-04
2.458963116971930023e+06 9.848187222360291759e-01 1.980990580941297690e-04
2.458963123143859673e+06 9.847078368590609365e-01 1.981182007223659231e-04
2.458963129315789789e+06 9.846522265306395516e-01 1.981373433520463158e-04
2.458963135487719439e+06 9.845645129640396842e-01 1.981495762626422897e-04
2.458963141659649089e+06 9.844419241875411730e-01 1.981042216494814559e-04
2.458963147831579205e+06 9.842875390670724478e-01 1.980588670328986903e-04
2.458963154003508855e+06 9.841273897949091021e-01 1.980135124197378836e-04
2.458963160175438970e+06 9.839673783694871112e-01 1.979545642097811046e-04
2.458963166347368620e+06 9.838074582431546311e-01 1.978906291104962729e-04
2.458963172519298270e+06 9.836213695935502876e-01 1.978266940112114413e-04
2.458963178691228386e+06 9.833869618530842738e-01 1.977795957040111080e-04
2.458963184863158036e+06 9.831042350571278510e-01 1.977629443859398462e-04
2.458963191035087686e+06 9.828034165010578471e-01 1.977462930678685845e-04
2.458963197207017802e+06 9.825821856628759177e-01 1.977296417485410306e-04
2.458963203378947452e+06 9.824479878813681122e-01 1.977514832644361432e-04
2.458963209550877567e+06 9.823961827774041478e-01 1.977740881746764708e-04
2.458963215722807217e+06 9.823502236291719036e-01 1.977966930832112942e-04
2.458963221894736867e+06 9.822830375756735899e-01 1.977816744956452182e-04
2.458963228066666983e+06 9.821946246094378496e-01 1.977420946085937101e-04
2.458963234238596633e+06 9.821019957239869314e-01 1.977025147245284472e-04
2.458963240410526283e+06 9.820284377460115621e-01 1.976642611243335920e-04
2.458963246582456399e+06 9.819740890693483548e-01 1.976304602259599521e-04
2.458963252754386049e+06 9.819264144198043276e-01 1.975966593301365726e-04
2.458963258926316164e+06 9.818214937443745516e-01 1.975628584317629598e-04
2.458963265098245814e+06 9.816503572419920109e-01 1.975939594866136996e-04
2.458963271270175464e+06 9.814155004890671163e-01 1.976361584388878806e-04
2.458963277442105580e+06 9.812322948666617473e-01 1.976783573943459297e-04
2.458963283614035230e+06 9.811635405880224647e-01 1.976948425426920761e-04
2.458963289785964880e+06 9.812092376350087797e-01 1.976832973459516102e-04
2.458963295957894996e+06 9.812941298745215812e-01 1.976717521483400692e-04
2.458963302129824646e+06 9.812579982548058632e-01 1.976666829602622788e-04
2.458963308301754761e+06 9.810955688382099193e-01 1.977180593025660519e-04
2.458963314473684411e+06 9.808258482416837287e-01 1.977694356409935583e-04
2.458963320645614062e+06 9.806126609829979301e-01 1.978208119794210376e-04
2.458963326817544177e+06 9.804937253367854710e-01 1.978013960735425876e-04
2.458963332989473827e+06 9.804689656094555117e-01 1.977554495122615670e-04
2.458963339161403477e+06 9.804865108405209639e-01 1.977095029509805192e-04
2.458963345333333593e+06 9.805019043339099349e-01 1.976606807900331813e-04
2.458963351505263243e+06 9.805151460873000602e-01 1.976065618830252335e-04
2.458963357677193359e+06 9.805302041175191219e-01 1.975524429719341260e-04
2.458963363849123009e+06 9.805600893575502353e-01 1.974983240649262324e-04
2.458963370021052659e+06 9.806058168955069654e-01 1.975516993475522466e-04
2.458963376192982774e+06 9.806660595156715399e-01 1.976076792869913012e-04
2.458963382364912424e+06 9.807183361187068460e-01 1.976636592222067920e-04
2.458963388536842074e+06 9.807545805717962084e-01 1.976539940703261899e-04
2.458963394708772190e+06 9.807747928758597800e-01 1.976007141142727662e-04
2.458963400880701840e+06 9.807792675661566317e-01 1.975474341622392117e-04
2.458963407052631956e+06 9.807684140447208154e-01 1.975026806481953111e-04
2.458963413224561606e+06 9.807422349841199427e-01 1.974872473058430285e-04
2.458963419396491256e+06 9.807130047513555882e-01 1.974718139634907188e-04
2.458963425568421371e+06 9.807443259669978985e-01 1.974563806199740030e-04
2.458963431740351021e+06 9.808452846588346929e-01 1.975222047387173777e-04
2.458963437912280671e+06 9.810145593071735171e-01 1.976023950891583935e-04
2.458963444084210787e+06 9.811881224132734669e-01 1.976825854456496097e-04
2.458963450256140437e+06 9.813306120994789161e-01 1.976915483647634570e-04
2.458963456428070553e+06 9.814420283872907769e-01 1.976215446977141088e-04
2.458963462600000203e+06 9.815209001911826547e-01 1.975515410359463973e-04
