2.459028000000000000e+06 9.982523856804124129e-01 2.174882208039306429e-04
2.459028006171929650e+06 9.984966879387104921e-01 2.175087447366621965e-04
2.459028012343859766e+06 9.986894484173867159e-01 2.175271680959084961e-04
2.459028018515789416e+06 9.988304915997378020e-01 2.175394722234247433e-04
2.459028024687719531e+06 9.989253117824934414e-01 2.175517763518693116e-04
2.459028030859649181e+06 9.989993176928773089e-01 2.175640804793855859e-04
2.459028037031578831e+06 9.990556934063129502e-01 2.176218409925312661e-04
2.459028043203508947e+06 9.990946837264106373e-01 2.176858002894127423e-04
2.459028049375438597e+06 9.991249715946588505e-01 2.177497595814685430e-04
2.459028055547368247e+06 9.991508801798330008e-01 2.177497288599571893e-04
2.459028061719298363e+06 9.991724094833921432e-01 2.176868354092442801e-04
2.459028067891228013e+06 9.992138497243591155e-01 2.176239419632765445e-04
2.459028074063158128e+06 9.993225269166607916e-01 2.175734838460602891e-04
2.459028080235087778e+06 9.994996651688063949e-01 2.176070707887397843e-04
2.459028086407017428e+06 9.997238124848649710e-01 2.176406577314193066e-04
2.459028092578947544e+06 9.998303624263032985e-01 2.176742446766329075e-04
2.459028098750877194e+06 9.997848786898209106e-01 2.176142922695183547e-04
2.459028104922806844e+06 9.995880812345085964e-01 2.175237124075902605e-04
2.459028111094736960e+06 9.994279994227438513e-01 2.174331325388280606e-04
2.459028117266666610e+06 9.994508961397041702e-01 2.174407819037681914e-04
2.459028123438596725e+06 9.996567713888446782e-01 2.176102173374878490e-04
2.459028129610526375e+06 9.999426965368567455e-01 2.177796527584239226e-04
2.459028135782456025e+06 1.000000000000000000e+00 2.179484659950554307e-04
2.459028141954386141e+06 9.998079069080890724e-01 2.178387563196879323e-04
2.459028148126315791e+06 9.993900400639155190e-01 2.177290466525978296e-04
2.459028154298245441e+06 9.990883043100491356e-01 2.176193369855077811e-04
2.459028160470175557e+06 9.990149784011008727e-01 2.175714998700501454e-04
2.459028166642105207e+06 9.991700623481352128e-01 2.175605216555879184e-04
2.459028172814035323e+06 9.993979730760982338e-01 2.175495434402973608e-04
2.459028178985964973e+06 9.995019684294735862e-01 2.175562027477765639e-04
2.459028185157894623e+06 9.994813895134925241e-01 2.176154595255671436e-04
2.459028191329824738e+06 9.993546015642439384e-01 2.176747163078285665e-04
2.459028197501754388e+06 9.992079441714244448e-01 2.177339730856191462e-04
2.459028203673684038e+06 9.990524511438262367e-01 2.176672600167685887e-04
2.459028209845614154e+06 9.988898193719801810e-01 2.175826446230322178e-04
2.459028216017543804e+06 9.987828452813428681e-01 2.174980292356799003e-04
2.459028222189473920e+06 9.987632714789157484e-01 2.174438403516826886e-04
2.459028228361403570e+06 9.988310979676527923e-01 2.174200762483643275e-04
2.459028234533333220e+06 9.989255605687643591e-01 2.173963121450459392e-04
2.459028240705263335e+06 9.989264612407111610e-01 2.173696938194891377e-04
2.459028246877192985e+06 9.988305528512247955e-01 2.173229969727639651e-04
2.459028253049122635e+06 9.986468770658627481e-01 2.172763001260387655e-04
2.459028259221052751e+06 9.984461760167674393e-01 2.172296032757903967e-04
2.459028265392982401e+06 9.982434956817611837e-01 2.172755988423146942e-04
2.459028271564912517e+06 9.980388201775193258e-01 2.173526723070084066e-04
2.459028277736842167e+06 9.978274203266366271e-01 2.174297457658870547e-04
2.459028283908771817e+06 9.976055566621679915e-01 2.174267479818592320e-04
2.459028290080701932e+06 9.973732291661898675e-01 2.172893561534921820e-04
2.459028296252631582e+06 9.971446506799422904e-01 2.171519643354910805e-04
2.459028302424561232e+06 9.969630970279342863e-01 2.170145725174900061e-04
2.459028308596491348e+06 9.968315577103775693e-01 2.170216678505591649e-04
2.459028314768420998e+06 9.967468918686622770e-01 2.170290818754509841e-04
2.459028320940351114e+06 9.966624402264669946e-01 2.170364959009021702e-04
2.459028327112280764e+06 9.965626454538756285e-01 2.170104757901995134e-04
2.459028333284210414e+06 9.964475075450951458e-01 2.169641583846647500e-04
2.459028339456140529e+06 9.963159623182030744e-01 2.169178409756353861e-04
2.459028345628070179e+06 9.961666418797320288e-01 2.168627930668773991e-04
2.459028351799999829e+06 9.959995409870490146e-01 2.167810853112410463e-04
2.459028357971929945e+06 9.958057228418975004e-01 2.166993775494399741e-04
2.459028364143859595e+06 9.955424738091788184e-01 2.166176697938036212e-04
2.459028370315789711e+06 9.952042279500153965e-01 2.165571020942270140e-04
2.459028376487719361e+06 9.947953187090466942e-01 2.164996615219816312e-04
2.459028382659649011e+06 9.944832342042526641e-01 2.164422209497362214e-04
2.459028388831579126e+06 9.943539301988579826e-01 2.163965342386640152e-04
2.459028395003508776e+06 9.944074067123741534e-01 2.163628108706972474e-04
2.459028401175438426e+06 9.945202166769950836e-01 2.163290875027304254e-04
2.459028407347368542e+06 9.944444433869598088e-01 2.162970866301970542e-04
2.459028413519298192e+06 9.941730990490780240e-01 2.162777138134314484e-04
2.459028419691228308e+06 9.937389466637969182e-01 2.162583409952042025e-04
2.459028425863157958e+06 9.934034030068241705e-01 2.162389681784385696e-04
2.459028432035087608e+06 9.932229900361394526e-01 2.161927243812250944e-04
2.459028438207017723e+06 9.931973594167964325e-01 2.161372577515735375e-04
2.459028444378947373e+06 9.932065661231067599e-01 2.160817911261068655e-04
2.459028450550877023e+06 9.931541945836779295e-01 2.160400445339632125e-04
2.459028456722807139e+06 9.930402447875893435e-01 2.160217674054992786e-04
2.459028462894736789e+06 9.928752991858021959e-01 2.160034902784142873e-04
2.459028469066666905e+06 9.926920743512724910e-01 2.159852131499502993e-04
2.459028475238596555e+06 9.924928892634978794e-01 2.159756010600136960e-04
2.459028481410526205e+06 9.922776828729872323e-01 2.159660468167475531e-04
2.459028487582456321e+06 9.920455241801595658e-01 2.159564925727605784e-04
2.459028493754385971e+06 9.917960980564473061e-01 2.159376772559399714e-04
2.459028499926315621e+06 9.915294044849861654e-01 2.159131329549657805e-04
2.459028506098245736e+06 9.912484797263201308e-01 2.158885886521397452e-04
2.459028512270175386e+06 9.909572909117354556e-01 2.158704428513785116e-04
2.459028518442105502e+06 9.906558551792891132e-01 2.158723102136570718e-04
2.459028524614035152e+06 9.903572891907208575e-01 2.158741775757947942e-04
2.459028530785964802e+06 9.901253331480520670e-01 2.158760449379324895e-04
2.459028536957894918e+06 9.899684548763686420e-01 2.158384005697580436e-04
2.459028543129824568e+06 9.898843875390825886e-01 2.157946795681095226e-04
2.459028549301754218e+06 9.897815222664662071e-01 2.157509585664610288e-04
2.459028555473684333e+06 9.896121256767064223e-01 2.157132702940032164e-04
2.459028561645613983e+06 9.893761977953648978e-01 2.156818321020041729e-04
2.459028567817544099e+06 9.891123820392027088e-01 2.156503939076331660e-04
2.459028573989473749e+06 9.888994683445000433e-01 2.156193815296654286e-04
2.459028580161403399e+06 9.887397714953245487e-01 2.155916269006325642e-04
2.459028586333333515e+06 9.886271359515116375e-01 2.155638722695056987e-04
2.459028592505263165e+06 9.885114655488421720e-01 2.155361176404728613e-04
2.459028598677192815e+06 9.883817498601032980e-01 2.155298523527426696e-04
2.459028604849122930e+06 9.882380185186799837e-01 2.155311356313574977e-04
2.459028611021052580e+06 9.880921979930799015e-01 2.155324189098754796e-04
2.459028617192982696e+06 9.879540349463629134e-01 2.155468067542285794e-04
2.459028623364912346e+06 9.878235293993773425e-01 2.155840431473371043e-04
2.459028629536841996e+06 9.876930962702731298e-01 2.156212795404456291e-04
2.459028635708772112e+06 9.875389248762438399e-01 2.156585159363635657e-04
2.459028641880701762e+06 9.873592841256736419e-01 2.157944665685360044e-04
2.459028648052631412e+06 9.871570772589881582e-01 2.159315215669348404e-04
2.459028654224561527e+06 9.869777887718356180e-01 2.160685765756742004e-04
2.459028660396491177e+06 9.868370519318804268e-01 2.160247593118330993e-04
2.459028666568421293e+06 9.867348667178859056e-01 2.158669373626585450e-04
2.459028672740350943e+06 9.866316712305843728e-01 2.157091154253913765e-04
2.459028678912280593e+06 9.864749289348389016e-01 2.155838961076759228e-04
2.459028685084210709e+06 9.862643842418318263e-01 2.155631590078654100e-04
2.459028691256140359e+06 9.860262349582039620e-01 2.155424219096194823e-04
2.459028697428070009e+06 9.858899294738249219e-01 2.155216848113735816e-04
2.459028703600000124e+06 9.858729979177491831e-01 2.155447202820358061e-04
2.459028709771929774e+06 9.859720624712674519e-01 2.155747472933322833e-04
2.459028715943859890e+06 9.860442306229345588e-01 2.156047743068942280e-04
2.459028722115789540e+06 9.860139063508847057e-01 2.156019632822153307e-04
2.459028728287719190e+06 9.858810896644293331e-01 2.155645222466898885e-04
2.459028734459649306e+06 9.856918898278095309e-01 2.155270812083396118e-04
2.459028740631578956e+06 9.855417506124058979e-01 2.154942791164489956e-04
2.459028746803508606e+06 9.854335920950323402e-01 2.154985680803406646e-04
2.459028752975438721e+06 9.853677419560723516e-01 2.155028570445559409e-04
2.459028759147368371e+06 9.853469207505760608e-01 2.155071460084476099e-04
2.459028765319298487e+06 9.853717362510966415e-01 2.155214864748144100e-04
2.459028771491228137e+06 9.854421102649361108e-01 2.155394395831124481e-04
2.459028777663157787e+06 9.855207584885056216e-01 2.155573926914105133e-04
2.459028783835087903e+06 9.855767003555748751e-01 2.155904446748621594e-04
2.459028790007017553e+06 9.856099358577025127e-01 2.156503324241527768e-04
2.459028796178947203e+06 9.856246148284051323e-01 2.157102201734434213e-04
2.459028802350877319e+06 9.856339649827355887e-01 2.157701079272524513e-04
2.459028808522806969e+06 9.856389724515987050e-01 2.157120637385995059e-04
2.459028814694737084e+06 9.856377865762753210e-01 2.156521631959775528e-04
2.459028820866666734e+06 9.856006156507866045e-01 2.155922626578750151e-04
2.459028827038596384e+06 9.855170637161659863e-01 2.155399741252859395e-04
2.459028833210526500e+06 9.853871307608605967e-01 2.154925738229545554e-04
2.459028839382456150e+06 9.852651700693031422e-01 2.154451735241994122e-04
2.459028845554386266e+06 9.852245378039860002e-01 2.154170722328482303e-04
2.459028851726315916e+06 9.852656319941152097e-01 2.154523602580350294e-04
2.459028857898245566e+06 9.853669980599344402e-01 2.154876482832218556e-04
2.459028864070175681e+06 9.854208337141362462e-01 2.155229363110710758e-04
2.459028870242105331e+06 9.854122595050215372e-01 2.155132066020339239e-04
2.459028876414034981e+06 9.853439462851321107e-01 2.154960166397827030e-04
2.459028882585965097e+06 9.853343106217519187e-01 2.154788266762345595e-04
2.459028888757894747e+06 9.854469615140838412e-01 2.155349515213078723e-04
2.459028894929824863e+06 9.856818989791265029e-01 2.156697767681076106e-04
2.459028901101754513e+06 9.859500619382662867e-01 2.158046020047349846e-04
2.459028907273684163e+06 9.860642930204707168e-01 2.159104212998912251e-04
2.459028913445614278e+06 9.860186345501100735e-01 2.157734814117050106e-04
2.459028919617543928e+06 9.858383379970981908e-01 2.156365415338506466e-04
2.459028925789473578e+06 9.857373097559041231e-01 2.154996016559962825e-04
2.459028931961403694e+06 9.857641203746644321e-01 2.154908603105119423e-04
2.459028938133333344e+06 9.859185831198878924e-01 2.155292520780249061e-04
2.459028944305263460e+06 9.860933307873825937e-01 2.155676438484344245e-04
2.459028950477193110e+06 9.861976459695062092e-01 2.155923795857929111e-04
2.459028956649122760e+06 9.862315286821004001e-01 2.155923710590261348e-04
2.459028962821052875e+06 9.862252003009490675e-01 2.155923625322587079e-04
2.459028968992982525e+06 9.862764802959922417e-01 2.155923540054918773e-04
2.459028975164912175e+06 9.863928441771513400e-01 2.155840596947313642e-04
2.459028981336842291e+06 9.865692773756193912e-01 2.155755968782338994e-04
2.459028987508771941e+06 9.867228016092476350e-01 2.155671340623749484e-04
2.459028993680702057e+06 9.868240193234858459e-01 2.155998226160440426e-04
2.459028999852631707e+06 9.868729305030602417e-01 2.156594332427365433e-04
2.459029006024561357e+06 9.868999031268518296e-01 2.157190438694290711e-04
2.459029012196491472e+06 9.869465884054994254e-01 2.157635681953258870e-04
2.459029018368421122e+06 9.870132368446896676e-01 2.157572882317187264e-04
2.459029024540350772e+06 9.870974000059982156e-01 2.157510082681115388e-04
2.459029030712280888e+06 9.871865663793729651e-01 2.157447283040305548e-04
2.459029036884210538e+06 9.872789760775265711e-01 2.158087021036180875e-04
2.459029043056140654e+06 9.873744581335983650e-01 2.158847438139700607e-04
2.459029049228070304e+06 9.874650571324640191e-01 2.159607855185848154e-04
2.459029055399999954e+06 9.875464340036412825e-01 2.159583579989437303e-04
2.459029061571930069e+06 9.876185887522260787e-01 2.158701869641467791e-04
2.459029067743859719e+06 9.876780942461488300e-01 2.157820159360021399e-04
2.459029073915789369e+06 9.877176390116081395e-01 2.157053325515252533e-04
2.459029080087719485e+06 9.877369810982141729e-01 2.157294590394643794e-04
2.459029086259649135e+06 9.877427324389398411e-01 2.157535855255831572e-04
2.459029092431579251e+06 9.877920512274973586e-01 2.157777120135222562e-04
2.459029098603508901e+06 9.878981280461521797e-01 2.157263309734956409e-04
2.459029104775438551e+06 9.880608900684989537e-01 2.156465588102726878e-04
2.459029110947368667e+06 9.882287768046229548e-01 2.155667866410310304e-04
2.459029117119298317e+06 9.883574855152418293e-01 2.155369222238005583e-04
2.459029123291227967e+06 9.884470162145001515e-01 2.155992614130820384e-04
2.459029129463158082e+06 9.885003052362527631e-01 2.156616006070669229e-04
2.459029135635087732e+06 9.885270039059949054e-01 2.157239397963484301e-04
2.459029141807017848e+06 9.885278680894400427e-01 2.157175724020666987e-04
2.459029147978947498e+06 9.885028977864580568e-01 2.157094890275928253e-04
2.459029154150877148e+06 9.884520929980883386e-01 2.157014056531189790e-04
2.459029160322807264e+06 9.883947148729447241e-01 2.156933222780352147e-04
2.459029166494736914e+06 9.884099257385831061e-01 2.156852389035613683e-04
2.459029172666666564e+06 9.885062804959162674e-01 2.156771555290874949e-04
2.459029178838596679e+06 9.886837791613973803e-01 2.157016572872476334e-04
2.459029185010526329e+06 9.889424217082426471e-01 2.158387037374366677e-04
2.459029191182456445e+06 9.892525125333896385e-01 2.159757501979656027e-04
2.459029197354386095e+06 9.894597172771735227e-01 2.161127966481546370e-04
2.459029203526315745e+06 9.895419156750459022e-01 2.160791555694545514e-04
2.459029209698245861e+06 9.895011352407732108e-01 2.160151493939398300e-04
2.459029215870175511e+06 9.894365103979904097e-01 2.159511432232542264e-04
2.459029222042105161e+06 9.894029449731907011e-01 2.159358499005097499e-04
2.459029228214035276e+06 9.894004389673565214e-01 2.159747404842068724e-04
2.459029234385964926e+06 9.894280962095355347e-01 2.160136310649697915e-04
2.459029240557895042e+06 9.894839757271971514e-01 2.160471074371615708e-04
2.459029246729824692e+06 9.895680107937708803e-01 2.160306720956257118e-04
2.459029252901754342e+06 9.896779221559309780e-01 2.160142367540898527e-04
2.459029259073684458e+06 9.897935988141116637e-01 2.159978014113139646e-04
2.459029265245614108e+06 9.899103241229396666e-01 2.159933698264540917e-04
2.459029271417543758e+06 9.900280556343089566e-01 2.159935531519238596e-04
2.459029277589473873e+06 9.901088067955828853e-01 2.159937364774075052e-04
2.459029283761403523e+06 9.901193821729036282e-01 2.160152950068455692e-04
2.459029289933333639e+06 9.900597817678674639e-01 2.160771225920428927e-04
2.459029296105263289e+06 9.899533096343897665e-01 2.161389501725754364e-04
2.459029302277192939e+06 9.898777514805178201e-01 2.162007777531080072e-04
2.459029308449123055e+06 9.898393485456172813e-01 2.161398660655350823e-04
2.459029314621052705e+06 9.898377733379343235e-01 2.160753141832537751e-04
2.459029320792982355e+06 9.898672927087684981e-01 2.160107623009724679e-04
2.459029326964912470e+06 9.899258131249514259e-01 2.159822248737415420e-04
2.459029333136842120e+06 9.900133345776525040e-01 2.159781362895182974e-04
2.459029339308772236e+06 9.901043067685116883e-01 2.159740477049865973e-04
2.459029345480701886e+06 9.901625442022123913e-01 2.159618502041427395e-04
2.459029351652631536e+06 9.901877837325236964e-01 2.159209174646981597e-04
2.459029357824561652e+06 9.901690868918674449e-01 2.158799847221652842e-04
2.459029363996491302e+06 9.900486288736455309e-01 2.158390519827207315e-04
2.459029370168420952e+06 9.898179657452754743e-01 2.157527017287278229e-04
2.459029376340351067e+06 9.894807944519469212e-01 2.156579906699456124e-04
2.459029382512280717e+06 9.892273442983826603e-01 2.155632796183091886e-04
2.459029388684210833e+06 9.891645976786883621e-01 2.155220293355733323e-04
2.459029394856140483e+06 9.892925546023323413e-01 2.155413126165344677e-04
2.459029401028070133e+06 9.895110818021792820e-01 2.155605958974955759e-04
2.459029407200000249e+06 9.896000089806329392e-01 2.155787165512229944e-04
2.459029413371929899e+06 9.895514810895293945e-01 2.155855550172787623e-04
2.459029419543859549e+06 9.893808395055887495e-01 2.155923934833345573e-04
2.459029425715789665e+06 9.892262741393705872e-01 2.155992319499062970e-04
2.459029431887719315e+06 9.891207203947933735e-01 2.156472316964355468e-04
2.459029438059649430e+06 9.890641433896625312e-01 2.157114084044188128e-04
2.459029444231579080e+06 9.890157880124852419e-01 2.157755851075600589e-04
2.459029450403508730e+06 9.889394293809444791e-01 2.157681543000151731e-04
2.459029456575438846e+06 9.888350674861097200e-01 2.156231438521937123e-04
2.459029462747368496e+06 9.886980296655722977e-01 2.154781334153130982e-04
2.459029468919298146e+06 9.885124765845882955e-01 2.153331229784324571e-04
2.459029475091228262e+06 9.882771065401199095e-01 2.153369539447471694e-04
2.459029481263157912e+06 9.879983223586977781e-01 2.153459027853027376e-04
2.459029487435088027e+06 9.877914857044410857e-01 2.153548516265334385e-04
2.459029493607017677e+06 9.876993641070015428e-01 2.154014672205653981e-04
2.459029499778947327e+06 9.877219575464459833e-01 2.154741280540995005e-04
2.459029505950877443e+06 9.877661702695095247e-01 2.155467888931157628e-04
2.459029512122807093e+06 9.876980358906265467e-01 2.155781956500813835e-04
2.459029518294736743e+06 9.875164906052298353e-01 2.154595542354012646e-04
2.459029524466666859e+06 9.872462706172456803e-01 2.153409128117698642e-04
2.459029530638596509e+06 9.870203965055489581e-01 2.152222713970897725e-04
2.459029536810526624e+06 9.868586560806276164e-01 2.152068672111578235e-04
2.459029542982456274e+06 9.867601004854967828e-01 2.152111135403593891e-04
2.459029549154385924e+06 9.866732685405230630e-01 2.152153598695609547e-04
2.459029555326316040e+06 9.865687711273215532e-01 2.152141756480913169e-04
2.459029561498245690e+06 9.864466082616604181e-01 2.152067317820067756e-04
2.459029567670175340e+06 9.862990746135803510e-01 2.151992879159222072e-04
2.459029573842105456e+06 9.861089704733086991e-01 2.151980957321293045e-04
2.459029580014035106e+06 9.858756594342624746e-01 2.152609081499272977e-04
2.459029586185965221e+06 9.856077158249145764e-01 2.153237205724643387e-04
2.459029592357894871e+06 9.853840017843994437e-01 2.153865329902623319e-04
2.459029598529824521e+06 9.852236167030173908e-01 2.153627899958514258e-04
2.459029604701754637e+06 9.851265419119984434e-01 2.153042793281237930e-04
2.459029610873684287e+06 9.850629953936893557e-01 2.152457686648107332e-04
2.459029617045613937e+06 9.850060494670598299e-01 2.152054282983374396e-04
2.459029623217544053e+06 9.849557041285601500e-01 2.152006959432530855e-04
2.459029629389473703e+06 9.848944635089922350e-01 2.151959635885257861e-04
2.459029635561403818e+06 9.847620958229215127e-01 2.151912312334414319e-04
2.459029641733333468e+06 9.845535326275461907e-01 2.151730296004580249e-04
2.459029647905263118e+06 9.842750960005934857e-01 2.151543005609513515e-04
2.459029654077193234e+06 9.840440745281047175e-01 2.151355715200316374e-04
2.459029660249122884e+06 9.839046119669326851e-01 2.151656011658491881e-04
2.459029666421053000e+06 9.838567082960326671e-01 2.152299697217623033e-04
2.459029672592982650e+06 9.838262419389971480e-01 2.152943382728188975e-04
2.459029678764912300e+06 9.837048412396731667e-01 2.153479219494298686e-04
2.459029684936842415e+06 9.834915703524496067e-01 2.153612279673471075e-04
2.459029691108772065e+06 9.832135440276014160e-01 2.153745339842604565e-04
2.459029697280701715e+06 9.830191022717272853e-01 2.153878400011737784e-04
2.459029703452631831e+06 9.829307219343443869e-01 2.153376762797442430e-04
2.459029709624561481e+06 9.829460781602648023e-01 2.152750301366732825e-04
2.459029715796491597e+06 9.829320611138048225e-01 2.152123839888757698e-04
2.459029721968421247e+06 9.828114730869104143e-01 2.151615249712919239e-04
2.459029728140350897e+06 9.825843140825442079e-01 2.151244974939153624e-04
2.459029734312281013e+06 9.823139908620786009e-01 2.150874700137451643e-04
2.459029740484210663e+06 9.821441892799002149e-01 2.150528344406876086e-04
2.459029746656140313e+06 9.820804197123569335e-01 2.150440987700544552e-04
2.459029752828070428e+06 9.821104508584794779e-01 2.150353630987622425e-04
2.459029759000000078e+06 9.821193936640286726e-01 2.150266274281290892e-04
2.459029765171930194e+06 9.820789750156024844e-01 2.150047037546935216e-04
2.459029771343859844e+06 9.819891989465640014e-01 2.149773669464457616e-04
2.459029777515789494e+06 9.818593881511972210e-01 2.149500301381979746e-04
2.459029783687719610e+06 9.816981179395648516e-01 2.149344780284051211e-04
2.459029789859649260e+06 9.815053883360018716e-01 2.149424846606398849e-04
2.459029796031578910e+06 9.813007115971736916e-01 2.149504912928746486e-04
2.459029802203509025e+06 9.811523111997361157e-01 2.149584979257134756e-04
2.459029808375438675e+06 9.810660641476555144e-01 2.149461998874550156e-04
2.459029814547368791e+06 9.810394792293363198e-01 2.149330089814647658e-04
2.459029820719298441e+06 9.810249452149797378e-01 2.149198180764697323e-04
2.459029826891228091e+06 9.810042700907377622e-01 2.150115273417395356e-04
2.459029833063158207e+06 9.809774538543555300e-01 2.151784771475630568e-04
2.459029839235087857e+06 9.809644559204788727e-01 2.153454269407905069e-04
2.459029845407017507e+06 9.809949247757415725e-01 2.154522553133468631e-04
2.459029851578947622e+06 9.810691378032385668e-01 2.153284381537576427e-04
2.459029857750877272e+06 9.811695472832571152e-01 2.152046210035102065e-04
2.459029863922807388e+06 9.811984782287890283e-01 2.150808038439209861e-04
2.459029870094737038e+06 9.811408573586023474e-01 2.150290813552448242e-04
2.459029876266666688e+06 9.809986513340436254e-01 2.149919984555529254e-04
2.459029882438596804e+06 9.808909393533647991e-01 2.149549155530631887e-04
2.459029888610526454e+06 9.808878563315214238e-01 2.149563183856415883e-04
2.459029894782456104e+06 9.809894022564400462e-01 2.150036973526529599e-04
2.459029900954386219e+06 9.811370118795379458e-01 2.150510763232390274e-04
2.459029907126315869e+06 9.811959545334058008e-01 2.150876868324695700e-04
2.459029913298245985e+06 9.811608787128749398e-01 2.150006328216696268e-04
2.459029919470175635e+06 9.810460883674203547e-01 2.149135788174377261e-04
2.459029925642105285e+06 9.809888259949401945e-01 2.148265248132058525e-04
2.459029931814035401e+06 9.810234083168134500e-01 2.148376485702498096e-04
2.459029937985965051e+06 9.811498209609659238e-01 2.148899432170024227e-04
2.459029944157894701e+06 9.813152942063266826e-01 2.149422378637550358e-04
2.459029950329824816e+06 9.814704420359001702e-01 2.149739602821284493e-04
2.459029956501754466e+06 9.816152644262750027e-01 2.149637239015604758e-04
2.459029962673684582e+06 9.817446259383533214e-01 2.149534875202201980e-04
2.459029968845614232e+06 9.818402892740482057e-01 2.149432511396522517e-04
2.459029975017543882e+06 9.819006466085469231e-01 2.149841263908373987e-04
2.459029981189473998e+06 9.819287655062024500e-01 2.150274977818004117e-04
2.459029987361403648e+06 9.819850701516180669e-01 2.150708691694911399e-04
2.459029993533333298e+06 9.820929995070720731e-01 2.150792358697750379e-04
2.459029999705263413e+06 9.822525535865501700e-01 2.150620331214584790e-04
2.459030005877193063e+06 9.824465281520523563e-01 2.150448303744398727e-04
2.459030012049123179e+06 9.826489603554431351e-01 2.150260068099445871e-04
2.459030018221052829e+06 9.828595879158363857e-01 2.150007931678459049e-04
2.459030024392982479e+06 9.830716091516468191e-01 2.149755795257472226e-04
2.459030030564912595e+06 9.832464999433038200e-01 2.149503658817462264e-04
2.459030036736842245e+06 9.833782060833545779e-01 2.149885183107870805e-04
2.459030042908771895e+06 9.834673768729707000e-01 2.150399474897922035e-04
2.459030049080702011e+06 9.835556648430263671e-01 2.150913766726775776e-04
2.459030055252631661e+06 9.836679849768842354e-01 2.151320965845811121e-04
2.459030061424561776e+06 9.838043372914935247e-01 2.151597915171868673e-04
2.459030067596491426e+06 9.839791693332053946e-01 2.151874864477031210e-04
2.459030073768421076e+06 9.842262229848662836e-01 2.152242136393047584e-04
2.459030079940351192e+06 9.845468854653075530e-01 2.153712875415132863e-04
2.459030086112280842e+06 9.849276363210260898e-01 2.155183614326253573e-04
2.459030092284210492e+06 9.852359378447507199e-01 2.156654353237374283e-04
2.459030098456140608e+06 9.854381188772597389e-01 2.156781716423091346e-04
2.459030104628070258e+06 9.855341901062772969e-01 2.156333634968011679e-04
2.459030110800000373e+06 9.855964007872020094e-01 2.155885553479125233e-04
2.459030116971930023e+06 9.856935544214334710e-01 2.155542437917077584e-04
2.459030123143859673e+06 9.858256510123470928e-01 2.155417776628270124e-04
2.459030129315789789e+06 9.860079914671855406e-01 2.155293115330056939e-04
2.459030135487719439e+06 9.862957670670178256e-01 2.155168454041249209e-04
2.459030141659649089e+06 9.866939564302600330e-01 2.155605609825320503e-04
2.459030147831579205e+06 9.871935363389582330e-01 2.156072961802596910e-04
2.459030154003508855e+06 9.876112268292732699e-01 2.156540313744612081e-04
2.459030160175438970e+06 9.878748512358167533e-01 2.156683120046063373e-04
2.459030166347368620e+06 9.879844095188088371e-01 2.156584508021093473e-04
2.459030172519298270e+06 9.880324923363446032e-01 2.156485895996123573e-04
2.459030178691228386e+06 9.881610474153103008e-01 2.156464807136593644e-04
2.459030184863158036e+06 9.883716179321607731e-01 2.156757957280862304e-04
2.459030191035087686e+06 9.886538733148320102e-01 2.157051107425130693e-04
2.459030197207017802e+06 9.889482697480853624e-01 2.157344257591517077e-04
2.459030203378947452e+06 9.892452790088185344e-01 2.158080973861200332e-04
2.459030209550877567e+06 9.895451213529047330e-01 2.158913527155148732e-04
2.459030215722807217e+06 9.898627934718927657e-01 2.159746080386282523e-04
2.459030221894736867e+06 9.902074061657830661e-01 2.160493738425860156e-04
2.459030228066666983e+06 9.905789594636246198e-01 2.161136272756700280e-04
2.459030234238596633e+06 9.909369071088408587e-01 2.161778807039062473e-04
2.459030240410526283e+06 9.911851157991463657e-01 2.162387350635610163e-04
2.459030246582456399e+06 9.913194973882275551e-01 2.162552599329547944e-04
2.459030252754386049e+06 9.913564875256046793e-01 2.162717848011017942e-04
2.459030258926316164e+06 9.914607305446012653e-01 2.162883096704955722e-04
2.459030265098245814e+06 9.916747223410811163e-01 2.163457516694025325e-04
2.459030271270175464e+06 9.919984572088083041e-01 2.164210941538952722e-04
2.459030277442105580e+06 9.923386184823591583e-01 2.164964366440724568e-04
2.459030283614035230e+06 9.926047695411394090e-01 2.165435387234616773e-04
2.459030289785964880e+06 9.927969104136056266e-01 2.165306590471055602e-04
2.459030295957894996e+06 9.929471594963747982e-01 2.165177793697776998e-04
2.459030302129824646e+06 9.931731962044400008e-01 2.165048996934215827e-04
2.459030308301754761e+06 9.934858796027327132e-01 2.165847411681414531e-04
2.459030314473684411e+06 9.938789805789257636e-01 2.166700258591663952e-04
2.459030320645614062e+06 9.942219618917735868e-01 2.167553105501913372e-04
2.459030326817544177e+06 9.944626355412088392e-01 2.167927940618050728e-04
2.459030332989473827e+06 9.946010014909146824e-01 2.167940688129571752e-04
2.459030339161403477e+06 9.947082298724448934e-01 2.167953435641092777e-04
2.459030345333333593e+06 9.948951574086754013e-01 2.167886492081574326e-04
2.459030351505263243e+06 9.951630772076904830e-01 2.167487269020657535e-04
2.459030357677193359e+06 9.954914178961896676e-01 2.167088045929620253e-04
2.459030363849123009e+06 9.957595042304774324e-01 2.166688822868703462e-04
2.459030370021052659e+06 9.959476757085348186e-01 2.166624800068169346e-04
2.459030376192982774e+06 9.960572640636485842e-01 2.166635415889601437e-04
2.459030382364912424e+06 9.961847504488063887e-01 2.166646031710232846e-04
2.459030388536842074e+06 9.963896681188393334e-01 2.167010859290178322e-04
2.459030394708772190e+06 9.966720170979717075e-01 2.167822266153551151e-04
2.459030400880701840e+06 9.969976118009513666e-01 2.168633672955704776e-04
2.459030407052631956e+06 9.972841679140267424e-01 2.169379636286612408e-04
2.459030413224561606e+06 9.975280680076704654e-01 2.169210934273365244e-04
2.459030419396491256e+06 9.977281631849327370e-01 2.169042232260117809e-04
2.459030425568421371e+06 9.978726894794565094e-01 2.168873530234142382e-04
2.459030431740351021e+06 9.979585621377611293e-01 2.168796978331019403e-04
2.459030437912280671e+06 9.979857821541626706e-01 2.168761592263039779e-04
2.459030444084210787e+06 9.980379299555769412e-01 2.168726206192390308e-04
2.459030450256140437e+06 9.981974473127102065e-01 2.168866175263017783e-04
2.459030456428070553e+06 9.984643342496327678e-01 2.169386307856118292e-04
2.459030462600000203e+06 9.987923628222976635e-01 2.169906440409975833e-04
