2.458701000000000000e+06 9.891084948977068025e-01 4.365428884968819255e-05
2.458701005131829530e+06 9.888566389888666652e-01 4.364835229334148475e-05
2.458701010263659060e+06 9.885935220214092656e-01 4.364241573699478372e-05
2.458701015395488590e+06 9.883188361889154727e-01 4.363565282743414478e-05
2.458701020527318120e+06 9.880325814913850646e-01 4.362856085773279781e-05
2.458701025659147650e+06 9.877445921651404337e-01 4.362146888803145083e-05
2.458701030790977646e+06 9.874848292681405182e-01 4.361437691768657566e-05
2.458701035922807176e+06 9.872553646034594177e-01 4.360962194561281087e-05
2.458701041054636706e+06 9.870561981461516421e-01 4.360609456787904259e-05
2.458701046186466236e+06 9.868749998791425115e-01 4.360256719014527432e-05
2.458701051318295766e+06 9.866655434363403865e-01 4.359903981241150604e-05
2.458701056450125296e+06 9.864234210078528520e-01 4.359399464129147680e-05
2.458701061581954826e+06 9.861486325936800190e-01 4.358792074670093030e-05
2.458701066713784356e+06 9.858498324328409668e-01 4.358184685211037704e-05
2.458701071845613886e+06 9.855672719356807221e-01 4.357577295751983054e-05
2.458701076977443416e+06 9.853060297645090948e-01 4.357007693799870129e-05
2.458701082109273411e+06 9.850661058985225038e-01 4.356470745532387435e-05
2.458701087241102941e+06 9.848455180734506653e-01 4.355933797313628109e-05
2.458701092372932471e+06 9.846326831213005892e-01 4.355396849094868105e-05
2.458701097504762001e+06 9.844257213917014804e-01 4.355010866236662918e-05
2.458701102636591531e+06 9.842246328846533387e-01 4.354790504809285422e-05
2.458701107768421061e+06 9.840293956199080982e-01 4.354570143381908604e-05
2.458701112900250591e+06 9.838398452483944068e-01 4.354349781954531786e-05
2.458701118032080121e+06 9.836559481453840403e-01 4.354133635334429456e-05
2.458701123163909651e+06 9.834777043108765548e-01 4.353923374918073497e-05
2.458701128295739181e+06 9.833070252965606661e-01 4.353713114501717537e-05
2.458701133427568711e+06 9.831626870168264087e-01 4.353502854085361577e-05
2.458701138559398707e+06 9.830494664741062927e-01 4.353308503154586234e-05
2.458701143691228237e+06 9.829673636889473265e-01 4.353142722607177413e-05
2.458701148823057767e+06 9.829114777900426203e-01 4.352976942059767914e-05
2.458701153954887297e+06 9.828161310291909647e-01 4.352811161512359093e-05
2.458701159086716827e+06 9.826607305923937830e-01 4.352568441358169052e-05
2.458701164218546357e+06 9.824452764796508530e-01 4.352144553513950153e-05
2.458701169350375887e+06 9.821749283833254296e-01 4.351720665669731931e-05
2.458701174482205417e+06 9.819495078517610498e-01 4.351296777825513031e-05
2.458701179614034947e+06 9.818073907000397504e-01 4.350948967926093216e-05
2.458701184745864477e+06 9.817485769281613095e-01 4.350844059231206209e-05
2.458701189877694473e+06 9.817705276212216337e-01 4.350739150526800584e-05
2.458701195009524003e+06 9.817957058073385479e-01 4.350634241831914255e-05
2.458701200141353533e+06 9.817876168428854022e-01 4.350513797170994172e-05
2.458701205273183063e+06 9.817462607278620856e-01 4.350322055265813410e-05
2.458701210405012593e+06 9.816721875151076526e-01 4.350130313360632648e-05
2.458701215536842123e+06 9.815964091761298915e-01 4.349938571455451208e-05
2.458701220668671653e+06 9.815368335733255511e-01 4.349751629821281481e-05
2.458701225800501183e+06 9.814934607066945205e-01 4.349600114733235623e-05
2.458701230932330713e+06 9.814662728507587142e-01 4.349448599645189766e-05
2.458701236064160243e+06 9.814526984682441224e-01 4.349297084557144586e-05
2.458701241195989773e+06 9.814509047232765626e-01 4.349150974165010193e-05
2.458701246327819768e+06 9.814608916172965491e-01 4.349089925096314785e-05
2.458701251459649298e+06 9.814826562693625966e-01 4.349028876033158973e-05
2.458701256591478828e+06 9.815128023012934522e-01 4.348967826970002483e-05
2.458701261723308358e+06 9.815483092307515367e-01 4.348906788447519823e-05
2.458701266855137888e+06 9.815891770577371833e-01 4.348913433846266624e-05
2.458701271986967418e+06 9.816354057822500589e-01 4.348920079245014104e-05
2.458701277118796948e+06 9.816917645376147528e-01 4.348926724643760905e-05
2.458701282250626478e+06 9.817636095631890880e-01 4.348933370042507707e-05
2.458701287382456008e+06 9.818509453080145333e-01 4.349213451908065812e-05
2.458701292514285538e+06 9.819537717720911996e-01 4.349510811344020026e-05
2.458701297646115534e+06 9.820674838549109387e-01 4.349808170806956643e-05
2.458701302777945064e+06 9.821856276480894765e-01 4.350105530242910179e-05
2.458701307909774594e+06 9.823081589648217093e-01 4.350233422233004644e-05
2.458701313041604124e+06 9.824350778051078592e-01 4.350338419530861014e-05
2.458701318173433654e+06 9.825654083440066300e-01 4.350443416828716705e-05
2.458701323305263184e+06 9.826974625197204549e-01 4.350548414126573075e-05
2.458701328437092714e+06 9.828312105059371362e-01 4.350789946467640109e-05
2.458701333568922244e+06 9.829666523026565628e-01 4.351061167335772497e-05
2.458701338700751774e+06 9.831019899958794994e-01 4.351332388203905564e-05
2.458701343832581304e+06 9.832334077606879053e-01 4.351603609072038630e-05
2.458701348964410834e+06 9.833607809877162875e-01 4.351830212359155840e-05
2.458701354096240830e+06 9.834841096879717304e-01 4.352042865133603486e-05
2.458701359228070360e+06 9.836111741694218980e-01 4.352255517888755043e-05
2.458701364359899890e+06 9.837621909254237185e-01 4.352468170643905923e-05
2.458701369491729420e+06 9.839382027234224726e-01 4.353061798782084749e-05
2.458701374623558950e+06 9.841392095634186044e-01 4.353816981878817744e-05
2.458701379755388480e+06 9.843565649751494506e-01 4.354572164975549384e-05
2.458701384887218010e+06 9.845627219209726055e-01 4.355327348072281701e-05
2.458701390019047540e+06 9.847556284397673831e-01 4.355776247530030820e-05
2.458701395150877070e+06 9.849352845315337834e-01 4.356054822639279306e-05
2.458701400282706600e+06 9.851077728733356187e-01 4.356333397748528470e-05
2.458701405414536595e+06 9.852969747708769654e-01 4.356611972883055130e-05
2.458701410546366125e+06 9.855053178449311169e-01 4.357035456774749523e-05
2.458701415678195655e+06 9.857328021117977013e-01 4.357562569791581747e-05
2.458701420810025185e+06 9.859745802412730464e-01 4.358089682808413971e-05
2.458701425941854715e+06 9.862069873874262926e-01 4.358616795825246196e-05
2.458701431073684245e+06 9.864268628449894827e-01 4.359222246569139535e-05
2.458701436205513775e+06 9.866342066139625055e-01 4.359899013947282436e-05
2.458701441337343305e+06 9.868310210354575007e-01 4.360575781325425336e-05
2.458701446469172835e+06 9.870296298673904012e-01 4.361252548703568914e-05
2.458701451601002365e+06 9.872321395675314193e-01 4.361898284550950198e-05
2.458701456732831895e+06 9.874385501358803330e-01 4.362508154931661922e-05
2.458701461864661891e+06 9.876497853908616786e-01 4.363118025367713359e-05
2.458701466996491421e+06 9.878731568875664948e-01 4.363727895748425762e-05
2.458701472128320951e+06 9.881102348621738640e-01 4.364467332961390495e-05
2.458701477260150481e+06 9.883610193146836753e-01 4.365397688744383900e-05
2.458701482391980011e+06 9.886231145056094682e-01 4.366328044527376627e-05
2.458701487523809541e+06 9.888714343582367672e-01 4.367258400310370032e-05
2.458701492655639071e+06 9.890992949739538798e-01 4.368095481218007398e-05
2.458701497787468601e+06 9.893066963527609170e-01 4.368755236376118621e-05
2.458701502919298131e+06 9.894954665818868067e-01 4.369414991534229843e-05
2.458701508051127661e+06 9.896919951237067581e-01 4.370074746692341743e-05
2.458701513182957657e+06 9.899049346933602722e-01 4.370665612108157676e-05
2.458701518314787187e+06 9.901342852522031501e-01 4.371083740578628126e-05
2.458701523446616717e+06 9.903791752107047319e-01 4.371501869049099253e-05
2.458701528578446247e+06 9.906211488956861988e-01 4.371919997519569702e-05
2.458701533710275777e+06 9.908527912401037252e-01 4.372409043389950141e-05
2.458701538842105307e+06 9.910741022439576442e-01 4.373141632115072239e-05
2.458701543973934837e+06 9.912846257615530732e-01 4.373874220840195015e-05
2.458701549105764367e+06 9.914687060997494639e-01 4.374606809565317791e-05
2.458701554237593897e+06 9.916186411925411726e-01 4.375294937621787588e-05
2.458701559369423427e+06 9.917344310399280882e-01 4.375759583881408724e-05
2.458701564501252957e+06 9.918168787026396815e-01 4.376224230141029182e-05
2.458701569633082952e+06 9.919195045053152970e-01 4.376688876442811553e-05
2.458701574764912482e+06 9.920746427710415150e-01 4.377161089251763415e-05
2.458701579896742012e+06 9.922822935067480143e-01 4.377696885577454778e-05
2.458701585028571542e+06 9.925421468364286071e-01 4.378232681903146140e-05
2.458701590160401072e+06 9.927938496656693035e-01 4.378768478228837503e-05
2.458701595292230602e+06 9.929923107956469819e-01 4.379298337503498349e-05
2.458701600424060132e+06 9.931375302263614202e-01 4.379707162407001141e-05
2.458701605555889662e+06 9.932295174891871969e-01 4.380115987310504610e-05
2.458701610687719192e+06 9.933024932532932283e-01 4.380524812214007401e-05
2.458701615819548722e+06 9.933884595014169649e-01 4.380933637117510871e-05
2.458701620951378718e+06 9.934874162431276412e-01 4.381245940413534563e-05
2.458701626083208248e+06 9.935993634604660674e-01 4.381556989360173071e-05
2.458701631215037778e+06 9.937243011618224209e-01 4.381868038306810224e-05
2.458701636346867308e+06 9.938622293471968128e-01 4.382179087253448054e-05
2.458701641478696838e+06 9.940000354759558343e-01 4.382490136200086563e-05
2.458701646610526368e+06 9.941204323430561374e-01 4.382801185146723716e-05
2.458701651742355898e+06 9.942233400300396484e-01 4.383112234093361546e-05
2.458701656874185428e+06 9.943087585369065895e-01 4.383423283039999377e-05
2.458701662006014958e+06 9.943766878636565165e-01 4.383403968870087393e-05
2.458701667137844488e+06 9.944271280102900956e-01 4.383334413701199696e-05
2.458701672269674018e+06 9.944600789768066607e-01 4.383264858532311321e-05
2.458701677401504014e+06 9.944755407638160571e-01 4.383195303357112211e-05
2.458701682533333544e+06 9.944823499115972298e-01 4.383125748188223836e-05
2.458701687665163074e+06 9.944982162346089893e-01 4.383056193019335461e-05
2.458701692796992604e+06 9.945236360606195536e-01 4.382986637850447764e-05
2.458701697928822134e+06 9.945586093896292557e-01 4.382917082681559389e-05
2.458701703060651664e+06 9.946031362216379845e-01 4.383203294027824805e-05
2.458701708192481194e+06 9.946572165566458512e-01 4.383608840543897362e-05
2.458701713324310724e+06 9.947154252179631895e-01 4.384014387059969242e-05
2.458701718456140254e+06 9.947630287125796000e-01 4.384419933576042477e-05
2.458701723587969784e+06 9.947991986258567509e-01 4.384494970154878237e-05
2.458701728719799779e+06 9.948239349595208170e-01 4.384420984715395851e-05
2.458701733851629309e+06 9.948360203607904406e-01 4.384346999282626709e-05
2.458701738983458839e+06 9.948313980771220644e-01 4.384273013849858245e-05
2.458701744115288369e+06 9.948097434336711231e-01 4.384078354505039629e-05
2.458701749247117899e+06 9.947710564304373948e-01 4.383812715783604161e-05
2.458701754378947429e+06 9.947174000824360318e-01 4.383547077062169370e-05
2.458701759510776959e+06 9.946572601622556409e-01 4.383281438340733225e-05
2.458701764642606489e+06 9.945915546878750790e-01 4.383052369075148176e-05
2.458701769774436019e+06 9.945202836592943463e-01 4.382850880598648699e-05
2.458701774906265549e+06 9.944400468010398120e-01 4.382649392122149899e-05
2.458701780038095079e+06 9.943334079649142065e-01 4.382447903645651099e-05
2.458701785169925075e+06 9.941979049970396387e-01 4.382257994170924049e-05
2.458701790301754605e+06 9.940335379220073264e-01 4.382079188657956811e-05
2.458701795433584135e+06 9.938473612499519882e-01 4.381900383144990250e-05
2.458701800565413665e+06 9.936851505235573256e-01 4.381721577632023012e-05
2.458701805697243195e+06 9.935551401319800968e-01 4.381543331427950410e-05
2.458701810829072725e+06 9.934573300752203018e-01 4.381365766385337103e-05
2.458701815960902255e+06 9.933898639206022452e-01 4.381188201342723119e-05
2.458701821092731785e+06 9.933371677314637438e-01 4.381010636300109812e-05
2.458701826224561315e+06 9.932957327871835274e-01 4.380830540276327094e-05
2.458701831356390845e+06 9.932655590877618179e-01 4.380646507050147179e-05
2.458701836488220841e+06 9.932411468457614800e-01 4.380462473807267162e-05
2.458701841620050371e+06 9.931609839339380352e-01 4.380278440581086570e-05
2.458701846751879901e+06 9.930079134678997388e-01 4.379928111779814653e-05
2.458701851883709431e+06 9.927819354476465907e-01 4.379242749716981517e-05
2.458701857015538961e+06 9.924874693607959042e-01 4.378557387654147704e-05
2.458701862147368491e+06 9.921934367292730705e-01 4.377872025591314568e-05
2.458701867279198021e+06 9.919234649511251556e-01 4.377278793395247982e-05
2.458701872411027551e+06 9.916775540263524924e-01 4.376931992216975684e-05
2.458701877542857081e+06 9.914553529953626931e-01 4.376585191038704064e-05
2.458701882674686611e+06 9.912486906830375588e-01 4.376238389860433121e-05
2.458701887806516141e+06 9.910541361633552482e-01 4.375882907278009088e-05
2.458701892938346136e+06 9.908716894203096759e-01 4.375495259017248863e-05
2.458701898070175666e+06 9.907010900305112111e-01 4.375107610791664222e-05
2.458701903202005196e+06 9.905322088741466136e-01 4.374719962566080259e-05
2.458701908333834726e+06 9.903598365940917692e-01 4.374322773794199384e-05
2.458701913465664256e+06 9.901839731903466779e-01 4.373872747431287248e-05
2.458701918597493786e+06 9.900048581657154845e-01 4.373422721068373758e-05
2.458701923729323316e+06 9.898416933804489171e-01 4.372972694705461622e-05
2.458701928861152846e+06 9.897066201813768949e-01 4.372543290781019112e-05
2.458701933992982376e+06 9.895996385684995289e-01 4.372314157452707992e-05
2.458701939124811906e+06 9.895204801344831269e-01 4.372085024124397549e-05
2.458701944256641902e+06 9.893948088031040422e-01 4.371855890775294142e-05
2.458701949388471432e+06 9.891643734141800648e-01 4.371603090789923215e-05
2.458701954520300962e+06 9.888291739610601816e-01 4.370673178095848638e-05
2.458701959652130492e+06 9.883892119983742619e-01 4.369743265401775415e-05
2.458701964783960022e+06 9.879435063962636043e-01 4.368813352707701515e-05
2.458701969915789552e+06 9.875895174747084670e-01 4.367883440013627615e-05
2.458701975047619082e+06 9.873272452337087390e-01 4.367500782760705663e-05
2.458701980179448612e+06 9.871566896732644203e-01 4.367132627703036626e-05
2.458701985311278142e+06 9.870333184524526793e-01 4.366764472645366912e-05
2.458701990443107672e+06 9.869019558435442319e-01 4.366396317587697198e-05
2.458701995574937202e+06 9.867624474381556654e-01 4.366036833616323165e-05
2.458702000706767198e+06 9.866147932225195483e-01 4.365678159302155593e-05
2.458702005838596728e+06 9.864557098150876779e-01 4.365319485020535093e-05
2.458702010970426258e+06 9.862801482034798672e-01 4.364960810738914592e-05
2.458702016102255788e+06 9.860880527314146438e-01 4.364351830887169489e-05
2.458702021234085318e+06 9.858794233988922295e-01 4.363700404672131422e-05
2.458702026365914848e+06 9.856594727223119135e-01 4.363048978457092678e-05
2.458702031497744378e+06 9.854380632082438973e-01 4.362397552242053934e-05
2.458702036629573908e+06 9.852154286973925368e-01 4.362031846115609264e-05
2.458702041761403438e+06 9.849915691897580539e-01 4.361739625814032027e-05
2.458702046893232968e+06 9.847702423051669651e-01 4.361447405512454113e-05
2.458702052025062963e+06 9.845601588633746681e-01 4.361155185184360680e-05
2.458702057156892493e+06 9.843616710221837485e-01 4.360822215641092260e-05
2.458702062288722023e+06 9.841747787620053201e-01 4.360474617022811513e-05
2.458702067420551553e+06 9.839985694479365108e-01 4.360127018404531444e-05
2.458702072552381083e+06 9.838304523386017797e-01 4.359779419786251374e-05
2.458702077684210613e+06 9.836702692309274854e-01 4.359572570907909849e-05
2.458702082816040143e+06 9.835180201249139609e-01 4.359433106155125693e-05
2.458702087947869673e+06 9.833721622786871785e-01 4.359293641402340182e-05
2.458702093079699203e+06 9.832273165816107774e-01 4.359154176649556025e-05
2.458702098211528733e+06 9.830830215930740357e-01 4.358996571676596000e-05
2.458702103343358263e+06 9.829392773130771754e-01 4.358827689963866545e-05
2.458702108475188259e+06 9.827960837286515705e-01 4.358658808235811892e-05
2.458702113607017789e+06 9.826534408657841002e-01 4.358489926523082436e-05
2.458702118738847319e+06 9.825127395098837146e-01 4.358321044810352981e-05
2.458702123870676849e+06 9.823806730235059570e-01 4.358152163097624203e-05
2.458702129002506379e+06 9.822581206552234434e-01 4.357983281384894748e-05
2.458702134134335909e+06 9.821450824050361739e-01 4.357814399672165292e-05
2.458702139266165439e+06 9.820415582729443704e-01 4.357681531036714298e-05
2.458702144397994969e+06 9.819475482589478110e-01 4.357585039857691720e-05
2.458702149529824499e+06 9.818643057038590749e-01 4.357488548678668463e-05
2.458702154661654029e+06 9.818004136319627984e-01 4.357392057499645207e-05
2.458702159793484025e+06 9.817574956594573576e-01 4.357375998462753450e-05
2.458702164925313555e+06 9.817355517941317444e-01 4.357463186082621403e-05
2.458702170057143085e+06 9.817323381852335329e-01 4.357550373702489356e-05
2.458702175188972615e+06 9.817278732807903641e-01 4.357637561322357986e-05
2.458702180320802145e+06 9.817174369931587208e-01 4.357637663750962322e-05
2.458702185452631675e+06 9.817010293223383810e-01 4.357494654785908170e-05
2.458702190584461205e+06 9.816803424124173061e-01 4.357351645820855374e-05
2.458702195716290735e+06 9.816756340617796006e-01 4.357208636855801901e-05
2.458702200848120265e+06 9.816928172569254762e-01 4.357166558744580840e-05
2.458702205979949795e+06 9.817318919978550440e-01 4.357340225141878332e-05
2.458702211111779325e+06 9.817911989538772310e-01 4.357513891539176502e-05
2.458702216243609320e+06 9.818426932545409880e-01 4.357687557952233550e-05
2.458702221375438850e+06 9.818763243904944371e-01 4.357819091789855772e-05
2.458702226507268380e+06 9.818920923672206369e-01 4.357830167452948869e-05
2.458702231639097910e+06 9.818911631107780646e-01 4.357841243116041289e-05
2.458702236770927440e+06 9.819035399646420803e-01 4.357852318779134387e-05
2.458702241902756970e+06 9.819423886088801678e-01 4.357858956578454729e-05
2.458702247034586500e+06 9.820077090434923273e-01 4.357847792310057169e-05
2.458702252166416030e+06 9.820994818122529280e-01 4.357836628041659608e-05
2.458702257298245560e+06 9.822168413925471686e-01 4.357825463773261370e-05
2.458702262430075090e+06 9.823593223582115508e-01 4.357836360779504547e-05
2.458702267561905086e+06 9.825269247255944416e-01 4.357982825361536838e-05
2.458702272693734616e+06 9.827192673872681139e-01 4.358129289930278165e-05
2.458702277825564146e+06 9.828987934504291868e-01 4.358275754499020169e-05
2.458702282957393676e+06 9.830406395799624608e-01 4.358418679851776327e-05
2.458702288089223206e+06 9.831448057758677139e-01 4.358521107581770986e-05
2.458702293221052736e+06 9.832113518655761775e-01 4.358623535311765645e-05
2.458702298352882266e+06 9.832659135363176484e-01 4.358725963041760305e-05
2.458702303484711796e+06 9.833295742227392555e-01 4.358827508760509646e-05
2.458702308616541326e+06 9.834023339248412210e-01 4.358887494551821434e-05
2.458702313748370856e+06 9.834841926426233227e-01 4.358947480343133222e-05
2.458702318880200386e+06 9.835937590521652840e-01 4.359007466134445010e-05
2.458702324012030382e+06 9.837503203118896922e-01 4.359067451931199493e-05
2.458702329143859912e+06 9.839538779324177309e-01 4.359577459513817871e-05
2.458702334275689442e+06 9.842044319258236307e-01 4.360105635723591984e-05
2.458702339407518972e+06 9.844631852705271191e-01 4.360633811933364742e-05
2.458702344539348502e+06 9.846797004932613673e-01 4.361161988143138178e-05
2.458702349671178032e+06 9.848537671322066256e-01 4.361513853571838043e-05
2.458702354803007562e+06 9.849853851873625610e-01 4.361846477885846787e-05
2.458702359934837092e+06 9.851176818824074477e-01 4.362179102199856208e-05
2.458702365066666622e+06 9.853200818513667691e-01 4.362511726513864952e-05
2.458702370198496152e+06 9.855935174869185911e-01 4.363156060080484159e-05
2.458702375330326147e+06 9.859379888235432210e-01 4.363858877405777211e-05
2.458702380462155677e+06 9.863124976815925704e-01 4.364561694667298168e-05
2.458702385593985207e+06 9.866359418477594900e-01 4.365264511928817771e-05
2.458702390725814737e+06 9.869061300829157224e-01 4.366024455050003408e-05
2.458702395857644267e+06 9.871230623870612675e-01 4.366800283081001132e-05
2.458702400989473797e+06 9.873088858201364282e-01 4.367576111111998177e-05
2.458702406121303327e+06 9.875172553534933284e-01 4.368351939142995223e-05
2.458702411253132857e+06 9.877505632877235930e-01 4.369012481312464221e-05
2.458702416384962387e+06 9.880088096228268890e-01 4.369628819798486875e-05
2.458702421516791917e+06 9.882839912936772775e-01 4.370245158284510206e-05
2.458702426648621447e+06 9.885523571256469300e-01 4.370861496770533537e-05
2.458702431780451443e+06 9.888123372583544901e-01 4.371669242395821064e-05
2.458702436912280973e+06 9.890639316446190321e-01 4.372574168352944489e-05
2.458702442044110503e+06 9.893049786574246163e-01 4.373479094310068593e-05
2.458702447175940033e+06 9.895275897261435194e-01 4.374384020267192019e-05
2.458702452307769563e+06 9.897310411055292301e-01 4.375173037486914746e-05
2.458702457439599093e+06 9.899153327955821924e-01 4.375885955752949316e-05
2.458702462571428623e+06 9.900922991724853128e-01 4.376598874018985242e-05
2.458702467703258153e+06 9.903154500117864467e-01 4.377311792285020490e-05
2.458702472835087683e+06 9.905913104740933228e-01 4.378294869920457821e-05
2.458702477966917213e+06 9.909198805594060522e-01 4.379504332276145826e-05
2.458702483098747209e+06 9.912918743979672875e-01 4.380713794741580841e-05
2.458702488230576739e+06 9.916546430658641498e-01 4.381923257097268168e-05
2.458702493362406269e+06 9.919999037777140760e-01 4.383024582539518128e-05
2.458702498494235799e+06 9.923276565335168442e-01 4.384010848164578589e-05
2.458702503626065329e+06 9.926346352454052946e-01 4.384997113789639050e-05
2.458702508757894859e+06 9.928972088229546245e-01 4.385983379414699511e-05
2.458702513889724389e+06 9.931106798681801351e-01 4.386819953742249483e-05
2.458702519021553919e+06 9.932750483810818265e-01 4.387453924669351593e-05
2.458702524153383449e+06 9.934021487247984838e-01 4.388087895596454380e-05
2.458702529285212979e+06 9.936040234139617011e-01 4.388721866523556491e-05
2.458702534417042509e+06 9.939084096642902821e-01 4.389586465917699341e-05
2.458702539548872504e+06 9.943153075173566391e-01 4.390851749727691717e-05
2.458702544680702034e+06 9.948094831281921735e-01 4.392117033422873181e-05
2.458702549812531564e+06 9.951952764226629222e-01 4.393382317118055323e-05
2.458702554944361094e+06 9.954129388588339733e-01 4.394343281762418455e-05
2.458702560076190624e+06 9.954624704367053267e-01 4.394613173508603115e-05
2.458702565208020154e+06 9.953562648319318473e-01 4.394883065254788452e-05
2.458702570339849684e+06 9.953221413231061465e-01 4.395152957000973112e-05
2.458702575471679214e+06 9.954454386966403723e-01 4.395644147744642811e-05
2.458702580603508744e+06 9.957261569525349687e-01 4.396813117504001740e-05
2.458702585735338274e+06 9.961594451040592935e-01 4.397982087263360669e-05
2.458702590867168270e+06 9.966065192299029540e-01 4.399151057128791839e-05
2.458702595998997800e+06 9.970037317633595464e-01 4.400281777593032309e-05
2.458702601130827330e+06 9.973510827472582552e-01 4.401245714660250574e-05
2.458702606262656860e+06 9.976485572782585187e-01 4.402209651727468840e-05
2.458702611394486390e+06 9.978953885295633874e-01 4.403173588794687105e-05
2.458702616526315920e+06 9.980911452529795946e-01 4.404040598402139678e-05
2.458702621658145450e+06 9.982358274485071403e-01 4.404241112193329344e-05
2.458702626789974980e+06 9.983294139826431879e-01 4.404441625984519687e-05
2.458702631921804510e+06 9.983692739097125290e-01 4.404642139775710030e-05
2.458702637053634040e+06 9.983535828418248492e-01 4.404826212489042642e-05
2.458702642185463570e+06 9.982823407789799264e-01 4.404782707286357917e-05
2.458702647317293566e+06 9.981556842494292425e-01 4.404739202079726017e-05
2.458702652449123096e+06 9.980772781907292224e-01 4.404695696877041291e-05
2.458702657580952626e+06 9.981366645379456948e-01 4.404659272015938967e-05
2.458702662712782156e+06 9.983338432910782156e-01 4.405524857199288159e-05
2.458702667844611686e+06 9.986688144501272291e-01 4.406390442382637350e-05
2.458702672976441216e+06 9.990296432610991095e-01 4.407256027565986542e-05
2.458702678108270746e+06 9.992942638457146254e-01 4.408121612749335734e-05
2.458702683240100276e+06 9.994626195333397023e-01 4.408101673658873195e-05
2.458702688371929806e+06 9.995347103239741182e-01 4.408033358973496223e-05
2.458702693503759336e+06 9.995651467839129500e-01 4.407965044288119928e-05
2.458702698635589331e+06 9.996283774819045842e-01 4.407896729596544029e-05
2.458702703767418861e+06 9.997248334470157927e-01 4.408235321409085855e-05
2.458702708899248391e+06 9.998545146834766362e-01 4.408624918907920633e-05
2.458702714031077921e+06 9.999718348850082927e-01 4.409014516406754733e-05
2.458702719162907451e+06 1.000000000000000000e+00 4.409404113905589511e-05
2.458702724294736981e+06 9.999377780942809713e-01 4.409319406248777895e-05
2.458702729426566511e+06 9.997851691678512065e-01 4.409136879329164952e-05
2.458702734558396041e+06 9.995893434547555856e-01 4.408954352409552010e-05
2.458702739690225571e+06 9.994478450847650297e-01 4.408771825489939068e-05
2.458702744822055101e+06 9.993636506495733318e-01 4.408637499115985276e-05
2.458702749953884631e+06 9.993367601491807140e-01 4.408517616146706200e-05
2.458702755085714627e+06 9.993460142332790674e-01 4.408397733166547833e-05
2.458702760217544157e+06 9.993378390232449116e-01 4.408277850197268080e-05
2.458702765349373687e+06 9.993096127281966279e-01 4.408367097590985454e-05
2.458702770481203217e+06 9.992613353481339944e-01 4.408541827240223729e-05
2.458702775613032747e+06 9.992027044347565612e-01 4.408716556889462682e-05
2.458702780744862277e+06 9.991638136549741978e-01 4.408891286538700957e-05
2.458702785876691807e+06 9.991468094865585403e-01 4.408915060866590345e-05
2.458702791008521337e+06 9.991516919295096999e-01 4.408857644634250488e-05
2.458702796140350867e+06 9.991650689219546688e-01 4.408800228401909275e-05
2.458702801272180397e+06 9.991357703741058360e-01 4.408742812169568739e-05
2.458702806404010393e+06 9.990587854334730400e-01 4.408693822143275944e-05
2.458702811535839923e+06 9.989341141140275493e-01 4.408650671362759102e-05
2.458702816667669453e+06 9.987674361043680227e-01 4.408607520582242259e-05
2.458702821799498983e+06 9.985856994303684564e-01 4.408564369801725417e-05
2.458702826931328513e+06 9.983923855110982126e-01 4.408432093241233227e-05
2.458702832063158043e+06 9.981874943465569583e-01 4.408221124024784402e-05
2.458702837194987573e+06 9.979736788899632449e-01 4.408010154808335578e-05
2.458702842326817103e+06 9.977667749751084614e-01 4.407799185591886753e-05
2.458702847458646633e+06 9.975694083069228668e-01 4.407512182072981460e-05
2.458702852590476163e+06 9.973815788854063502e-01 4.407139951221032031e-05
2.458702857722305693e+06 9.972029259692257730e-01 4.406767720369083956e-05
2.458702862854135688e+06 9.970306886153526005e-01 4.406395489483357563e-05
2.458702867985965218e+06 9.968642905298135126e-01 4.406076909624919260e-05
2.458702873117794748e+06 9.967037316967150007e-01 4.405834928553889127e-05
2.458702878249624278e+06 9.965459589819141151e-01 4.405592947482859671e-05
2.458702883381453808e+06 9.963601882231434281e-01 4.405350966411830215e-05
2.458702888513283338e+06 9.961384362631013900e-01 4.405023886542544552e-05
2.458702893645112868e+06 9.958807031017876676e-01 4.404540367437786958e-05
2.458702898776942398e+06 9.955897160496186560e-01 4.404056848333029364e-05
2.458702903908771928e+06 9.953031509173917435e-01 4.403573329228271770e-05
2.458702909040601458e+06 9.950330411134989950e-01 4.403000895896920383e-05
2.458702914172431454e+06 9.947793866156702247e-01 4.402213637763220932e-05
2.458702919304260984e+06 9.945413473304907104e-01 4.401426379700958206e-05
2.458702924436090514e+06 9.943020612478437048e-01 4.400639121638694803e-05
2.458702929567920044e+06 9.940549267423757218e-01 4.399925095564491303e-05
2.458702934699749574e+06 9.937999438140869835e-01 4.399451943279462078e-05
2.458702939831579104e+06 9.935378929070307619e-01 4.398978790994432852e-05
2.458702944963408634e+06 9.932937624792463893e-01 4.398505638709403626e-05
2.458702950095238164e+06 9.930795306038134873e-01 4.398060489766102263e-05
2.458702955227067694e+06 9.928951972807318338e-01 4.397748687726585576e-05
2.458702960358897224e+06 9.927401533360632468e-01 4.397436885687069566e-05
2.458702965490726754e+06 9.925776674951746203e-01 4.397125083647552879e-05
2.458702970622556750e+06 9.923861304335401812e-01 4.396777645075786341e-05
2.458702975754386280e+06 9.921655421859204571e-01 4.396153154943784909e-05
2.458702980886215810e+06 9.919159674046047481e-01 4.395528664811782800e-05
2.458702986018045340e+06 9.916479404194857850e-01 4.394904174679781369e-05
2.458702991149874870e+06 9.913691164916633713e-01 4.394266342495971685e-05
2.458702996281704400e+06 9.910794956211372853e-01 4.393396504316513180e-05
2.458703001413533930e+06 9.907790865414192183e-01 4.392526666137053996e-05
2.458703006545363460e+06 9.904830303572713657e-01 4.391656827957594812e-05
2.458703011677192990e+06 9.902050734847742675e-01 4.390786989778136306e-05
2.458703016809022520e+06 9.899452159239277016e-01 4.390343150716183296e-05
2.458703021940852515e+06 9.897034576536160033e-01 4.389901541876750754e-05
2.458703027072682045e+06 9.894607482253169328e-01 4.389459933077390324e-05
2.458703032204511575e+06 9.891952480891244015e-01 4.389018324278029217e-05
2.458703037336341105e+06 9.889069321815868729e-01 4.388432200645717217e-05
2.458703042468170635e+06 9.885958005027046802e-01 4.387836064222023878e-05
2.458703047600000165e+06 9.882782968412228142e-01 4.387239927798329862e-05
