2.458906000000000000e+06 9.813630393658679951e-01 4.427207446834250895e-05
2.458906005131829530e+06 9.813187280421108438e-01 4.427088234885190240e-05
2.458906010263659060e+06 9.813107949755838222e-01 4.426975911858010174e-05
2.458906015395488590e+06 9.813392401662865971e-01 4.427264096094499717e-05
2.458906020527318120e+06 9.814040636142195018e-01 4.427552280330989261e-05
2.458906025659147650e+06 9.814889687935635099e-01 4.427840464567478127e-05
2.458906030790977646e+06 9.815768021955673106e-01 4.428128648830117271e-05
2.458906035922807176e+06 9.816675610059750756e-01 4.428528228350027244e-05
2.458906041054636706e+06 9.817612452326240913e-01 4.428932786153237270e-05
2.458906046186466236e+06 9.818579210266755730e-01 4.429337343956446618e-05
2.458906051318295766e+06 9.819576756660589600e-01 4.429741901759656644e-05
2.458906056450125296e+06 9.820605095564398646e-01 4.429896084109447496e-05
2.458906061581954826e+06 9.821664226978182866e-01 4.430021682407307254e-05
2.458906066713784356e+06 9.822826851851990115e-01 4.430147280705167690e-05
2.458906071845613886e+06 9.824211705216387980e-01 4.430272879003028125e-05
2.458906076977443416e+06 9.825820477521723939e-01 4.430618230662353168e-05
2.458906082109273411e+06 9.827653168944453510e-01 4.431006113011492771e-05
2.458906087241102941e+06 9.829498238939724519e-01 4.431393995325435105e-05
2.458906092372932471e+06 9.830931136324031483e-01 4.431781877639378117e-05
2.458906097504762001e+06 9.831939916619661934e-01 4.431829343371428923e-05
2.458906102636591531e+06 9.832524579826613653e-01 4.431779760427569955e-05
2.458906107768421061e+06 9.832912754161654556e-01 4.431730177483710986e-05
2.458906112900250591e+06 9.833664059827373904e-01 4.431680594539853373e-05
2.458906118032080121e+06 9.834804247136039734e-01 4.432136818359808914e-05
2.458906123163909651e+06 9.836333316087655376e-01 4.432791242244624993e-05
2.458906128295739181e+06 9.838217787583689589e-01 4.433445666129442428e-05
2.458906133427568711e+06 9.840356784386604660e-01 4.434100090014259186e-05
2.458906138559398707e+06 9.842743461645377945e-01 4.434729036992313448e-05
2.458906143691228237e+06 9.845377818926875912e-01 4.435344787942009545e-05
2.458906148823057767e+06 9.848141707193219796e-01 4.435960538891704964e-05
2.458906153954887297e+06 9.850597025286679242e-01 4.436576289841401061e-05
2.458906159086716827e+06 9.852702647289696136e-01 4.437010517771419808e-05
2.458906164218546357e+06 9.854458573202268257e-01 4.437323271711008526e-05
2.458906169350375887e+06 9.855955103450535493e-01 4.437636025650597922e-05
2.458906174482205417e+06 9.857607567828563511e-01 4.437948779590186640e-05
2.458906179614034947e+06 9.859467672578441366e-01 4.438355069967303600e-05
2.458906184745864477e+06 9.861535417700173500e-01 4.438841231142735984e-05
2.458906189877694473e+06 9.863787000890024137e-01 4.439327392362281844e-05
2.458906195009524003e+06 9.866084931393496182e-01 4.439813553537714228e-05
2.458906200141353533e+06 9.868407159475902635e-01 4.440305416466467807e-05
2.458906205273183063e+06 9.870753685137244604e-01 4.440803463355730578e-05
2.458906210405012593e+06 9.873112957275917978e-01 4.441301510244993349e-05
2.458906215536842123e+06 9.875399649803815461e-01 4.441799557134256120e-05
2.458906220668671653e+06 9.877596489319253603e-01 4.442244663157655368e-05
2.458906225800501183e+06 9.879703475822230185e-01 4.442616668252380603e-05
2.458906230932330713e+06 9.881723821103196581e-01 4.442988673347105839e-05
2.458906236064160243e+06 9.883688661239306006e-01 4.443360678441830397e-05
2.458906241195989773e+06 9.885605841599959254e-01 4.443889423786340188e-05
2.458906246327819768e+06 9.887475362352632358e-01 4.444696410591041596e-05
2.458906251459649298e+06 9.889317224907236969e-01 4.445503397322517344e-05
2.458906256591478828e+06 9.891395590489947542e-01 4.446310384053992414e-05
2.458906261723308358e+06 9.893792541901189619e-01 4.447089770044573018e-05
2.458906266855137888e+06 9.896508079140964309e-01 4.447804952927674052e-05
2.458906271986967418e+06 9.899518666111852827e-01 4.448520135810775085e-05
2.458906277118796948e+06 9.902376613033487818e-01 4.449235318693876118e-05
2.458906282250626478e+06 9.904911268596559015e-01 4.449795547151011606e-05
2.458906287382456008e+06 9.907122632801069750e-01 4.449867659724986564e-05
2.458906292514285538e+06 9.909018748054384540e-01 4.449939772298961522e-05
2.458906297646115534e+06 9.910840163928817947e-01 4.450011884879480318e-05
2.458906302777945064e+06 9.912699177722644750e-01 4.450127554594474413e-05
2.458906307909774594e+06 9.914595789599432996e-01 4.450439953708697400e-05
2.458906313041604124e+06 9.916527696473504960e-01 4.450752352822920387e-05
2.458906318173433654e+06 9.918368647215340950e-01 4.451064751937143375e-05
2.458906323305263184e+06 9.920046318196066304e-01 4.451386652035556969e-05
2.458906328437092714e+06 9.921560709415678803e-01 4.451777195278010799e-05
2.458906333568922244e+06 9.922913615143762467e-01 4.452167738520465307e-05
2.458906338700751774e+06 9.924353762973929793e-01 4.452558281762920492e-05
2.458906343832581304e+06 9.926057029140222809e-01 4.452953969095185420e-05
2.458906348964410834e+06 9.928023413642645956e-01 4.453427623629527612e-05
2.458906354096240830e+06 9.930252634799897615e-01 4.453901278206848257e-05
2.458906359228070360e+06 9.932453228786213284e-01 4.454374932741190450e-05
2.458906364359899890e+06 9.934368069019894332e-01 4.454848306779031914e-05
2.458906369491729420e+06 9.935997155500945199e-01 4.455194766428551912e-05
2.458906374623558950e+06 9.937340488229364777e-01 4.455541226078071231e-05
2.458906379755388480e+06 9.938520097239279538e-01 4.455887685727590551e-05
2.458906384887218010e+06 9.939671985928891784e-01 4.456234145377109871e-05
2.458906390019047540e+06 9.940796252895421903e-01 4.456595067933635107e-05
2.458906395150877070e+06 9.941892898138865453e-01 4.456956872578278305e-05
2.458906400282706600e+06 9.943009313453209375e-01 4.457318677222922180e-05
2.458906405414536595e+06 9.944211463225367531e-01 4.457680481900395698e-05
2.458906410546366125e+06 9.945499781131241779e-01 4.457911123625613546e-05
2.458906415678195655e+06 9.946874267276010206e-01 4.458124356851121131e-05
2.458906420810025185e+06 9.948206357744342476e-01 4.458337590076627359e-05
2.458906425941854715e+06 9.949275034050891753e-01 4.458550823302134266e-05
2.458906431073684245e+06 9.950076476974203388e-01 4.458629203683508622e-05
2.458906436205513775e+06 9.950610686514280712e-01 4.458678609219806564e-05
2.458906441337343305e+06 9.950863779694564260e-01 4.458728014756105861e-05
2.458906446469172835e+06 9.950806461166507022e-01 4.458777420292404480e-05
2.458906451601002365e+06 9.950437788342842982e-01 4.458531577748824483e-05
2.458906456732831895e+06 9.949757761223575470e-01 4.458194254147129597e-05
2.458906461864661891e+06 9.949040298783465852e-01 4.457856930514824973e-05
2.458906466996491421e+06 9.948993315477461241e-01 4.457519606913129409e-05
2.458906472128320951e+06 9.949652931491907992e-01 4.457729421472012926e-05
2.458906477260150481e+06 9.951019146826810546e-01 4.458169547612327092e-05
2.458906482391980011e+06 9.952714252685587182e-01 4.458609673752640581e-05
2.458906487523809541e+06 9.953541068038607165e-01 4.459049799892954747e-05
2.458906492655639071e+06 9.953411161536924734e-01 4.458916525553620721e-05
2.458906497787468601e+06 9.952324533180538779e-01 4.458466376387539855e-05
2.458906502919298131e+06 9.950572728115916199e-01 4.458016227221458990e-05
2.458906508051127661e+06 9.949294732106066519e-01 4.457566078055378125e-05
2.458906513182957657e+06 9.948605549387432578e-01 4.457328708598856225e-05
2.458906518314787187e+06 9.948505180085087662e-01 4.457242670238000610e-05
2.458906523446616717e+06 9.948796760633384917e-01 4.457156631877145673e-05
2.458906528578446247e+06 9.948523825421944355e-01 4.457070593516290736e-05
2.458906533710275777e+06 9.947559338465155054e-01 4.456722954458803779e-05
2.458906538842105307e+06 9.945903299763019234e-01 4.456138337101696171e-05
2.458906543973934837e+06 9.943740206293359973e-01 4.455553719744587886e-05
2.458906549105764367e+06 9.942200170224637645e-01 4.454969102387479601e-05
2.458906554237593897e+06 9.941475451965038346e-01 4.454874935087188884e-05
2.458906559369423427e+06 9.941566051514565405e-01 4.455345041584444506e-05
2.458906564501252957e+06 9.942350102503654252e-01 4.455815148081701484e-05
2.458906569633082952e+06 9.942867677201251420e-01 4.456285254621615040e-05
2.458906574764912482e+06 9.942913450532645525e-01 4.456423568568496665e-05
2.458906579896742012e+06 9.942487422566208544e-01 4.456075068865152691e-05
2.458906585028571542e+06 9.941599613498023347e-01 4.455726569161810071e-05
2.458906590160401072e+06 9.940354433898452857e-01 4.455378069458466097e-05
2.458906595292230602e+06 9.938779606428506108e-01 4.455102410016160519e-05
2.458906600424060132e+06 9.936875131088186430e-01 4.454964659945608962e-05
2.458906605555889662e+06 9.934675058181131613e-01 4.454826909875058083e-05
2.458906610687719192e+06 9.932668415066936429e-01 4.454689159804506527e-05
2.458906615819548722e+06 9.931015063130632647e-01 4.454522750382473346e-05
2.458906620951378718e+06 9.929715002270281810e-01 4.454284770039379542e-05
2.458906626083208248e+06 9.928743852710570916e-01 4.454046789717880335e-05
2.458906631215037778e+06 9.927588226088123191e-01 4.453808809396380449e-05
2.458906636346867308e+06 9.926042397260085304e-01 4.453478155748894467e-05
2.458906641478696838e+06 9.924106366226457254e-01 4.452830561903037921e-05
2.458906646610526368e+06 9.921790737708737762e-01 4.452182968057182054e-05
2.458906651742355898e+06 9.919457216321945214e-01 4.451535374211326187e-05
2.458906656874185428e+06 9.917283339822584587e-01 4.450900958262454668e-05
2.458906662006014958e+06 9.915269108210651439e-01 4.450332484236249256e-05
2.458906667137844488e+06 9.913413691136843120e-01 4.449764010210043844e-05
2.458906672269674018e+06 9.911662174326444363e-01 4.449195536183838431e-05
2.458906677401504014e+06 9.909981447273552568e-01 4.448649309318564789e-05
2.458906682533333544e+06 9.908371510283182637e-01 4.448289012619226267e-05
2.458906687665163074e+06 9.906831393377977246e-01 4.447928715919887744e-05
2.458906692796992604e+06 9.905174373487131145e-01 4.447568419220549900e-05
2.458906697928822134e+06 9.903261184117961857e-01 4.447211997439176677e-05
2.458906703060651664e+06 9.901091825270463831e-01 4.446933836336612486e-05
2.458906708192481194e+06 9.898666388861016019e-01 4.446655675234048295e-05
2.458906713324310724e+06 9.896301271717613535e-01 4.446377514131484782e-05
2.458906718456140254e+06 9.894291933574621556e-01 4.446099353028920592e-05
2.458906723587969784e+06 9.892638374432041193e-01 4.445813308874348337e-05
2.458906728719799779e+06 9.891340594188253732e-01 4.445527164806013245e-05
2.458906733851629309e+06 9.889912282707434832e-01 4.445241020763644117e-05
2.458906738983458839e+06 9.887780138202342251e-01 4.444954876721273634e-05
2.458906744115288369e+06 9.884943209266652264e-01 4.444218414249683624e-05
2.458906749247117899e+06 9.881401495900364873e-01 4.443446907467125137e-05
2.458906754378947429e+06 9.877745938282043170e-01 4.442675400684567327e-05
2.458906759510776959e+06 9.874843736423305485e-01 4.441903893902009518e-05
2.458906764642606489e+06 9.872702522326712860e-01 4.441489515883034658e-05
2.458906769774436019e+06 9.871322295992267515e-01 4.441129396606513920e-05
2.458906774906265549e+06 9.870277825809556926e-01 4.440769277329993859e-05
2.458906780038095079e+06 9.868799868133369957e-01 4.440409158053473798e-05
2.458906785169925075e+06 9.866872592663122887e-01 4.439914159480911948e-05
2.458906790301754605e+06 9.864495999748574828e-01 4.439387196777959041e-05
2.458906795433584135e+06 9.861891548198082891e-01 4.438860234075006134e-05
2.458906800565413665e+06 9.859550541719505068e-01 4.438333271372053228e-05
2.458906805697243195e+06 9.857490892742992727e-01 4.437857910555980545e-05
2.458906810829072725e+06 9.855712601268549200e-01 4.437399867230269496e-05
2.458906815960902255e+06 9.854166902147023510e-01 4.436941823904558447e-05
2.458906821092731785e+06 9.852721295468259699e-01 4.436483780578848754e-05
2.458906826224561315e+06 9.851368324200795445e-01 4.436276317931951799e-05
2.458906831356390845e+06 9.850107988344629639e-01 4.436181941847800792e-05
2.458906836488220841e+06 9.848910553920654509e-01 4.436087565755085944e-05
2.458906841620050371e+06 9.847676849276245648e-01 4.435993189670934937e-05
2.458906846751879901e+06 9.846398926600533619e-01 4.435773156489067912e-05
2.458906851883709431e+06 9.845076785893518423e-01 4.435479118225940605e-05
2.458906857015538961e+06 9.843671463786052289e-01 4.435185079962812620e-05
2.458906862147368491e+06 9.842022490613132613e-01 4.434891041699684635e-05
2.458906867279198021e+06 9.840112477534828095e-01 4.434448248053572922e-05
2.458906872411027551e+06 9.837941424551137626e-01 4.433893078989384481e-05
2.458906877542857081e+06 9.835648852420021404e-01 4.433337909925197395e-05
2.458906882674686611e+06 9.833951438735949457e-01 4.432782740861009632e-05
2.458906887806516141e+06 9.832950579129923208e-01 4.432571122905388887e-05
2.458906892938346136e+06 9.832646273605932796e-01 4.432689625211996641e-05
2.458906898070175666e+06 9.832914013622503502e-01 4.432808127507851143e-05
2.458906903202005196e+06 9.832944039826634341e-01 4.432926629803706322e-05
2.458906908333834726e+06 9.832590372008086499e-01 4.432846553460217324e-05
2.458906913465664256e+06 9.831853010166856643e-01 4.432524042720899839e-05
2.458906918597493786e+06 9.830773689322231945e-01 4.432201531981582354e-05
2.458906923729323316e+06 9.829703578407140707e-01 4.431879021242266225e-05
2.458906928861152846e+06 9.828721984713778559e-01 4.431586131908704228e-05
2.458906933992982376e+06 9.827828908242145500e-01 4.431339459096274275e-05
2.458906939124811906e+06 9.827026721949440047e-01 4.431092786283845000e-05
2.458906944256641902e+06 9.826342070297846565e-01 4.430846113449031694e-05
2.458906949388471432e+06 9.825782404925819113e-01 4.430640237754518207e-05
2.458906954520300962e+06 9.825347725765564144e-01 4.430516857001400304e-05
2.458906959652130492e+06 9.825046701481745526e-01 4.430393476248283078e-05
2.458906964783960022e+06 9.825015229559938001e-01 4.430270095495165175e-05
2.458906969915789552e+06 9.825300035572289703e-01 4.430255952835610592e-05
2.458906975047619082e+06 9.825901119518799520e-01 4.430535355691340462e-05
2.458906980179448612e+06 9.826808129734841968e-01 4.430814758547071009e-05
2.458906985311278142e+06 9.827778299979534893e-01 4.431094161402800879e-05
2.458906990443107672e+06 9.828709362659756588e-01 4.431368536184003510e-05
2.458906995574937202e+06 9.829601317775505942e-01 4.431624167616453461e-05
2.458907000706767198e+06 9.830451534061190877e-01 4.431879799072098561e-05
2.458907005838596728e+06 9.831156580260277389e-01 4.432135430504547833e-05
2.458907010970426258e+06 9.831663067266371847e-01 4.432402145261124418e-05
2.458907016102255788e+06 9.831970995079474251e-01 4.432730776231709349e-05
2.458907021234085318e+06 9.832084192213641494e-01 4.433059407202294281e-05
2.458907026365914848e+06 9.832315071983105392e-01 4.433388038172879212e-05
2.458907031497744378e+06 9.832861989850580908e-01 4.433685630050157914e-05
2.458907036629573908e+06 9.833724945816072482e-01 4.433677381013648844e-05
2.458907041761403438e+06 9.834903401370244103e-01 4.433669131977140452e-05
2.458907046893232968e+06 9.836242361729033989e-01 4.433660882940632060e-05
2.458907052025062963e+06 9.837619796548324747e-01 4.433657811418183513e-05
2.458907057156892493e+06 9.839035705578140778e-01 4.433809132450109726e-05
2.458907062288722023e+06 9.840490088394314716e-01 4.433960453482035940e-05
2.458907067420551553e+06 9.841901635905935253e-01 4.434111774513962154e-05
2.458907072552381083e+06 9.843189879088328764e-01 4.434263095545888368e-05
2.458907077684210613e+06 9.844354817941493030e-01 4.434422095744232594e-05
2.458907082816040143e+06 9.845396452465431381e-01 4.434581311011663493e-05
2.458907087947869673e+06 9.846556539208394243e-01 4.434740526279094391e-05
2.458907093079699203e+06 9.848136270160888772e-01 4.434899741546525289e-05
2.458907098211528733e+06 9.850136531547835084e-01 4.435580278463156100e-05
2.458907103343358263e+06 9.852557323369234288e-01 4.436310451210502694e-05
2.458907108475188259e+06 9.855153538850249806e-01 4.437040624024106238e-05
2.458907113607017789e+06 9.857546153089408181e-01 4.437770796771453509e-05
2.458907118738847319e+06 9.859730881324830776e-01 4.438322256469356817e-05
2.458907123870676849e+06 9.861707723556519811e-01 4.438843010126288251e-05
2.458907129002506379e+06 9.863631932153891224e-01 4.439363763783219007e-05
2.458907134134335909e+06 9.865798961453706717e-01 4.439884517440151118e-05
2.458907139266165439e+06 9.868215940349928106e-01 4.440416816577253008e-05
2.458907144397994969e+06 9.870882868842554281e-01 4.440952116921245598e-05
2.458907149529824499e+06 9.873651061219707037e-01 4.441487417265238189e-05
2.458907154661654029e+06 9.876173738652013201e-01 4.442022717609230779e-05
2.458907159793484025e+06 9.878436688486944561e-01 4.442368563151898519e-05
2.458907164925313555e+06 9.880439910313818519e-01 4.442645748493669066e-05
2.458907170057143085e+06 9.882267885328228640e-01 4.442922933835440291e-05
2.458907175188972615e+06 9.884161988266437771e-01 4.443200119177210839e-05
2.458907180320802145e+06 9.886137132555357088e-01 4.443652070007929903e-05
2.458907185452631675e+06 9.888193318194984371e-01 4.444188434731670027e-05
2.458907190584461205e+06 9.890371572089045049e-01 4.444724799455410829e-05
2.458907195716290735e+06 9.892815945113939691e-01 4.445261164179150953e-05
2.458907200848120265e+06 9.895538924384618129e-01 4.445839396953318509e-05
2.458907205979949795e+06 9.898540509901081474e-01 4.446443882733141286e-05
2.458907211111779325e+06 9.901743081533553870e-01 4.447048368512963385e-05
2.458907216243609320e+06 9.904809415168717157e-01 4.447652854347637982e-05
2.458907221375438850e+06 9.907700372830750002e-01 4.448381377483196533e-05
2.458907226507268380e+06 9.910415954805847916e-01 4.449209385517626913e-05
2.458907231639097910e+06 9.912999683997051337e-01 4.450037393552057970e-05
2.458907236770927440e+06 9.915688152365624841e-01 4.450865401586488350e-05
2.458907241902756970e+06 9.918516965704841093e-01 4.451521348976437650e-05
2.458907247034586500e+06 9.921486124014694541e-01 4.452001921813103415e-05
2.458907252166416030e+06 9.924571560958933558e-01 4.452482494649769181e-05
2.458907257298245560e+06 9.927606865786091639e-01 4.452963067486434947e-05
2.458907262430075090e+06 9.930560279546180036e-01 4.453585304208918205e-05
2.458907267561905086e+06 9.933431802496044405e-01 4.454391137471612282e-05
2.458907272693734616e+06 9.936195417713099554e-01 4.455196970661185732e-05
2.458907277825564146e+06 9.938616832477584762e-01 4.456002803850758504e-05
2.458907282957393676e+06 9.940640216748669600e-01 4.456573373892433259e-05
2.458907288089223206e+06 9.942265570526355178e-01 4.456753256079766886e-05
2.458907293221052736e+06 9.943541897177420319e-01 4.456933138267101191e-05
2.458907298352882266e+06 9.945063764979270582e-01 4.457113020454434141e-05
2.458907303484711796e+06 9.947006245353535725e-01 4.457436510870720786e-05
2.458907308616541326e+06 9.949369338300217969e-01 4.458070622176689467e-05
2.458907313748370856e+06 9.952125124525630362e-01 4.458704733482658826e-05
2.458907318880200386e+06 9.954793832617807592e-01 4.459338844788628185e-05
2.458907324012030382e+06 9.957201986758550394e-01 4.459864013805060165e-05
2.458907329143859912e+06 9.959349586510826136e-01 4.460073344156449432e-05
2.458907334275689442e+06 9.961244313570115638e-01 4.460282674507839377e-05
2.458907339407518972e+06 9.963088165202461655e-01 4.460492004859229999e-05
2.458907344539348502e+06 9.964970600797660172e-01 4.460786353133159329e-05
2.458907349671178032e+06 9.966891620355704529e-01 4.461427737781846454e-05
2.458907354803007562e+06 9.968848732115195288e-01 4.462069122430533579e-05
2.458907359934837092e+06 9.970727645648101989e-01 4.462710507079220703e-05
2.458907365066666622e+06 9.972466302995687260e-01 4.463307814134593742e-05
2.458907370198496152e+06 9.974064704157951100e-01 4.463627663808425016e-05
2.458907375330326147e+06 9.975525070600528288e-01 4.463947513511279028e-05
2.458907380462155677e+06 9.977077542160694978e-01 4.464267363185109625e-05
2.458907385593985207e+06 9.978876067744670841e-01 4.464602452662725605e-05
2.458907390725814737e+06 9.980920647352458097e-01 4.465119214781343784e-05
2.458907395857644267e+06 9.983210370324305805e-01 4.465635976899961964e-05
2.458907400989473797e+06 9.985305954835660414e-01 4.466152739018580144e-05
2.458907406121303327e+06 9.986841996464577154e-01 4.466660766062483044e-05
2.458907411253132857e+06 9.987818495211056025e-01 4.466684093977718004e-05
2.458907416384962387e+06 9.988235451075095916e-01 4.466707421892952964e-05
2.458907421516791917e+06 9.988571332565618910e-01 4.466730749808187924e-05
2.458907426648621447e+06 9.989328206303579316e-01 4.466754077723422884e-05
2.458907431780451443e+06 9.990506144711265302e-01 4.466988398411102419e-05
2.458907436912280973e+06 9.992105147574901203e-01 4.467231966676514689e-05
2.458907442044110503e+06 9.993699950925124531e-01 4.467475534941926958e-05
2.458907447175940033e+06 9.994731092259666605e-01 4.467719103207339228e-05
2.458907452307769563e+06 9.995196024332024809e-01 4.467919165998956597e-05
2.458907457439599093e+06 9.995094747142200253e-01 4.468114304449032336e-05
2.458907462571428623e+06 9.994858305161475887e-01 4.468309442899107397e-05
2.458907467703258153e+06 9.995188746270167179e-01 4.468504581349183136e-05
2.458907472835087683e+06 9.996095956658461734e-01 4.468764361029990315e-05
2.458907477966917213e+06 9.997579936326363992e-01 4.469036579161760476e-05
2.458907483098747209e+06 9.999185190396634448e-01 4.469308797318232151e-05
2.458907488230576739e+06 1.000000000000000000e+00 4.469581015450002989e-05
2.458907493362406269e+06 9.999998904483610174e-01 4.469272936698431484e-05
2.458907498494235799e+06 9.999181903847464969e-01 4.468800169464043668e-05
2.458907503626065329e+06 9.997926637969913877e-01 4.468327402229655852e-05
2.458907508757894859e+06 9.997159077294209828e-01 4.467854634995267358e-05
2.458907513889724389e+06 9.996921589901898164e-01 4.467957632044654943e-05
2.458907519021553919e+06 9.997214175792979995e-01 4.468285375934160167e-05
2.458907524153383449e+06 9.997813008120567391e-01 4.468613119823665390e-05
2.458907529285212979e+06 9.998045458404092312e-01 4.468940863713170614e-05
2.458907534417042509e+06 9.997866093586013081e-01 4.468880095787096732e-05
2.458907539548872504e+06 9.997274913594001999e-01 4.468618787650557075e-05
2.458907544680702034e+06 9.996353252843505066e-01 4.468357479537728920e-05
2.458907549812531564e+06 9.995401879879345364e-01 4.468096171424899409e-05
2.458907554944361094e+06 9.994448918988171338e-01 4.467835874256409208e-05
2.458907560076190624e+06 9.993494370169980767e-01 4.467576251435922524e-05
2.458907565208020154e+06 9.992545405825038474e-01 4.467316628615435162e-05
2.458907570339849684e+06 9.991634921104868283e-01 4.467057005794948478e-05
2.458907575471679214e+06 9.990766997239469704e-01 4.466954489063991457e-05
2.458907580603508744e+06 9.989941634228843848e-01 4.466985711213909818e-05
2.458907585735338274e+06 9.989102405726207889e-01 4.467016933363828179e-05
2.458907590867168270e+06 9.987924361169230325e-01 4.467048155516580374e-05
2.458907595998997800e+06 9.986355548707712693e-01 4.466765068397489261e-05
2.458907601130827330e+06 9.984395968252490761e-01 4.466142133300965791e-05
2.458907606262656860e+06 9.982117979333179347e-01 4.465519198204442322e-05
2.458907611394486390e+06 9.980054335014976186e-01 4.464896263107918174e-05
2.458907616526315920e+06 9.978312575789731742e-01 4.464358015239889215e-05
2.458907621658145450e+06 9.976892701657448237e-01 4.463936338826836000e-05
2.458907626789974980e+06 9.975760353147204995e-01 4.463514662413782785e-05
2.458907631921804510e+06 9.974583658283552312e-01 4.463092986000729569e-05
2.458907637053634040e+06 9.973279222295009516e-01 4.462773802313694578e-05
2.458907642185463570e+06 9.971847045181576608e-01 4.462635963623909271e-05
2.458907647317293566e+06 9.970279240816961597e-01 4.462498124921616336e-05
2.458907652449123096e+06 9.968472098810630122e-01 4.462360286231831707e-05
2.458907657580952626e+06 9.966393477234158915e-01 4.462079258303239103e-05
2.458907662712782156e+06 9.964043376087545756e-01 4.461466346239908440e-05
2.458907667844611686e+06 9.961438980571599711e-01 4.460853434176578454e-05
2.458907672976441216e+06 9.958905525843964046e-01 4.460240522113248469e-05
2.458907678108270746e+06 9.956566668339988935e-01 4.459644976241119757e-05
2.458907683240100276e+06 9.954422408059675487e-01 4.459103910611199876e-05
2.458907688371929806e+06 9.952458888451065633e-01 4.458562844981279994e-05
2.458907693503759336e+06 9.950264322993427335e-01 4.458021779351360113e-05
2.458907698635589331e+06 9.947646964145685500e-01 4.457465827875732025e-05
2.458907703767418861e+06 9.944606812382831285e-01 4.456842981506338718e-05
2.458907708899248391e+06 9.941153359087372410e-01 4.456220135136945411e-05
2.458907714031077921e+06 9.937802244173888910e-01 4.455597288767551426e-05
2.458907719162907451e+06 9.934848090391616982e-01 4.454976113374526731e-05
2.458907724294736981e+06 9.932290897740556623e-01 4.454366926708422017e-05
2.458907729426566511e+06 9.930128318333465431e-01 4.453757740042318659e-05
2.458907734558396041e+06 9.928039766045430037e-01 4.453148553376214624e-05
2.458907739690225571e+06 9.925799160086793416e-01 4.452540900124522338e-05
2.458907744822055101e+06 9.923406500457556678e-01 4.451956194473212595e-05
2.458907749953884631e+06 9.920861782693662922e-01 4.451371488821902173e-05
2.458907755085714627e+06 9.918160591505220669e-01 4.450786783117535641e-05
2.458907760217544157e+06 9.915299043502310283e-01 4.450201598411014870e-05
2.458907765349373687e+06 9.912277138447102010e-01 4.449454218280866376e-05
2.458907770481203217e+06 9.909094876339594737e-01 4.448706838150717205e-05
2.458907775613032747e+06 9.906068986305913704e-01 4.447959458020569388e-05
2.458907780744862277e+06 9.903551463258206677e-01 4.447212077890420895e-05
2.458907785876691807e+06 9.901542549252998482e-01 4.447076211392659266e-05
2.458907791008521337e+06 9.900042244290290228e-01 4.446977134297314712e-05
2.458907796140350867e+06 9.898583210716633829e-01 4.446878057201969481e-05
2.458907801272180397e+06 9.896516691473289384e-01 4.446778980106624250e-05
2.458907806404010393e+06 9.893838486081699690e-01 4.446021741658647507e-05
2.458907811535839923e+06 9.890548595027904843e-01 4.445177768031846968e-05
2.458907816667669453e+06 9.887059801663696801e-01 4.444333794405047784e-05
2.458907821799498983e+06 9.884079933762052184e-01 4.443489820778247923e-05
2.458907826931328513e+06 9.881621111199824226e-01 4.443032275936810075e-05
2.458907832063158043e+06 9.879683333977012927e-01 4.442657344098582204e-05
2.458907837194987573e+06 9.877960852001449465e-01 4.442282412260352978e-05
2.458907842326817103e+06 9.875810081264916329e-01 4.441907480422125108e-05
2.458907847458646633e+06 9.873210446715040556e-01 4.441297413232816809e-05
2.458907852590476163e+06 9.870161948351816594e-01 4.440614783607313052e-05
2.458907857722305693e+06 9.866926987996949006e-01 4.439932153981807940e-05
2.458907862854135688e+06 9.864182045157657841e-01 4.439249524294362358e-05
2.458907867985965218e+06 9.861961465742448141e-01 4.438794723103862868e-05
2.458907873117794748e+06 9.860265249478455951e-01 4.438435491037426311e-05
2.458907878249624278e+06 9.858907094897307877e-01 4.438076258970990431e-05
2.458907883381453808e+06 9.857297973243485112e-01 4.437717026904554552e-05
2.458907888513283338e+06 9.855394552536235198e-01 4.437386219548058937e-05
2.458907893645112868e+06 9.853196832775560354e-01 4.437071071028671421e-05
2.458907898776942398e+06 9.850802583433965198e-01 4.436755922509284583e-05
2.458907903908771928e+06 9.848592784377508957e-01 4.436440773989896389e-05
2.458907909040601458e+06 9.846605768695202432e-01 4.436101129668874074e-05
2.458907914172431454e+06 9.844841536237068924e-01 4.435744115067894377e-05
2.458907919304260984e+06 9.843245474630611946e-01 4.435387100499309286e-05
2.458907924436090514e+06 9.841552958546047059e-01 4.435030085930723518e-05
2.458907929567920044e+06 9.839728950186305001e-01 4.434519700153720422e-05
2.458907934699749574e+06 9.837773449551381333e-01 4.433870776281976817e-05
2.458907939831579104e+06 9.835730880695466860e-01 4.433221852410233212e-05
2.458907944963408634e+06 9.833872577545800242e-01 4.432572928538490285e-05
2.458907950095238164e+06 9.832244570196593259e-01 4.432164461710476919e-05
2.458907955227067694e+06 9.830846858647849240e-01 4.432031856302252805e-05
2.458907960358897224e+06 9.829638809610381500e-01 4.431899250894027337e-05
2.458907965490726754e+06 9.828301361588011043e-01 4.431766645485802546e-05
2.458907970622556750e+06 9.826766448123641640e-01 4.431498627927933279e-05
2.458907975754386280e+06 9.825034069495827138e-01 4.431032513265577803e-05
2.458907980886215810e+06 9.823149876823746851e-01 4.430566398603222328e-05
2.458907986018045340e+06 9.821587884809257485e-01 4.430100283940866852e-05
2.458907991149874870e+06 9.820473637282652879e-01 4.429737907951741648e-05
2.458907996281704400e+06 9.819807134243928592e-01 4.429571330726938633e-05
2.458908001413533930e+06 9.819564661543069839e-01 4.429404753502136295e-05
2.458908006545363460e+06 9.819407028317309605e-01 4.429238176277333280e-05
2.458908011677192990e+06 9.819223622012214214e-01 4.429140651955044397e-05
2.458908016809022520e+06 9.819014442627783668e-01 4.429214981939742980e-05
2.458908021940852515e+06 9.818782198205204814e-01 4.429289311931186655e-05
2.458908027072682045e+06 9.818583631991707472e-01 4.429363641915885238e-05
2.458908032204511575e+06 9.818441428142309357e-01 4.429394551940393310e-05
2.458908037336341105e+06 9.818355586657012690e-01 4.429277557606253561e-05
2.458908042468170635e+06 9.818320551878548796e-01 4.429160563272113813e-05
2.458908047600000165e+06 9.818148048966522934e-01 4.429043568937974064e-05
