2.458972000000000000e+06 9.955746955082881433e-01 4.448452763560447519e-05
2.458972005131829530e+06 9.955996631096721838e-01 4.448635190767860972e-05
2.458972010263659060e+06 9.956294284012104923e-01 4.448817617975273748e-05
2.458972015395488590e+06 9.956640836096677383e-01 4.448695803831923646e-05
2.458972020527318120e+06 9.957036287350445880e-01 4.448502734298360897e-05
2.458972025659147650e+06 9.957313234435881677e-01 4.448309664764798149e-05
2.458972030790977646e+06 9.957102588032901158e-01 4.448116595213716048e-05
2.458972035922807176e+06 9.956391092093234141e-01 4.447735416581180491e-05
2.458972041054636706e+06 9.955178746620491070e-01 4.447291720276714356e-05
2.458972046186466236e+06 9.953705595612762913e-01 4.446848023972247544e-05
2.458972051318295766e+06 9.952619811413797590e-01 4.446404327667780732e-05
2.458972056450125296e+06 9.951957440733900651e-01 4.446236410904589464e-05
2.458972061581954826e+06 9.951718483573072094e-01 4.446191890507858831e-05
2.458972066713784356e+06 9.951788565577502910e-01 4.446147370111128876e-05
2.458972071845613886e+06 9.951788638049798852e-01 4.446102849714398243e-05
2.458972076977443416e+06 9.951688626027820339e-01 4.446126006384945665e-05
2.458972082109273411e+06 9.951488529488869972e-01 4.446188707427465193e-05
2.458972087241102941e+06 9.951105032967741959e-01 4.446251408464294014e-05
2.458972092372932471e+06 9.950197276821375336e-01 4.446314109501124190e-05
2.458972097504762001e+06 9.948728645978697216e-01 4.445995965495205734e-05
2.458972102636591531e+06 9.946699140439703157e-01 4.445392279557867547e-05
2.458972107768421061e+06 9.944232365753598035e-01 4.444788593620528682e-05
2.458972112900250591e+06 9.941958784738831323e-01 4.444184907683190495e-05
2.458972118032080121e+06 9.939966896452773204e-01 4.443576682580470172e-05
2.458972123163909651e+06 9.938256700895424789e-01 4.442964128051896653e-05
2.458972128295739181e+06 9.936805438190271511e-01 4.442351573523323135e-05
2.458972133427568711e+06 9.935466212792409824e-01 4.441739018994749616e-05
2.458972138559398707e+06 9.934212734484161311e-01 4.441382494733647860e-05
2.458972143691228237e+06 9.933045003493008451e-01 4.441336200616966608e-05
2.458972148823057767e+06 9.931937697144116450e-01 4.441289906500286034e-05
2.458972153954887297e+06 9.930679542180750330e-01 4.441243612383605460e-05
2.458972159086716827e+06 9.929223150813603072e-01 4.440995619195284771e-05
2.458972164218546357e+06 9.927568523042669124e-01 4.440435389447129448e-05
2.458972169350375887e+06 9.925724691211331718e-01 4.439875159698973447e-05
2.458972174482205417e+06 9.923792099095160024e-01 4.439314929950818124e-05
2.458972179614034947e+06 9.921798652822054754e-01 4.438775447621969331e-05
2.458972184745864477e+06 9.919744352392020348e-01 4.438277564163658817e-05
2.458972189877694473e+06 9.917639447425318222e-01 4.437779680660170953e-05
2.458972195009524003e+06 9.915642798611988828e-01 4.437281797201861116e-05
2.458972200141353533e+06 9.913808675788291502e-01 4.436843809002381111e-05
2.458972205273183063e+06 9.912137078954226244e-01 4.436565246134096347e-05
2.458972210405012593e+06 9.910615756152109102e-01 4.436286683265810906e-05
2.458972215536842123e+06 9.908961420889522698e-01 4.436008120397526142e-05
2.458972220668671653e+06 9.907055499173321733e-01 4.435660039922696511e-05
2.458972225800501183e+06 9.904897991003505098e-01 4.435055733223534897e-05
2.458972230932330713e+06 9.902494971304307558e-01 4.434451426524372604e-05
2.458972236064160243e+06 9.900080751409933155e-01 4.433847119825210312e-05
2.458972241195989773e+06 9.897775494843810140e-01 4.433237564176816079e-05
2.458972246327819768e+06 9.895579201411591752e-01 4.432599113278773987e-05
2.458972251459649298e+06 9.893488227127602563e-01 4.431960662438664883e-05
2.458972256591478828e+06 9.891213580114208703e-01 4.431322211598555101e-05
2.458972261723308358e+06 9.888573002709619697e-01 4.430667554942018151e-05
2.458972266855137888e+06 9.885566494913834434e-01 4.429856787152136035e-05
2.458972271986967418e+06 9.882196281580558628e-01 4.429046019362253920e-05
2.458972277118796948e+06 9.879066929325884816e-01 4.428235251572371805e-05
2.458972282250626478e+06 9.876651070249943265e-01 4.427448206158980030e-05
2.458972287382456008e+06 9.874948704352735085e-01 4.427327770512156112e-05
2.458972292514285538e+06 9.873959818207869166e-01 4.427207334865331515e-05
2.458972297646115534e+06 9.873022015831046660e-01 4.427086899207578839e-05
2.458972302777945064e+06 9.871484736744283728e-01 4.426966463560754242e-05
2.458972307909774594e+06 9.869347980889683347e-01 4.426377087640682935e-05
2.458972313041604124e+06 9.866611748267244408e-01 4.425775530222309564e-05
2.458972318173433654e+06 9.863773445221835079e-01 4.425173972803936193e-05
2.458972323305263184e+06 9.861448329079149921e-01 4.424572415385562822e-05
2.458972328437092714e+06 9.859638095150732306e-01 4.424105644078439760e-05
2.458972333568922244e+06 9.858342743436582234e-01 4.423651394174724099e-05
2.458972338700751774e+06 9.857220572824388904e-01 4.423197144271007083e-05
2.458972343832581304e+06 9.855746796421189782e-01 4.422742894367290745e-05
2.458972348964410834e+06 9.853915662255670060e-01 4.422169628712452425e-05
2.458972354096240830e+06 9.851727170113033782e-01 4.421576230369300464e-05
2.458972359228070360e+06 9.849391565438726515e-01 4.420982832079992694e-05
2.458972364359899890e+06 9.847306295547069155e-01 4.420389433790685601e-05
2.458972369491729420e+06 9.845480758517225484e-01 4.420196471992197512e-05
2.458972374623558950e+06 9.843914954349195501e-01 4.420106366976215645e-05
2.458972379755388480e+06 9.842525912317092729e-01 4.420016261960233101e-05
2.458972384887218010e+06 9.841121397960982398e-01 4.419926156944251235e-05
2.458972390019047540e+06 9.839693650390524127e-01 4.419428058829271680e-05
2.458972395150877070e+06 9.838242669605716806e-01 4.418783577381296603e-05
2.458972400282706600e+06 9.836819577677212711e-01 4.418139095933322881e-05
2.458972405414536595e+06 9.835569463455036132e-01 4.417494614426867972e-05
2.458972410546366125e+06 9.834501183236634692e-01 4.417146291591209263e-05
2.458972415678195655e+06 9.833614736900325726e-01 4.416939741805558050e-05
2.458972420810025185e+06 9.832849970474845103e-01 4.416733192019906158e-05
2.458972425941854715e+06 9.831997123878857270e-01 4.416526642234253590e-05
2.458972431073684245e+06 9.831038200519057746e-01 4.416290181193347370e-05
2.458972436205513775e+06 9.829973200395443200e-01 4.416035120149871374e-05
2.458972441337343305e+06 9.828831424389319338e-01 4.415780059106394701e-05
2.458972446469172835e+06 9.827739258278209711e-01 4.415524998062917350e-05
2.458972451601002365e+06 9.826711237491840834e-01 4.415264454804709670e-05
2.458972456732831895e+06 9.825747362030211596e-01 4.414999549611084499e-05
2.458972461864661891e+06 9.824880232273013325e-01 4.414734644393421888e-05
2.458972466996491421e+06 9.824285710274728300e-01 4.414469739199797395e-05
2.458972472128320951e+06 9.823990045266425275e-01 4.414511347235729541e-05
2.458972477260150481e+06 9.823993237248103139e-01 4.414862898680007447e-05
2.458972482391980011e+06 9.824237553719926686e-01 4.415214450124285353e-05
2.458972487523809541e+06 9.824327116416883277e-01 4.415566001568563259e-05
2.458972492655639071e+06 9.824186948308133438e-01 4.415615120727107821e-05
2.458972497787468601e+06 9.823817049393680501e-01 4.415275453211572247e-05
2.458972502919298131e+06 9.823280601014097169e-01 4.414935785696035995e-05
2.458972508051127661e+06 9.823141307057284832e-01 4.414596118180499744e-05
2.458972513182957657e+06 9.823532524442191161e-01 4.414575165837161775e-05
2.458972518314787187e+06 9.824454253097816281e-01 4.415078991204200167e-05
2.458972523446616717e+06 9.825844384816340149e-01 4.415582816571239237e-05
2.458972528578446247e+06 9.826957382006724639e-01 4.416086641938278307e-05
2.458972533710275777e+06 9.827575249328982521e-01 4.416300282563132083e-05
2.458972538842105307e+06 9.827697986783110462e-01 4.415892060742240675e-05
2.458972543973934837e+06 9.827379087955571135e-01 4.415483838921350622e-05
2.458972549105764367e+06 9.827526101453639695e-01 4.415075617100459215e-05
2.458972554237593897e+06 9.828464932908925755e-01 4.414985420609247044e-05
2.458972559369423427e+06 9.830195582321429315e-01 4.415807540138917941e-05
2.458972564501252957e+06 9.832683434625678620e-01 4.416629659668588838e-05
2.458972569633082952e+06 9.835032799841152418e-01 4.417451779272858943e-05
2.458972574764912482e+06 9.836849713978903509e-01 4.418118587414734136e-05
2.458972579896742012e+06 9.838134177276267600e-01 4.418159471676133407e-05
2.458972585028571542e+06 9.838896917649445628e-01 4.418200355937533356e-05
2.458972590160401072e+06 9.839619255198595038e-01 4.418241240198933983e-05
2.458972595292230602e+06 9.840560719566725512e-01 4.418339249041818440e-05
2.458972600424060132e+06 9.841721310753838159e-01 4.418790749637886104e-05
2.458972605555889662e+06 9.843101046395519305e-01 4.419242250233955123e-05
2.458972610687719192e+06 9.844701690809906092e-01 4.419693750830023464e-05
2.458972615819548722e+06 9.846524415688007181e-01 4.420147336702468156e-05
2.458972620951378718e+06 9.848569221225440540e-01 4.420625088397097036e-05
2.458972626083208248e+06 9.850835762454153155e-01 4.421102840048375448e-05
2.458972631215037778e+06 9.853170729503781811e-01 4.421580591699653183e-05
2.458972636346867308e+06 9.855447571757174341e-01 4.422058989760839482e-05
2.458972641478696838e+06 9.857666289214329636e-01 4.422569466557712035e-05
2.458972646610526368e+06 9.859826881875247695e-01 4.423079943354585943e-05
2.458972651742355898e+06 9.861992238858685589e-01 4.423590420151458496e-05
2.458972656874185428e+06 9.864227819634936445e-01 4.424100896948332404e-05
2.458972662006014958e+06 9.866533630736497029e-01 4.424591449874926336e-05
2.458972667137844488e+06 9.868909672163368452e-01 4.425081174140446590e-05
2.458972672269674018e+06 9.871263627644811800e-01 4.425570898405966166e-05
2.458972677401504014e+06 9.873474964834403345e-01 4.426060622715923801e-05
2.458972682533333544e+06 9.875543163975557537e-01 4.426580051795074604e-05
2.458972687665163074e+06 9.877468225275423119e-01 4.427102767252601059e-05
2.458972692796992604e+06 9.879437414539142814e-01 4.427625482710127513e-05
2.458972697928822134e+06 9.881753529157969451e-01 4.428148198167653290e-05
2.458972703060651664e+06 9.884420710249791631e-01 4.428771940530909875e-05
2.458972708192481194e+06 9.887438957814609353e-01 4.429414825572698319e-05
2.458972713324310724e+06 9.890584240349910017e-01 4.430057710614486763e-05
2.458972718456140254e+06 9.893411309558600708e-01 4.430700595656275208e-05
2.458972723587969784e+06 9.895907976166067321e-01 4.431166438015032421e-05
2.458972728719799779e+06 9.898074240353883502e-01 4.431582641579663356e-05
2.458972733851629309e+06 9.900109260292162539e-01 4.431998845106528142e-05
2.458972738983458839e+06 9.902497926099385062e-01 4.432415048633392928e-05
2.458972744115288369e+06 9.905262089802817638e-01 4.433052085013524936e-05
2.458972749247117899e+06 9.908401751402451385e-01 4.433774432723323672e-05
2.458972754378947429e+06 9.911753895307374718e-01 4.434496780433121730e-05
2.458972759510776959e+06 9.914832145435036326e-01 4.435219128142920466e-05
2.458972764642606489e+06 9.917604054537937364e-01 4.435786268958581962e-05
2.458972769774436019e+06 9.920069622616072280e-01 4.436274042109605739e-05
2.458972774906265549e+06 9.922326775890104589e-01 4.436761815260630194e-05
2.458972780038095079e+06 9.924734962991984544e-01 4.437249588411653972e-05
2.458972785169925075e+06 9.927327439870865522e-01 4.437812796403909201e-05
2.458972790301754605e+06 9.930104206056263871e-01 4.438425882911732596e-05
2.458972795433584135e+06 9.932962092158077461e-01 4.439038969419555991e-05
2.458972800565413665e+06 9.935431599485655685e-01 4.439652055927379386e-05
2.458972805697243195e+06 9.937455025519248419e-01 4.440114562696964107e-05
2.458972810829072725e+06 9.939032370258856774e-01 4.440449973252813532e-05
2.458972815960902255e+06 9.940321670007306043e-01 4.440785383808663634e-05
2.458972821092731785e+06 9.942225462483196274e-01 4.441120794364513059e-05
2.458972826224561315e+06 9.944886805810820851e-01 4.441795352794345776e-05
2.458972831356390845e+06 9.948305699990177553e-01 4.442833511408574812e-05
2.458972836488220841e+06 9.952341998095673992e-01 4.443871670117007465e-05
2.458972841620050371e+06 9.955973243430500386e-01 4.444909828731237179e-05
2.458972846751879901e+06 9.958994696631443544e-01 4.445710905631562542e-05
2.458972851883709431e+06 9.961406357698511238e-01 4.446188479878754795e-05
2.458972857015538961e+06 9.963248516508699248e-01 4.446666054125946371e-05
2.458972862147368491e+06 9.964906350329356677e-01 4.447143628373137947e-05
2.458972867279198021e+06 9.966475911404930610e-01 4.447534804951343512e-05
2.458972872411027551e+06 9.967957199735423268e-01 4.447774523278206127e-05
2.458972877542857081e+06 9.969367331175024161e-01 4.448014241605070096e-05
2.458972882674686611e+06 9.970928737671029829e-01 4.448253959931933388e-05
2.458972887806516141e+06 9.972709845564136089e-01 4.448538770591426019e-05
2.458972892938346136e+06 9.974710655045864183e-01 4.448927038037516017e-05
2.458972898070175666e+06 9.976916149579145854e-01 4.449315305448374864e-05
2.458972903202005196e+06 9.979046201492327572e-01 4.449703572859232357e-05
2.458972908333834726e+06 9.980995080865301405e-01 4.450088661000546229e-05
2.458972913465664256e+06 9.982762787698069573e-01 4.450463891574338380e-05
2.458972918597493786e+06 9.984353654033839565e-01 4.450839122148129176e-05
2.458972923729323316e+06 9.985894068221983222e-01 4.451214352721921327e-05
2.458972928861152846e+06 9.987442451951501488e-01 4.451572611645582484e-05
2.458972933992982376e+06 9.988998805222392141e-01 4.451855697432577407e-05
2.458972939124811906e+06 9.990559518768894476e-01 4.452138783219571652e-05
2.458972944256641902e+06 9.991933529892799148e-01 4.452421869032252002e-05
2.458972949388471432e+06 9.993012486735540767e-01 4.452673078007117485e-05
2.458972954520300962e+06 9.993796389435187777e-01 4.452700127243678892e-05
2.458972959652130492e+06 9.994287279576312688e-01 4.452727176480239621e-05
2.458972964783960022e+06 9.994752055911849675e-01 4.452754225716800351e-05
2.458972969915789552e+06 9.995377470956892108e-01 4.452792691247532480e-05
2.458972975047619082e+06 9.996163524711441095e-01 4.452995870927358292e-05
2.458972980179448612e+06 9.997109993172994535e-01 4.453199050607184104e-05
2.458972985311278142e+06 9.998021399590996117e-01 4.453402230287009238e-05
2.458972990443107672e+06 9.998727213438541872e-01 4.453604111966294720e-05
2.458972995574937202e+06 9.999227434715631802e-01 4.453554447794247514e-05
2.458973000706767198e+06 9.999522063439676423e-01 4.453504783617694092e-05
2.458973005838596728e+06 9.999692224857532619e-01 4.453455119445647563e-05
2.458973010970426258e+06 9.999827317332599108e-01 4.453405455273601034e-05
2.458973016102255788e+06 9.999927392932616010e-01 4.453552163568413722e-05
2.458973021234085318e+06 9.999992451657582215e-01 4.453710202055215976e-05
2.458973026365914848e+06 1.000000000000000000e+00 4.453868240542018230e-05
2.458973031497744378e+06 9.999919060421893491e-01 4.454026279028820484e-05
2.458973036629573908e+06 9.999749441832430641e-01 4.454139776793360753e-05
2.458973041761403438e+06 9.999491144231615891e-01 4.454247530309497939e-05
2.458973046893232968e+06 9.999088215648417322e-01 4.454355283825635803e-05
2.458973052025062963e+06 9.998445445614463356e-01 4.454463037351550459e-05
2.458973057156892493e+06 9.997561248890740604e-01 4.453995611194252932e-05
2.458973062288722023e+06 9.996435625429878069e-01 4.453407090768652597e-05
2.458973067420551553e+06 9.995226156430487841e-01 4.452818570343052939e-05
2.458973072552381083e+06 9.994262043806486639e-01 4.452230049917452605e-05
2.458973077684210613e+06 9.993553606894428620e-01 4.451884586065152382e-05
2.458973082816040143e+06 9.993100845694321555e-01 4.451613206845390929e-05
2.458973087947869673e+06 9.992792380523869422e-01 4.451341827625630154e-05
2.458973093079699203e+06 9.992343235136350588e-01 4.451070448405868702e-05
2.458973098211528733e+06 9.991739161074035813e-01 4.451054284709092670e-05
2.458973103343358263e+06 9.990980158336926209e-01 4.451144034960857130e-05
2.458973108475188259e+06 9.990071515273806213e-01 4.451233785220765304e-05
2.458973113607017789e+06 9.989029824120295720e-01 4.451323535472529087e-05
2.458973118738847319e+06 9.987856290003233051e-01 4.450997548771452102e-05
2.458973123870676849e+06 9.986550912922622647e-01 4.450444768824078742e-05
2.458973129002506379e+06 9.985103768522013423e-01 4.449891988876704028e-05
2.458973134134335909e+06 9.983476492160535676e-01 4.449339208929329990e-05
2.458973139266165439e+06 9.981665265848742585e-01 4.448849457242464513e-05
2.458973144397994969e+06 9.979670089586637483e-01 4.448403987376322981e-05
2.458973149529824499e+06 9.977518781730114750e-01 4.447958517510181448e-05
2.458973154661654029e+06 9.975345003663849131e-01 4.447513047644039916e-05
2.458973159793484025e+06 9.973166279879837059e-01 4.446984373828900415e-05
2.458973164925313555e+06 9.970982610773477806e-01 4.446381220223558637e-05
2.458973170057143085e+06 9.968834232922269001e-01 4.445778066618217536e-05
2.458973175188972615e+06 9.966964683251829937e-01 4.445174913012876435e-05
2.458973180320802145e+06 9.965414906017617813e-01 4.444809365333554646e-05
2.458973185452631675e+06 9.964184901219637069e-01 4.444713939178673807e-05
2.458973190584461205e+06 9.963181633206266152e-01 4.444618513023792291e-05
2.458973195716290735e+06 9.961681835299671661e-01 4.444523086868910775e-05
2.458973200848120265e+06 9.959532508245962923e-01 4.444063749338567076e-05
2.458973205979949795e+06 9.956733652045137717e-01 4.443077028729386981e-05
2.458973211111779325e+06 9.953348435745668077e-01 4.442090308120207563e-05
2.458973216243609320e+06 9.950025390238461664e-01 4.441103587421492020e-05
2.458973221375438850e+06 9.946934899544579434e-01 4.440289228846493012e-05
2.458973226507268380e+06 9.944076963351942133e-01 4.439796932774089905e-05
2.458973231639097910e+06 9.941442437334659932e-01 4.439304636701686799e-05
2.458973236770927440e+06 9.938902246635560322e-01 4.438812340629283014e-05
2.458973241902756970e+06 9.936414628746197408e-01 4.438294933214884455e-05
2.458973247034586500e+06 9.933979583666571189e-01 4.437715724847227170e-05
2.458973252166416030e+06 9.931592378529965348e-01 4.437136516479570563e-05
2.458973257298245560e+06 9.929155435831800158e-01 4.436557308111913279e-05
2.458973262430075090e+06 9.926630049861829841e-01 4.435997515546114109e-05
2.458973267561905086e+06 9.924016220378860664e-01 4.435503002289503639e-05
2.458973272693734616e+06 9.921313001455156488e-01 4.435008489077764231e-05
2.458973277825564146e+06 9.918488990906948466e-01 4.434513975866024145e-05
2.458973282957393676e+06 9.915528932442019272e-01 4.433973252290348351e-05
2.458973288089223206e+06 9.912432826060368907e-01 4.433206206958868094e-05
2.458973293221052736e+06 9.909203834552916534e-01 4.432439161627388515e-05
2.458973298352882266e+06 9.906042927112952423e-01 4.431672116295908259e-05
2.458973303484711796e+06 9.903070012991234128e-01 4.430909855462261866e-05
2.458973308616541326e+06 9.900285092187759428e-01 4.430186354963451827e-05
2.458973313748370856e+06 9.897687709109860288e-01 4.429462854464640432e-05
2.458973318880200386e+06 9.895196262460642656e-01 4.428739353965830392e-05
2.458973324012030382e+06 9.892750554141571673e-01 4.428037740229342025e-05
2.458973329143859912e+06 9.890350584596493411e-01 4.427750308859318754e-05
2.458973334275689442e+06 9.887996291591900633e-01 4.427462877489296160e-05
2.458973339407518972e+06 9.885531954669842802e-01 4.427175446119273566e-05
2.458973344539348502e+06 9.882813856466172719e-01 4.426888014749250972e-05
2.458973349671178032e+06 9.879841996980891494e-01 4.426024501635474588e-05
2.458973354803007562e+06 9.876616376213999127e-01 4.425155467407798345e-05
2.458973359934837092e+06 9.873428168047202469e-01 4.424286433180121424e-05
2.458973365066666622e+06 9.870616723777532187e-01 4.423417398952445180e-05
2.458973370198496152e+06 9.868182531572139427e-01 4.422653699759173832e-05
2.458973375330326147e+06 9.866125591261495353e-01 4.421897828813712666e-05
2.458973380462155677e+06 9.864224309262100698e-01 4.421141957936838807e-05
2.458973385593985207e+06 9.862157000944775653e-01 4.420386087059964948e-05
2.458973390725814737e+06 9.859920989825112780e-01 4.419869560913015135e-05
2.458973395857644267e+06 9.857516275903115410e-01 4.419388439300080395e-05
2.458973400989473797e+06 9.855004478884274999e-01 4.418907317687146332e-05
2.458973406121303327e+06 9.852495907367296857e-01 4.418426196074211592e-05
2.458973411253132857e+06 9.849992754125894701e-01 4.417869871384417769e-05
2.458973416384962387e+06 9.847495019160067420e-01 4.417296072889360562e-05
2.458973421516791917e+06 9.845055513797326130e-01 4.416722274394303355e-05
2.458973426648621447e+06 9.842790195524143693e-01 4.416148475899245470e-05
2.458973431780451443e+06 9.840703187030100940e-01 4.415679885018918005e-05
2.458973436912280973e+06 9.838794488693949347e-01 4.415246033059864501e-05
2.458973442044110503e+06 9.837064740343299807e-01 4.414812181100810320e-05
2.458973447175940033e+06 9.835515663056536573e-01 4.414378329141756138e-05
2.458973452307769563e+06 9.834147351789691571e-01 4.414062753276412285e-05
2.458973457439599093e+06 9.832959806542761472e-01 4.413799799257893202e-05
2.458973462571428623e+06 9.831874067816367413e-01 4.413536845239374119e-05
2.458973467703258153e+06 9.830629554427264827e-01 4.413273891220855037e-05
2.458973472835087683e+06 9.829205727599658049e-01 4.413022154241266954e-05
2.458973477966917213e+06 9.827602587333548190e-01 4.412776937424671154e-05
2.458973483098747209e+06 9.825883308884642009e-01 4.412531720585825492e-05
2.458973488230576739e+06 9.824305231343549716e-01 4.412286503769229692e-05
2.458973493362406269e+06 9.822895839292106190e-01 4.411986837885248391e-05
2.458973498494235799e+06 9.821655132730310322e-01 4.411646549666342116e-05
2.458973503626065329e+06 9.820545138578015143e-01 4.411306261447435164e-05
2.458973508757894859e+06 9.819373059578724305e-01 4.410965973228529567e-05
2.458973513889724389e+06 9.818111971431582319e-01 4.410662812097342045e-05
2.458973519021553919e+06 9.816761874136588073e-01 4.410394891668273278e-05
2.458973524153383449e+06 9.815401147113308467e-01 4.410126971239203156e-05
2.458973529285212979e+06 9.814533165404616399e-01 4.409859050810133711e-05
2.458973534417042509e+06 9.814247594206091385e-01 4.409823639985050440e-05
2.458973539548872504e+06 9.814544433571091853e-01 4.410068590760368555e-05
2.458973544680702034e+06 9.815332976773929463e-01 4.410313541513459848e-05
2.458973549812531564e+06 9.815860547481807252e-01 4.410558492266551819e-05
2.458973554944361094e+06 9.815959069237301104e-01 4.410620187071147958e-05
2.458973560076190624e+06 9.815628542040413240e-01 4.410399624970155774e-05
2.458973565208020154e+06 9.814916024641829884e-01 4.410179062869164945e-05
2.458973570339849684e+06 9.814341608032595143e-01 4.409958500768172761e-05
2.458973575471679214e+06 9.814049178015090691e-01 4.409903807164017276e-05
2.458973580603508744e+06 9.814038734589315416e-01 4.410179886699617179e-05
2.458973585735338274e+06 9.814303240544001161e-01 4.410455966235218438e-05
2.458973590867168270e+06 9.814734415893492381e-01 4.410732045795871543e-05
2.458973595998997800e+06 9.815295421763593486e-01 4.410981488139077949e-05
2.458973601130827330e+06 9.815986258187542335e-01 4.411160456502487818e-05
2.458973606262656860e+06 9.816799173774316545e-01 4.411339424865898365e-05
2.458973611394486390e+06 9.817556539258914805e-01 4.411518393229308234e-05
2.458973616526315920e+06 9.818184307386675913e-01 4.411653756910821481e-05
2.458973621658145450e+06 9.818682478157600979e-01 4.411629545631277899e-05
2.458973626789974980e+06 9.819058278209138457e-01 4.411605334351734317e-05
2.458973631921804510e+06 9.819587156258899885e-01 4.411581123072190057e-05
2.458973637053634040e+06 9.820409794164154382e-01 4.411638196780605381e-05
2.458973642185463570e+06 9.821526191924905280e-01 4.412138651910511324e-05
2.458973647317293566e+06 9.822932400201782599e-01 4.412639107085828397e-05
2.458973652449123096e+06 9.824320744882796275e-01 4.413139562215733663e-05
2.458973657580952626e+06 9.825498001442977136e-01 4.413598087996515885e-05
2.458973662712782156e+06 9.826464169882324073e-01 4.413658305793008798e-05
2.458973667844611686e+06 9.827220263545864976e-01 4.413718523589501712e-05
2.458973672976441216e+06 9.828032162858010290e-01 4.413778741385995303e-05
2.458973678108270746e+06 9.829106810246389658e-01 4.413850091036548314e-05
2.458973683240100276e+06 9.830444205711006411e-01 4.414223370426003751e-05
2.458973688371929806e+06 9.832044344971606620e-01 4.414596649815457832e-05
2.458973693503759336e+06 9.833774725334090139e-01 4.414969929204912592e-05
2.458973698635589331e+06 9.835505826805794882e-01 4.415343208628237827e-05
2.458973703767418861e+06 9.837237649072558821e-01 4.415801216870296177e-05
2.458973708899248391e+06 9.838970192291431882e-01 4.416261319857345600e-05
2.458973714031077921e+06 9.840789330716801508e-01 4.416721422844395022e-05
2.458973719162907451e+06 9.842800813743021182e-01 4.417181525831444445e-05
2.458973724294736981e+06 9.845004920841391449e-01 4.417606852474820472e-05
2.458973729426566511e+06 9.847401652011910089e-01 4.418028997852297866e-05
2.458973734558396041e+06 9.849824192205752782e-01 4.418451143229775937e-05
2.458973739690225571e+06 9.852017423061859569e-01 4.418873288607253331e-05
2.458973744822055101e+06 9.853978601795647663e-01 4.419184380532849770e-05
2.458973749953884631e+06 9.855707728407121504e-01 4.419476866972959659e-05
2.458973755085714627e+06 9.857384731486339424e-01 4.419769353439609462e-05
2.458973760217544157e+06 9.859348362687527789e-01 4.420061839879718674e-05
2.458973765349373687e+06 9.861606533139953834e-01 4.420694586830752987e-05
2.458973770481203217e+06 9.864159242843615338e-01 4.421414096362460332e-05
2.458973775613032747e+06 9.866805042490948141e-01 4.422133605894167677e-05
2.458973780744862277e+06 9.869079071252400137e-01 4.422853115425874344e-05
2.458973785876691807e+06 9.870962734146433437e-01 4.423623877844235272e-05
2.458973791008521337e+06 9.872456031173048041e-01 4.424412917201267075e-05
2.458973796140350867e+06 9.873758932751224293e-01 4.425201956558298200e-05
2.458973801272180397e+06 9.875436681270396422e-01 4.425990995915330003e-05
2.458973806404010393e+06 9.877523524803427657e-01 4.426379779759008888e-05
2.458973811535839923e+06 9.880019462971597610e-01 4.426577992972784706e-05
2.458973816667669453e+06 9.882809325832528913e-01 4.426776206186560525e-05
2.458973821799498983e+06 9.885493166264484044e-01 4.426974419400336343e-05
2.458973826931328513e+06 9.888036883350734829e-01 4.427266592657402822e-05
2.458973832063158043e+06 9.890440477091281268e-01 4.427616902356246089e-05
2.458973837194987573e+06 9.892714639217933259e-01 4.427967212055090033e-05
2.458973842326817103e+06 9.894905289301024753e-01 4.428317521753933977e-05
2.458973847458646633e+06 9.897017679787655231e-01 4.428753654049822638e-05
2.458973852590476163e+06 9.899051810677825802e-01 4.429257745283424956e-05
2.458973857722305693e+06 9.901015754393971413e-01 4.429761836517028629e-05
2.458973862854135688e+06 9.902952859431350952e-01 4.430265927796372759e-05
2.458973867985965218e+06 9.904869563975096103e-01 4.430759189825617155e-05
2.458973873117794748e+06 9.906765868201906633e-01 4.431241552978025392e-05
2.458973878249624278e+06 9.908643225519924158e-01 4.431723916130432951e-05
2.458973883381453808e+06 9.910511553055897371e-01 4.432206279282840510e-05
2.458973888513283338e+06 9.912372720567065310e-01 4.432646233141084881e-05
2.458973893645112868e+06 9.914226728053427973e-01 4.433031928553811678e-05
2.458973898776942398e+06 9.916077555462411430e-01 4.433417623966538475e-05
2.458973903908771928e+06 9.917960518126280878e-01 4.433803319379265949e-05
2.458973909040601458e+06 9.919883935109281570e-01 4.434192510687021285e-05
2.458973914172431454e+06 9.921847806591447272e-01 4.434587429470725916e-05
2.458973919304260984e+06 9.923839853849375503e-01 4.434982348218595633e-05
2.458973924436090514e+06 9.925713607851754938e-01 4.435377266966464673e-05
2.458973929567920044e+06 9.927426416048428237e-01 4.435773998271450372e-05
2.458973934699749574e+06 9.928978278439397620e-01 4.436174592923174402e-05
2.458973939831579104e+06 9.930380626388006782e-01 4.436575187574898433e-05
2.458973944963408634e+06 9.931825966033167585e-01 4.436975782226622463e-05
2.458973950095238164e+06 9.933383151328243343e-01 4.437341950027164116e-05
2.458973955227067694e+06 9.935052182273236276e-01 4.437609959118279744e-05
2.458973960358897224e+06 9.936822579559700941e-01 4.437877968209394695e-05
2.458973965490726754e+06 9.938425689014523945e-01 4.438145977300509646e-05
2.458973970622556750e+06 9.939743813967708563e-01 4.438448196844750680e-05
2.458973975754386280e+06 9.940776954180042813e-01 4.438887281209672901e-05
2.458973980886215810e+06 9.941531275522459410e-01 4.439326365574595799e-05
2.458973986018045340e+06 9.942279949039122267e-01 4.439765449939517343e-05
2.458973991149874870e+06 9.943169678106280607e-01 4.440138805419739497e-05
2.458973996281704400e+06 9.944200462723928879e-01 4.440109361668495119e-05
2.458974001413533930e+06 9.945369481511455723e-01 4.440079917917250064e-05
2.458974006545363460e+06 9.946399992136840673e-01 4.440050474166005686e-05
2.458974011677192990e+06 9.947108969851296001e-01 4.440025712599536295e-05
2.458974016809022520e+06 9.947496414654823926e-01 4.440054358176161555e-05
2.458974021940852515e+06 9.947563018476960339e-01 4.440083003755385512e-05
2.458974027072682045e+06 9.947603201389829675e-01 4.440111649332010771e-05
2.458974032204511575e+06 9.947858933879188958e-01 4.440142738159610019e-05
2.458974037336341105e+06 9.948330215945040411e-01 4.440288183195879255e-05
2.458974042468170635e+06 9.949017047587380702e-01 4.440433628232148491e-05
2.458974047600000165e+06 9.949615114151021400e-01 4.440579073268417049e-05
