2.458792000000000000e+06 9.931134218738151276e-01 4.426239203983729754e-05
2.458792005131829530e+06 9.929173868840833750e-01 4.425855869839438782e-05
2.458792010263659060e+06 9.927142694423988223e-01 4.425472535695147811e-05
2.458792015395488590e+06 9.925040695487613585e-01 4.425116130062095875e-05
2.458792020527318120e+06 9.922867872031712055e-01 4.424759904842478239e-05
2.458792025659147650e+06 9.920573549309890105e-01 4.424403679622860604e-05
2.458792030790977646e+06 9.918099315405122240e-01 4.424047454370918836e-05
2.458792035922807176e+06 9.915445098313757644e-01 4.423333856092450235e-05
2.458792041054636706e+06 9.912610897819450484e-01 4.422594916884086655e-05
2.458792046186466236e+06 9.909809622490513004e-01 4.421855977675722397e-05
2.458792051318295766e+06 9.907347013409306680e-01 4.421117038467358817e-05
2.458792056450125296e+06 9.905225471231060563e-01 4.420507593776307073e-05
2.458792061581954826e+06 9.903444995955775765e-01 4.419916779069386366e-05
2.458792066713784356e+06 9.901779787806704869e-01 4.419325964362464981e-05
2.458792071845613886e+06 9.899830011078060155e-01 4.418735149655543597e-05
2.458792076977443416e+06 9.897588004013652130e-01 4.418079884924505521e-05
2.458792082109273411e+06 9.895053766370266457e-01 4.417409958215982733e-05
2.458792087241102941e+06 9.892404788320088294e-01 4.416740031568249127e-05
2.458792092372932471e+06 9.890026465574998094e-01 4.416070104920515521e-05
2.458792097504762001e+06 9.887932129651914037e-01 4.415739742887785698e-05
2.458792102636591531e+06 9.886121780550839455e-01 4.415519505171699928e-05
2.458792107768421061e+06 9.884472186166480823e-01 4.415299267455613481e-05
2.458792112900250591e+06 9.882655779939222285e-01 4.415079029739527711e-05
2.458792118032080121e+06 9.880654890403122170e-01 4.414520314988502143e-05
2.458792123163909651e+06 9.878469517558179369e-01 4.413813445842336186e-05
2.458792128295739181e+06 9.876148023503426021e-01 4.413106576696170229e-05
2.458792133427568711e+06 9.873848072856264979e-01 4.412399707550004272e-05
2.458792138559398707e+06 9.871581853653773608e-01 4.411908633220976172e-05
2.458792143691228237e+06 9.869349366307224036e-01 4.411541068352265089e-05
2.458792148823057767e+06 9.867192487451801330e-01 4.411173503483554684e-05
2.458792153954887297e+06 9.865279574823242470e-01 4.410805938614843601e-05
2.458792159086716827e+06 9.863628298860510624e-01 4.410413504161325065e-05
2.458792164218546357e+06 9.862238659563608012e-01 4.410002795380572112e-05
2.458792169350375887e+06 9.861052381301815828e-01 4.409592086599819160e-05
2.458792174482205417e+06 9.859777794372073245e-01 4.409181377819066885e-05
2.458792179614034947e+06 9.858374819279214218e-01 4.408788344182899594e-05
2.458792184745864477e+06 9.856843456023237637e-01 4.408411831620309419e-05
2.458792189877694473e+06 9.855207576113168555e-01 4.408035319023554679e-05
2.458792195009524003e+06 9.853618066404168374e-01 4.407658806460965182e-05
2.458792200141353533e+06 9.852101395288170860e-01 4.407311180448713283e-05
2.458792205273183063e+06 9.850657562765177122e-01 4.406997833405446957e-05
2.458792210405012593e+06 9.849294347182697695e-01 4.406684486362180632e-05
2.458792215536842123e+06 9.848075132995507408e-01 4.406371139318914984e-05
2.458792220668671653e+06 9.847013865891671713e-01 4.406127633353886614e-05
2.458792225800501183e+06 9.846110545871190611e-01 4.405989874051574465e-05
2.458792230932330713e+06 9.845351485692049875e-01 4.405852114749261639e-05
2.458792236064160243e+06 9.844588585422843208e-01 4.405714355446949489e-05
2.458792241195989773e+06 9.843781467290860787e-01 4.405541781161639728e-05
2.458792246327819768e+06 9.842930131216842682e-01 4.405301078878694405e-05
2.458792251459649298e+06 9.842036309901353031e-01 4.405060376617590335e-05
2.458792256591478828e+06 9.841125987338043002e-01 4.404819674356486264e-05
2.458792261723308358e+06 9.840207875079799438e-01 4.404600546648679906e-05
2.458792266855137888e+06 9.839281973126623448e-01 4.404437273090601571e-05
2.458792271986967418e+06 9.838360509093844186e-01 4.404273999532523236e-05
2.458792277118796948e+06 9.837714739043305068e-01 4.404110725974444900e-05
2.458792282250626478e+06 9.837456062275593549e-01 4.403979592740693230e-05
2.458792287382456008e+06 9.837584478790706299e-01 4.403963026188679829e-05
2.458792292514285538e+06 9.838085040864822384e-01 4.403946459636666428e-05
2.458792297646115534e+06 9.838412578002070363e-01 4.403929893083149375e-05
2.458792302777945064e+06 9.838292931393335383e-01 4.403871071903017840e-05
2.458792307909774594e+06 9.837726101088626329e-01 4.403589617707456057e-05
2.458792313041604124e+06 9.836720546161549228e-01 4.403308163511894952e-05
2.458792318173433654e+06 9.835892299699006136e-01 4.403026709316333170e-05
2.458792323305263184e+06 9.835621969894099426e-01 4.402800372009715982e-05
2.458792328437092714e+06 9.835909556746829097e-01 4.403070309351193591e-05
2.458792333568922244e+06 9.836753310653449933e-01 4.403340246692671878e-05
2.458792338700751774e+06 9.837751636551410606e-01 4.403610184034150165e-05
2.458792343832581304e+06 9.838597411639640189e-01 4.403872798537157731e-05
2.458792348964410834e+06 9.839290635918136463e-01 4.403961478311618251e-05
2.458792354096240830e+06 9.839831327221382207e-01 4.404050158094124906e-05
2.458792359228070360e+06 9.840380542100199968e-01 4.404138837868584749e-05
2.458792364359899890e+06 9.841092689480303024e-01 4.404227517643045269e-05
2.458792369491729420e+06 9.841967769361692486e-01 4.404290737520474727e-05
2.458792374623558950e+06 9.843005781744367244e-01 4.404353460076832193e-05
2.458792379755388480e+06 9.844126615980877126e-01 4.404416182633190337e-05
2.458792384887218010e+06 9.845233460177352791e-01 4.404478905189548481e-05
2.458792390019047540e+06 9.846326102212150655e-01 4.404825329768026406e-05
2.458792395150877070e+06 9.847404542085271828e-01 4.405195995270571376e-05
2.458792400282706600e+06 9.848516918134948561e-01 4.405566660773116346e-05
2.458792405414536595e+06 9.849735516212861919e-01 4.405937326309295978e-05
2.458792410546366125e+06 9.851061049108692513e-01 4.406034004200601561e-05
2.458792415678195655e+06 9.852493516928160222e-01 4.406086715952294822e-05
2.458792420810025185e+06 9.854000316079958299e-01 4.406139427703988082e-05
2.458792425941854715e+06 9.855521167862586474e-01 4.406192139455681342e-05
2.458792431073684245e+06 9.857054741822642852e-01 4.406449587935695544e-05
2.458792436205513775e+06 9.858601037960131874e-01 4.406757530874999041e-05
2.458792441337343305e+06 9.860211136089166439e-01 4.407065473814303217e-05
2.458792446469172835e+06 9.862000764164254862e-01 4.407373416753606715e-05
2.458792451601002365e+06 9.863974358250411356e-01 4.407801751727795933e-05
2.458792456732831895e+06 9.866131918347637031e-01 4.408271816514741626e-05
2.458792461864661891e+06 9.868437276726402807e-01 4.408741881344341865e-05
2.458792466996491421e+06 9.870790110162784847e-01 4.409211946131287558e-05
2.458792472128320951e+06 9.873184548530548055e-01 4.409698167490532492e-05
2.458792477260150481e+06 9.875620591829691319e-01 4.410191886110791207e-05
2.458792482391980011e+06 9.878081226036351525e-01 4.410685604731050599e-05
2.458792487523809541e+06 9.880508521159806490e-01 4.411179323351309992e-05
2.458792492655639071e+06 9.882897683917674092e-01 4.411610405421890449e-05
2.458792497787468601e+06 9.885248714309953222e-01 4.412003661649295717e-05
2.458792502919298131e+06 9.887556211027366260e-01 4.412396917876701662e-05
2.458792508051127661e+06 9.889797457737302677e-01 4.412790174104106253e-05
2.458792513182957657e+06 9.891969925048325063e-01 4.413216153231195091e-05
2.458792518314787187e+06 9.894073612566177678e-01 4.413667436668372330e-05
2.458792523446616717e+06 9.896125315247786824e-01 4.414118720105548213e-05
2.458792528578446247e+06 9.898213193731765225e-01 4.414570003542725451e-05
2.458792533710275777e+06 9.900350023130013444e-01 4.414969634484266863e-05
2.458792538842105307e+06 9.902535803442531481e-01 4.415318506525020900e-05
2.458792543973934837e+06 9.904800728418721167e-01 4.415667378565774938e-05
2.458792549105764367e+06 9.907345712013437833e-01 4.416016250606528975e-05
2.458792554237593897e+06 9.910207762745568694e-01 4.416560022740714624e-05
2.458792559369423427e+06 9.913386880615113750e-01 4.417347066707392420e-05
2.458792564501252957e+06 9.916818549303954011e-01 4.418134110674071572e-05
2.458792569633082952e+06 9.919946332851696802e-01 4.418921154712167121e-05
2.458792574764912482e+06 9.922642055524890647e-01 4.419492741598721793e-05
2.458792579896742012e+06 9.924905717626951729e-01 4.419720509495289276e-05
2.458792585028571542e+06 9.926768486668016145e-01 4.419948277391856081e-05
2.458792590160401072e+06 9.928590059330814066e-01 4.420176045288423563e-05
2.458792595292230602e+06 9.930472908763554596e-01 4.420461547248699359e-05
2.458792600424060132e+06 9.932417034966238845e-01 4.420866586075267195e-05
2.458792605555889662e+06 9.934427995318428906e-01 4.421271624901834354e-05
2.458792610687719192e+06 9.936595707893715046e-01 4.421676663728401512e-05
2.458792615819548722e+06 9.938951638448495496e-01 4.422130245743021771e-05
2.458792620951378718e+06 9.941495787222158764e-01 4.422717693827590217e-05
2.458792626083208248e+06 9.944216229915504579e-01 4.423305141858852507e-05
2.458792631215037778e+06 9.946822443328449115e-01 4.423892589890116153e-05
2.458792636346867308e+06 9.949189938688072221e-01 4.424399062210674087e-05
2.458792641478696838e+06 9.951318715994378339e-01 4.424594494326035871e-05
2.458792646610526368e+06 9.953215035128929467e-01 4.424789926441398332e-05
2.458792651742355898e+06 9.955137500278408158e-01 4.424985358556760115e-05
2.458792656874185428e+06 9.957221854750886170e-01 4.425242715429604740e-05
2.458792662006014958e+06 9.959468098546361281e-01 4.425859398532337236e-05
2.458792667137844488e+06 9.961873255971183116e-01 4.426476081635069733e-05
2.458792672269674018e+06 9.964175951792891839e-01 4.427092764737802229e-05
2.458792677401504014e+06 9.966207424429577300e-01 4.427662069873628599e-05
2.458792682533333544e+06 9.967967673512572180e-01 4.427736929408438354e-05
2.458792687665163074e+06 9.969457560943039143e-01 4.427811788943247431e-05
2.458792692796992604e+06 9.970964421644661346e-01 4.427886648478057186e-05
2.458792697928822134e+06 9.972718399007761692e-01 4.427972699806982480e-05
2.458792703060651664e+06 9.974719493032343509e-01 4.428448965901823236e-05
2.458792708192481194e+06 9.976967703718405689e-01 4.428925231996663992e-05
2.458792713324310724e+06 9.979115148017140280e-01 4.429401498091504070e-05
2.458792718456140254e+06 9.980811294449584148e-01 4.429877764186345503e-05
2.458792723587969784e+06 9.982056141756773249e-01 4.429989874293595943e-05
2.458792728719799779e+06 9.982849689990245245e-01 4.430090070906337712e-05
2.458792733851629309e+06 9.983532056960143786e-01 4.430190267509987768e-05
2.458792738983458839e+06 9.984533907970191136e-01 4.430290464113638502e-05
2.458792744115288369e+06 9.985856701487300091e-01 4.430616647105904357e-05
2.458792749247117899e+06 9.987500437511469542e-01 4.430965519099870327e-05
2.458792754378947429e+06 9.989246821072222948e-01 4.431314391093835620e-05
2.458792759510776959e+06 9.990753198046782302e-01 4.431663263087802268e-05
2.458792764642606489e+06 9.992015430367634510e-01 4.431753789705788473e-05
2.458792769774436019e+06 9.993033518034774021e-01 4.431798439650183613e-05
2.458792774906265549e+06 9.993888107048639613e-01 4.431843089594579430e-05
2.458792780038095079e+06 9.994734849703090784e-01 4.431887739538974570e-05
2.458792785169925075e+06 9.995577662684549392e-01 4.432122037708452608e-05
2.458792790301754605e+06 9.996416545840061119e-01 4.432406858286291087e-05
2.458792795433584135e+06 9.997235178381195242e-01 4.432691678864129567e-05
2.458792800565413665e+06 9.997994977610615841e-01 4.432976499441968724e-05
2.458792805697243195e+06 9.998694313447834547e-01 4.433098912216572849e-05
2.458792810829072725e+06 9.999333185892853582e-01 4.433161280391477611e-05
2.458792815960902255e+06 9.999838729722487773e-01 4.433223648566381696e-05
2.458792821092731785e+06 1.000000000000000000e+00 4.433286016741285103e-05
2.458792826224561315e+06 9.999803651325259723e-01 4.433185267077402751e-05
2.458792831356390845e+06 9.999249683698265834e-01 4.433004363937761104e-05
2.458792836488220841e+06 9.998499207167543812e-01 4.432823460781704636e-05
2.458792841620050371e+06 9.998125321032689250e-01 4.432642557642063667e-05
2.458792846751879901e+06 9.998178675893726330e-01 4.432674259184088552e-05
2.458792851883709431e+06 9.998659271750655053e-01 4.432841342103462936e-05
2.458792857015538961e+06 9.999390790223315895e-01 4.433008425022837997e-05
2.458792862147368491e+06 9.999597092973859791e-01 4.433175507942213058e-05
2.458792867279198021e+06 9.999186612494895821e-01 4.433047983343655165e-05
2.458792872411027551e+06 9.998159348786423983e-01 4.432680773012091606e-05
2.458792877542857081e+06 9.996616433363720855e-01 4.432313562680528047e-05
2.458792882674686611e+06 9.995115058313357448e-01 4.431946352348964488e-05
2.458792887806516141e+06 9.993740285955935443e-01 4.431567203207553512e-05
2.458792892938346136e+06 9.992492116183945283e-01 4.431175718864387375e-05
2.458792898070175666e+06 9.991371470184894354e-01 4.430784234556744446e-05
2.458792903202005196e+06 9.990384806015114583e-01 4.430392750249102194e-05
2.458792908333834726e+06 9.989533372001044853e-01 4.430148283282579920e-05
2.458792913465664256e+06 9.988817168142688496e-01 4.430096900414655500e-05
2.458792918597493786e+06 9.988188313752792702e-01 4.430045517546731757e-05
2.458792923729323316e+06 9.987209094082095673e-01 4.429994134678807337e-05
2.458792928861152846e+06 9.985773991704947061e-01 4.429748731216491092e-05
2.458792933992982376e+06 9.983883006621347977e-01 4.429176786741802647e-05
2.458792939124811906e+06 9.981571742861431451e-01 4.428604842267114201e-05
2.458792944256641902e+06 9.979279382844979951e-01 4.428032897740527709e-05
2.458792949388471432e+06 9.977136633781483743e-01 4.427506978231830282e-05
2.458792954520300962e+06 9.975143495456147980e-01 4.427082006487135092e-05
2.458792959652130492e+06 9.973298537753950699e-01 4.426657034742439902e-05
2.458792964783960022e+06 9.971576717723520389e-01 4.426232062997744035e-05
2.458792969915789552e+06 9.969968889132435619e-01 4.425820346200566168e-05
2.458792975047619082e+06 9.968475051980697499e-01 4.425447643242473496e-05
2.458792980179448612e+06 9.967083586326296318e-01 4.425074940284380148e-05
2.458792985311278142e+06 9.965481921012766531e-01 4.424702237326287477e-05
2.458792990443107672e+06 9.963530298876784874e-01 4.424297888651905123e-05
2.458792995574937202e+06 9.961228719918353569e-01 4.423762089391018948e-05
2.458793000706767198e+06 9.958582615515650938e-01 4.423226290081515115e-05
2.458793005838596728e+06 9.955848595556656688e-01 4.422690490820629618e-05
2.458793010970426258e+06 9.953167287210865632e-01 4.422128542891447424e-05
2.458793016102255788e+06 9.950538690478281101e-01 4.421398286061506427e-05
2.458793021234085318e+06 9.947961706520506153e-01 4.420668029231566108e-05
2.458793026365914848e+06 9.945317279994551063e-01 4.419937772401625790e-05
2.458793031497744378e+06 9.942525043843013499e-01 4.419211676497086767e-05
2.458793036629573908e+06 9.939584998065889021e-01 4.418536966346874490e-05
2.458793041761403438e+06 9.936497417167183821e-01 4.417862256196662890e-05
2.458793046893232968e+06 9.933408707931429271e-01 4.417187546046450614e-05
2.458793052025062963e+06 9.930441769194207069e-01 4.416513102324666322e-05
2.458793057156892493e+06 9.927596601493955397e-01 4.415855756038613900e-05
2.458793062288722023e+06 9.924873204555935136e-01 4.415198409752561478e-05
2.458793067420551553e+06 9.922236781159550212e-01 4.414541063466509733e-05
2.458793072552381083e+06 9.919650488252175213e-01 4.413883717180456634e-05
2.458793077684210613e+06 9.917114318371015314e-01 4.413358039239682098e-05
2.458793082816040143e+06 9.914628271516076063e-01 4.412838452182040572e-05
2.458793087947869673e+06 9.912126537884766719e-01 4.412318865124399724e-05
2.458793093079699203e+06 9.909521852700288180e-01 4.411799278066758876e-05
2.458793098211528733e+06 9.906813795754190188e-01 4.411139395517700470e-05
2.458793103343358263e+06 9.904002367046470523e-01 4.410463267924302392e-05
2.458793108475188259e+06 9.901104775810719572e-01 4.409787140269552701e-05
2.458793113607017789e+06 9.898149251846272145e-01 4.409111012676154623e-05
2.458793118738847319e+06 9.895136203790159124e-01 4.408504632906047008e-05
2.458793123870676849e+06 9.892065631642383838e-01 4.407911869576981582e-05
2.458793129002506379e+06 9.889000818071328469e-01 4.407319106247916155e-05
2.458793134134335909e+06 9.886069254434534104e-01 4.406726342918850729e-05
2.458793139266165439e+06 9.883274565721972271e-01 4.406072514679729282e-05
2.458793144397994969e+06 9.880616751933638531e-01 4.405401171037994835e-05
2.458793149529824499e+06 9.878011926880402305e-01 4.404729827396259710e-05
2.458793154661654029e+06 9.875253162459400880e-01 4.404058483754524586e-05
2.458793159793484025e+06 9.872330868500096557e-01 4.403429412574360273e-05
2.458793164925313555e+06 9.869245045532829552e-01 4.402816982025528294e-05
2.458793170057143085e+06 9.866097111399858566e-01 4.402204551476696315e-05
2.458793175188972615e+06 9.863193561625437367e-01 4.401592120927865013e-05
2.458793180320802145e+06 9.860555299781041949e-01 4.400987792858975580e-05
2.458793185452631675e+06 9.858182325866674534e-01 4.400387676505391544e-05
2.458793190584461205e+06 9.855997137030004795e-01 4.399787560151807508e-05
2.458793195716290735e+06 9.853711599984316116e-01 4.399187443798223472e-05
2.458793200848120265e+06 9.851298566079478292e-01 4.398623907410417744e-05
2.458793205979949795e+06 9.848758035315490211e-01 4.398084918928455350e-05
2.458793211111779325e+06 9.846144958947866677e-01 4.397545930446492278e-05
2.458793216243609320e+06 9.843712653078778851e-01 4.397006941915621524e-05
2.458793221375438850e+06 9.841492740602905132e-01 4.396458023978167250e-05
2.458793226507268380e+06 9.839485221289898664e-01 4.395900608564474153e-05
2.458793231639097910e+06 9.837639106770060815e-01 4.395343193150782411e-05
2.458793236770927440e+06 9.835659308971096415e-01 4.394785777737089991e-05
2.458793241902756970e+06 9.833498410366134923e-01 4.394267766300187218e-05
2.458793247034586500e+06 9.831156410955177449e-01 4.393792563458635044e-05
2.458793252166416030e+06 9.828682257326786242e-01 4.393317360617083548e-05
2.458793257298245560e+06 9.826438068092463451e-01 4.392842157775531375e-05
2.458793262430075090e+06 9.824497249389437803e-01 4.392471815321436103e-05
2.458793267561905086e+06 9.822859801082891584e-01 4.392246439456669663e-05
2.458793272693734616e+06 9.821503293633996323e-01 4.392021063612353986e-05
2.458793277825564146e+06 9.820210042754012880e-01 4.391795687768038986e-05
2.458793282957393676e+06 9.818925153197699540e-01 4.391524268833690392e-05
2.458793288089223206e+06 9.817648624965057413e-01 4.391171055991236876e-05
2.458793293221052736e+06 9.816372846428697008e-01 4.390817843148783360e-05
2.458793298352882266e+06 9.814997233182125580e-01 4.390464630306329844e-05
2.458793303484711796e+06 9.813490519370857701e-01 4.390115492045774069e-05
2.458793308616541326e+06 9.811852704994894481e-01 4.389775833654077603e-05
2.458793313748370856e+06 9.810100702016557594e-01 4.389436175262379782e-05
2.458793318880200386e+06 9.808556150727382184e-01 4.389096516870683316e-05
2.458793324012030382e+06 9.807341645082759962e-01 4.388799140523668877e-05
2.458793329143859912e+06 9.806457185303097956e-01 4.388634892568998348e-05
2.458793334275689442e+06 9.805897425328893302e-01 4.388470644614328496e-05
2.458793339407518972e+06 9.805502673311407014e-01 4.388306396659657290e-05
2.458793344539348502e+06 9.805198416949846285e-01 4.388161812001887592e-05
2.458793349671178032e+06 9.804984656244206676e-01 4.388105911000226157e-05
2.458793354803007562e+06 9.804860002911734984e-01 4.388050009998564722e-05
2.458793359934837092e+06 9.804748607372285596e-01 4.387994108996902610e-05
2.458793365066666622e+06 9.804607060368332183e-01 4.387932828973253418e-05
2.458793370198496152e+06 9.804435361899875856e-01 4.387832809589932160e-05
2.458793375330326147e+06 9.804233589450912500e-01 4.387732790197534775e-05
2.458793380462155677e+06 9.804012399070832773e-01 4.387632770814213517e-05
2.458793385593985207e+06 9.803779314718531479e-01 4.387543474652066662e-05
2.458793390725814737e+06 9.803534336394011950e-01 4.387615410646257433e-05
2.458793395857644267e+06 9.803277561589904820e-01 4.387687346640448881e-05
2.458793400989473797e+06 9.803106631577266361e-01 4.387759282634638974e-05
2.458793406121303327e+06 9.803107510257480506e-01 4.387830810574260199e-05
2.458793411253132857e+06 9.803280197630549475e-01 4.387756925576951652e-05
2.458793416384962387e+06 9.803624693696469938e-01 4.387683040579643104e-05
2.458793421516791917e+06 9.804136090838183604e-01 4.387609155582334556e-05
2.458793426648621447e+06 9.804808933291814244e-01 4.387535270585027363e-05
2.458793431780451443e+06 9.805643217366386555e-01 4.387747001699341136e-05
2.458793436912280973e+06 9.806638942910496093e-01 4.387975921163423195e-05
2.458793442044110503e+06 9.807692920661323921e-01 4.388204840627505255e-05
2.458793447175940033e+06 9.808661928438625610e-01 4.388433760091587992e-05
2.458793452307769563e+06 9.809545039957584533e-01 4.388726247515514452e-05
2.458793457439599093e+06 9.810342255218204022e-01 4.389027102972179275e-05
2.458793462571428623e+06 9.811131861107516006e-01 4.389327958428844775e-05
2.458793467703258153e+06 9.812048018354696532e-01 4.389628813885510953e-05
2.458793472835087683e+06 9.813093019016434493e-01 4.389907109557928099e-05
2.458793477966917213e+06 9.814266863092730997e-01 4.390180590345091913e-05
2.458793483098747209e+06 9.815575899065359655e-01 4.390454071157070404e-05
2.458793488230576739e+06 9.817033475562696454e-01 4.390727551944234217e-05
2.458793493362406269e+06 9.818640018293843807e-01 4.390867532409391488e-05
2.458793498494235799e+06 9.820395527258801716e-01 4.390966400101421584e-05
2.458793503626065329e+06 9.822226941681558854e-01 4.391065267793451679e-05
2.458793508757894859e+06 9.823946188800040114e-01 4.391164135485481096e-05
2.458793513889724389e+06 9.825543748656476728e-01 4.391469856067866284e-05
2.458793519021553919e+06 9.827019621250868697e-01 4.391862137538061518e-05
2.458793524153383449e+06 9.828432403113646076e-01 4.392254419008256074e-05
2.458793529285212979e+06 9.829966996213798103e-01 4.392646700478451308e-05
2.458793534417042509e+06 9.831636959201989212e-01 4.392953785431504671e-05
2.458793539548872504e+06 9.833442292248175676e-01 4.393214066165419818e-05
2.458793544680702034e+06 9.835373626356781473e-01 4.393474346875716297e-05
2.458793549812531564e+06 9.837394545287804215e-01 4.393734627586012777e-05
2.458793554944361094e+06 9.839501397396297477e-01 4.394164887920182629e-05
2.458793560076190624e+06 9.841694182682264591e-01 4.394715304523580445e-05
2.458793565208020154e+06 9.843974682823598554e-01 4.395265721126977583e-05
2.458793570339849684e+06 9.846351504184740477e-01 4.395816137730374721e-05
2.458793575471679214e+06 9.848825782198482592e-01 4.396339045313141453e-05
2.458793580603508744e+06 9.851397516864827120e-01 4.396837193158128717e-05
2.458793585735338274e+06 9.854019233737519867e-01 4.397335341003115981e-05
2.458793590867168270e+06 9.856402082094315453e-01 4.397833488893304312e-05
2.458793595998997800e+06 9.858497246081926457e-01 4.398252247141896639e-05
2.458793601130827330e+06 9.860304725929621705e-01 4.398580300044260160e-05
2.458793606262656860e+06 9.861869936019709293e-01 4.398908352946622326e-05
2.458793611394486390e+06 9.863547773404303110e-01 4.399236405848985847e-05
2.458793616526315920e+06 9.865413643762639406e-01 4.399618855367646013e-05
2.458793621658145450e+06 9.867467547094721514e-01 4.400080503662543455e-05
2.458793626789974980e+06 9.869698866079700261e-01 4.400542151957439541e-05
2.458793631921804510e+06 9.871998022198769096e-01 4.401003800252336305e-05
2.458793637053634040e+06 9.874336118283186803e-01 4.401513981938778896e-05
2.458793642185463570e+06 9.876713154332955602e-01 4.402115249815852124e-05
2.458793647317293566e+06 9.879117964266604934e-01 4.402716517747484439e-05
2.458793652449123096e+06 9.881392074591371921e-01 4.403317785624558345e-05
2.458793657580952626e+06 9.883484045199306678e-01 4.403797814751503039e-05
2.458793662712782156e+06 9.885393876090410314e-01 4.403978186255513714e-05
2.458793667844611686e+06 9.887130238924006775e-01 4.404158557759524389e-05
2.458793672976441216e+06 9.888872948612480451e-01 4.404338929263535742e-05
2.458793678108270746e+06 9.890693530006166023e-01 4.404625874055050137e-05
2.458793683240100276e+06 9.892591983105055720e-01 4.405272677749229142e-05
2.458793688371929806e+06 9.894565953970817507e-01 4.405919481443407469e-05
2.458793693503759336e+06 9.896536839450081890e-01 4.406566285137586474e-05
2.458793698635589331e+06 9.898466360410261844e-01 4.407163180262547449e-05
2.458793703767418861e+06 9.900354516501190805e-01 4.407514532604844387e-05
2.458793708899248391e+06 9.902200670463620069e-01 4.407865884947142002e-05
2.458793714031077921e+06 9.903964010147707775e-01 4.408217237289438939e-05
2.458793719162907451e+06 9.905620135876911370e-01 4.408535997976979748e-05
2.458793724294736981e+06 9.907169047651234184e-01 4.408589329824014321e-05
2.458793729426566511e+06 9.908611107537584894e-01 4.408642661671047540e-05
2.458793734558396041e+06 9.910011864074715904e-01 4.408695993518080758e-05
2.458793739690225571e+06 9.911419752884433887e-01 4.408767324745873164e-05
2.458793744822055101e+06 9.912834773966736623e-01 4.409182108313666428e-05
2.458793749953884631e+06 9.914256915591866948e-01 4.409596891881459015e-05
2.458793755085714627e+06 9.915655751579489641e-01 4.410011675486889680e-05
2.458793760217544157e+06 9.917003164265371096e-01 4.410426459054682266e-05
2.458793765349373687e+06 9.918299153778776800e-01 4.410678861830345305e-05
2.458793770481203217e+06 9.919543720119703423e-01 4.410929663251570430e-05
2.458793775613032747e+06 9.920702786711448340e-01 4.411180464672795554e-05
2.458793780744862277e+06 9.921736606748891019e-01 4.411431266094019323e-05
2.458793785876691807e+06 9.922645122458385591e-01 4.411455332164152817e-05
2.458793791008521337e+06 9.923428333839933169e-01 4.411462508043582193e-05
2.458793796140350867e+06 9.924137868346850633e-01 4.411469683923011569e-05
2.458793801272180397e+06 9.924848697161087197e-01 4.411476859802441623e-05
2.458793806404010393e+06 9.925561445193755716e-01 4.411682677590913088e-05
2.458793811535839923e+06 9.926276112315505218e-01 4.411917886972215708e-05
2.458793816667669453e+06 9.927000338092495380e-01 4.412153096353519006e-05
2.458793821799498983e+06 9.927747796956898352e-01 4.412388305734821626e-05
2.458793826931328513e+06 9.928518760641502627e-01 4.412616685025341881e-05
2.458793832063158043e+06 9.929313229146308206e-01 4.412843478251758054e-05
2.458793837194987573e+06 9.930101615496231826e-01 4.413070271478174226e-05
2.458793842326817103e+06 9.930818989131902086e-01 4.413297064704590399e-05
2.458793847458646633e+06 9.931463044348153302e-01 4.413544576408537639e-05
2.458793852590476163e+06 9.932033781144992135e-01 4.413798921456948477e-05
2.458793857722305693e+06 9.932508038315794874e-01 4.414053266505359993e-05
2.458793862854135688e+06 9.932823591215049763e-01 4.414307611576850785e-05
2.458793867985965218e+06 9.932977012826206265e-01 4.414237886046742433e-05
2.458793873117794748e+06 9.932968303185252257e-01 4.414024204308504529e-05
2.458793878249624278e+06 9.932797171577356643e-01 4.413810522570266626e-05
2.458793883381453808e+06 9.932462659896585944e-01 4.413596840832028723e-05
2.458793888513283338e+06 9.931964692788342042e-01 4.413466640440853159e-05
2.458793893645112868e+06 9.931303270252624937e-01 4.413384870855453139e-05
2.458793898776942398e+06 9.930530387276649273e-01 4.413303101270053119e-05
2.458793903908771928e+06 9.929857448967455147e-01 4.413221331684653100e-05
2.458793909040601458e+06 9.929306979006989886e-01 4.413096544162596255e-05
2.458793914172431454e+06 9.928878977361969005e-01 4.412939737904680664e-05
2.458793919304260984e+06 9.928519363582971602e-01 4.412782931660993194e-05
2.458793924436090514e+06 9.927954220989996248e-01 4.412626125417306401e-05
2.458793929567920044e+06 9.927145400325085856e-01 4.412391448469446276e-05
2.458793934699749574e+06 9.926092901588241535e-01 4.412083062863755156e-05
2.458793939831579104e+06 9.924822255790726189e-01 4.411774677258064714e-05
2.458793944963408634e+06 9.923496923888990295e-01 4.411466291652373594e-05
2.458793950095238164e+06 9.922145936767514662e-01 4.411186593607485098e-05
2.458793955227067694e+06 9.920769294426300400e-01 4.410941373447866418e-05
2.458793960358897224e+06 9.919372361371922020e-01 4.410696153288247060e-05
2.458793965490726754e+06 9.917999476004232262e-01 4.410450933128628380e-05
2.458793970622556750e+06 9.916660507326608975e-01 4.410154184521382202e-05
2.458793975754386280e+06 9.915355455582050004e-01 4.409778381099922041e-05
2.458793980886215810e+06 9.914081799229471637e-01 4.409402577678461879e-05
2.458793986018045340e+06 9.912811813642867786e-01 4.409026774257001718e-05
2.458793991149874870e+06 9.911537855534238162e-01 4.408694008899419670e-05
2.458793996281704400e+06 9.910259924903579432e-01 4.408446662564503155e-05
2.458794001413533930e+06 9.908969444197548437e-01 4.408199316229586640e-05
2.458794006545363460e+06 9.907535317574797107e-01 4.407951969894670125e-05
2.458794011677192990e+06 9.905913114457316482e-01 4.407631678157680988e-05
2.458794016809022520e+06 9.904102834845104342e-01 4.407119533042296397e-05
2.458794021940852515e+06 9.902109209579539328e-01 4.406607387880440190e-05
2.458794027072682045e+06 9.900039662273228958e-01 4.406095242765055599e-05
2.458794032204511575e+06 9.897938785676211326e-01 4.405627569833938837e-05
2.458794037336341105e+06 9.895806579788481994e-01 4.405321399026181664e-05
2.458794042468170635e+06 9.893645883472034219e-01 4.405015228218425168e-05
2.458794047600000165e+06 9.891563466622660394e-01 4.404709057410667995e-05
