2.458726000000000000e+06 9.849363866623198627e-01 4.328225887835983305e-05
2.458726005131829530e+06 9.851761598027773958e-01 4.328698321913915410e-05
2.458726010263659060e+06 9.854126803497557097e-01 4.329170755991847516e-05
2.458726015395488590e+06 9.856457754662869553e-01 4.329906778193536504e-05
2.458726020527318120e+06 9.858754451523711326e-01 4.330719793970668933e-05
2.458726025659147650e+06 9.861044707331999559e-01 4.331532809747801362e-05
2.458726030790977646e+06 9.863397872700294666e-01 4.332345825598706972e-05
2.458726035922807176e+06 9.865817234813185621e-01 4.332942966353940526e-05
2.458726041054636706e+06 9.868302793881198465e-01 4.333453794567710099e-05
2.458726046186466236e+06 9.870818180757835458e-01 4.333964622781481026e-05
2.458726051318295766e+06 9.873252282476576713e-01 4.334475450995251954e-05
2.458726056450125296e+06 9.875597379211351612e-01 4.335030754954427964e-05
2.458726061581954826e+06 9.877853470962160154e-01 4.335609504420970847e-05
2.458726066713784356e+06 9.880016178537842642e-01 4.336188253887513731e-05
2.458726071845613886e+06 9.882069038094400959e-01 4.336767003354056614e-05
2.458726076977443416e+06 9.884010473564862620e-01 4.337190840399604959e-05
2.458726082109273411e+06 9.885840485110225506e-01 4.337509343282847432e-05
2.458726087241102941e+06 9.887631791488378230e-01 4.337827846137189142e-05
2.458726092372932471e+06 9.889723571204460661e-01 4.338146348991530851e-05
2.458726097504762001e+06 9.892158764214298294e-01 4.338725530772686038e-05
2.458726102636591531e+06 9.894937370517892239e-01 4.339530654896511341e-05
2.458726107768421061e+06 9.897968367676220902e-01 4.340335779020336644e-05
2.458726112900250591e+06 9.900718333615680100e-01 4.341140903144161947e-05
2.458726118032080121e+06 9.903100450280410971e-01 4.341764192061947799e-05
2.458726123163909651e+06 9.905114717670417956e-01 4.342187414247302948e-05
2.458726128295739181e+06 9.906801548720882700e-01 4.342610636432656741e-05
2.458726133427568711e+06 9.908464046613912890e-01 4.343033858618011213e-05
2.458726138559398707e+06 9.910164389919232653e-01 4.343356611488352316e-05
2.458726143691228237e+06 9.911902578328267710e-01 4.343538651112721497e-05
2.458726148823057767e+06 9.913679998275893857e-01 4.343720690737090000e-05
2.458726153954887297e+06 9.915510311580822966e-01 4.343902730361458504e-05
2.458726159086716827e+06 9.917397002599949163e-01 4.344204461235413661e-05
2.458726164218546357e+06 9.919340071333265785e-01 4.344721762340413951e-05
2.458726169350375887e+06 9.921328705944533199e-01 4.345239063445414918e-05
2.458726174482205417e+06 9.923217477399290942e-01 4.345756364550415886e-05
2.458726179614034947e+06 9.924960683834838093e-01 4.346262350915111410e-05
2.458726184745864477e+06 9.926558325251177983e-01 4.346741612576926164e-05
2.458726189877694473e+06 9.928013662657763083e-01 4.347220874282228944e-05
2.458726195009524003e+06 9.929390053233462243e-01 4.347700135944043020e-05
2.458726200141353533e+06 9.930711906788494137e-01 4.348127402307191925e-05
2.458726205273183063e+06 9.931979223322858763e-01 4.348388092265147224e-05
2.458726210405012593e+06 9.933193178983446003e-01 4.348648782223101845e-05
2.458726215536842123e+06 9.934389882434163654e-01 4.348909472181055789e-05
2.458726220668671653e+06 9.935586364107243940e-01 4.349155251297577449e-05
2.458726225800501183e+06 9.936782624002690190e-01 4.349332325398826588e-05
2.458726230932330713e+06 9.937978032794719807e-01 4.349509399500075049e-05
2.458726236064160243e+06 9.939136855276655691e-01 4.349686473601324866e-05
2.458726241195989773e+06 9.940238414666967559e-01 4.349872530517315613e-05
2.458726246327819768e+06 9.941282711057816135e-01 4.350125240193365917e-05
2.458726251459649298e+06 9.942268483924336930e-01 4.350377949846486023e-05
2.458726256591478828e+06 9.943010756077976797e-01 4.350630659499604773e-05
2.458726261723308358e+06 9.943377423751950106e-01 4.350859404881117048e-05
2.458726266855137888e+06 9.943368486946262408e-01 4.350707335738977191e-05
2.458726271986967418e+06 9.942984151574760787e-01 4.350555266596836657e-05
2.458726277118796948e+06 9.942475859918684655e-01 4.350403197454696800e-05
2.458726282250626478e+06 9.942067678258733610e-01 4.350251128312556265e-05
2.458726287382456008e+06 9.941759606594899878e-01 4.350246110157769431e-05
2.458726292514285538e+06 9.941551644927189013e-01 4.350241144634760520e-05
2.458726297646115534e+06 9.941342432642761295e-01 4.350236179111301665e-05
2.458726302777945064e+06 9.941017912204898055e-01 4.350231213588292753e-05
2.458726307909774594e+06 9.940577985720655541e-01 4.350036944215746954e-05
2.458726313041604124e+06 9.940022653190038193e-01 4.349830609000726562e-05
2.458726318173433654e+06 9.939447428556602571e-01 4.349624273785706170e-05
2.458726323305263184e+06 9.938986400277564082e-01 4.349417938570685778e-05
2.458726328437092714e+06 9.938640495772295136e-01 4.349523125609352830e-05
2.458726333568922244e+06 9.938409715040797954e-01 4.349670583905402579e-05
2.458726338700751774e+06 9.938260874436510850e-01 4.349818042201453682e-05
2.458726343832581304e+06 9.938136480813281048e-01 4.349965500497504108e-05
2.458726348964410834e+06 9.938035512710233776e-01 4.350135233895939573e-05
2.458726354096240830e+06 9.937957970121394924e-01 4.350309825243666356e-05
2.458726359228070360e+06 9.937744133615276088e-01 4.350484416575550235e-05
2.458726364359899890e+06 9.937054533192379857e-01 4.350659007907434791e-05
2.458726369491729420e+06 9.935878042292460854e-01 4.350293291413933651e-05
2.458726374623558950e+06 9.934214660915523520e-01 4.349758256321709500e-05
2.458726379755388480e+06 9.932320002352504895e-01 4.349223221229485349e-05
2.458726384887218010e+06 9.930859149468471703e-01 4.348688186137261876e-05
2.458726390019047540e+06 9.929866499707639127e-01 4.348605701139616353e-05
2.458726395150877070e+06 9.929342053070003837e-01 4.348715474663676135e-05
2.458726400282706600e+06 9.929072039433374242e-01 4.348825248187735239e-05
2.458726405414536595e+06 9.928374531064948494e-01 4.348935021721755451e-05
2.458726410546366125e+06 9.927198625869092519e-01 4.348732193574199323e-05
2.458726415678195655e+06 9.925544323804219582e-01 4.348355257192660056e-05
2.458726420810025185e+06 9.923538565052237859e-01 4.347978320811122144e-05
2.458726425941854715e+06 9.921680343749028630e-01 4.347601384429582876e-05
2.458726431073684245e+06 9.920020470039598859e-01 4.347291101394658573e-05
2.458726436205513775e+06 9.918558943923949656e-01 4.347028549377312861e-05
2.458726441337343305e+06 9.917233779886277523e-01 4.346765997359967149e-05
2.458726446469172835e+06 9.915742000109987186e-01 4.346503445342621437e-05
2.458726451601002365e+06 9.914043082660869421e-01 4.346081179601489155e-05
2.458726456732831895e+06 9.912137027538928669e-01 4.345513336602812421e-05
2.458726461864661891e+06 9.910058372694944273e-01 4.344945493552609657e-05
2.458726466996491421e+06 9.908019940294926498e-01 4.344377650553932923e-05
2.458726472128320951e+06 9.906058149221245168e-01 4.343980441278236525e-05
2.458726477260150481e+06 9.904172999473895844e-01 4.343780667660588214e-05
2.458726482391980011e+06 9.902343282084590248e-01 4.343580894042939225e-05
2.458726487523809541e+06 9.900400936260692619e-01 4.343381120425290236e-05
2.458726492655639071e+06 9.898309834067152702e-01 4.343093323952872847e-05
2.458726497787468601e+06 9.896069975503969385e-01 4.342675688027828771e-05
2.458726502919298131e+06 9.893686569830938415e-01 4.342258052102784019e-05
2.458726508051127661e+06 9.891214229432534477e-01 4.341840416177739266e-05
2.458726513182957657e+06 9.888667517303548760e-01 4.341338173250702663e-05
2.458726518314787187e+06 9.886046433906159336e-01 4.340674921293307119e-05
2.458726523446616717e+06 9.883368236726430833e-01 4.340011669335910898e-05
2.458726528578446247e+06 9.880882362315303036e-01 4.339348417378515355e-05
2.458726533710275777e+06 9.878670657304643443e-01 4.338776338559397204e-05
2.458726538842105307e+06 9.876733121694453166e-01 4.338433096804439673e-05
2.458726543973934837e+06 9.875057311118390357e-01 4.338089855049482820e-05
2.458726549105764367e+06 9.873379370923468512e-01 4.337746613294525289e-05
2.458726554237593897e+06 9.871593222501950926e-01 4.337418937051201691e-05
2.458726559369423427e+06 9.869698865853835379e-01 4.337144769269593933e-05
2.458726564501252957e+06 9.867698285872247288e-01 4.336870601487985497e-05
2.458726569633082952e+06 9.865659710270339167e-01 4.336596433681499366e-05
2.458726574764912482e+06 9.863616723832276945e-01 4.336293453733939651e-05
2.458726579896742012e+06 9.861569326373282873e-01 4.335845492652553500e-05
2.458726585028571542e+06 9.859517502207074680e-01 4.335397531571168027e-05
2.458726590160401072e+06 9.857460203983063884e-01 4.334949570489783231e-05
2.458726595292230602e+06 9.855396798641554712e-01 4.334501722435744436e-05
2.458726600424060132e+06 9.853327286182550493e-01 4.334054825414910601e-05
2.458726605555889662e+06 9.851252162585654171e-01 4.333607928394076088e-05
2.458726610687719192e+06 9.849268291761104077e-01 4.333161031373242253e-05
2.458726615819548722e+06 9.847448072257788398e-01 4.332730224845061294e-05
2.458726620951378718e+06 9.845791503932814770e-01 4.332628165613087090e-05
2.458726626083208248e+06 9.844298553301293886e-01 4.332526106390373327e-05
2.458726631215037778e+06 9.842846716458419909e-01 4.332424047167658887e-05
2.458726636346867308e+06 9.841321394192924510e-01 4.332321987944945125e-05
2.458726641478696838e+06 9.839722586504806578e-01 4.331957000122666873e-05
2.458726646610526368e+06 9.838050293394068335e-01 4.331588576090610396e-05
2.458726651742355898e+06 9.836338562993788281e-01 4.331220152058553241e-05
2.458726656874185428e+06 9.834627583137605100e-01 4.330851728026496763e-05
2.458726662006014958e+06 9.832917421504422384e-01 4.330278843335973714e-05
2.458726667137844488e+06 9.831208078094240133e-01 4.329689985574989821e-05
2.458726672269674018e+06 9.829551599845085530e-01 4.329101127814005928e-05
2.458726677401504014e+06 9.828024418488761071e-01 4.328512269999589164e-05
2.458726682533333544e+06 9.826627209363413273e-01 4.328428369835896820e-05
2.458726687665163074e+06 9.825359972324567703e-01 4.328421276232390715e-05
2.458726692796992604e+06 9.824233454845693325e-01 4.328414182628885964e-05
2.458726697928822134e+06 9.823267103614743423e-01 4.328407089025380536e-05
2.458726703060651664e+06 9.822461319125629364e-01 4.328273619741508567e-05
2.458726708192481194e+06 9.821816101378350039e-01 4.328110200854407572e-05
2.458726713324310724e+06 9.821311141927041577e-01 4.327946781967307254e-05
2.458726718456140254e+06 9.820901396050727428e-01 4.327783363080206936e-05
2.458726723587969784e+06 9.820585222282779414e-01 4.327740528117053403e-05
2.458726728719799779e+06 9.820362620607244741e-01 4.327738134025652447e-05
2.458726733851629309e+06 9.820149679396635856e-01 4.327735739934469010e-05
2.458726738983458839e+06 9.819718548802988112e-01 4.327733345843286927e-05
2.458726744115288369e+06 9.819056421282766900e-01 4.327599483675973927e-05
2.458726749247117899e+06 9.818163296835972220e-01 4.327406360329174760e-05
2.458726754378947429e+06 9.817190896312982806e-01 4.327213236982376947e-05
2.458726759510776959e+06 9.816644699405078223e-01 4.327020113635577779e-05
2.458726764642606489e+06 9.816565145862444774e-01 4.327103668412826882e-05
2.458726769774436019e+06 9.816952235685083572e-01 4.327349905119001153e-05
2.458726774906265549e+06 9.817669020077135489e-01 4.327596141825174747e-05
2.458726780038095079e+06 9.818152383846895370e-01 4.327842378531349018e-05
2.458726785169925075e+06 9.818341434995758732e-01 4.327919805979312483e-05
2.458726790301754605e+06 9.818236173489419683e-01 4.327869973416915463e-05
2.458726795433584135e+06 9.817948781513389234e-01 4.327820140854517764e-05
2.458726800565413665e+06 9.818054247655568778e-01 4.327770308292121421e-05
2.458726805697243195e+06 9.818633723605684205e-01 4.327912036329461821e-05
2.458726810829072725e+06 9.819687209363737734e-01 4.328237366712951587e-05
2.458726815960902255e+06 9.821125813256128545e-01 4.328562697096442031e-05
2.458726821092731785e+06 9.822373081604763856e-01 4.328888027479932475e-05
2.458726826224561315e+06 9.823325377890421706e-01 4.329084856654434995e-05
2.458726831356390845e+06 9.823982702113103205e-01 4.329125290191704209e-05
2.458726836488220841e+06 9.824390645303866521e-01 4.329165723732642093e-05
2.458726841620050371e+06 9.824931378192608422e-01 4.329206157269911308e-05
2.458726846751879901e+06 9.825690947142599052e-01 4.329316155265358612e-05
2.458726851883709431e+06 9.826669352153833970e-01 4.329534283563395077e-05
2.458726857015538961e+06 9.827862254569559308e-01 4.329752411861431541e-05
2.458726862147368491e+06 9.829221178498095401e-01 4.329970540159468683e-05
2.458726867279198021e+06 9.830732612535353354e-01 4.330242498588057981e-05
2.458726872411027551e+06 9.832396556681333166e-01 4.330622804380484294e-05
2.458726877542857081e+06 9.834198650358121352e-01 4.331003110172909929e-05
2.458726882674686611e+06 9.835915246193185357e-01 4.331383415965336242e-05
2.458726887806516141e+06 9.837469733156775087e-01 4.331751332756210340e-05
2.458726892938346136e+06 9.838862111367882024e-01 4.332086150849590164e-05
2.458726898070175666e+06 9.840110584381160930e-01 4.332420968912588610e-05
2.458726903202005196e+06 9.841638186601202598e-01 4.332755786975587056e-05
2.458726908333834726e+06 9.843622391654595072e-01 4.333108719041941722e-05
2.458726913465664256e+06 9.846063199541333910e-01 4.333528660341295625e-05
2.458726918597493786e+06 9.848948058482467349e-01 4.333948601640649529e-05
2.458726923729323316e+06 9.851790171031672427e-01 4.334368542940003432e-05
2.458726928861152846e+06 9.854339415494950405e-01 4.334790807683003608e-05
2.458726933992982376e+06 9.856595791872301282e-01 4.335225911549107496e-05
2.458726939124811906e+06 9.858562683020712925e-01 4.335661015415212061e-05
2.458726944256641902e+06 9.860510084112780183e-01 4.336096119320797848e-05
2.458726949388471432e+06 9.862608531772688591e-01 4.336547411665148588e-05
2.458726954520300962e+06 9.864858026170293392e-01 4.337155333431199977e-05
2.458726959652130492e+06 9.867258278444005493e-01 4.337763255197250688e-05
2.458726964783960022e+06 9.869730064150362692e-01 4.338371176963302077e-05
2.458726969915789552e+06 9.872211376449477882e-01 4.338980471934189033e-05
2.458726975047619082e+06 9.874702215341353284e-01 4.339628649896533531e-05
2.458726980179448612e+06 9.877202581910448087e-01 4.340276827858877351e-05
2.458726985311278142e+06 9.879770798769678120e-01 4.340925005821221849e-05
2.458726990443107672e+06 9.882464190124471415e-01 4.341573183783566347e-05
2.458726995574937202e+06 9.885282755974826863e-01 4.342171846894541938e-05
2.458727000706767198e+06 9.888226496593540693e-01 4.342769216980527336e-05
2.458727005838596728e+06 9.891146425894263849e-01 4.343366587012307368e-05
2.458727010970426258e+06 9.893858210597242797e-01 4.343963957044088078e-05
2.458727016102255788e+06 9.896361341532582401e-01 4.344360849900455180e-05
2.458727021234085318e+06 9.898655818700283771e-01 4.344739116265100245e-05
2.458727026365914848e+06 9.900861044545526957e-01 4.345117382629745309e-05
2.458727031497744378e+06 9.903160365703416179e-01 4.345495648994390374e-05
2.458727036629573908e+06 9.905555790139470851e-01 4.346121719352670954e-05
2.458727041761403438e+06 9.908047317853694302e-01 4.346789670718088238e-05
2.458727046893232968e+06 9.910666742076491564e-01 4.347457622083505523e-05
2.458727052025062963e+06 9.913474129838644178e-01 4.348125573509532420e-05
2.458727057156892493e+06 9.916470898444076365e-01 4.348823163965278616e-05
2.458727062288722023e+06 9.919657048138935673e-01 4.349528356744936401e-05
2.458727067420551553e+06 9.922900707550252886e-01 4.350233549524594863e-05
2.458727072552381083e+06 9.925896646935207235e-01 4.350938742304252647e-05
2.458727077684210613e+06 9.928632571428407383e-01 4.351500758728811042e-05
2.458727082816040143e+06 9.931108481029855550e-01 4.352011498112696547e-05
2.458727087947869673e+06 9.933438177523922219e-01 4.352522237496581374e-05
2.458727093079699203e+06 9.935944185889684643e-01 4.353032976880466201e-05
2.458727098211528733e+06 9.938646142207993028e-01 4.353704893754251531e-05
2.458727103343358263e+06 9.941544046478847374e-01 4.354453800843886070e-05
2.458727108475188259e+06 9.944541495012602095e-01 4.355202708001475691e-05
2.458727113607017789e+06 9.947302947505372028e-01 4.355951615091110230e-05
2.458727118738847319e+06 9.949799696841991059e-01 4.356423120442412094e-05
2.458727123870676849e+06 9.952031743022460297e-01 4.356722559140220553e-05
2.458727129002506379e+06 9.954067065455256547e-01 4.357021997838029690e-05
2.458727134134335909e+06 9.956198187520846066e-01 4.357321436535838827e-05
2.458727139266165439e+06 9.958458650612426188e-01 4.357746808495204449e-05
2.458727144397994969e+06 9.960848454729996915e-01 4.358272089764324720e-05
2.458727149529824499e+06 9.963300294898258525e-01 4.358797371033445669e-05
2.458727154661654029e+06 9.965452182781336932e-01 4.359322652302565941e-05
2.458727159793484025e+06 9.967250261634728048e-01 4.359637234850182461e-05
2.458727164925313555e+06 9.968694531132115122e-01 4.359739471394706345e-05
2.458727170057143085e+06 9.969862525276244059e-01 4.359841707939230229e-05
2.458727175188972615e+06 9.971283910675364792e-01 4.359943944483754113e-05
2.458727180320802145e+06 9.973058658216689132e-01 4.360176743437623180e-05
2.458727185452631675e+06 9.975186767900220408e-01 4.360576733942693716e-05
2.458727190584461205e+06 9.977609446012771777e-01 4.360976724447764930e-05
2.458727195716290735e+06 9.979804609848776931e-01 4.361376714952835466e-05
2.458727200848120265e+06 9.981649203542464210e-01 4.361763164812406345e-05
2.458727205979949795e+06 9.983143227093836947e-01 4.362127421295409568e-05
2.458727211111779325e+06 9.984318529799383057e-01 4.362491677778414147e-05
2.458727216243609320e+06 9.985555118799652741e-01 4.362855934294470630e-05
2.458727221375438850e+06 9.986963668169406283e-01 4.363253181524648166e-05
2.458727226507268380e+06 9.988544178013047947e-01 4.363720738592535679e-05
2.458727231639097910e+06 9.990275348050394744e-01 4.364188295660421837e-05
2.458727236770927440e+06 9.991798670909750602e-01 4.364655852728309350e-05
2.458727241902756970e+06 9.992985956040421058e-01 4.364987123785040671e-05
2.458727247034586500e+06 9.993837203442405004e-01 4.364930108957062224e-05
2.458727252166416030e+06 9.994364743486455760e-01 4.364873094129083098e-05
2.458727257298245560e+06 9.994884166798750913e-01 4.364816079301104651e-05
2.458727262430075090e+06 9.995533635407730655e-01 4.364845995185544469e-05
2.458727267561905086e+06 9.996313149390033681e-01 4.365223108848680122e-05
2.458727272693734616e+06 9.997218560388771991e-01 4.365600222477596321e-05
2.458727277825564146e+06 9.998066732473156470e-01 4.365977336106512520e-05
2.458727282957393676e+06 9.998759426200142242e-01 4.366312175114461249e-05
2.458727288089223206e+06 9.999296641569729305e-01 4.366388786018618809e-05
2.458727293221052736e+06 9.999678446430692036e-01 4.366465396922777047e-05
2.458727298352882266e+06 9.999911445549481970e-01 4.366542007826934606e-05
2.458727303484711796e+06 1.000000000000000000e+00 4.366605722265592650e-05
2.458727308616541326e+06 9.999944109782245016e-01 4.366523347811459134e-05
2.458727313748370856e+06 9.999744134162777964e-01 4.366440973357324940e-05
2.458727318880200386e+06 9.999549675114669522e-01 4.366358598903190746e-05
2.458727324012030382e+06 9.999483419096968362e-01 4.366281153632513626e-05
2.458727329143859912e+06 9.999545366121703749e-01 4.366427459175378854e-05
2.458727334275689442e+06 9.999735516177042927e-01 4.366573764718242726e-05
2.458727339407518972e+06 9.999788984702469019e-01 4.366720070261107277e-05
2.458727344539348502e+06 9.999432080646671883e-01 4.366866375803972504e-05
2.458727349671178032e+06 9.998664785786226528e-01 4.366573386844860457e-05
2.458727354803007562e+06 9.997487100121135173e-01 4.366263041753935489e-05
2.458727359934837092e+06 9.996202903746027602e-01 4.365952696663010521e-05
2.458727365066666622e+06 9.995206074106971483e-01 4.365642351572085553e-05
2.458727370198496152e+06 9.994498218102606524e-01 4.365622233583152541e-05
2.458727375330326147e+06 9.994079335708030420e-01 4.365633494677473981e-05
2.458727380462155677e+06 9.993690263731623835e-01 4.365644755770772882e-05
2.458727385593985207e+06 9.992915034280457354e-01 4.365656016864072461e-05
2.458727390725814737e+06 9.991748127866405538e-01 4.365270274458303340e-05
2.458727395857644267e+06 9.990189544489467277e-01 4.364810520383880410e-05
2.458727400989473797e+06 9.988413215353461050e-01 4.364350766309458158e-05
2.458727406121303327e+06 9.986762197369982719e-01 4.363891012235035228e-05
2.458727411253132857e+06 9.985245682017197533e-01 4.363559751189180312e-05
2.458727416384962387e+06 9.983863669295105492e-01 4.363264036652541596e-05
2.458727421516791917e+06 9.982516700071900617e-01 4.362968322115903558e-05
2.458727426648621447e+06 9.980964542338078838e-01 4.362672607579264842e-05
2.458727431780451443e+06 9.979196554495867177e-01 4.362259903280039746e-05
2.458727436912280973e+06 9.977212736866122311e-01 4.361802543306487600e-05
2.458727442044110503e+06 9.975062659792813813e-01 4.361345183332936810e-05
2.458727447175940033e+06 9.972892977139289350e-01 4.360887823359384664e-05
2.458727452307769563e+06 9.970713329514682144e-01 4.360405787261950920e-05
2.458727457439599093e+06 9.968523716918987754e-01 4.359911274538121463e-05
2.458727462571428623e+06 9.966310033865269924e-01 4.359416761814292684e-05
2.458727467703258153e+06 9.964020974522244112e-01 4.358922249090463227e-05
2.458727472835087683e+06 9.961651854232801417e-01 4.358489711231657747e-05
2.458727477966917213e+06 9.959202672996941841e-01 4.358097701064330651e-05
2.458727483098747209e+06 9.956718502779101643e-01 4.357705690861432915e-05
2.458727488230576739e+06 9.954402418824118692e-01 4.357313680694105819e-05
2.458727493362406269e+06 9.952279077423352716e-01 4.356955018267305693e-05
2.458727498494235799e+06 9.950348478576803712e-01 4.356624190415168762e-05
2.458727503626065329e+06 9.948535813060540578e-01 4.356293362563031830e-05
2.458727508757894859e+06 9.946418572757013132e-01 4.355962534710895576e-05
2.458727513889724389e+06 9.943930555565509977e-01 4.355486848184253674e-05
2.458727519021553919e+06 9.941071761486031111e-01 4.354857645708037721e-05
2.458727524153383449e+06 9.937904798032337617e-01 4.354228443231821091e-05
2.458727529285212979e+06 9.934880690323921737e-01 4.353599240755605138e-05
2.458727534417042509e+06 9.932088749440161068e-01 4.353068610728297880e-05
2.458727539548872504e+06 9.929528975159319648e-01 4.352670836973445518e-05
2.458727544680702034e+06 9.927180571066304138e-01 4.352273063254687602e-05
2.458727549812531564e+06 9.924847615300296244e-01 4.351875289535930364e-05
2.458727554944361094e+06 9.922481786227338452e-01 4.351395716549190081e-05
2.458727560076190624e+06 9.920083083847431871e-01 4.350774671728881382e-05
2.458727565208020154e+06 9.917643793390384932e-01 4.350153626908572006e-05
2.458727570339849684e+06 9.915065405698815226e-01 4.349532582088263307e-05
2.458727575471679214e+06 9.912317949877227363e-01 4.348972121431715263e-05
2.458727580603508744e+06 9.909401425925620233e-01 4.348548544746018543e-05
2.458727585735338274e+06 9.906329039487269394e-01 4.348124968060322501e-05
2.458727590867168270e+06 9.903341797067534147e-01 4.347701391336190814e-05
2.458727595998997800e+06 9.900529643809991009e-01 4.347244206743739776e-05
2.458727601130827330e+06 9.897892579435635385e-01 4.346684698917333722e-05
2.458727606262656860e+06 9.895422591149620750e-01 4.346125191090926989e-05
2.458727611394486390e+06 9.892892567984278296e-01 4.345565683264520935e-05
2.458727616526315920e+06 9.890198748901309900e-01 4.344967483861926797e-05
2.458727621658145450e+06 9.887341133900714452e-01 4.344201818256058866e-05
2.458727626789974980e+06 9.884325444870123434e-01 4.343436152650190934e-05
2.458727631921804510e+06 9.881442215584501643e-01 4.342670487044322325e-05
2.458727637053634040e+06 9.878854193985173726e-01 4.341962803413526860e-05
2.458727642185463570e+06 9.876561380072143015e-01 4.341649709579790023e-05
2.458727647317293566e+06 9.874561182522328950e-01 4.341336615717642346e-05
2.458727652449123096e+06 9.872538121251452914e-01 4.341023521883905509e-05
2.458727657580952626e+06 9.870274342884531871e-01 4.340687061609786149e-05
2.458727662712782156e+06 9.867769847421565821e-01 4.340033120226661936e-05
2.458727667844611686e+06 9.865024869737822888e-01 4.339379178843537723e-05
2.458727672976441216e+06 9.862207294810028113e-01 4.338725237460413510e-05
2.458727678108270746e+06 9.859461481115033843e-01 4.338073516402494051e-05
2.458727683240100276e+06 9.856787428652843408e-01 4.337666521019640820e-05
2.458727688371929806e+06 9.854185137423454588e-01 4.337259525636788266e-05
2.458727693503759336e+06 9.851671563886812422e-01 4.336852530253935034e-05
2.458727698635589331e+06 9.849265111985950893e-01 4.336445534834151166e-05
2.458727703767418861e+06 9.846965789801260804e-01 4.335919584876305220e-05
2.458727708899248391e+06 9.844773597109519603e-01 4.335387298769844349e-05
2.458727714031077921e+06 9.842708761033430731e-01 4.334855012663383478e-05
2.458727719162907451e+06 9.840798732392049830e-01 4.334322726556922607e-05
2.458727724294736981e+06 9.839043665602750233e-01 4.333951484314298467e-05
2.458727729426566511e+06 9.837443560665530828e-01 4.333600173710634208e-05
2.458727734558396041e+06 9.835889392745508220e-01 4.333248863106969271e-05
2.458727739690225571e+06 9.834198308462567262e-01 4.332897552503304334e-05
2.458727744822055101e+06 9.832367422604526563e-01 4.332473649671298897e-05
2.458727749953884631e+06 9.830396735171387235e-01 4.332034910431790790e-05
2.458727755085714627e+06 9.828370682671823122e-01 4.331596171152471457e-05
2.458727760217544157e+06 9.826463106959870686e-01 4.331157431912962673e-05
2.458727765349373687e+06 9.824679250834682520e-01 4.330930072980690996e-05
2.458727770481203217e+06 9.823019114296256404e-01 4.330765590100883668e-05
2.458727775613032747e+06 9.821527448411082606e-01 4.330601107221075663e-05
2.458727780744862277e+06 9.820317054336732410e-01 4.330436624341267658e-05
2.458727785876691807e+06 9.819393401662424026e-01 4.330204351886916538e-05
2.458727791008521337e+06 9.818756490388158564e-01 4.329944548745641984e-05
2.458727796140350867e+06 9.818293814279502874e-01 4.329684745604367430e-05
2.458727801272180397e+06 9.817657849075512866e-01 4.329424942463092876e-05
2.458727806404010393e+06 9.816823997711883187e-01 4.329250536112860034e-05
2.458727811535839923e+06 9.815792260339943898e-01 4.329121787252405447e-05
2.458727816667669453e+06 9.814608894892102864e-01 4.328993038391952216e-05
2.458727821799498983e+06 9.813449794928645886e-01 4.328864289531498307e-05
2.458727826931328513e+06 9.812332068804380247e-01 4.328632383713386513e-05
2.458727832063158043e+06 9.811255716519304837e-01 4.328329398275252170e-05
2.458727837194987573e+06 9.810297629298940780e-01 4.328026412837117826e-05
2.458727842326817103e+06 9.809820741109432918e-01 4.327723427398983482e-05
2.458727847458646633e+06 9.809871653547075354e-01 4.327697551076067488e-05
2.458727852590476163e+06 9.810450366611868089e-01 4.327914969950608391e-05
2.458727857722305693e+06 9.811455994411795167e-01 4.328132388825149294e-05
2.458727862854135688e+06 9.812289728032337344e-01 4.328349807719419288e-05
2.458727867985965218e+06 9.812852842423019917e-01 4.328477151744850065e-05
2.458727873117794748e+06 9.813145337671770330e-01 4.328504107428529966e-05
2.458727878249624278e+06 9.813212362124912325e-01 4.328531063112209867e-05
2.458727883381453808e+06 9.813397290261826056e-01 4.328558018795889090e-05
2.458727888513283338e+06 9.813771413781772202e-01 4.328628114858267808e-05
2.458727893645112868e+06 9.814334732684748541e-01 4.328759435146195474e-05
2.458727898776942398e+06 9.815076330052761033e-01 4.328890755434122462e-05
2.458727903908771928e+06 9.815886921547063437e-01 4.329022075722050128e-05
2.458727909040601458e+06 9.816738314299007229e-01 4.329200735407332179e-05
2.458727914172431454e+06 9.817630508391403943e-01 4.329465858767583201e-05
2.458727919304260984e+06 9.818561283449684929e-01 4.329730982103777132e-05
2.458727924436090514e+06 9.819500228296039746e-01 4.329996105439970386e-05
2.458727929567920044e+06 9.820437679575173551e-01 4.330228799005655244e-05
2.458727934699749574e+06 9.821373637287087455e-01 4.330383705516801976e-05
2.458727939831579104e+06 9.822319955705995920e-01 4.330538612027950063e-05
2.458727944963408634e+06 9.823512078222808031e-01 4.330693518539096795e-05
2.458727950095238164e+06 9.825041709574565685e-01 4.330895701873708429e-05
2.458727955227067694e+06 9.826908849761272213e-01 4.331252066644392080e-05
2.458727960358897224e+06 9.829097970827254116e-01 4.331608431415075731e-05
2.458727965490726754e+06 9.831118671139377208e-01 4.331964796185759382e-05
2.458727970622556750e+06 9.832737110389283552e-01 4.332289874076922784e-05
2.458727975754386280e+06 9.833953288283261429e-01 4.332467568777209171e-05
2.458727980886215810e+06 9.834775485100994974e-01 4.332645263477495558e-05
2.458727986018045340e+06 9.835693135250612729e-01 4.332822958177781267e-05
2.458727991149874870e+06 9.836992612751717102e-01 4.333015601117092827e-05
2.458727996281704400e+06 9.838673917604311425e-01 4.333322665362147614e-05
2.458728001413533930e+06 9.840735669826480292e-01 4.333629729607203757e-05
2.458728006545363460e+06 9.842960840948152823e-01 4.333936793852259900e-05
2.458728011677192990e+06 9.845192623486043182e-01 4.334260333849337542e-05
2.458728016809022520e+06 9.847431017440151368e-01 4.334861693844549246e-05
2.458728021940852515e+06 9.849676022742774872e-01 4.335463053894328167e-05
2.458728027072682045e+06 9.851927223023598801e-01 4.336064413889540548e-05
2.458728032204511575e+06 9.854184243187686931e-01 4.336665773884752252e-05
2.458728037336341105e+06 9.856447083235038154e-01 4.337144500463139922e-05
2.458728042468170635e+06 9.858715743165653578e-01 4.337622786497743549e-05
2.458728047600000165e+06 9.860890508194950499e-01 4.338101072532345821e-05
