2.458753000000000000e+06 9.919777859621488059e-01 4.405833569405651377e-05
2.458753005131829530e+06 9.919243824985723990e-01 4.405487961936522927e-05
2.458753010263659060e+06 9.918655101557208864e-01 4.405142354467394476e-05
2.458753015395488590e+06 9.918008872433003997e-01 4.404990685724239420e-05
2.458753020527318120e+06 9.917305137613112720e-01 4.404869745292808240e-05
2.458753025659147650e+06 9.916465628037640645e-01 4.404748804861378415e-05
2.458753030790977646e+06 9.915346387699934816e-01 4.404627864418973076e-05
2.458753035922807176e+06 9.913944291418432808e-01 4.404346545073640286e-05
2.458753041054636706e+06 9.912259339104404487e-01 4.404026048493795960e-05
2.458753046186466236e+06 9.910395931408344516e-01 4.403705551913951634e-05
2.458753051318295766e+06 9.908589382712210680e-01 4.403385055334107986e-05
2.458753056450125296e+06 9.906848603827610455e-01 4.402905366835539221e-05
2.458753061581954826e+06 9.905173594754547173e-01 4.402370939675959860e-05
2.458753066713784356e+06 9.903516598983059804e-01 4.401836512516381177e-05
2.458753071845613886e+06 9.901745839322285692e-01 4.401302085356801139e-05
2.458753076977443416e+06 9.899853679859353939e-01 4.400886350944071911e-05
2.458753082109273411e+06 9.897840120406041775e-01 4.400525304246240038e-05
2.458753087241102941e+06 9.895712790833615102e-01 4.400164257581169367e-05
2.458753092372932471e+06 9.893497529041400673e-01 4.399803210916098696e-05
2.458753097504762001e+06 9.891196455348808536e-01 4.399382711567373919e-05
2.458753102636591531e+06 9.888809569755842022e-01 4.398926545220939628e-05
2.458753107768421061e+06 9.886417954354257409e-01 4.398470378874505337e-05
2.458753112900250591e+06 9.884360705441115336e-01 4.398014212528071723e-05
2.458753118032080121e+06 9.882675309934901842e-01 4.397748513180832426e-05
2.458753123163909651e+06 9.881361767835614707e-01 4.397629169911105353e-05
2.458753128295739181e+06 9.880321166842894742e-01 4.397509826641377603e-05
2.458753133427568711e+06 9.879037388416319621e-01 4.397390483371650530e-05
2.458753138559398707e+06 9.877436133389481121e-01 4.397065894593756328e-05
2.458753143691228237e+06 9.875517402052972349e-01 4.396540872949747587e-05
2.458753148823057767e+06 9.873309740649084398e-01 4.396015851305738167e-05
2.458753153954887297e+06 9.871001866959043802e-01 4.395490829661728748e-05
2.458753159086716827e+06 9.868628331410916887e-01 4.394903148239308360e-05
2.458753164218546357e+06 9.866189134004704764e-01 4.394237754083415369e-05
2.458753169350375887e+06 9.863690852286003397e-01 4.393572359927522378e-05
2.458753174482205417e+06 9.861189805344570125e-01 4.392906965771628709e-05
2.458753179614034947e+06 9.858698891470000225e-01 4.392380446763013123e-05
2.458753184745864477e+06 9.856218110662293697e-01 4.392074058441863263e-05
2.458753189877694473e+06 9.853758743237854834e-01 4.391767670092912426e-05
2.458753195009524003e+06 9.851449896129195194e-01 4.391461281771762566e-05
2.458753200141353533e+06 9.849328145114090161e-01 4.391142841778386747e-05
2.458753205273183063e+06 9.847393490192538623e-01 4.390799630070825943e-05
2.458753210405012593e+06 9.845642959846305775e-01 4.390456418363265816e-05
2.458753215536842123e+06 9.844028948838573490e-01 4.390113206655705690e-05
2.458753220668671653e+06 9.842534889451629576e-01 4.389756572650000527e-05
2.458753225800501183e+06 9.841160781685477366e-01 4.389363227898290863e-05
2.458753230932330713e+06 9.839889997173101310e-01 4.388969883146580522e-05
2.458753236064160243e+06 9.838322373501026119e-01 4.388576538394870180e-05
2.458753241195989773e+06 9.836287379864455671e-01 4.388132782505371282e-05
2.458753246327819768e+06 9.833785016015119673e-01 4.387497290670404598e-05
2.458753251459649298e+06 9.830830292748954369e-01 4.386861798893103238e-05
2.458753256591478828e+06 9.828033038170153057e-01 4.386226307115800524e-05
2.458753261723308358e+06 9.825711574364511813e-01 4.385659474624933489e-05
2.458753266855137888e+06 9.823865901332028416e-01 4.385485916695777014e-05
2.458753271986967418e+06 9.822493089397085209e-01 4.385312358766621217e-05
2.458753277118796948e+06 9.821342329219839851e-01 4.385138800837464743e-05
2.458753282250626478e+06 9.820252615217804903e-01 4.384959535800805755e-05
2.458753287382456008e+06 9.819223947390981477e-01 4.384721914055263696e-05
2.458753292514285538e+06 9.818256174868406072e-01 4.384484292309720282e-05
2.458753297646115534e+06 9.817301622097428515e-01 4.384246670542616152e-05
2.458753302777945064e+06 9.816322336282791161e-01 4.384013587813231385e-05
2.458753307909774594e+06 9.815318317338997955e-01 4.383929648242176848e-05
2.458753313041604124e+06 9.814289565266048898e-01 4.383845708671122988e-05
2.458753318173433654e+06 9.813236649018757252e-01 4.383761769100068452e-05
2.458753323305263184e+06 9.812160138097686390e-01 4.383677829529014592e-05
2.458753328437092714e+06 9.811060032502869621e-01 4.383461173384616948e-05
2.458753333568922244e+06 9.809936332234309164e-01 4.383240410538123406e-05
2.458753338700751774e+06 9.808927026917108050e-01 4.383019647691629864e-05
2.458753343832581304e+06 9.808205764157881257e-01 4.382798884845136322e-05
2.458753348964410834e+06 9.807773101973017438e-01 4.382833964629902229e-05
2.458753354096240830e+06 9.807629040362535466e-01 4.382894213015360341e-05
2.458753359228070360e+06 9.807611001409568541e-01 4.382954461395352041e-05
2.458753364359899890e+06 9.807465297313572306e-01 4.383014709775343064e-05
2.458753369491729420e+06 9.807188942619695649e-01 4.383088472652990359e-05
2.458753374623558950e+06 9.806781937327938570e-01 4.383164603888450579e-05
2.458753379755388480e+06 9.806390238315747521e-01 4.383240735123910121e-05
2.458753384887218010e+06 9.806293924160282005e-01 4.383316866359369664e-05
2.458753390019047540e+06 9.806499922556212168e-01 4.383390118736064874e-05
2.458753395150877070e+06 9.807008233503540229e-01 4.383462611998734646e-05
2.458753400282706600e+06 9.807695515776653217e-01 4.383535105261404419e-05
2.458753405414536595e+06 9.808271868682882921e-01 4.383607598530651911e-05
2.458753410546366125e+06 9.808725201371047975e-01 4.383586070040678252e-05
2.458753415678195655e+06 9.809055513899026524e-01 4.383530080752128980e-05
2.458753420810025185e+06 9.809298413260869598e-01 4.383474091463580386e-05
2.458753425941854715e+06 9.809556379852707453e-01 4.383418102175031114e-05
2.458753431073684245e+06 9.809835829422425268e-01 4.383463932404411804e-05
2.458753436205513775e+06 9.810136761970024155e-01 4.383559407007389170e-05
2.458753441337343305e+06 9.810544578822001371e-01 4.383654881610366536e-05
2.458753446469172835e+06 9.811361238856605160e-01 4.383750356213343902e-05
2.458753451601002365e+06 9.812613191524124368e-01 4.384160273906872102e-05
2.458753456732831895e+06 9.814300436824561213e-01 4.384768968852769240e-05
2.458753461864661891e+06 9.816307597914358807e-01 4.385377663853899703e-05
2.458753466996491421e+06 9.818130005447835984e-01 4.385986358799797520e-05
2.458753472128320951e+06 9.819708589061953985e-01 4.386387198374924805e-05
2.458753477260150481e+06 9.821043348756713920e-01 4.386620117359324255e-05
2.458753482391980011e+06 9.822184116220656902e-01 4.386853036343723705e-05
2.458753487523809541e+06 9.823403586539548593e-01 4.387085955328123155e-05
2.458753492655639071e+06 9.824743091157158714e-01 4.387394072790766632e-05
2.458753497787468601e+06 9.826202630073486155e-01 4.387779342965111596e-05
2.458753502919298131e+06 9.827777276242114501e-01 4.388164613139457237e-05
2.458753508051127661e+06 9.829432734250151960e-01 4.388549883313802878e-05
2.458753513182957657e+06 9.831162419513727047e-01 4.388922444397306351e-05
2.458753518314787187e+06 9.832966331718935304e-01 4.389278433328552712e-05
2.458753523446616717e+06 9.834856682297492547e-01 4.389634422259799750e-05
2.458753528578446247e+06 9.836944181465810955e-01 4.389990411191046788e-05
2.458753533710275777e+06 9.839255347685664788e-01 4.390520052573603806e-05
2.458753538842105307e+06 9.841790180957056267e-01 4.391339749899962890e-05
2.458753543973934837e+06 9.844520964547414099e-01 4.392159447226320619e-05
2.458753549105764367e+06 9.847109065498897973e-01 4.392979144552679703e-05
2.458753554237593897e+06 9.849454323280233403e-01 4.393634024567629988e-05
2.458753559369423427e+06 9.851556737891417059e-01 4.393930386233579292e-05
2.458753564501252957e+06 9.853436221300737596e-01 4.394226747899527917e-05
2.458753569633082952e+06 9.855437472954561295e-01 4.394523109592369500e-05
2.458753574764912482e+06 9.857685619255452947e-01 4.394871862724249092e-05
2.458753579896742012e+06 9.860180660373806250e-01 4.395373370549382572e-05
2.458753585028571542e+06 9.862914478464479551e-01 4.395874878374515375e-05
2.458753590160401072e+06 9.865671860790822256e-01 4.396376386199648178e-05
2.458753595292230602e+06 9.868357167518672091e-01 4.396902846990488546e-05
2.458753600424060132e+06 9.870970398648024613e-01 4.397531772571714001e-05
2.458753605555889662e+06 9.873515880344880813e-01 4.398160698152939457e-05
2.458753610687719192e+06 9.876193944435659455e-01 4.398789623734166267e-05
2.458753615819548722e+06 9.879113694370370569e-01 4.399446350572905692e-05
2.458753620951378718e+06 9.882275130446850353e-01 4.400279268880844262e-05
2.458753626083208248e+06 9.885675595439852303e-01 4.401112187113204454e-05
2.458753631215037778e+06 9.889036338108914137e-01 4.401945105345563968e-05
2.458753636346867308e+06 9.892170407408114041e-01 4.402767701419788059e-05
2.458753641478696838e+06 9.895077803337447575e-01 4.403466103401987254e-05
2.458753646610526368e+06 9.897758750435682318e-01 4.404164505384186449e-05
2.458753651742355898e+06 9.900324182106394755e-01 4.404862907366385643e-05
2.458753656874185428e+06 9.902866579498059707e-01 4.405557021459444541e-05
2.458753662006014958e+06 9.905385942610674954e-01 4.406005911759147974e-05
2.458753667137844488e+06 9.907882271444241606e-01 4.406454802058852761e-05
2.458753672269674018e+06 9.910337336968199073e-01 4.406903692358556872e-05
2.458753677401504014e+06 9.912731977679327677e-01 4.407352582698993102e-05
2.458753682533333544e+06 9.915066190179415706e-01 4.407709363418972159e-05
2.458753687665163074e+06 9.917339974688494930e-01 4.408062069270215594e-05
2.458753692796992604e+06 9.919686101515547971e-01 4.408414775121459028e-05
2.458753697928822134e+06 9.922279434750022054e-01 4.408767480972701784e-05
2.458753703060651664e+06 9.925120776982123694e-01 4.409570184721157098e-05
2.458753708192481194e+06 9.928210128211855112e-01 4.410423954727829088e-05
2.458753713324310724e+06 9.931413981564679583e-01 4.411277724734501078e-05
2.458753718456140254e+06 9.934514766800629504e-01 4.412131494741172391e-05
2.458753723587969784e+06 9.937509413020020332e-01 4.412828272314506787e-05
2.458753728719799779e+06 9.940397920480140703e-01 4.413494819885564941e-05
2.458753733851629309e+06 9.943173541496481693e-01 4.414161367396141555e-05
2.458753738983458839e+06 9.945822770113367239e-01 4.414827914906717491e-05
2.458753744115288369e+06 9.948345229066972717e-01 4.415379861408727074e-05
2.458753749247117899e+06 9.950740918357297016e-01 4.415899292857035130e-05
2.458753754378947429e+06 9.953030229888125691e-01 4.416418724305343864e-05
2.458753759510776959e+06 9.955263144640469353e-01 4.416938155753652597e-05
2.458753764642606489e+06 9.957441947573985042e-01 4.417333298430354063e-05
2.458753769774436019e+06 9.959566638688666096e-01 4.417679970563688784e-05
2.458753774906265549e+06 9.961643522898006031e-01 4.418026642697023504e-05
2.458753780038095079e+06 9.963691530531585405e-01 4.418373314830358224e-05
2.458753785169925075e+06 9.965711938484663746e-01 4.418961689929926264e-05
2.458753790301754605e+06 9.967704746390579906e-01 4.419674643754176277e-05
2.458753795433584135e+06 9.969670902068539231e-01 4.420387597578426291e-05
2.458753800565413665e+06 9.971613904877184575e-01 4.421100551402676305e-05
2.458753805697243195e+06 9.973534081376614902e-01 4.421622858741371196e-05
2.458753810829072725e+06 9.975431431566830209e-01 4.422018244201215428e-05
2.458753815960902255e+06 9.977294595351807738e-01 4.422413629661058981e-05
2.458753821092731785e+06 9.979071575153364293e-01 4.422809015120903213e-05
2.458753826224561315e+06 9.980755935274762125e-01 4.423132088548681248e-05
2.458753831356390845e+06 9.982347675716001234e-01 4.423393756349641817e-05
2.458753836488220841e+06 9.983855954332718774e-01 4.423655424174345737e-05
2.458753841620050371e+06 9.985333367288994344e-01 4.423917091975306984e-05
2.458753846751879901e+06 9.986788300475289981e-01 4.424170732154776694e-05
2.458753851883709431e+06 9.988220753891605685e-01 4.424415718522512766e-05
2.458753857015538961e+06 9.989613066754473580e-01 4.424660704890247482e-05
2.458753862147368491e+06 9.990835669108235617e-01 4.424905691257983553e-05
2.458753867279198021e+06 9.991862487215968924e-01 4.425143082150210361e-05
2.458753872411027551e+06 9.992693521077671281e-01 4.425370056114230508e-05
2.458753877542857081e+06 9.993361525013478852e-01 4.425597030078250654e-05
2.458753882674686611e+06 9.994181403702745436e-01 4.425824004042270800e-05
2.458753887806516141e+06 9.995232015941137860e-01 4.426133750361402715e-05
2.458753892938346136e+06 9.996513361855394741e-01 4.426589295479061933e-05
2.458753898070175666e+06 9.997986188817222786e-01 4.427044840555384588e-05
2.458753903202005196e+06 9.999137437600071898e-01 4.427500385631707243e-05
2.458753908333834726e+06 9.999808707994328749e-01 4.427767403145123473e-05
2.458753913465664256e+06 1.000000000000000000e+00 4.427599878968396032e-05
2.458753918597493786e+06 9.999732688769736866e-01 4.427432354791667913e-05
2.458753923729323316e+06 9.999407947897972493e-01 4.427264830614939794e-05
2.458753928861152846e+06 9.999177661752947088e-01 4.427148154661992495e-05
2.458753933992982376e+06 9.999041830334662873e-01 4.427189858243190269e-05
2.458753939124811906e+06 9.998994556273348433e-01 4.427231561824388720e-05
2.458753944256641902e+06 9.998862646566765155e-01 4.427273265409371037e-05
2.458753949388471432e+06 9.998565833670275405e-01 4.427258086201088744e-05
2.458753954520300962e+06 9.998104117579388328e-01 4.426989763591036419e-05
2.458753959652130492e+06 9.997481395054325093e-01 4.426721440980984094e-05
2.458753964783960022e+06 9.996905525270448623e-01 4.426453118370932447e-05
2.458753969915789552e+06 9.996494646838451903e-01 4.426247077791242593e-05
2.458753975047619082e+06 9.996248759758337155e-01 4.426481327688907923e-05
2.458753980179448612e+06 9.996165818822817517e-01 4.426715577586572576e-05
2.458753985311278142e+06 9.995975748022358776e-01 4.426949827484236551e-05
2.458753990443107672e+06 9.995489226241446312e-01 4.427145897651754881e-05
2.458753995574937202e+06 9.994706253480072355e-01 4.426787069399423417e-05
2.458754000706767198e+06 9.993627098529821451e-01 4.426428241114532006e-05
2.458754005838596728e+06 9.992491382264824251e-01 4.426069412862199863e-05
2.458754010970426258e+06 9.991508445102305069e-01 4.425711876624582744e-05
2.458754016102255788e+06 9.990678287042266126e-01 4.425620838596172304e-05
2.458754021234085318e+06 9.990000908084705200e-01 4.425529800567761185e-05
2.458754026365914848e+06 9.989209068660408475e-01 4.425438762539350744e-05
2.458754031497744378e+06 9.988008000425464550e-01 4.425347724510940304e-05
2.458754036629573908e+06 9.986397528389530098e-01 4.424938464326974580e-05
2.458754041761403438e+06 9.984377652552601790e-01 4.424510780820812157e-05
2.458754046893232968e+06 9.982155586275505144e-01 4.424083097314649734e-05
2.458754052025062963e+06 9.980016812386014458e-01 4.423655413769679649e-05
2.458754057156892493e+06 9.977963096634758777e-01 4.423241640877751486e-05
2.458754062288722023e+06 9.975994438823808652e-01 4.422829662752545039e-05
2.458754067420551553e+06 9.974119503170483236e-01 4.422417684627337237e-05
2.458754072552381083e+06 9.972353031915978105e-01 4.422005706502130790e-05
2.458754077684210613e+06 9.970695270462409665e-01 4.421750972041100776e-05
2.458754082816040143e+06 9.969146218809775695e-01 4.421529321958446635e-05
2.458754087947869673e+06 9.967501936723979217e-01 4.421307671875792495e-05
2.458754093079699203e+06 9.965336599975145315e-01 4.421086021793138354e-05
2.458754098211528733e+06 9.962636878999119316e-01 4.420379979664048638e-05
2.458754103343358263e+06 9.959402773795901220e-01 4.419526476003099658e-05
2.458754108475188259e+06 9.955917065577145619e-01 4.418672972264703407e-05
2.458754113607017789e+06 9.952902571603279291e-01 4.417819468603754427e-05
2.458754118738847319e+06 9.950395359459224265e-01 4.417194523186620213e-05
2.458754123870676849e+06 9.948395429144982760e-01 4.416664266635644874e-05
2.458754129002506379e+06 9.946725859393356073e-01 4.416134010084670213e-05
2.458754134134335909e+06 9.944832378606656142e-01 4.415603753533695552e-05
2.458754139266165439e+06 9.942674822565478188e-01 4.415188694213007648e-05
2.458754144397994969e+06 9.940253191269821098e-01 4.414836343348897652e-05
2.458754149529824499e+06 9.937609266495610605e-01 4.414483992484787657e-05
2.458754154661654029e+06 9.934904246239575354e-01 4.414131641620678339e-05
2.458754159793484025e+06 9.932154128856482966e-01 4.413649698087748427e-05
2.458754164925313555e+06 9.929358914845425321e-01 4.413076939380161889e-05
2.458754170057143085e+06 9.926553201445675878e-01 4.412504180672573997e-05
2.458754175188972615e+06 9.923902795935672927e-01 4.411931421964986782e-05
2.458754180320802145e+06 9.921429372619311460e-01 4.411356365805534584e-05
2.458754185452631675e+06 9.919132931496592587e-01 4.410779259291068577e-05
2.458754190584461205e+06 9.916956986637766036e-01 4.410202152776601892e-05
2.458754195716290735e+06 9.914560772910134823e-01 4.409625046262135884e-05
2.458754200848120265e+06 9.911887186746418665e-01 4.409022478793706359e-05
2.458754205979949795e+06 9.908936228146617564e-01 4.408391068898727925e-05
2.458754211111779325e+06 9.905769843911116368e-01 4.407759659003748814e-05
2.458754216243609320e+06 9.902867602262790392e-01 4.407128249051475716e-05
2.458754221375438850e+06 9.900330591921203682e-01 4.406648579224609183e-05
2.458754226507268380e+06 9.898158812606443480e-01 4.406387887505744215e-05
2.458754231639097910e+06 9.896293037009394888e-01 4.406127195786878570e-05
2.458754236770927440e+06 9.894128457546123023e-01 4.405866504068012924e-05
2.458754241902756970e+06 9.891506788684796270e-01 4.405510256252585924e-05
2.458754247034586500e+06 9.888428030425411297e-01 4.404976361753827261e-05
2.458754252166416030e+06 9.884937046041722963e-01 4.404442467255067920e-05
2.458754257298245560e+06 9.881662670045436858e-01 4.403908572756309257e-05
2.458754262430075090e+06 9.878807512725292783e-01 4.403326292638996663e-05
2.458754267561905086e+06 9.876371573879274557e-01 4.402625672520914707e-05
2.458754272693734616e+06 9.874339596683208153e-01 4.401925052466407656e-05
2.458754277825564146e+06 9.872399983162163384e-01 4.401224432411900606e-05
2.458754282957393676e+06 9.870429698415318365e-01 4.400579665917920039e-05
2.458754288089223206e+06 9.868428742442675317e-01 4.400121192779298332e-05
2.458754293221052736e+06 9.866393770503381067e-01 4.399662719640676624e-05
2.458754298352882266e+06 9.864215287819286804e-01 4.399204246502054917e-05
2.458754303484711796e+06 9.861840365776765038e-01 4.398726476251237414e-05
2.458754308616541326e+06 9.859269004375814660e-01 4.398155226021995418e-05
2.458754313748370856e+06 9.856506840335865771e-01 4.397583975792753423e-05
2.458754318880200386e+06 9.853904555076483662e-01 4.397012725563511428e-05
2.458754324012030382e+06 9.851670209495119179e-01 4.396477486257101296e-05
2.458754329143859912e+06 9.849803803997259077e-01 4.396229039429262080e-05
2.458754334275689442e+06 9.848302662400407748e-01 4.395980592601422186e-05
2.458754339407518972e+06 9.846706591001973541e-01 4.395732145773582970e-05
2.458754344539348502e+06 9.844678252136173091e-01 4.395464138066842405e-05
2.458754349671178032e+06 9.842217645803003068e-01 4.394839560501816557e-05
2.458754354803007562e+06 9.839325037410142638e-01 4.394214982936791387e-05
2.458754359934837092e+06 9.836560863164937052e-01 4.393590405371764862e-05
2.458754365066666622e+06 9.834438598214839677e-01 4.392965827806739692e-05
2.458754370198496152e+06 9.832958242559848294e-01 4.392782966437377089e-05
2.458754375330326147e+06 9.832119796153007130e-01 4.392603463591987061e-05
2.458754380462155677e+06 9.831547872320616221e-01 4.392423960762885138e-05
2.458754385593985207e+06 9.830808307101918109e-01 4.392244457933783893e-05
2.458754390725814737e+06 9.829900536290119284e-01 4.392005438172172062e-05
2.458754395857644267e+06 9.828824559885221968e-01 4.391762137753785683e-05
2.458754400989473797e+06 9.827631728906908171e-01 4.391518837335399981e-05
2.458754406121303327e+06 9.826396017733243227e-01 4.391275536917013602e-05
2.458754411253132857e+06 9.825118017190458408e-01 4.391101747991813436e-05
2.458754416384962387e+06 9.823797727278554826e-01 4.390938039285786746e-05
2.458754421516791917e+06 9.822614936039588684e-01 4.390774330579761412e-05
2.458754426648621447e+06 9.821888966528143916e-01 4.390610621873736077e-05
2.458754431780451443e+06 9.821626000687642133e-01 4.390690113855952054e-05
2.458754436912280973e+06 9.821826038565805161e-01 4.390825251178053537e-05
2.458754442044110503e+06 9.822263748067205924e-01 4.390960388500155019e-05
2.458754447175940033e+06 9.822448407255403025e-01 4.391095525822255824e-05
2.458754452307769563e+06 9.822362916857284576e-01 4.391204160779992407e-05
2.458754457439599093e+06 9.822007276872847248e-01 4.391304160621492433e-05
2.458754462571428623e+06 9.821494041395782970e-01 4.391404160462992459e-05
2.458754467703258153e+06 9.821123268755075353e-01 4.391504160304491808e-05
2.458754472835087683e+06 9.820911238786688147e-01 4.391314262183218200e-05
2.458754477966917213e+06 9.820857951490622462e-01 4.390996960112940957e-05
2.458754483098747209e+06 9.820935696743168242e-01 4.390679658013871370e-05
2.458754488230576739e+06 9.821053870256224450e-01 4.390362355943592772e-05
2.458754493362406269e+06 9.821205434890443176e-01 4.390441694405104029e-05
2.458754498494235799e+06 9.821390390645823310e-01 4.390748881134060499e-05
2.458754503626065329e+06 9.821634017861395893e-01 4.391056067863016970e-05
2.458754508757894859e+06 9.822038259565393226e-01 4.391363254591972763e-05
2.458754513889724389e+06 9.822613858792323960e-01 4.391509817044054927e-05
2.458754519021553919e+06 9.823360815542190316e-01 4.391537944771691535e-05
2.458754524153383449e+06 9.824256593649525193e-01 4.391566072499328819e-05
2.458754529285212979e+06 9.825188041560307672e-01 4.391594200226965427e-05
2.458754534417042509e+06 9.826139554806071486e-01 4.391712119810139330e-05
2.458754539548872504e+06 9.827111133475889826e-01 4.391914249051057871e-05
2.458754544680702034e+06 9.828106156108572522e-01 4.392116378273635099e-05
2.458754549812531564e+06 9.829146051092754188e-01 4.392318507496212327e-05
2.458754554944361094e+06 9.830234589668929157e-01 4.392584836704630164e-05
2.458754560076190624e+06 9.831371771837096318e-01 4.392927604557729862e-05
2.458754565208020154e+06 9.832572231694255427e-01 4.393270372410830915e-05
2.458754570339849684e+06 9.833955660974416091e-01 4.393613140263931291e-05
2.458754575471679214e+06 9.835548473935684655e-01 4.394018248621198955e-05
2.458754580603508744e+06 9.837350670578061118e-01 4.394518070344345374e-05
2.458754585735338274e+06 9.839333315490289555e-01 4.395017892067492471e-05
2.458754590867168270e+06 9.841182019980658779e-01 4.395517713835992422e-05
2.458754595998997800e+06 9.842810822524890035e-01 4.395965236436062158e-05
2.458754601130827330e+06 9.844219723300708935e-01 4.396310045094455846e-05
2.458754606262656860e+06 9.845435499915482502e-01 4.396654853752849534e-05
2.458754611394486390e+06 9.846861689812304030e-01 4.396999662411243899e-05
2.458754616526315920e+06 9.848633960378713192e-01 4.397360889585504929e-05
2.458754621658145450e+06 9.850752311614712209e-01 4.397764793097622892e-05
2.458754626789974980e+06 9.853200538528185115e-01 4.398168696609741532e-05
2.458754631921804510e+06 9.855617038806493424e-01 4.398572600121860172e-05
2.458754637053634040e+06 9.857852905667523480e-01 4.398980570977603259e-05
2.458754642185463570e+06 9.859908139111271952e-01 4.399403107980837677e-05
2.458754647317293566e+06 9.861786819170915708e-01 4.399825645022413550e-05
2.458754652449123096e+06 9.863638887415344669e-01 4.400248182025647968e-05
2.458754657580952626e+06 9.865539952486048758e-01 4.400727957275408765e-05
2.458754662712782156e+06 9.867490014383031305e-01 4.401511097064133139e-05
2.458754667844611686e+06 9.869489325139295666e-01 4.402294236852857513e-05
2.458754672976441216e+06 9.871556445854344775e-01 4.403077376641582565e-05
2.458754678108270746e+06 9.873702875922725219e-01 4.403803993352230331e-05
2.458754683240100276e+06 9.875928615344440331e-01 4.404017213935761013e-05
2.458754688371929806e+06 9.878233377077376698e-01 4.404230434519291695e-05
2.458754693503759336e+06 9.880549868271757408e-01 4.404443655102822377e-05
2.458754698635589331e+06 9.882826479047560619e-01 4.404667961644054204e-05
2.458754703767418861e+06 9.885063208991625716e-01 4.405160951047140704e-05
2.458754708899248391e+06 9.887260061983182968e-01 4.405653940450227204e-05
2.458754714031077921e+06 9.889455616678402006e-01 4.406146929853313704e-05
2.458754719162907451e+06 9.891686971938123962e-01 4.406639919256400204e-05
2.458754724294736981e+06 9.893954127762349948e-01 4.407055772605646967e-05
2.458754729426566511e+06 9.896257084151078853e-01 4.407470057626248068e-05
2.458754734558396041e+06 9.898530432414834879e-01 4.407884342646849169e-05
2.458754739690225571e+06 9.900694900782053276e-01 4.408298627667450270e-05
2.458754744822055101e+06 9.902750310323860106e-01 4.408678035845226603e-05
2.458754749953884631e+06 9.904696661040254257e-01 4.409054432713683765e-05
2.458754755085714627e+06 9.906668376081423366e-01 4.409430829616295329e-05
2.458754760217544157e+06 9.908867851438087904e-01 4.409807226484752492e-05
2.458754765349373687e+06 9.911297109600034627e-01 4.410590883114387891e-05
2.458754770481203217e+06 9.913956150567259096e-01 4.411440304920677364e-05
2.458754775613032747e+06 9.916635892115470696e-01 4.412289726726967515e-05
2.458754780744862277e+06 9.918948778006874134e-01 4.413139148533257666e-05
2.458754785876691807e+06 9.920886184505939287e-01 4.413412859710526260e-05
2.458754791008521337e+06 9.922448111612663935e-01 4.413543915385847061e-05
2.458754796140350867e+06 9.923802986222339806e-01 4.413674971061167863e-05
2.458754801272180397e+06 9.925333363202322179e-01 4.413806026736489342e-05
2.458754806404010393e+06 9.927053993631669293e-01 4.414361135941949701e-05
2.458754811535839923e+06 9.928964877198122041e-01 4.415063796668332210e-05
2.458754816667669453e+06 9.931014883618858313e-01 4.415766457394714042e-05
2.458754821799498983e+06 9.933061831685158216e-01 4.416469118121096551e-05
2.458754826931328513e+06 9.935097362862771453e-01 4.416947348741450871e-05
2.458754832063158043e+06 9.937121477151702464e-01 4.417321083671791541e-05
2.458754837194987573e+06 9.939101986191815064e-01 4.417694818602131533e-05
2.458754842326817103e+06 9.940929016091830661e-01 4.418068553532472203e-05
2.458754847458646633e+06 9.942593440248006509e-01 4.418372055413816629e-05
2.458754852590476163e+06 9.944095258660345937e-01 4.418633013255728455e-05
2.458754857722305693e+06 9.945445449631558077e-01 4.418893971097639603e-05
2.458754862854135688e+06 9.946690305201403293e-01 4.419154928963230403e-05
2.458754867985965218e+06 9.947834997318896200e-01 4.419339426629443246e-05
2.458754873117794748e+06 9.948879526101536142e-01 4.419464626056487613e-05
2.458754878249624278e+06 9.949845694635784943e-01 4.419589825483531979e-05
2.458754883381453808e+06 9.950848266563341316e-01 4.419715024910576346e-05
2.458754888513283338e+06 9.951903921715473667e-01 4.419917761191216517e-05
2.458754893645112868e+06 9.953012660092175334e-01 4.420196908879860738e-05
2.458754898776942398e+06 9.954141216563716643e-01 4.420476056568505637e-05
2.458754903908771928e+06 9.955067592508651808e-01 4.420755204257149857e-05
2.458754909040601458e+06 9.955750783989020247e-01 4.420946398463640020e-05
2.458754914172431454e+06 9.956190791033712184e-01 4.421027498594145959e-05
2.458754919304260984e+06 9.956425255800677165e-01 4.421108598717293553e-05
2.458754924436090514e+06 9.956779872232740525e-01 4.421189698840440470e-05
2.458754929567920044e+06 9.957329854616496778e-01 4.421335868742058386e-05
2.458754934699749574e+06 9.958075202951949256e-01 4.421586178853967552e-05
2.458754939831579104e+06 9.958979961013980642e-01 4.421836488965876042e-05
2.458754944963408634e+06 9.959627668459226646e-01 4.422086799077784531e-05
2.458754950095238164e+06 9.959899394707137921e-01 4.422173716564507031e-05
2.458754955227067694e+06 9.959795139757715576e-01 4.421921276908930535e-05
2.458754960358897224e+06 9.959341714954123015e-01 4.421668837253355395e-05
2.458754965490726754e+06 9.958974758360594759e-01 4.421416397597778899e-05
2.458754970622556750e+06 9.958847071368633896e-01 4.421245122375467288e-05
2.458754975754386280e+06 9.958958654001411892e-01 4.421298449698139071e-05
2.458754980886215810e+06 9.959295450893419499e-01 4.421351777020810853e-05
2.458754986018045340e+06 9.959513225265188563e-01 4.421405104343482636e-05
2.458754991149874870e+06 9.959464134863009743e-01 4.421377189062349966e-05
2.458754996281704400e+06 9.959148179686884150e-01 4.421035929697273348e-05
2.458755001413533930e+06 9.958566308648177934e-01 4.420694670332196051e-05
2.458755006545363460e+06 9.957757993061975288e-01 4.420353410967119433e-05
2.458755011677192990e+06 9.956743999093520259e-01 4.420033862383612841e-05
2.458755016809022520e+06 9.955524326742807295e-01 4.419840961224050138e-05
2.458755021940852515e+06 9.954102078625232108e-01 4.419648060046983668e-05
2.458755027072682045e+06 9.952752645543486709e-01 4.419455158887420964e-05
2.458755032204511575e+06 9.951654252356455510e-01 4.419284743951107472e-05
2.458755037336341105e+06 9.950806899064132960e-01 4.419350937265290502e-05
2.458755042468170635e+06 9.950209905399636234e-01 4.419417130579473532e-05
2.458755047600000165e+06 9.949631474580848955e-01 4.419483323893655884e-05
