2.458960000000000000e+06 9.876240498611478236e-01 4.425391290470355758e-05
2.458960005131829530e+06 9.874061158966028762e-01 4.424946390963621986e-05
2.458960010263659060e+06 9.871816990808873760e-01 4.424501491456887537e-05
2.458960015395488590e+06 9.869508423280033416e-01 4.423872267679095359e-05
2.458960020527318120e+06 9.867135456379508840e-01 4.423209664605158039e-05
2.458960025659147650e+06 9.864689507276916958e-01 4.422547061531220040e-05
2.458960030790977646e+06 9.862153862665272719e-01 4.421884458397158288e-05
2.458960035922807176e+06 9.859528091408005235e-01 4.421231420166990008e-05
2.458960041054636706e+06 9.856812193279121947e-01 4.420580970892719401e-05
2.458960046186466236e+06 9.854126675997787466e-01 4.419930521618449471e-05
2.458960051318295766e+06 9.851759064096654583e-01 4.419280072344179542e-05
2.458960056450125296e+06 9.849721756515337212e-01 4.418814217096698631e-05
2.458960061581954826e+06 9.848014753253835352e-01 4.418417577884306248e-05
2.458960066713784356e+06 9.846534729018319165e-01 4.418020938671913866e-05
2.458960071845613886e+06 9.844979623203002905e-01 4.417624299459520806e-05
2.458960076977443416e+06 9.843329991578073646e-01 4.417109328058222741e-05
2.458960082109273411e+06 9.841585833980980302e-01 4.416535438705103763e-05
2.458960087241102941e+06 9.839817220606733583e-01 4.415961549404059694e-05
2.458960092372932471e+06 9.838276026879360092e-01 4.415387660103016303e-05
2.458960097504762001e+06 9.836984859180620822e-01 4.415181302670484335e-05
2.458960102636591531e+06 9.835943717510515771e-01 4.415211997630781257e-05
2.458960107768421061e+06 9.835126329527139610e-01 4.415242692591078179e-05
2.458960112900250591e+06 9.834415719086927465e-01 4.415273387551375101e-05
2.458960118032080121e+06 9.833797888858900604e-01 4.415172332047107587e-05
2.458960123163909651e+06 9.833272838843060137e-01 4.414962701441440906e-05
2.458960128295739181e+06 9.832795605621699186e-01 4.414753070835774902e-05
2.458960133427568711e+06 9.832115304413068246e-01 4.414543440230108220e-05
2.458960138559398707e+06 9.831193119689752846e-01 4.414137614553112769e-05
2.458960143691228237e+06 9.830029051619105784e-01 4.413526376773577886e-05
2.458960148823057767e+06 9.828672936558593420e-01 4.412915138994042325e-05
2.458960153954887297e+06 9.827479286551936699e-01 4.412303901214507441e-05
2.458960159086716827e+06 9.826517514409303100e-01 4.411907608492698950e-05
2.458960164218546357e+06 9.825787620130690403e-01 4.411797603437591850e-05
2.458960169350375887e+06 9.825265615654746876e-01 4.411687598382486105e-05
2.458960174482205417e+06 9.824728544511087680e-01 4.411577593327379682e-05
2.458960179614034947e+06 9.824121975765208736e-01 4.411452131276553002e-05
2.458960184745864477e+06 9.823445909417113375e-01 4.411300253326108596e-05
2.458960189877694473e+06 9.822722161364838556e-01 4.411148375361881947e-05
2.458960195009524003e+06 9.822225200252386879e-01 4.410996497411436864e-05
2.458960200141353533e+06 9.822037750655909782e-01 4.410902763609990472e-05
2.458960205273183063e+06 9.822159812575406157e-01 4.410938781394161903e-05
2.458960210405012593e+06 9.822576060602579151e-01 4.410974799178334012e-05
2.458960215536842123e+06 9.823011490203665819e-01 4.411010816962506121e-05
2.458960220668671653e+06 9.823364365915006058e-01 4.411165218958893348e-05
2.458960225800501183e+06 9.823634687736600979e-01 4.411675234319918280e-05
2.458960230932330713e+06 9.823829872488988313e-01 4.412185249680943211e-05
2.458960236064160243e+06 9.824155903702850301e-01 4.412695265041968143e-05
2.458960241195989773e+06 9.824706109480517702e-01 4.413061436054050124e-05
2.458960246327819768e+06 9.825480489902431724e-01 4.412814634373215102e-05
2.458960251459649298e+06 9.826476433267190558e-01 4.412567832714775631e-05
2.458960256591478828e+06 9.827564827369159595e-01 4.412321031056336160e-05
2.458960261723308358e+06 9.828673925065042338e-01 4.412178067761619366e-05
2.458960266855137888e+06 9.829803726354836568e-01 4.412727738182134853e-05
2.458960271986967418e+06 9.830953575301746294e-01 4.413277408602649663e-05
2.458960277118796948e+06 9.832046825962026393e-01 4.413827079023164473e-05
2.458960282250626478e+06 9.833030964526116025e-01 4.414332104439490644e-05
2.458960287382456008e+06 9.833905990994016300e-01 4.414250132934350202e-05
2.458960292514285538e+06 9.834672229211330885e-01 4.414168161429209082e-05
2.458960297646115534e+06 9.835539105073476396e-01 4.414086189916630336e-05
2.458960302777945064e+06 9.836685293271609787e-01 4.414007451031789266e-05
2.458960307909774594e+06 9.838110793871719384e-01 4.414219654326896310e-05
2.458960313041604124e+06 9.839815606873802967e-01 4.414431857622003354e-05
2.458960318173433654e+06 9.841679397427740561e-01 4.414644060917111075e-05
2.458960323305263184e+06 9.843572535029074810e-01 4.414856264212218119e-05
2.458960328437092714e+06 9.845494975226453116e-01 4.415350087261772313e-05
2.458960333568922244e+06 9.847446718019872147e-01 4.415858328336394359e-05
2.458960338700751774e+06 9.849388375579604116e-01 4.416366569411016405e-05
2.458960343832581304e+06 9.851266843319097521e-01 4.416874810485639128e-05
2.458960348964410834e+06 9.853081835015361500e-01 4.417179454396955935e-05
2.458960354096240830e+06 9.854833350824446780e-01 4.417459346304083653e-05
2.458960359228070360e+06 9.856609798929482080e-01 4.417739238185813935e-05
2.458960364359899890e+06 9.858558592308179769e-01 4.418019130067544218e-05
2.458960369491729420e+06 9.860682006055919713e-01 4.418499173144895226e-05
2.458960374623558950e+06 9.862980040172700802e-01 4.419019656705404489e-05
2.458960379755388480e+06 9.865428794418555913e-01 4.419540140265914430e-05
2.458960384887218010e+06 9.867979320634281404e-01 4.420060623826424371e-05
2.458960390019047540e+06 9.870630163288549586e-01 4.420593986616271515e-05
2.458960395150877070e+06 9.873381322381361569e-01 4.421131148361437412e-05
2.458960400282706600e+06 9.876147146295395363e-01 4.421668310106602632e-05
2.458960405414536595e+06 9.878712773897215804e-01 4.422205471900510194e-05
2.458960410546366125e+06 9.881067889711185881e-01 4.422785617139891613e-05
2.458960415678195655e+06 9.883212493979661728e-01 4.423383104233812334e-05
2.458960420810025185e+06 9.885250208242614134e-01 4.423980591327733054e-05
2.458960425941854715e+06 9.887499699308978096e-01 4.424578078421653775e-05
2.458960431073684245e+06 9.889983354571240115e-01 4.425087591879075122e-05
2.458960436205513775e+06 9.892701174029404632e-01 4.425550322789526978e-05
2.458960441337343305e+06 9.895575739986917085e-01 4.426013053699978834e-05
2.458960446469172835e+06 9.898313881141016513e-01 4.426475784610430013e-05
2.458960451601002365e+06 9.900887245356911892e-01 4.426920729965771084e-05
2.458960456732831895e+06 9.903295832634605445e-01 4.427353475619668190e-05
2.458960461864661891e+06 9.905598113580423858e-01 4.427786221312833743e-05
2.458960466996491421e+06 9.908069020131982096e-01 4.428218966966731527e-05
2.458960472128320951e+06 9.910743694996604347e-01 4.428932109935508811e-05
2.458960477260150481e+06 9.913622138174285059e-01 4.429890484535562681e-05
2.458960482391980011e+06 9.916654254033036020e-01 4.430848859135615197e-05
2.458960487523809541e+06 9.919543761549132199e-01 4.431807233735668390e-05
2.458960492655639071e+06 9.922241989168596454e-01 4.432442994443854933e-05
2.458960497787468601e+06 9.924748936891426565e-01 4.432720402328180068e-05
2.458960502919298131e+06 9.927108283864095606e-01 4.432997810212505204e-05
2.458960508051127661e+06 9.929651119383878788e-01 4.433275218096830339e-05
2.458960513182957657e+06 9.932445987097590079e-01 4.433718587416183904e-05
2.458960518314787187e+06 9.935492886498017429e-01 4.434396803990620913e-05
2.458960523446616717e+06 9.938752325640394236e-01 4.435075020565057923e-05
2.458960528578446247e+06 9.941830201599911598e-01 4.435753237139494255e-05
2.458960533710275777e+06 9.944625076113114970e-01 4.436398035291802853e-05
2.458960538842105307e+06 9.947136949180002130e-01 4.436981949156151216e-05
2.458960543973934837e+06 9.949375660304530244e-01 4.437565863020499578e-05
2.458960549105764367e+06 9.951475595805324703e-01 4.438149776884847263e-05
2.458960554237593897e+06 9.953479382680734400e-01 4.438709535267433803e-05
2.458960559369423427e+06 9.955387020930762665e-01 4.439211477632137951e-05
2.458960564501252957e+06 9.957206408306282786e-01 4.439713419996841421e-05
2.458960569633082952e+06 9.959093995735841531e-01 4.440215362407092225e-05
2.458960574764912482e+06 9.961110641380446218e-01 4.440695457362764343e-05
2.458960579896742012e+06 9.963256345405523406e-01 4.441104427714402279e-05
2.458960585028571542e+06 9.965526098657334630e-01 4.441513398066039537e-05
2.458960590160401072e+06 9.967762055023252632e-01 4.441922368417678150e-05
2.458960595292230602e+06 9.969889012449005827e-01 4.442364804977239187e-05
2.458960600424060132e+06 9.971906970934594217e-01 4.442964687302135274e-05
2.458960605555889662e+06 9.973815808483864620e-01 4.443564569627032716e-05
2.458960610687719192e+06 9.975608325024266643e-01 4.444164451951928803e-05
2.458960615819548722e+06 9.977280309488892884e-01 4.444709322906429652e-05
2.458960620951378718e+06 9.978831762013050666e-01 4.444833344729307766e-05
2.458960626083208248e+06 9.980263651589481588e-01 4.444957366540933216e-05
2.458960631215037778e+06 9.981728439755237492e-01 4.445081388352557311e-05
2.458960636346867308e+06 9.983336285896664553e-01 4.445221768639863848e-05
2.458960641478696838e+06 9.985087190013758329e-01 4.445638368373331994e-05
2.458960646610526368e+06 9.986981032422663773e-01 4.446054968106800818e-05
2.458960651742355898e+06 9.988832706496387770e-01 4.446471567840268964e-05
2.458960656874185428e+06 9.990475113403267660e-01 4.446888167573737787e-05
2.458960662006014958e+06 9.991908253143305663e-01 4.447565483313180767e-05
2.458960667137844488e+06 9.993132125716500669e-01 4.448243788571039006e-05
2.458960672269674018e+06 9.994194929213547907e-01 4.448922093828897923e-05
2.458960677401504014e+06 9.995151628862580795e-01 4.449600399148306319e-05
2.458960682533333544e+06 9.996002282851438325e-01 4.449533867459128762e-05
2.458960687665163074e+06 9.996746891271741653e-01 4.449416854035755103e-05
2.458960692796992604e+06 9.997377209342200866e-01 4.449299840612381445e-05
2.458960697928822134e+06 9.997881510568553676e-01 4.449182827189007786e-05
2.458960703060651664e+06 9.998259707609499225e-01 4.449136600119914719e-05
2.458960708192481194e+06 9.998511800465036403e-01 4.449100316200157632e-05
2.458960713324310724e+06 9.998696911150284361e-01 4.449064032280400545e-05
2.458960718456140254e+06 9.998918813964678964e-01 4.449027748360642780e-05
2.458960723587969784e+06 9.999179438429021127e-01 4.449009659843938737e-05
2.458960728719799779e+06 9.999478784572226608e-01 4.448995643072022684e-05
2.458960733851629309e+06 9.999768252458146600e-01 4.448981626301378535e-05
2.458960738983458839e+06 9.999943173418549547e-01 4.448967609530733708e-05
2.458960744115288369e+06 1.000000000000000000e+00 4.449078443086405810e-05
2.458960749247117899e+06 9.999938732202497960e-01 4.449229256441439284e-05
2.458960754378947429e+06 9.999754743677181645e-01 4.449380069796472759e-05
2.458960759510776959e+06 9.999435831649885476e-01 4.449530883151506233e-05
2.458960764642606489e+06 9.998981347698520095e-01 4.449334310791792062e-05
2.458960769774436019e+06 9.998391291823087723e-01 4.448987262647739147e-05
2.458960774906265549e+06 9.997668348883095302e-01 4.448640214503685555e-05
2.458960780038095079e+06 9.996821207228817618e-01 4.448293166359631285e-05
2.458960785169925075e+06 9.995850530509551302e-01 4.448026553834517199e-05
2.458960790301754605e+06 9.994756318901453218e-01 4.447805567912523392e-05
2.458960795433584135e+06 9.993552794924106530e-01 4.447584581990530263e-05
2.458960800565413665e+06 9.992296728559867391e-01 4.447363596068537134e-05
2.458960805697243195e+06 9.990994021194278263e-01 4.447128038281328879e-05
2.458960810829072725e+06 9.989644672827338034e-01 4.446881857663173901e-05
2.458960815960902255e+06 9.988310075229644980e-01 4.446635677045018923e-05
2.458960821092731785e+06 9.987295330131064075e-01 4.446389496426863267e-05
2.458960826224561315e+06 9.986642027486964945e-01 4.446415073434700110e-05
2.458960831356390845e+06 9.986350167297344260e-01 4.446692836142967961e-05
2.458960836488220841e+06 9.986313422629712333e-01 4.446970598876440124e-05
2.458960841620050371e+06 9.985864457453481613e-01 4.447248361584707976e-05
2.458960846751879901e+06 9.984887005358870082e-01 4.447175458684638518e-05
2.458960851883709431e+06 9.983381066345879962e-01 4.446689218706999540e-05
2.458960857015538961e+06 9.981397484425961197e-01 4.446202978729359883e-05
2.458960862147368491e+06 9.979347616627259887e-01 4.445716738751720904e-05
2.458960867279198021e+06 9.977321434834123259e-01 4.445158519897524118e-05
2.458960872411027551e+06 9.975318939046556865e-01 4.444492013596911006e-05
2.458960877542857081e+06 9.973340454971553193e-01 4.443825507296299249e-05
2.458960882674686611e+06 9.971389480723843457e-01 4.443159000995686815e-05
2.458960887806516141e+06 9.969466965097064648e-01 4.442694918677645745e-05
2.458960892938346136e+06 9.967572907920643210e-01 4.442624479966227595e-05
2.458960898070175666e+06 9.965704033195009748e-01 4.442554041261202171e-05
2.458960903202005196e+06 9.963811591314827298e-01 4.442483602556176748e-05
2.458960908333834726e+06 9.961879312977466316e-01 4.442310386168111472e-05
2.458960913465664256e+06 9.959907198182925692e-01 4.441872761316862365e-05
2.458960918597493786e+06 9.957882882194226681e-01 4.441435136465613935e-05
2.458960923729323316e+06 9.955534459059069974e-01 4.440997511614364827e-05
2.458960928861152846e+06 9.952750717096883193e-01 4.440534157928171811e-05
2.458960933992982376e+06 9.949531656307668559e-01 4.439979697101256723e-05
2.458960939124811906e+06 9.945896315781491692e-01 4.439425236274342312e-05
2.458960944256641902e+06 9.942532010641377260e-01 4.438870775397115500e-05
2.458960949388471432e+06 9.939783123503740381e-01 4.438334029579972284e-05
2.458960954520300962e+06 9.937649654035379809e-01 4.437889928636046054e-05
2.458960959652130492e+06 9.936122624743618514e-01 4.437445827692121180e-05
2.458960964783960022e+06 9.934556839680052098e-01 4.437001726748194950e-05
2.458960969915789552e+06 9.932554976472944830e-01 4.436544575382026152e-05
2.458960975047619082e+06 9.930117035122300040e-01 4.435971041102665656e-05
2.458960980179448612e+06 9.927244081604744697e-01 4.435397506823305161e-05
2.458960985311278142e+06 9.924175594966881953e-01 4.434823972543944665e-05
2.458960990443107672e+06 9.921094180970900789e-01 4.434243147198341662e-05
2.458960995574937202e+06 9.917999839616800095e-01 4.433492362881832471e-05
2.458961000706767198e+06 9.914892576137100955e-01 4.432741578497198114e-05
2.458961005838596728e+06 9.911816640530505262e-01 4.431990794180689600e-05
2.458961010970426258e+06 9.908814344177679923e-01 4.431240009864180409e-05
2.458961016102255788e+06 9.905885687078626045e-01 4.430364806348015760e-05
2.458961021234085318e+06 9.903030669233340300e-01 4.429487250127655640e-05
2.458961026365914848e+06 9.900292518629454364e-01 4.428609693907295519e-05
2.458961031497744378e+06 9.897723370670525878e-01 4.427732137686935399e-05
2.458961036629573908e+06 9.895323337208208336e-01 4.427178561074831327e-05
2.458961041761403438e+06 9.893092418242502850e-01 4.426652488654013543e-05
2.458961046893232968e+06 9.890777969842805550e-01 4.426126416233195081e-05
2.458961052025062963e+06 9.888001155111881824e-01 4.425600343764641230e-05
2.458961057156892493e+06 9.884758263371913323e-01 4.424727299078375146e-05
2.458961062288722023e+06 9.881049294392079130e-01 4.423798732463078795e-05
2.458961067420551553e+06 9.877254836829195694e-01 4.422870165847783122e-05
2.458961072552381083e+06 9.874077890126874424e-01 4.421941599232487449e-05
2.458961077684210613e+06 9.871533925678795951e-01 4.421687681838208607e-05
2.458961082816040143e+06 9.869622943484962496e-01 4.421599943960879395e-05
2.458961087947869673e+06 9.868106488726563486e-01 4.421512206083550860e-05
2.458961093079699203e+06 9.866444556000933952e-01 4.421424468206222325e-05
2.458961098211528733e+06 9.864616467968694291e-01 4.420929759058272004e-05
2.458961103343358263e+06 9.862622224629842282e-01 4.420294036480982555e-05
2.458961108475188259e+06 9.860480677267552396e-01 4.419658313846008807e-05
2.458961113607017789e+06 9.858244116567571602e-01 4.419022591268719359e-05
2.458961118738847319e+06 9.855915602074061255e-01 4.418346213242980400e-05
2.458961123870676849e+06 9.853495133787020244e-01 4.417650963753974862e-05
2.458961129002506379e+06 9.851038231925375310e-01 4.416955714264969324e-05
2.458961134134335909e+06 9.848734021566669661e-01 4.416260464775963786e-05
2.458961139266165439e+06 9.846598162571797985e-01 4.415637318319310344e-05
2.458961144397994969e+06 9.844630654940760284e-01 4.415057751532060226e-05
2.458961149529824499e+06 9.842817230684657304e-01 4.414478184744811463e-05
2.458961154661654029e+06 9.841097824870640443e-01 4.413898617957562700e-05
2.458961159793484025e+06 9.839465740478333666e-01 4.413480245121647894e-05
2.458961164925313555e+06 9.837920977803925604e-01 4.413186691401130887e-05
2.458961170057143085e+06 9.836410700710325195e-01 4.412893137680613202e-05
2.458961175188972615e+06 9.834657131879143144e-01 4.412599583960094839e-05
2.458961180320802145e+06 9.832619951733505559e-01 4.412145950499372698e-05
2.458961185452631675e+06 9.830299160273411330e-01 4.411534712924768288e-05
2.458961190584461205e+06 9.827816415882852930e-01 4.410923475350163201e-05
2.458961195716290735e+06 9.825983044683341827e-01 4.410312237775558113e-05
2.458961200848120265e+06 9.824948802515303115e-01 4.410103935866668601e-05
2.458961205979949795e+06 9.824713689378739012e-01 4.410399796144072015e-05
2.458961211111779325e+06 9.825145104621856307e-01 4.410695656421474752e-05
2.458961216243609320e+06 9.825095897627665886e-01 4.410991516725724367e-05
2.458961221375438850e+06 9.824301179338669199e-01 4.410903965927024653e-05
2.458961226507268380e+06 9.822760949784227202e-01 4.410202683920166352e-05
2.458961231639097910e+06 9.820566926920593076e-01 4.409501401913308051e-05
2.458961236770927440e+06 9.818782045139332615e-01 4.408800119906451106e-05
2.458961241902756970e+06 9.817709969578823914e-01 4.408350831128074655e-05
2.458961247034586500e+06 9.817350700239064754e-01 4.408425350656549826e-05
2.458961252166416030e+06 9.817664246718449395e-01 4.408499870185024320e-05
2.458961257298245560e+06 9.817999819373747217e-01 4.408574389713499492e-05
2.458961262430075090e+06 9.818128955370351019e-01 4.408643264425105007e-05
2.458961267561905086e+06 9.818051654691879460e-01 4.408696492664559573e-05
2.458961272693734616e+06 9.817779283671268509e-01 4.408749720899184695e-05
2.458961277825564146e+06 9.817591065183016719e-01 4.408802949133809818e-05
2.458961282957393676e+06 9.817607079286837513e-01 4.408892808525917932e-05
2.458961288089223206e+06 9.817827325982728670e-01 4.409124351341361166e-05
2.458961293221052736e+06 9.818246622863117112e-01 4.409355894156803722e-05
2.458961298352882266e+06 9.818648204718549710e-01 4.409587436972247634e-05
2.458961303484711796e+06 9.818917820708626953e-01 4.409759326178532772e-05
2.458961308616541326e+06 9.819055470833349952e-01 4.409581543878859954e-05
2.458961313748370856e+06 9.819064569527274910e-01 4.409403761579185782e-05
2.458961318880200386e+06 9.819251444317670385e-01 4.409225979279512964e-05
2.458961324012030382e+06 9.819814815035498023e-01 4.409094675556143319e-05
2.458961329143859912e+06 9.820754681578520717e-01 4.409457071120214842e-05
2.458961334275689442e+06 9.822070097074013795e-01 4.409819466684285688e-05
2.458961339407518972e+06 9.823429415433372336e-01 4.410181862248357888e-05
2.458961344539348502e+06 9.824565549615111859e-01 4.410535685888606125e-05
2.458961349671178032e+06 9.825478499619232364e-01 4.410572768223737554e-05
2.458961354803007562e+06 9.826168265445736072e-01 4.410609850558868306e-05
2.458961359934837092e+06 9.826773478217243341e-01 4.410646932893999057e-05
2.458961365066666622e+06 9.827434716753108424e-01 4.410684015229130486e-05
2.458961370198496152e+06 9.828151982760592320e-01 4.410858392392562918e-05
2.458961375330326147e+06 9.828925276312405757e-01 4.411037505414324924e-05
2.458961380462155677e+06 9.829833275130244186e-01 4.411216618419834740e-05
2.458961385593985207e+06 9.830976243307744111e-01 4.411395731425344556e-05
2.458961390725814737e+06 9.832354538820431422e-01 4.411731580598512716e-05
2.458961395857644267e+06 9.833968161668307228e-01 4.412083507927376123e-05
2.458961400989473797e+06 9.835750783112364726e-01 4.412435435256238853e-05
2.458961406121303327e+06 9.837597601890853971e-01 4.412787362585101584e-05
2.458961411253132857e+06 9.839507316102866774e-01 4.413179878695175958e-05
2.458961416384962387e+06 9.841479925748403135e-01 4.413579711433059322e-05
2.458961421516791917e+06 9.843422109687199884e-01 4.413979544170944041e-05
2.458961426648621447e+06 9.845152515186200715e-01 4.414379376908827404e-05
2.458961431780451443e+06 9.846666486711658228e-01 4.414628642461045007e-05
2.458961436912280973e+06 9.847964023988817761e-01 4.414837297131446876e-05
2.458961442044110503e+06 9.849241259558896289e-01 4.415045951801849423e-05
2.458961447175940033e+06 9.850965216249636391e-01 4.415254606472251292e-05
2.458961452307769563e+06 9.853155944514684350e-01 4.415949109458381039e-05
2.458961457439599093e+06 9.855813444354040165e-01 4.416825246141558453e-05
2.458961462571428623e+06 9.858716848252399023e-01 4.417701382824735867e-05
2.458961467703258153e+06 9.861221774260634509e-01 4.418577519507913280e-05
2.458961472835087683e+06 9.863286890128777351e-01 4.418942387782192103e-05
2.458961477966917213e+06 9.864912195856825328e-01 4.419053368643943757e-05
2.458961483098747209e+06 9.866271813799245560e-01 4.419164349515764938e-05
2.458961488230576739e+06 9.867990359094584996e-01 4.419275330377516592e-05
2.458961493362406269e+06 9.870123723129117232e-01 4.419755547158853637e-05
2.458961498494235799e+06 9.872671905902843381e-01 4.420473329854640224e-05
2.458961503626065329e+06 9.875535738769353200e-01 4.421191112550427489e-05
2.458961508757894859e+06 9.878274626495439081e-01 4.421908895246214077e-05
2.458961513889724389e+06 9.880835987347650340e-01 4.422424094599425131e-05
2.458961519021553919e+06 9.883219821325991417e-01 4.422772739505047176e-05
2.458961524153383449e+06 9.885454796452028958e-01 4.423121384410669222e-05
2.458961529285212979e+06 9.887700508813763722e-01 4.423470029316291946e-05
2.458961534417042509e+06 9.889981591070269307e-01 4.423895562300258339e-05
2.458961539548872504e+06 9.892298043433345178e-01 4.424401407968624764e-05
2.458961544680702034e+06 9.894625388333586624e-01 4.424907253591090812e-05
2.458961549812531564e+06 9.896789937564365314e-01 4.425413099213557538e-05
2.458961554944361094e+06 9.898757758528935469e-01 4.425832393165427529e-05
2.458961560076190624e+06 9.900528851227298199e-01 4.426136681212828120e-05
2.458961565208020154e+06 9.902132723681953408e-01 4.426440969260229388e-05
2.458961570339849684e+06 9.903842884577044314e-01 4.426745257307629979e-05
2.458961575471679214e+06 9.905725966862234388e-01 4.427125934851162346e-05
2.458961580603508744e+06 9.907781970537521410e-01 4.427636837132740012e-05
2.458961585735338274e+06 9.910003549539396772e-01 4.428147739414319033e-05
2.458961590867168270e+06 9.912298573421725045e-01 4.428658641742255829e-05
2.458961595998997800e+06 9.914639329357636255e-01 4.429210826956713523e-05
2.458961601130827330e+06 9.917025817553305478e-01 4.429854888538092817e-05
2.458961606262656860e+06 9.919446373658680205e-01 4.430498950119471434e-05
2.458961611394486390e+06 9.921692473960737058e-01 4.431143011700850050e-05
2.458961616526315920e+06 9.923687128339342411e-01 4.431701661450714968e-05
2.458961621658145450e+06 9.925430336794498487e-01 4.432004530071883327e-05
2.458961626789974980e+06 9.926930024245212980e-01 4.432307398693051008e-05
2.458961631921804510e+06 9.928405243792207679e-01 4.432610267314219366e-05
2.458961637053634040e+06 9.929955051439680602e-01 4.432959120486067671e-05
2.458961642185463570e+06 9.931579447187632859e-01 4.433503201696853218e-05
2.458961647317293566e+06 9.933276130249986124e-01 4.434047282957009266e-05
2.458961652449123096e+06 9.934932085137685442e-01 4.434591364167795490e-05
2.458961657580952626e+06 9.936484634126734328e-01 4.435093311789800038e-05
2.458961662712782156e+06 9.937933777217132780e-01 4.435315628353269214e-05
2.458961667844611686e+06 9.939279769524260733e-01 4.435537944916737713e-05
2.458961672976441216e+06 9.940552107887917765e-01 4.435760261480206889e-05
2.458961678108270746e+06 9.941770960749130026e-01 4.436010390357476537e-05
2.458961683240100276e+06 9.942936328107893074e-01 4.436623047255847942e-05
2.458961688371929806e+06 9.944048288399399693e-01 4.437235704154217993e-05
2.458961693503759336e+06 9.945156226114656439e-01 4.437848361052588043e-05
2.458961698635589331e+06 9.946302183698439991e-01 4.438456299486122120e-05
2.458961703767418861e+06 9.947486160942780042e-01 4.438660695879670436e-05
2.458961708899248391e+06 9.948708157949934794e-01 4.438865092273218751e-05
2.458961714031077921e+06 9.949855925184591943e-01 4.439069488666767067e-05
2.458961719162907451e+06 9.950808809285933698e-01 4.439273885060315383e-05
2.458961724294736981e+06 9.951566771294454439e-01 4.439308296964029313e-05
2.458961729426566511e+06 9.952129811210155275e-01 4.439334112654360470e-05
2.458961734558396041e+06 9.952529657337502167e-01 4.439359928344691628e-05
2.458961739690225571e+06 9.952808999145641433e-01 4.439385744035022108e-05
2.458961744822055101e+06 9.952968063606396631e-01 4.439265611377399978e-05
2.458961749953884631e+06 9.953006850719767762e-01 4.439127838981922226e-05
2.458961755085714627e+06 9.953005425047296573e-01 4.438990066573942944e-05
2.458961760217544157e+06 9.953097024008299432e-01 4.438852294178465192e-05
2.458961765349373687e+06 9.953283688510700111e-01 4.439005203381839599e-05
2.458961770481203217e+06 9.953565418554500832e-01 4.439216608153948295e-05
2.458961775613032747e+06 9.953872819614466572e-01 4.439428012926057668e-05
2.458961780744862277e+06 9.954064042888268737e-01 4.439639417698166364e-05
2.458961785876691807e+06 9.954134892118013944e-01 4.439579407861993422e-05
2.458961791008521337e+06 9.954085367303701082e-01 4.439439595054253776e-05
2.458961796140350867e+06 9.953978161274417147e-01 4.439299782246514131e-05
2.458961801272180397e+06 9.953970242876489793e-01 4.439159969438774485e-05
2.458961806404010393e+06 9.954069118019952533e-01 4.439256118973653126e-05
2.458961811535839923e+06 9.954274786686868604e-01 4.439447208301787532e-05
2.458961816667669453e+06 9.954461358201418530e-01 4.439638297629921939e-05
2.458961821799498983e+06 9.954242425452933807e-01 4.439829386958056345e-05
2.458961826931328513e+06 9.953590929942219834e-01 4.439606374322096750e-05
2.458961832063158043e+06 9.952506871669276611e-01 4.439163692906727721e-05
2.458961837194987573e+06 9.951099056428148737e-01 4.438721011491359369e-05
2.458961842326817103e+06 9.949778705003595736e-01 4.438278330075990340e-05
2.458961847458646633e+06 9.948585475798588096e-01 4.438088777432427435e-05
2.458961852590476163e+06 9.947519368813122487e-01 4.438072454110061069e-05
2.458961857722305693e+06 9.946541860220667886e-01 4.438056130787694704e-05
2.458961862854135688e+06 9.945472181863025396e-01 4.438039807463847725e-05
2.458961867985965218e+06 9.944287284312097741e-01 4.437788558230160846e-05
2.458961873117794748e+06 9.942987167476049493e-01 4.437332303627285147e-05
2.458961878249624278e+06 9.941593225464608885e-01 4.436876049024408093e-05
2.458961883381453808e+06 9.940231710962899037e-01 4.436419794421531717e-05
2.458961888513283338e+06 9.938923317971791738e-01 4.436224086554408963e-05
2.458961893645112868e+06 9.937668046491280327e-01 4.436317147232557803e-05
2.458961898776942398e+06 9.936450107364839246e-01 4.436410207910707320e-05
2.458961903908771928e+06 9.935150105661252340e-01 4.436503268588855482e-05
2.458961909040601458e+06 9.933743374886820909e-01 4.436301703302845918e-05
2.458961914172431454e+06 9.932229914899369794e-01 4.435684167135662745e-05
2.458961919304260984e+06 9.930626379983894525e-01 4.435066631024514529e-05
2.458961924436090514e+06 9.929098518211570967e-01 4.434449094913365635e-05
2.458961929567920044e+06 9.927688907974926424e-01 4.433979419795990289e-05
2.458961934699749574e+06 9.926397549273963117e-01 4.433778483250701372e-05
2.458961939831579104e+06 9.925187653714060421e-01 4.433577546705413811e-05
2.458961944963408634e+06 9.923558332636092105e-01 4.433376610160125571e-05
2.458961950095238164e+06 9.921351005894896158e-01 4.433001504194563242e-05
2.458961955227067694e+06 9.918565673490480350e-01 4.432210621500857681e-05
2.458961960358897224e+06 9.915243770978252602e-01 4.431419738807151443e-05
2.458961965490726754e+06 9.912203039600312460e-01 4.430628856113445882e-05
2.458961970622556750e+06 9.909760985512214848e-01 4.429963825171197707e-05
2.458961975754386280e+06 9.907917609157145256e-01 4.429707265131916435e-05
2.458961980886215810e+06 9.906654195574682298e-01 4.429450705092634485e-05
2.458961986018045340e+06 9.905383854241261998e-01 4.429194145053352535e-05
2.458961991149874870e+06 9.903827493807100257e-01 4.428894249569355069e-05
2.458961996281704400e+06 9.901985114272195965e-01 4.428391242864579088e-05
2.458962001413533930e+06 9.899859875658797437e-01 4.427888236159803107e-05
2.458962006545363460e+06 9.897637006524223624e-01 4.427385229455025771e-05
2.458962011677192990e+06 9.895424635939622515e-01 4.426882480345545795e-05
2.458962016809022520e+06 9.893222763904993000e-01 4.426381691483381985e-05
2.458962021940852515e+06 9.891031729788906102e-01 4.425880902575777908e-05
2.458962027072682045e+06 9.888904318200335553e-01 4.425380113713615454e-05
2.458962032204511575e+06 9.886878592896610751e-01 4.424888664994217438e-05
2.458962037336341105e+06 9.884954553877732808e-01 4.424553327198528675e-05
2.458962042468170635e+06 9.883132112361462385e-01 4.424217989402839235e-05
2.458962047600000165e+06 9.881279346794774598e-01 4.423882651607149796e-05
