2.459014000000000000e+06 1.000000000000000000e+00 4.618577484999793160e-05
2.459014005131829530e+06 9.999403602913207179e-01 4.617618712147810215e-05
2.459014010263659060e+06 9.998827183825965692e-01 4.616659939295827270e-05
2.459014015395488590e+06 9.998278954451254030e-01 4.615576476643221696e-05
2.459014020527318120e+06 9.997758914789074414e-01 4.614445493573097058e-05
2.459014025659147650e+06 9.997159380729589984e-01 4.613314510502972420e-05
2.459014030790977646e+06 9.996162064132526615e-01 4.612183527330221948e-05
2.459014035922807176e+06 9.994746075637914728e-01 4.611143571741383595e-05
2.459014041054636706e+06 9.992911415174250411e-01 4.610149594248073835e-05
2.459014046186466236e+06 9.990815583139999179e-01 4.609155616754764074e-05
2.459014051318295766e+06 9.989031084913387870e-01 4.608161639261454992e-05
2.459014056450125296e+06 9.987610146104709541e-01 4.607245744110487440e-05
2.459014061581954826e+06 9.986552766713966411e-01 4.606380879920199915e-05
2.459014066713784356e+06 9.985783017563300001e-01 4.605516015729913069e-05
2.459014071845613886e+06 9.984958918931224892e-01 4.604651151539624867e-05
2.459014076977443416e+06 9.984038967228391348e-01 4.603839943134964473e-05
2.459014082109273411e+06 9.983023162358277691e-01 4.603073510067410298e-05
2.459014087241102941e+06 9.981888722854964646e-01 4.602307077069401595e-05
2.459014092372932471e+06 9.980506988018447156e-01 4.601540644071393569e-05
2.459014097504762001e+06 9.978857799171018117e-01 4.600687122780851735e-05
2.459014102636591531e+06 9.976941156312677528e-01 4.599741296753227505e-05
2.459014107768421061e+06 9.974803043814870485e-01 4.598795470725602598e-05
2.459014112900250591e+06 9.972774839575362371e-01 4.597849644697979047e-05
2.459014118032080121e+06 9.970922181029663323e-01 4.597045568281913730e-05
2.459014123163909651e+06 9.969245068177775559e-01 4.596432634707664342e-05
2.459014128295739181e+06 9.967714197084133199e-01 4.595819701133415633e-05
2.459014133427568711e+06 9.966053291419237903e-01 4.595206767559167601e-05
2.459014138559398707e+06 9.964194171437488201e-01 4.594627960072923749e-05
2.459014143691228237e+06 9.962136837476279760e-01 4.594108225744411458e-05
2.459014148823057767e+06 9.959893140387232613e-01 4.593588491415899846e-05
2.459014153954887297e+06 9.957614610227124574e-01 4.593068757087388234e-05
2.459014159086716827e+06 9.955347388754477445e-01 4.592445736088007400e-05
2.459014164218546357e+06 9.953091475969292334e-01 4.591589030176430804e-05
2.459014169350375887e+06 9.950839022734817574e-01 4.590732324264854209e-05
2.459014174482205417e+06 9.948446465249849435e-01 4.589875618353276936e-05
2.459014179614034947e+06 9.945860164179080032e-01 4.588992358372266450e-05
2.459014184745864477e+06 9.943080119522510474e-01 4.588028087605859162e-05
2.459014189877694473e+06 9.940114307385347070e-01 4.587063816751954049e-05
2.459014195009524003e+06 9.937189601683696916e-01 4.586099545985546761e-05
2.459014200141353533e+06 9.934409802546135815e-01 4.585116266179081436e-05
2.459014205273183063e+06 9.931774909972659326e-01 4.584050460532539426e-05
2.459014210405012593e+06 9.929283173765864889e-01 4.582984654885997416e-05
2.459014215536842123e+06 9.926845203192672384e-01 4.581918849239456084e-05
2.459014220668671653e+06 9.924410836775641176e-01 4.580909073495096679e-05
2.459014225800501183e+06 9.921980074514770154e-01 4.580282483718065332e-05
2.459014230932330713e+06 9.919553191217650445e-01 4.579655893941034662e-05
2.459014236064160243e+06 9.917164024500705333e-01 4.579029304164003992e-05
2.459014241195989773e+06 9.914835990340329364e-01 4.578386037128254481e-05
2.459014246327819768e+06 9.912569088533599304e-01 4.577513901405598479e-05
2.459014251459649298e+06 9.910363039496908888e-01 4.576641765762080427e-05
2.459014256591478828e+06 9.908010764128658554e-01 4.575769630118562374e-05
2.459014261723308358e+06 9.905333743399514779e-01 4.574894159048656654e-05
2.459014266855137888e+06 9.902331977309474231e-01 4.573618721635263370e-05
2.459014271986967418e+06 9.899005465858539132e-01 4.572343284221870086e-05
2.459014277118796948e+06 9.895515300627873989e-01 4.571067846808476802e-05
2.459014282250626478e+06 9.892036846099677705e-01 4.569792409395083519e-05
2.459014287382456008e+06 9.888570180447755487e-01 4.568449086622588585e-05
2.459014292514285538e+06 9.885115303672107334e-01 4.567102087087759389e-05
2.459014297646115534e+06 9.881792206012095514e-01 4.565755087430704016e-05
2.459014302777945064e+06 9.878764234785131215e-01 4.564408087895874819e-05
2.459014307909774594e+06 9.876032326920287652e-01 4.563129750319723206e-05
2.459014313041604124e+06 9.873596482417568154e-01 4.561859988217075503e-05
2.459014318173433654e+06 9.871361210748661463e-01 4.560590226114427800e-05
2.459014323305263184e+06 9.869165834570996498e-01 4.559320464011780774e-05
2.459014328437092714e+06 9.867007787335750901e-01 4.557885821420823224e-05
2.459014333568922244e+06 9.864887069042926893e-01 4.556417246121436272e-05
2.459014338700751774e+06 9.862697784223062314e-01 4.554948670822049319e-05
2.459014343832581304e+06 9.860221150224972586e-01 4.553480095522661689e-05
2.459014348964410834e+06 9.857450507052377686e-01 4.552181604761280502e-05
2.459014354096240830e+06 9.854385854413850732e-01 4.550934011728026749e-05
2.459014359228070360e+06 9.851244647930545995e-01 4.549686418807980643e-05
2.459014364359899890e+06 9.848577078907598814e-01 4.548438825887933859e-05
2.459014369491729420e+06 9.846410033487106306e-01 4.547281269747106808e-05
2.459014374623558950e+06 9.844743511669067360e-01 4.546160484576589050e-05
2.459014379755388480e+06 9.843384083162698417e-01 4.545039699406070615e-05
2.459014384887218010e+06 9.841731793932381178e-01 4.543918914235552179e-05
2.459014390019047540e+06 9.839743887432920166e-01 4.542858974386650671e-05
2.459014395150877070e+06 9.837420363664316492e-01 4.541831743164616541e-05
2.459014400282706600e+06 9.834871844578930711e-01 4.540804511942583089e-05
2.459014405414536595e+06 9.832520879691595272e-01 4.539777280627338744e-05
2.459014410546366125e+06 9.830408830178494206e-01 4.538851254946480482e-05
2.459014415678195655e+06 9.828535695815462381e-01 4.537995347163756798e-05
2.459014420810025185e+06 9.826854636305066837e-01 4.537139439381033114e-05
2.459014425941854715e+06 9.825143432517926545e-01 4.536283531598310107e-05
2.459014431073684245e+06 9.823373379069331168e-01 4.535684287981068359e-05
2.459014436205513775e+06 9.821544475959276266e-01 4.535311668368241462e-05
2.459014441337343305e+06 9.819725364157163572e-01 4.534939048755414566e-05
2.459014446469172835e+06 9.818325829913524538e-01 4.534566429142587669e-05
2.459014451601002365e+06 9.817413828822109112e-01 4.534409020970129293e-05
2.459014456732831895e+06 9.816989360882919513e-01 4.534492909155215189e-05
2.459014461864661891e+06 9.816976462687735383e-01 4.534576797347914217e-05
2.459014466996491421e+06 9.816793502970683205e-01 4.534660685533000791e-05
2.459014472128320951e+06 9.816319026078337284e-01 4.534759837152758406e-05
2.459014477260150481e+06 9.815553032010697621e-01 4.534880792210325582e-05
2.459014482391980011e+06 9.814536126231043767e-01 4.535001747267891403e-05
2.459014487523809541e+06 9.813678043965071707e-01 4.535122702325458579e-05
2.459014492655639071e+06 9.813085100282621376e-01 4.535436446181635804e-05
2.459014497787468601e+06 9.812757295183693884e-01 4.536104891345535959e-05
2.459014502919298131e+06 9.812677858839610190e-01 4.536773336509435437e-05
2.459014508051127661e+06 9.812614838504366555e-01 4.537441781673334914e-05
2.459014513182957657e+06 9.812494094050012716e-01 4.538075238644402311e-05
2.459014518314787187e+06 9.812315625498462257e-01 4.538624058904334590e-05
2.459014523446616717e+06 9.812085715869186542e-01 4.539172879164267546e-05
2.459014528578446247e+06 9.811930713176548746e-01 4.539721699424201180e-05
2.459014533710275777e+06 9.811900130908532969e-01 4.540321187305531323e-05
2.459014538842105307e+06 9.811993969065141430e-01 4.541087620269277882e-05
2.459014543973934837e+06 9.812211271399909895e-01 4.541854053233023765e-05
2.459014549105764367e+06 9.812521327067955657e-01 4.542620486196770324e-05
2.459014554237593897e+06 9.812909397900263508e-01 4.543480354021965222e-05
2.459014559369423427e+06 9.813375483896831231e-01 4.544786296172237221e-05
2.459014564501252957e+06 9.813921699043526292e-01 4.546092238322509897e-05
2.459014569633082952e+06 9.814676166706162164e-01 4.547398180591282483e-05
2.459014574764912482e+06 9.815714368168129145e-01 4.548696491201566314e-05
2.459014579896742012e+06 9.817036303485018323e-01 4.549935216393197375e-05
2.459014585028571542e+06 9.818639989052101447e-01 4.551173941584829113e-05
2.459014590160401072e+06 9.820198935629301795e-01 4.552412666776459497e-05
2.459014595292230602e+06 9.821475486193748106e-01 4.553647812865159916e-05
2.459014600424060132e+06 9.822469640745441488e-01 4.554820119188687924e-05
2.459014605555889662e+06 9.823181531502206409e-01 4.555992425512216609e-05
2.459014610687719192e+06 9.823850241493886637e-01 4.557164731835744616e-05
2.459014615819548722e+06 9.824693271149396168e-01 4.558337038159272623e-05
2.459014620951378718e+06 9.825710620568955944e-01 4.559587283118319054e-05
2.459014626083208248e+06 9.826902289567939208e-01 4.560837979668019057e-05
2.459014631215037778e+06 9.828280609714447058e-01 4.562088676217720414e-05
2.459014636346867308e+06 9.829859749402291014e-01 4.563339372767420416e-05
2.459014641478696838e+06 9.831639725422005593e-01 4.564511336835468282e-05
2.459014646610526368e+06 9.833620537773590797e-01 4.565677790468979227e-05
2.459014651742355898e+06 9.835693210949546517e-01 4.566844244102490172e-05
2.459014656874185428e+06 9.837701678821824114e-01 4.568010697736001117e-05
2.459014662006014958e+06 9.839644733969995505e-01 4.569115702665209794e-05
2.459014667137844488e+06 9.841522376394066240e-01 4.570211924357452500e-05
2.459014672269674018e+06 9.843350966139785552e-01 4.571308146049695884e-05
2.459014677401504014e+06 9.845159406201166030e-01 4.572404367841410074e-05
2.459014682533333544e+06 9.846948245754786333e-01 4.573155948299035216e-05
2.459014687665163074e+06 9.848717484965632263e-01 4.573829448021288051e-05
2.459014692796992604e+06 9.850460314143812957e-01 4.574502947743540885e-05
2.459014697928822134e+06 9.852161975883667600e-01 4.575176447465793719e-05
2.459014703060651664e+06 9.853821962183491046e-01 4.575933706941692704e-05
2.459014708192481194e+06 9.855440273043283295e-01 4.576718052569517253e-05
2.459014713324310724e+06 9.857121383346506560e-01 4.577502398197341802e-05
2.459014718456140254e+06 9.859142541579201113e-01 4.578286743825166351e-05
2.459014723587969784e+06 9.861518656427452623e-01 4.579088370592061498e-05
2.459014728719799779e+06 9.864249728155183305e-01 4.579897545794244526e-05
2.459014733851629309e+06 9.867173589080948659e-01 4.580706720923004028e-05
2.459014738983458839e+06 9.869762284980202471e-01 4.581515896051762852e-05
2.459014744115288369e+06 9.871975091672284819e-01 4.582316493986714179e-05
2.459014749247117899e+06 9.873812009157196812e-01 4.583112190235269593e-05
2.459014754378947429e+06 9.875396489648103904e-01 4.583907886483825007e-05
2.459014759510776959e+06 9.877224304703448032e-01 4.584703582732379743e-05
2.459014764642606489e+06 9.879347413129847544e-01 4.585490994408363604e-05
2.459014769774436019e+06 9.881765814927300218e-01 4.586272325027556941e-05
2.459014774906265549e+06 9.884434709929921237e-01 4.587053655646750278e-05
2.459014780038095079e+06 9.887130056055658534e-01 4.587834986265942937e-05
2.459014785169925075e+06 9.889821095491961866e-01 4.588639425271318637e-05
2.459014790301754605e+06 9.892507827750460780e-01 4.589465448941174773e-05
2.459014795433584135e+06 9.895174968619284694e-01 4.590291472611031587e-05
2.459014800565413665e+06 9.897725958393606138e-01 4.591117496280887724e-05
2.459014805697243195e+06 9.900143866919349778e-01 4.591784401711014320e-05
2.459014810829072725e+06 9.902428694196520054e-01 4.592262546609287758e-05
2.459014815960902255e+06 9.904593593370353277e-01 4.592740691507561196e-05
2.459014821092731785e+06 9.906745730177402010e-01 4.593218836405835311e-05
2.459014826224561315e+06 9.908908679867817204e-01 4.593693418947783160e-05
2.459014831356390845e+06 9.911082442441597751e-01 4.594162607496886532e-05
2.459014836488220841e+06 9.913251312620305900e-01 4.594631796088563812e-05
2.459014841620050371e+06 9.915245305225103278e-01 4.595100984637667184e-05
2.459014846751879901e+06 9.917018067129130809e-01 4.595509191080646296e-05
2.459014851883709431e+06 9.918569598332387383e-01 4.595798011165748372e-05
2.459014857015538961e+06 9.919908153627843284e-01 4.596086831250849769e-05
2.459014862147368491e+06 9.921157641773457048e-01 4.596375651335951167e-05
2.459014867279198021e+06 9.922359625654091353e-01 4.596641606753087197e-05
2.459014872411027551e+06 9.923514105269746199e-01 4.596848312193176723e-05
2.459014877542857081e+06 9.924636273432374534e-01 4.597055017633266250e-05
2.459014882674686611e+06 9.926063744103393871e-01 4.597261723073356454e-05
2.459014887806516141e+06 9.927935278830044563e-01 4.597469418035046761e-05
2.459014892938346136e+06 9.930250877842586865e-01 4.597680646011870502e-05
2.459014898070175666e+06 9.932991246000113517e-01 4.597891873969528259e-05
2.459014903202005196e+06 9.935450470636938425e-01 4.598103101927185338e-05
2.459014908333834726e+06 9.937273164157452987e-01 4.598257327969083007e-05
2.459014913465664256e+06 9.938459326561659424e-01 4.598110390639942058e-05
2.459014918597493786e+06 9.939016647805076765e-01 4.597963453310799755e-05
2.459014923729323316e+06 9.939508460858500483e-01 4.597816515981658806e-05
2.459014928861152846e+06 9.940283319766892722e-01 4.597668025738304486e-05
2.459014933992982376e+06 9.941341224530252374e-01 4.597505481306007576e-05
2.459014939124811906e+06 9.942680718216958535e-01 4.597342936873709989e-05
2.459014944256641902e+06 9.943962788476139458e-01 4.597180392426663864e-05
2.459014949388471432e+06 9.944927692389108342e-01 4.596991456962244037e-05
2.459014954520300962e+06 9.945575430086583957e-01 4.596166674784937805e-05
2.459014959652130492e+06 9.945906025881297019e-01 4.595341892607630895e-05
2.459014964783960022e+06 9.946166121327549847e-01 4.594517110430323986e-05
2.459014969915789552e+06 9.946592731595604864e-01 4.593692328253017753e-05
2.459014975047619082e+06 9.947185856685466510e-01 4.593148040430330411e-05
2.459014980179448612e+06 9.947945496597131454e-01 4.592609418018015486e-05
2.459014985311278142e+06 9.948656718072597105e-01 4.592070795605701237e-05
2.459014990443107672e+06 9.949059112055443910e-01 4.591532173193387667e-05
2.459014995574937202e+06 9.949152092579746087e-01 4.590996244623633869e-05
2.459015000706767198e+06 9.948935659611821691e-01 4.590460548494551329e-05
2.459015005838596728e+06 9.948667512472105789e-01 4.589924852414078993e-05
2.459015010970426258e+06 9.948735683858123124e-01 4.589389156333605979e-05
2.459015016102255788e+06 9.949144052055239884e-01 4.588774217166639814e-05
2.459015021234085318e+06 9.949892617063448297e-01 4.588146474662269293e-05
2.459015026365914848e+06 9.950661591382136129e-01 4.587518732157898772e-05
2.459015031497744378e+06 9.950857982238918709e-01 4.586890989653527573e-05
2.459015036629573908e+06 9.950468578346630677e-01 4.585904786827456618e-05
2.459015041761403438e+06 9.949493379705276475e-01 4.584829670244166709e-05
2.459015046893232968e+06 9.948262804252728797e-01 4.583754553660878155e-05
2.459015052025062963e+06 9.947527881899879132e-01 4.582679436980032411e-05
2.459015057156892493e+06 9.947317620366350477e-01 4.582085245916527386e-05
2.459015062288722023e+06 9.947632019561652994e-01 4.581658622214235195e-05
2.459015067420551553e+06 9.948173610678912038e-01 4.581231998511943682e-05
2.459015072552381083e+06 9.948114336023919924e-01 4.580805374809650813e-05
2.459015077684210613e+06 9.947405420602761783e-01 4.580242080808686207e-05
2.459015082816040143e+06 9.946046864415442057e-01 4.579615047718078500e-05
2.459015087947869673e+06 9.944256767245456263e-01 4.578988014627471471e-05
2.459015093079699203e+06 9.942780657358477603e-01 4.578360981536865119e-05
2.459015098211528733e+06 9.941680595537977227e-01 4.577725284546706283e-05
2.459015103343358263e+06 9.940956581783949586e-01 4.577084329210981834e-05
2.459015108475188259e+06 9.940440259247204091e-01 4.576443373817097392e-05
2.459015113607017789e+06 9.939420428788554585e-01 4.575802418481373621e-05
2.459015118738847319e+06 9.937817442232428355e-01 4.574954250989313398e-05
2.459015123870676849e+06 9.935631299578824294e-01 4.573945021233380718e-05
2.459015129002506379e+06 9.933037738528657234e-01 4.572935791477448716e-05
2.459015134134335909e+06 9.930963910065391254e-01 4.571926561721516714e-05
2.459015139266165439e+06 9.929544906140421734e-01 4.571282870447106509e-05
2.459015144397994969e+06 9.928780726753748676e-01 4.571000346415615489e-05
2.459015149529824499e+06 9.928508463939710316e-01 4.570717822384124469e-05
2.459015154661654029e+06 9.927637785185944308e-01 4.570435298352633449e-05
2.459015159793484025e+06 9.925966758764360742e-01 4.569798659047052687e-05
2.459015164925313555e+06 9.923495384978217038e-01 4.568717423794079174e-05
2.459015170057143085e+06 9.920347189075724437e-01 4.567636188541106338e-05
2.459015175188972615e+06 9.917594862079242013e-01 4.566554953288133503e-05
2.459015180320802145e+06 9.915486843452314680e-01 4.565740380192647346e-05
2.459015185452631675e+06 9.914023133194945769e-01 4.565354104406813392e-05
2.459015190584461205e+06 9.913131706993678627e-01 4.564967828620979437e-05
2.459015195716290735e+06 9.911974445572061532e-01 4.564581552835144805e-05
2.459015200848120265e+06 9.910311257050932188e-01 4.564056652015721210e-05
2.459015205979949795e+06 9.908142141430288374e-01 4.563242599721594990e-05
2.459015211111779325e+06 9.905503002706184112e-01 4.562428547427468094e-05
2.459015216243609320e+06 9.902980802546570427e-01 4.561614495059473825e-05
2.459015221375438850e+06 9.900782115278189410e-01 4.560878028991446296e-05
2.459015226507268380e+06 9.898906940657494768e-01 4.560357407977067674e-05
2.459015231639097910e+06 9.897338479399638844e-01 4.559836786962689052e-05
2.459015236770927440e+06 9.895661831705934164e-01 4.559316165948310430e-05
2.459015241902756970e+06 9.893698150468684949e-01 4.558773174879310591e-05
2.459015247034586500e+06 9.891447435687891199e-01 4.558143304147726604e-05
2.459015252166416030e+06 9.888918190702108424e-01 4.557513433416142618e-05
2.459015257298245560e+06 9.886468488528028509e-01 4.556883562684558631e-05
2.459015262430075090e+06 9.884287479098534668e-01 4.556238996703789785e-05
2.459015267561905086e+06 9.882375162252293732e-01 4.555507857093322050e-05
2.459015272693734616e+06 9.880727184740816238e-01 4.554776717549198001e-05
2.459015277825564146e+06 9.878949167839461420e-01 4.554045578005075308e-05
2.459015282957393676e+06 9.876784725096887652e-01 4.553294075073787973e-05
2.459015288089223206e+06 9.874233856513091601e-01 4.552324661187024546e-05
2.459015293221052736e+06 9.871297756108459165e-01 4.551355247300261796e-05
2.459015298352882266e+06 9.868402685372452687e-01 4.550385833413499046e-05
2.459015303484711796e+06 9.865892644560789737e-01 4.549418916789088038e-05
2.459015308616541326e+06 9.863767633673474755e-01 4.548546249202220076e-05
2.459015313748370856e+06 9.862027652710505521e-01 4.547673581615353469e-05
2.459015318880200386e+06 9.860476018637207574e-01 4.546800914028486184e-05
2.459015324012030382e+06 9.858912875808647502e-01 4.545928246362432838e-05
2.459015329143859912e+06 9.857338221316720439e-01 4.545083594884833126e-05
2.459015334275689442e+06 9.855752055020108315e-01 4.544239924584918630e-05
2.459015339407518972e+06 9.854099541965999354e-01 4.543396254285004811e-05
2.459015344539348502e+06 9.852310680815640209e-01 4.542552583985090314e-05
2.459015349671178032e+06 9.850385218087112094e-01 4.541313813264568266e-05
2.459015354803007562e+06 9.848323153780415007e-01 4.540034296893172999e-05
2.459015359934837092e+06 9.846147380247581848e-01 4.538754780521776376e-05
2.459015365066666622e+06 9.843894122476256614e-01 4.537475264150380431e-05
2.459015370198496152e+06 9.841563833367582559e-01 4.536396482452494696e-05
2.459015375330326147e+06 9.839156512699629431e-01 4.535353998878384870e-05
2.459015380462155677e+06 9.836873259842510153e-01 4.534311515398869649e-05
2.459015385593985207e+06 9.835105386828704166e-01 4.533269031919355107e-05
2.459015390725814737e+06 9.833862977787775073e-01 4.532446442429616170e-05
2.459015395857644267e+06 9.833146032719721763e-01 4.531683290590109376e-05
2.459015400989473797e+06 9.832765671330583324e-01 4.530920138750603259e-05
2.459015406121303327e+06 9.832271621507581161e-01 4.530156986911097820e-05
2.459015411253132857e+06 9.831644502760454873e-01 4.529585969992792449e-05
2.459015416384962387e+06 9.830884315089207792e-01 4.529086897432168005e-05
2.459015421516791917e+06 9.829977019797779825e-01 4.528587824871542207e-05
2.459015426648621447e+06 9.828881617580398355e-01 4.528088752310917086e-05
2.459015431780451443e+06 9.827595473809882520e-01 4.527505456657661528e-05
2.459015436912280973e+06 9.826118588719641167e-01 4.526880285806132449e-05
2.459015442044110503e+06 9.824587551412252706e-01 4.526255114954603369e-05
2.459015447175940033e+06 9.823492769732343755e-01 4.525629944103073612e-05
2.459015452307769563e+06 9.822878182642249545e-01 4.525403436835629599e-05
2.459015457439599093e+06 9.822743790141968967e-01 4.525433675595966307e-05
2.459015462571428623e+06 9.822940690804971009e-01 4.525463914356302338e-05
2.459015467703258153e+06 9.822806830629270403e-01 4.525494153116639047e-05
2.459015472835087683e+06 9.822263124383835420e-01 4.525312474510777299e-05
2.459015477966917213e+06 9.821309572068664950e-01 4.524956437493913013e-05
2.459015483098747209e+06 9.820075047017379211e-01 4.524600400444742213e-05
2.459015488230576739e+06 9.819277448999111924e-01 4.524244363427878604e-05
2.459015493362406269e+06 9.819027655186960413e-01 4.524318371043615963e-05
2.459015498494235799e+06 9.819325665580920237e-01 4.524841829701286991e-05
2.459015503626065329e+06 9.820118298763507170e-01 4.525365288358958020e-05
2.459015508757894859e+06 9.821027992709314702e-01 4.525888747016627693e-05
2.459015513889724389e+06 9.821980951838759077e-01 4.526494209508945938e-05
2.459015519021553919e+06 9.822977176151841405e-01 4.527208677814020501e-05
2.459015524153383449e+06 9.823990600709499033e-01 4.527923146119094386e-05
2.459015529285212979e+06 9.824779545614437115e-01 4.528637614424168949e-05
2.459015534417042509e+06 9.825285116370527927e-01 4.529376340642498391e-05
2.459015539548872504e+06 9.825507312985075625e-01 4.530156429788589022e-05
2.459015544680702034e+06 9.825484193085759488e-01 4.530936518863894126e-05
2.459015549812531564e+06 9.825693134748358926e-01 4.531716607939199909e-05
2.459015554944361094e+06 9.826277745672299391e-01 4.532536971976798161e-05
2.459015560076190624e+06 9.827238025857577552e-01 4.533446972421478901e-05
2.459015565208020154e+06 9.828551020877788202e-01 4.534356972866158964e-05
2.459015570339849684e+06 9.829806412024028051e-01 4.535266973310839026e-05
2.459015575471679214e+06 9.830852710702422392e-01 4.536214250771417657e-05
2.459015580603508744e+06 9.831689916912973448e-01 4.537273139443490343e-05
2.459015585735338274e+06 9.832333988804559111e-01 4.538332028115563030e-05
2.459015590867168270e+06 9.833225814548307575e-01 4.539390916883719745e-05
2.459015595998997800e+06 9.834564724434297078e-01 4.540494775607554562e-05
2.459015601130827330e+06 9.836350718523164671e-01 4.541789455639938988e-05
2.459015606262656860e+06 9.838577658631005862e-01 4.543084135672324092e-05
2.459015611394486390e+06 9.840944407455328724e-01 4.544378815704709195e-05
2.459015616526315920e+06 9.843284014262533299e-01 4.545702901574273885e-05
2.459015621658145450e+06 9.845596479052618477e-01 4.547221933694462430e-05
2.459015626789974980e+06 9.847881387143951892e-01 4.548740965814650975e-05
2.459015631921804510e+06 9.850090921875156447e-01 4.550259997934840198e-05
2.459015637053634040e+06 9.852192405797259855e-01 4.551777928058556831e-05
2.459015642185463570e+06 9.854185838910259898e-01 4.553281530464022405e-05
2.459015647317293566e+06 9.856071412413285326e-01 4.554785133005923980e-05
2.459015652449123096e+06 9.857968339506337774e-01 4.556288735411389554e-05
2.459015657580952626e+06 9.859978036585037575e-01 4.557789931836127707e-05
2.459015662712782156e+06 9.862100503649383620e-01 4.559089134380954798e-05
2.459015667844611686e+06 9.864335740699379240e-01 4.560388336925781888e-05
2.459015672976441216e+06 9.866709428226637657e-01 4.561687539470608979e-05
2.459015678108270746e+06 9.869249144029450527e-01 4.562986742015436069e-05
2.459015683240100276e+06 9.871954896788792677e-01 4.564298609208779396e-05
2.459015688371929806e+06 9.874826686504661888e-01 4.565611113260788163e-05
2.459015693503759336e+06 9.877647631940787987e-01 4.566923617312797608e-05
2.459015698635589331e+06 9.880126223635199434e-01 4.568236121483902596e-05
2.459015703767418861e+06 9.882260921700629641e-01 4.569177610332614368e-05
2.459015708899248391e+06 9.884051726377587332e-01 4.570074397926782649e-05
2.459015714031077921e+06 9.885803277761326946e-01 4.570971185520950931e-05
2.459015719162907451e+06 9.888021961723124642e-01 4.571867973115119213e-05
2.459015724294736981e+06 9.890715501466373905e-01 4.572950350607791819e-05
2.459015729426566511e+06 9.893883896991074733e-01 4.574069982805660853e-05
2.459015734558396041e+06 9.897252612846320075e-01 4.575189615003529887e-05
2.459015739690225571e+06 9.900261177722541328e-01 4.576309247201399598e-05
2.459015744822055101e+06 9.902893067626042933e-01 4.577230185595848399e-05
2.459015749953884631e+06 9.905148282556823780e-01 4.578092832674961096e-05
2.459015755085714627e+06 9.907201312881677158e-01 4.578955479832349802e-05
2.459015760217544157e+06 9.909488430961248540e-01 4.579818126911462499e-05
2.459015765349373687e+06 9.912030437660147575e-01 4.580593014517258724e-05
2.459015770481203217e+06 9.914827332978370933e-01 4.581332666976762176e-05
2.459015775613032747e+06 9.917838858273304581e-01 4.582072319436265628e-05
2.459015780744862277e+06 9.920941638232972926e-01 4.582811971895769081e-05
2.459015785876691807e+06 9.924127056284587356e-01 4.583492945244572168e-05
2.459015791008521337e+06 9.927395112428150092e-01 4.584142856885486700e-05
2.459015796140350867e+06 9.930627416791889539e-01 4.584792768526401233e-05
2.459015801272180397e+06 9.933377320613654415e-01 4.585442680167315765e-05
2.459015806404010393e+06 9.935601856365207096e-01 4.585925815997943288e-05
2.459015811535839923e+06 9.937301023642838294e-01 4.586295065829062957e-05
2.459015816667669453e+06 9.938655931850745029e-01 4.586664315660183303e-05
2.459015821799498983e+06 9.940514689560974171e-01 4.587033565491302971e-05
2.459015826931328513e+06 9.942985178159339243e-01 4.587473495063954681e-05
2.459015832063158043e+06 9.946067397645844688e-01 4.587974961873509235e-05
2.459015837194987573e+06 9.949615110203089419e-01 4.588476428683063111e-05
2.459015842326817103e+06 9.952767347787864205e-01 4.588977895492617665e-05
2.459015847458646633e+06 9.955383324349531549e-01 4.589406756539395830e-05
2.459015852590476163e+06 9.957463039888093670e-01 4.589755344696488389e-05
2.459015857722305693e+06 9.959075832928345751e-01 4.590103932853580948e-05
2.459015862854135688e+06 9.960744584962082371e-01 4.590452521042304428e-05
2.459015867985965218e+06 9.962577064037226870e-01 4.590802858395351762e-05
2.459015873117794748e+06 9.964573270297774066e-01 4.591155658696291470e-05
2.459015878249624278e+06 9.966733203743722846e-01 4.591508458997230500e-05
2.459015883381453808e+06 9.969056864375072102e-01 4.591861259298169530e-05
2.459015888513283338e+06 9.971514529660429060e-01 4.592214059599109238e-05
2.459015893645112868e+06 9.973763469622396460e-01 4.592566859900048268e-05
2.459015898776942398e+06 9.975706100078906013e-01 4.592919660200987976e-05
2.459015903908771928e+06 9.977342421029958830e-01 4.593272460501927006e-05
2.459015909040601458e+06 9.978672432475557130e-01 4.593365568818135114e-05
2.459015914172431454e+06 9.979696134494692172e-01 4.592840957338998546e-05
2.459015919304260984e+06 9.980433783577157270e-01 4.592316345907464551e-05
2.459015924436090514e+06 9.981283052376347387e-01 4.591791734475931234e-05
2.459015929567920044e+06 9.982397943749594660e-01 4.591354197557005360e-05
2.459015934699749574e+06 9.983778457696904640e-01 4.591198037869669642e-05
2.459015939831579104e+06 9.985417685320979730e-01 4.591041878182333246e-05
2.459015944963408634e+06 9.987100511123749857e-01 4.590885718494996850e-05
2.459015950095238164e+06 9.988724921103676602e-01 4.590712043088150744e-05
2.459015955227067694e+06 9.990290915260759963e-01 4.590456742832676421e-05
2.459015960358897224e+06 9.991796032639513880e-01 4.590201442577202098e-05
2.459015965490726754e+06 9.993097561511590232e-01 4.589946142321727775e-05
2.459015970622556750e+06 9.994112440179935275e-01 4.589607220328230266e-05
2.459015975754386280e+06 9.994840668460371891e-01 4.588637363144586515e-05
2.459015980886215810e+06 9.995282380812694489e-01 4.587667505960942764e-05
2.459015986018045340e+06 9.995458058914170607e-01 4.586697648777298336e-05
2.459015991149874870e+06 9.995382424521146447e-01 4.585733337434249338e-05
2.459015996281704400e+06 9.995055477633616459e-01 4.584860137845623462e-05
2.459016001413533930e+06 9.994477491630072707e-01 4.583986938256997585e-05
2.459016006545363460e+06 9.994027913683686259e-01 4.583113738668371032e-05
2.459016011677192990e+06 9.994047320913964638e-01 4.582240539079745155e-05
2.459016016809022520e+06 9.994535713320906734e-01 4.581640816036221475e-05
2.459016021940852515e+06 9.995493091012659370e-01 4.581041716125161799e-05
2.459016027072682045e+06 9.996543479693189571e-01 4.580442616268465375e-05
2.459016032204511575e+06 9.997260618295495949e-01 4.579843516411767596e-05
2.459016037336341105e+06 9.997644093332296311e-01 4.579050344653487481e-05
2.459016042468170635e+06 9.997693904803590659e-01 4.578244362031000478e-05
2.459016047600000165e+06 9.997446302990891098e-01 4.577438379408514153e-05
