2.458684000000000000e+06 9.883326643673324696e-01 4.348398211195434685e-05
2.458684005131829530e+06 9.886791717010551261e-01 4.349177412775238709e-05
2.458684010263659060e+06 9.890190242882410665e-01 4.349956614355042055e-05
2.458684015395488590e+06 9.893495804430262330e-01 4.350623928890713638e-05
2.458684020527318120e+06 9.896708401654107368e-01 4.351241048043723780e-05
2.458684025659147650e+06 9.899812547375747007e-01 4.351858167196734600e-05
2.458684030790977646e+06 9.902756822646296975e-01 4.352475286405742429e-05
2.458684035922807176e+06 9.905537135538198257e-01 4.353042075072096489e-05
2.458684041054636706e+06 9.908153486326055637e-01 4.353579394322621511e-05
2.458684046186466236e+06 9.910663385156167626e-01 4.354116713573145855e-05
2.458684051318295766e+06 9.913302490517422738e-01 4.354654032823670876e-05
2.458684056450125296e+06 9.916096169720283182e-01 4.355256270157766767e-05
2.458684061581954826e+06 9.919044422764752289e-01 4.355907259916406060e-05
2.458684066713784356e+06 9.922092332140459714e-01 4.356558249675045354e-05
2.458684071845613886e+06 9.924959402540006748e-01 4.357209239433684647e-05
2.458684076977443416e+06 9.927606200251559709e-01 4.357738046846113195e-05
2.458684082109273411e+06 9.930032725485311573e-01 4.358150168984542349e-05
2.458684087241102941e+06 9.932274818271242811e-01 4.358562291085576015e-05
2.458684092372932471e+06 9.934564061984321182e-01 4.358974413186609680e-05
2.458684097504762001e+06 9.936941948381701195e-01 4.359488951396109477e-05
2.458684102636591531e+06 9.939408477463390623e-01 4.360127705171816059e-05
2.458684107768421061e+06 9.941957244312326081e-01 4.360766458947522642e-05
2.458684112900250591e+06 9.944534763426773338e-01 4.361405212723228547e-05
2.458684118032080121e+06 9.947129029574024450e-01 4.362046540541245673e-05
2.458684123163909651e+06 9.949740042754080527e-01 4.362691855655557126e-05
2.458684128295739181e+06 9.952361510784681897e-01 4.363337170769869257e-05
2.458684133427568711e+06 9.954923420530669143e-01 4.363982485884181388e-05
2.458684138559398707e+06 9.957406312752419275e-01 4.364562547776460664e-05
2.458684143691228237e+06 9.959810186999337178e-01 4.365011732483252459e-05
2.458684148823057767e+06 9.962142636795290329e-01 4.365460917190044254e-05
2.458684153954887297e+06 9.964521372835041246e-01 4.365910101896836726e-05
2.458684159086716827e+06 9.966986612092478826e-01 4.366438881477582054e-05
2.458684164218546357e+06 9.969538354567600846e-01 4.367179513127739170e-05
2.458684169350375887e+06 9.972159178132500301e-01 4.367920144777896285e-05
2.458684174482205417e+06 9.974446399610560343e-01 4.368660776428054079e-05
2.458684179614034947e+06 9.976231497527168202e-01 4.369283338948482410e-05
2.458684184745864477e+06 9.977514471882328317e-01 4.369470957353451099e-05
2.458684189877694473e+06 9.978307679506779326e-01 4.369658575775443795e-05
2.458684195009524003e+06 9.979087108064559342e-01 4.369846194180412483e-05
2.458684200141353533e+06 9.980096752793126136e-01 4.370079908170290483e-05
2.458684205273183063e+06 9.981336613692477489e-01 4.370567042168370636e-05
2.458684210405012593e+06 9.982804873477034713e-01 4.371054176166450789e-05
2.458684215536842123e+06 9.984357879824899973e-01 4.371541310164530941e-05
2.458684220668671653e+06 9.985905103458030396e-01 4.372006905694338595e-05
2.458684225800501183e+06 9.987446544376421542e-01 4.372265634672568667e-05
2.458684230932330713e+06 9.988981618657969408e-01 4.372524363650800094e-05
2.458684236064160243e+06 9.990353025726100844e-01 4.372783092629030165e-05
2.458684241195989773e+06 9.991437926049833163e-01 4.373042040045085709e-05
2.458684246327819768e+06 9.992236319688607704e-01 4.373307064366133379e-05
2.458684251459649298e+06 9.992748208447540526e-01 4.373572088663133444e-05
2.458684256591478828e+06 9.993055665954589939e-01 4.373837112960133510e-05
2.458684261723308358e+06 9.993239179126375271e-01 4.374102137257132898e-05
2.458684266855137888e+06 9.993298747962894302e-01 4.374197702856184872e-05
2.458684271986967418e+06 9.993234372464151472e-01 4.374288940730961710e-05
2.458684277118796948e+06 9.993348699847289796e-01 4.374380178605739226e-05
2.458684282250626478e+06 9.994015445953975396e-01 4.374471416480516065e-05
2.458684287382456008e+06 9.995235624282845510e-01 4.374801386810523384e-05
2.458684292514285538e+06 9.997009234833897917e-01 4.375153392986197464e-05
2.458684297646115534e+06 9.998803964477994688e-01 4.375505399193812140e-05
2.458684302777945064e+06 9.999803841427178375e-01 4.375857405369486220e-05
2.458684307909774594e+06 1.000000000000000000e+00 4.375978859879711583e-05
2.458684313041604124e+06 9.999392440196460674e-01 4.376061497099626726e-05
2.458684318173433654e+06 9.998350901166035420e-01 4.376144134319541191e-05
2.458684323305263184e+06 9.997572849507994075e-01 4.376226771539456334e-05
2.458684328437092714e+06 9.997074670727891244e-01 4.376207455604612970e-05
2.458684333568922244e+06 9.996856364825731367e-01 4.376162058334601319e-05
2.458684338700751774e+06 9.996741289963916310e-01 4.376116661064589669e-05
2.458684343832581304e+06 9.996321160883743229e-01 4.376071263794579374e-05
2.458684348964410834e+06 9.995579584060312328e-01 4.375973806441356011e-05
2.458684354096240830e+06 9.994516559382584653e-01 4.375857741926048733e-05
2.458684359228070360e+06 9.993240870343302884e-01 4.375741677421274479e-05
2.458684364359899890e+06 9.992060427300248904e-01 4.375625612916498870e-05
2.458684369491729420e+06 9.990993933103679003e-01 4.375619053054409307e-05
2.458684374623558950e+06 9.990041387753590962e-01 4.375664716325070199e-05
2.458684379755388480e+06 9.989234983831244419e-01 4.375710379595731090e-05
2.458684384887218010e+06 9.988686639054469296e-01 4.375756042866391982e-05
2.458684390019047540e+06 9.988405911850457564e-01 4.375796559558857522e-05
2.458684395150877070e+06 9.988392802219211442e-01 4.375833888173456717e-05
2.458684400282706600e+06 9.988525691457452726e-01 4.375871216788055913e-05
2.458684405414536595e+06 9.988281800722733639e-01 4.375908545406041885e-05
2.458684410546366125e+06 9.987601268451127279e-01 4.375741034442407715e-05
2.458684415678195655e+06 9.986484094640309950e-01 4.375411194902481988e-05
2.458684420810025185e+06 9.984951010494964585e-01 4.375081355362555582e-05
2.458684425941854715e+06 9.983113405226984316e-01 4.374751515822629177e-05
2.458684431073684245e+06 9.980987833782579699e-01 4.374311664128434325e-05
2.458684436205513775e+06 9.978574296161748514e-01 4.373761044896460969e-05
2.458684441337343305e+06 9.975919212378673295e-01 4.373210425664486936e-05
2.458684446469172835e+06 9.973339409861787797e-01 4.372659806432514258e-05
2.458684451601002365e+06 9.970894637762860446e-01 4.372301882767559207e-05
2.458684456732831895e+06 9.968584896081887914e-01 4.372190517589562682e-05
2.458684461864661891e+06 9.966398956809136012e-01 4.372079152401460716e-05
2.458684466996491421e+06 9.964237200753747192e-01 4.371967787223464869e-05
2.458684472128320951e+06 9.962076162347524022e-01 4.371720796209351787e-05
2.458684477260150481e+06 9.959915841590470942e-01 4.371251661530387153e-05
2.458684482391980011e+06 9.957758807617983488e-01 4.370782526851422519e-05
2.458684487523809541e+06 9.955635691194376635e-01 4.370313392172457207e-05
2.458684492655639071e+06 9.953555408981228370e-01 4.369890629984857818e-05
2.458684497787468601e+06 9.951517960978535360e-01 4.369566642436769710e-05
2.458684502919298131e+06 9.949512005938888626e-01 4.369242654888680924e-05
2.458684508051127661e+06 9.947346778678861634e-01 4.368918667340591461e-05
2.458684513182957657e+06 9.944954090867533791e-01 4.368534652451508898e-05
2.458684518314787187e+06 9.942333942939132196e-01 4.367979688558928106e-05
2.458684523446616717e+06 9.939494183929957760e-01 4.367424724666348670e-05
2.458684528578446247e+06 9.936635614327395949e-01 4.366869760773768556e-05
2.458684533710275777e+06 9.933846123968923525e-01 4.366374234551512206e-05
2.458684538842105307e+06 9.931125712854536047e-01 4.366116037578323148e-05
2.458684543973934837e+06 9.928474926618747753e-01 4.365857840605132735e-05
2.458684549105764367e+06 9.925917848184828696e-01 4.365599643631943677e-05
2.458684554237593897e+06 9.923467395325500373e-01 4.365319966658129348e-05
2.458684559369423427e+06 9.921123568040767227e-01 4.364909085907093329e-05
2.458684564501252957e+06 9.918885356572954004e-01 4.364498205156057989e-05
2.458684569633082952e+06 9.916654438870363686e-01 4.364087324367738968e-05
2.458684574764912482e+06 9.914365890495233646e-01 4.363668341335563781e-05
2.458684579896742012e+06 9.912019711247743725e-01 4.363157533381393192e-05
2.458684585028571542e+06 9.909615785078298433e-01 4.362646725427221927e-05
2.458684590160401072e+06 9.907105689000715865e-01 4.362135917473052016e-05
2.458684595292230602e+06 9.904449703874571576e-01 4.361627017951892523e-05
2.458684600424060132e+06 9.901647829699871117e-01 4.361205053883231695e-05
2.458684605555889662e+06 9.898700066476607828e-01 4.360783089814569512e-05
2.458684610687719192e+06 9.895728040483628973e-01 4.360361125745907329e-05
2.458684615819548722e+06 9.892857468165239254e-01 4.359939161677245823e-05
2.458684620951378718e+06 9.890088357835573607e-01 4.359478562756799512e-05
2.458684626083208248e+06 9.887420709997171153e-01 4.359016432734731710e-05
2.458684631215037778e+06 9.884830827858903657e-01 4.358554302712662552e-05
2.458684636346867308e+06 9.882287981955026890e-01 4.358092172690594072e-05
2.458684641478696838e+06 9.879792046454836107e-01 4.357608762167227155e-05
2.458684646610526368e+06 9.877343021358330200e-01 4.357123046855579981e-05
2.458684651742355898e+06 9.874933928700290187e-01 4.356637331543932807e-05
2.458684656874185428e+06 9.872553561827397406e-01 4.356151616232284955e-05
2.458684662006014958e+06 9.870201771669657731e-01 4.355872942528778846e-05
2.458684667137844488e+06 9.867878558227071162e-01 4.355632922202267799e-05
2.458684672269674018e+06 9.865562144860509086e-01 4.355392901875756073e-05
2.458684677401504014e+06 9.863209548921608727e-01 4.355152881527464759e-05
2.458684682533333544e+06 9.860819616861561387e-01 4.354685746948307174e-05
2.458684687665163074e+06 9.858392348468586475e-01 4.354155698366154662e-05
2.458684692796992604e+06 9.855980532086566770e-01 4.353625649784002827e-05
2.458684697928822134e+06 9.853711779313880648e-01 4.353095601201850993e-05
2.458684703060651664e+06 9.851591753246708993e-01 4.352692309139150198e-05
2.458684708192481194e+06 9.849620453885055138e-01 4.352337465642031836e-05
2.458684713324310724e+06 9.847781583176649089e-01 4.351982622144913475e-05
2.458684718456140254e+06 9.846026876034900122e-01 4.351627778647795792e-05
2.458684723587969784e+06 9.844353154192374555e-01 4.351332269463581187e-05
2.458684728719799779e+06 9.842760417508222837e-01 4.351066801815711596e-05
2.458684733851629309e+06 9.841189129281501247e-01 4.350801334191930944e-05
2.458684738983458839e+06 9.839422487378427506e-01 4.350535866568149614e-05
2.458684744115288369e+06 9.837440663035832422e-01 4.350143310070611900e-05
2.458684749247117899e+06 9.835243656253717104e-01 4.349667525411557428e-05
2.458684754378947429e+06 9.832923519682702507e-01 4.349191740752502956e-05
2.458684759510776959e+06 9.830895557187793177e-01 4.348715956093448485e-05
2.458684764642606489e+06 9.829210276043914840e-01 4.348364239115704331e-05
2.458684769774436019e+06 9.827867676251064166e-01 4.348116238806045618e-05
2.458684774906265549e+06 9.826845540664778111e-01 4.347868238496385549e-05
2.458684780038095079e+06 9.826018192638488191e-01 4.347620238186726836e-05
2.458684785169925075e+06 9.825365907625690509e-01 4.347539415864669343e-05
2.458684790301754605e+06 9.824888685744760375e-01 4.347636062394369313e-05
2.458684795433584135e+06 9.824545696162864106e-01 4.347732708924068604e-05
2.458684800565413665e+06 9.824042238433156049e-01 4.347829355453769251e-05
2.458684805697243195e+06 9.823319858801605742e-01 4.347790494174593882e-05
2.458684810829072725e+06 9.822378557268213184e-01 4.347568650493948371e-05
2.458684815960902255e+06 9.821265010735968914e-01 4.347346806813302182e-05
2.458684821092731785e+06 9.820419957317191306e-01 4.347124963132655993e-05
2.458684826224561315e+06 9.819952287202562413e-01 4.347016043971421002e-05
2.458684831356390845e+06 9.819862000392083345e-01 4.347102848515068470e-05
2.458684836488220841e+06 9.820119815934648111e-01 4.347189653066592667e-05
2.458684841620050371e+06 9.820350780843127847e-01 4.347276457610240813e-05
2.458684846751879901e+06 9.820440612422826065e-01 4.347382189627467351e-05
2.458684851883709431e+06 9.820389310673742767e-01 4.347530794746876711e-05
2.458684857015538961e+06 9.820207987030409313e-01 4.347679399866286070e-05
2.458684862147368491e+06 9.820100174170294238e-01 4.347828004985696107e-05
2.458684867279198021e+06 9.820141975379939048e-01 4.347920817205376792e-05
2.458684872411027551e+06 9.820333390659344852e-01 4.347843233983727683e-05
2.458684877542857081e+06 9.820673146783115426e-01 4.347765650762078573e-05
2.458684882674686611e+06 9.821124975751251984e-01 4.347688067540430142e-05
2.458684887806516141e+06 9.821672274080986975e-01 4.347639560195999220e-05
2.458684892938346136e+06 9.822315041834970284e-01 4.347717409424328445e-05
2.458684898070175666e+06 9.823053506432707360e-01 4.347795258645594771e-05
2.458684903202005196e+06 9.823899306648596896e-01 4.347873107866860419e-05
2.458684908333834726e+06 9.824858976436871005e-01 4.347994016652185237e-05
2.458684913465664256e+06 9.825932515797527467e-01 4.348409685387144574e-05
2.458684918597493786e+06 9.827119465489234651e-01 4.348825354122103911e-05
2.458684923729323316e+06 9.828363190697212426e-01 4.349241022857062571e-05
2.458684928861152846e+06 9.829624488178281272e-01 4.349652852691616664e-05
2.458684933992982376e+06 9.830903357932440079e-01 4.350011952166649680e-05
2.458684939124811906e+06 9.832199799296000853e-01 4.350371051641683374e-05
2.458684944256641902e+06 9.833513320702400584e-01 4.350730151149301408e-05
2.458684949388471432e+06 9.834843497985126248e-01 4.351087878020611034e-05
2.458684954520300962e+06 9.836190331262609776e-01 4.351280816409533686e-05
2.458684959652130492e+06 9.837553820534852278e-01 4.351473754798456338e-05
2.458684964783960022e+06 9.838925717340110122e-01 4.351666693187379668e-05
2.458684969915789552e+06 9.840297042886572143e-01 4.351859631576302997e-05
2.458684975047619082e+06 9.841667793176829271e-01 4.352192115659011184e-05
2.458684980179448612e+06 9.843037968210884836e-01 4.352532151828579840e-05
2.458684985311278142e+06 9.844497134612301137e-01 4.352872187998148496e-05
2.458684990443107672e+06 9.846167194738332240e-01 4.353212224167717152e-05
2.458684995574937202e+06 9.848048847034156505e-01 4.353654738954195591e-05
2.458685000706767198e+06 9.850142091699316538e-01 4.354110041673414080e-05
2.458685005838596728e+06 9.852367116820639481e-01 4.354565344351318367e-05
2.458685010970426258e+06 9.854589678731793256e-01 4.355020647029223332e-05
2.458685016102255788e+06 9.856807636173962051e-01 4.355313856368615432e-05
2.458685021234085318e+06 9.859020989147145864e-01 4.355573737988694658e-05
2.458685026365914848e+06 9.861183767627840213e-01 4.355833619608774561e-05
2.458685031497744378e+06 9.863201047251903830e-01 4.356093501228854465e-05
2.458685036629573908e+06 9.865069942526548674e-01 4.356545535936115986e-05
2.458685041761403438e+06 9.866790453451772525e-01 4.357055013857978327e-05
2.458685046893232968e+06 9.868483072002788292e-01 4.357564491779840669e-05
2.458685052025062963e+06 9.870452448160266234e-01 4.358073969747932713e-05
2.458685057156892493e+06 9.872713447557481814e-01 4.358645163937550812e-05
2.458685062288722023e+06 9.875266070359903781e-01 4.359241535065717346e-05
2.458685067420551553e+06 9.877991146192546257e-01 4.359837906193883881e-05
2.458685072552381083e+06 9.880519370380641542e-01 4.360434277322050415e-05
2.458685077684210613e+06 9.882824462079712324e-01 4.360906208667561263e-05
2.458685082816040143e+06 9.884906421289760825e-01 4.361311326075321081e-05
2.458685087947869673e+06 9.886831099658963673e-01 4.361716443483081577e-05
2.458685093079699203e+06 9.888849767240063260e-01 4.362121560890841395e-05
2.458685098211528733e+06 9.890986982842554509e-01 4.362711201552398001e-05
2.458685103343358263e+06 9.893242746466441861e-01 4.363428513837093865e-05
2.458685108475188259e+06 9.895621957766670418e-01 4.364145826186879130e-05
2.458685113607017789e+06 9.898147830054406793e-01 4.364863138471575672e-05
2.458685118738847319e+06 9.900823357625401222e-01 4.365558727582314724e-05
2.458685123870676849e+06 9.903648540479652596e-01 4.366235164593433197e-05
2.458685129002506379e+06 9.906568242027148363e-01 4.366911601604552348e-05
2.458685134134335909e+06 9.909253815991013736e-01 4.367588038615670144e-05
2.458685139266165439e+06 9.911650848612498788e-01 4.368154276421394171e-05
2.458685144397994969e+06 9.913759339891607958e-01 4.368597165764036012e-05
2.458685149529824499e+06 9.915609195768615436e-01 4.369040055106677853e-05
2.458685154661654029e+06 9.917428955277045599e-01 4.369482944449319694e-05
2.458685159793484025e+06 9.919266262953898572e-01 4.369894179319539911e-05
2.458685164925313555e+06 9.921121118465742184e-01 4.370260283450999486e-05
2.458685170057143085e+06 9.922987906634374022e-01 4.370626387582459739e-05
2.458685175188972615e+06 9.924810101365023618e-01 4.370992491713919314e-05
2.458685180320802145e+06 9.926573061246574126e-01 4.371390864328332249e-05
2.458685185452631675e+06 9.928276786279024435e-01 4.371848472315795100e-05
2.458685190584461205e+06 9.929927568032292928e-01 4.372306080303257274e-05
2.458685195716290735e+06 9.931612161981344666e-01 4.372763688290719447e-05
2.458685200848120265e+06 9.933358246817690640e-01 4.373226285063784910e-05
2.458685205979949795e+06 9.935165822541334180e-01 4.373700917025979842e-05
2.458685211111779325e+06 9.937030894775553680e-01 4.374175548988174097e-05
2.458685216243609320e+06 9.938873464043480599e-01 4.374650180993436250e-05
2.458685221375438850e+06 9.940662241900906082e-01 4.375095917693121297e-05
2.458685226507268380e+06 9.942397228517469987e-01 4.375446771172367485e-05
2.458685231639097910e+06 9.944073693070807352e-01 4.375797624651613674e-05
2.458685236770927440e+06 9.945540557815240046e-01 4.376148478130859184e-05
2.458685241902756970e+06 9.946725476574383995e-01 4.376468164587374142e-05
2.458685247034586500e+06 9.947628449348238089e-01 4.376639734332722084e-05
2.458685252166416030e+06 9.948254808424061846e-01 4.376811304078069348e-05
2.458685257298245560e+06 9.948924931676176309e-01 4.376982873823417289e-05
2.458685262430075090e+06 9.949827117123468678e-01 4.377159720935912572e-05
2.458685267561905086e+06 9.950961364879393756e-01 4.377377485965788502e-05
2.458685272693734616e+06 9.952325800745688289e-01 4.377595250975904848e-05
2.458685277825564146e+06 9.953616956924472570e-01 4.377813015986019838e-05
2.458685282957393676e+06 9.954614516540802871e-01 4.378024250398084239e-05
2.458685288089223206e+06 9.955318479594675862e-01 4.378122492918934861e-05
2.458685293221052736e+06 9.955728958277306750e-01 4.378220735439784805e-05
2.458685298352882266e+06 9.956036611303432649e-01 4.378318977960635427e-05
2.458685303484711796e+06 9.956414366574081187e-01 4.378417220481486049e-05
2.458685308616541326e+06 9.956862224089251256e-01 4.378401033182809148e-05
2.458685313748370856e+06 9.957380183848942856e-01 4.378384275208056813e-05
2.458685318880200386e+06 9.957788226274649768e-01 4.378367517233304479e-05
2.458685324012030382e+06 9.957880164550810820e-01 4.378350759257031551e-05
2.458685329143859912e+06 9.957655765158945904e-01 4.378267481891117454e-05
2.458685334275689442e+06 9.957115028121751310e-01 4.378179613354869364e-05
2.458685339407518972e+06 9.956490845973777759e-01 4.378091744818621951e-05
2.458685344539348502e+06 9.956115706702247659e-01 4.378003876282373182e-05
2.458685349671178032e+06 9.955992138830870308e-01 4.378039948683390328e-05
2.458685354803007562e+06 9.956120142359642378e-01 4.378093591935905296e-05
2.458685359934837092e+06 9.956302921235478109e-01 4.378147235188419587e-05
2.458685365066666622e+06 9.956193905511062647e-01 4.378200878440933878e-05
2.458685370198496152e+06 9.955786577540240989e-01 4.378121139055095112e-05
2.458685375330326147e+06 9.955080937245454065e-01 4.378011369877179678e-05
2.458685380462155677e+06 9.954220110721760939e-01 4.377901600709225351e-05
2.458685385593985207e+06 9.953513251062340306e-01 4.377791831541270347e-05
2.458685390725814737e+06 9.952970913453430546e-01 4.377753578086876561e-05
2.458685395857644267e+06 9.952593097895031660e-01 4.377738327443186358e-05
2.458685400989473797e+06 9.952283085893849357e-01 4.377723076799496156e-05
2.458685406121303327e+06 9.951785096158332067e-01 4.377707826155806631e-05
2.458685411253132857e+06 9.951085466958695669e-01 4.377474410042449037e-05
2.458685416384962387e+06 9.950184198294942384e-01 4.377146166536981063e-05
2.458685421516791917e+06 9.949123637445423940e-01 4.376817923031513089e-05
2.458685426648621447e+06 9.948041145266347529e-01 4.376489679526045115e-05
2.458685431780451443e+06 9.946947254972058339e-01 4.376294763356473655e-05
2.458685436912280973e+06 9.945841966761074238e-01 4.376175684202544906e-05
2.458685442044110503e+06 9.944721622391625715e-01 4.376056605048616834e-05
2.458685447175940033e+06 9.943571589434903046e-01 4.375937525894687408e-05
2.458685452307769563e+06 9.942390342499433098e-01 4.375799900057077900e-05
2.458685457439599093e+06 9.941177881585212539e-01 4.375648723618173866e-05
2.458685462571428623e+06 9.939936346059803363e-01 4.375497547179269832e-05
2.458685467703258153e+06 9.938676388042253507e-01 4.375346370740365798e-05
2.458685472835087683e+06 9.937399462685199136e-01 4.375094749199903666e-05
2.458685477966917213e+06 9.936105569988643582e-01 4.374749747727395423e-05
2.458685483098747209e+06 9.934754840992797709e-01 4.374404746223580165e-05
2.458685488230576739e+06 9.933096635153541021e-01 4.374059744751071922e-05
2.458685493362406269e+06 9.931087214553807607e-01 4.373719257046558713e-05
2.458685498494235799e+06 9.928726579193599688e-01 4.373384097551509991e-05
2.458685503626065329e+06 9.926068761750860281e-01 4.373048938056461947e-05
2.458685508757894859e+06 9.923551533661194579e-01 4.372713778561413902e-05
2.458685513889724389e+06 9.921270755632107807e-01 4.372408090563870522e-05
2.458685519021553919e+06 9.919226427663593304e-01 4.372146790296719599e-05
2.458685524153383449e+06 9.917401708982430675e-01 4.371885490029569355e-05
2.458685529285212979e+06 9.915615523802148168e-01 4.371624189762418432e-05
2.458685534417042509e+06 9.913818720168847687e-01 4.371341431564007752e-05
2.458685539548872504e+06 9.912011297918039698e-01 4.371016912030735793e-05
2.458685544680702034e+06 9.910189135826540374e-01 4.370692392526911443e-05
2.458685549812531564e+06 9.908290860109469911e-01 4.370367873023086415e-05
2.458685554944361094e+06 9.906295979042709643e-01 4.370015019796362970e-05
2.458685560076190624e+06 9.904204492626261791e-01 4.369589243104505253e-05
2.458685565208020154e+06 9.902018006546241535e-01 4.369163466412647536e-05
2.458685570339849684e+06 9.899771841118820692e-01 4.368737689720789819e-05
2.458685575471679214e+06 9.897480444652059228e-01 4.368349266175431653e-05
2.458685580603508744e+06 9.895143817145953813e-01 4.368093108567083874e-05
2.458685585735338274e+06 9.892762716589457161e-01 4.367836950958737451e-05
2.458685590867168270e+06 9.890364493190564321e-01 4.367580793327147088e-05
2.458685595998997800e+06 9.887962849066043169e-01 4.367298915950900611e-05
2.458685601130827330e+06 9.885557783998434322e-01 4.366882626587387299e-05
2.458685606262656860e+06 9.883150900425708985e-01 4.366466337223874665e-05
2.458685611394486390e+06 9.880857133105180878e-01 4.366050047860361354e-05
2.458685616526315920e+06 9.878747225666828502e-01 4.365641210404498423e-05
2.458685621658145450e+06 9.876821178110654076e-01 4.365298691602516182e-05
2.458685626789974980e+06 9.875078526517047095e-01 4.364956172800533941e-05
2.458685631921804510e+06 9.873415692249100095e-01 4.364613653998551700e-05
2.458685637053634040e+06 9.871753762763318951e-01 4.364273716570534953e-05
2.458685642185463570e+06 9.870092738059704773e-01 4.363993530332260459e-05
2.458685647317293566e+06 9.868432605026625781e-01 4.363713344068561424e-05
2.458685652449123096e+06 9.866675039049753737e-01 4.363433157830286252e-05
2.458685657580952626e+06 9.864726140788291353e-01 4.363152971592011080e-05
2.458685662712782156e+06 9.862585910242237519e-01 4.362671691064053814e-05
2.458685667844611686e+06 9.860254347411593345e-01 4.362186685149779027e-05
2.458685672976441216e+06 9.857975478552556403e-01 4.361701679235504918e-05
2.458685678108270746e+06 9.856043154044533683e-01 4.361216673321230132e-05
2.458685683240100276e+06 9.854457993963793294e-01 4.360955796586347630e-05
2.458685688371929806e+06 9.853219998310334127e-01 4.360713825622976564e-05
2.458685693503759336e+06 9.852053808573592031e-01 4.360471854659605498e-05
2.458685698635589331e+06 9.850547271807396088e-01 4.360229883674277305e-05
2.458685703767418861e+06 9.848696385849654567e-01 4.359721364345712206e-05
2.458685708899248391e+06 9.846501150579288764e-01 4.359170390533774150e-05
2.458685714031077921e+06 9.844203613346154125e-01 4.358619416721836771e-05
2.458685719162907451e+06 9.842249948724146602e-01 4.358068442909898037e-05
2.458685724294736981e+06 9.840649912138261790e-01 4.357791873087126649e-05
2.458685729426566511e+06 9.839403503588497468e-01 4.357582620078408631e-05
2.458685734558396041e+06 9.838434998713559976e-01 4.357373367069691290e-05
2.458685739690225571e+06 9.837573313182331747e-01 4.357164114060973272e-05
2.458685744822055101e+06 9.836811932051503504e-01 4.357066059845434071e-05
2.458685749953884631e+06 9.836150855321075248e-01 4.357006387271337712e-05
2.458685755085714627e+06 9.835546575016328452e-01 4.356946714691826441e-05
2.458685760217544157e+06 9.834878729928255847e-01 4.356887042117730760e-05
2.458685765349373687e+06 9.834140312096605330e-01 4.356899641029933577e-05
2.458685770481203217e+06 9.833331321521378010e-01 4.356945658958545831e-05
2.458685775613032747e+06 9.832547659320490796e-01 4.356991676887158086e-05
2.458685780744862277e+06 9.832115013198408082e-01 4.357037694815770341e-05
2.458685785876691807e+06 9.832060224980044838e-01 4.357079561812122868e-05
2.458685791008521337e+06 9.832383294665406614e-01 4.357118929751051451e-05
2.458685796140350867e+06 9.832972847212306799e-01 4.357158297689979357e-05
2.458685801272180397e+06 9.833361653684866699e-01 4.357197665628907940e-05
2.458685806404010393e+06 9.833497855032773405e-01 4.357199137323674454e-05
2.458685811535839923e+06 9.833381451231307802e-01 4.357171384700060125e-05
2.458685816667669453e+06 9.833048987488801629e-01 4.357143632076445797e-05
2.458685821799498983e+06 9.832691818344121426e-01 4.357115879452832147e-05
2.458685826931328513e+06 9.832337596075791941e-01 4.357160440738744740e-05
2.458685832063158043e+06 9.831986320683813174e-01 4.357275884557075399e-05
2.458685837194987573e+06 9.831669561172095007e-01 4.357391328375406737e-05
2.458685842326817103e+06 9.831596848589744253e-01 4.357506772193738074e-05
2.458685847458646633e+06 9.831806686961690467e-01 4.357556185841890303e-05
2.458685852590476163e+06 9.832299076287933648e-01 4.357523379226117387e-05
2.458685857722305693e+06 9.833036720273372611e-01 4.357490572610343794e-05
2.458685862854135688e+06 9.833698792105601827e-01 4.357457765991593388e-05
2.458685867985965218e+06 9.834211543376967235e-01 4.357536405972623562e-05
2.458685873117794748e+06 9.834574974154318694e-01 4.357792474902992129e-05
2.458685878249624278e+06 9.834831277527333881e-01 4.358048543833360018e-05
2.458685883381453808e+06 9.835466044392683349e-01 4.358304612763729262e-05
2.458685888513283338e+06 9.836617356783546873e-01 4.358616675410346492e-05
2.458685893645112868e+06 9.838285214699922232e-01 4.359044402746810852e-05
2.458685898776942398e+06 9.840439333144435086e-01 4.359472130083275212e-05
2.458685903908771928e+06 9.842591181540975009e-01 4.359899857419739571e-05
2.458685909040601458e+06 9.844570090016504516e-01 4.360271610692992604e-05
2.458685914172431454e+06 9.846376058727051017e-01 4.360489375703398296e-05
2.458685919304260984e+06 9.848014510853112524e-01 4.360707140694044403e-05
2.458685924436090514e+06 9.849617136351547231e-01 4.360924905684690511e-05
2.458685929567920044e+06 9.851240278385842153e-01 4.361175430809947516e-05
2.458685934699749574e+06 9.852883936955997290e-01 4.361551465551530916e-05
2.458685939831579104e+06 9.854550385357327968e-01 4.361927500293114995e-05
2.458685944963408634e+06 9.856333144454909601e-01 4.362303535034698396e-05
2.458685950095238164e+06 9.858281235710897317e-01 4.362662829244788620e-05
2.458685955227067694e+06 9.860394659125291117e-01 4.362925282165111156e-05
2.458685960358897224e+06 9.862671489913856782e-01 4.363187735085433691e-05
2.458685965490726754e+06 9.864943630431480814e-01 4.363450188005756227e-05
2.458685970622556750e+06 9.867102685257979067e-01 4.363716820770756469e-05
2.458685975754386280e+06 9.869148654001528298e-01 4.364026887609220352e-05
2.458685980886215810e+06 9.871081963561888495e-01 4.364336954447684913e-05
2.458685986018045340e+06 9.873043387592282949e-01 4.364647021286148797e-05
2.458685991149874870e+06 9.875145544600326675e-01 4.364964005242237348e-05
2.458685996281704400e+06 9.877388434586021893e-01 4.365519501034743720e-05
2.458686001413533930e+06 9.879772057549367492e-01 4.366074996827250769e-05
2.458686006545363460e+06 9.882222657405791422e-01 4.366630492619757818e-05
2.458686011677192990e+06 9.884666000028226041e-01 4.367185988412264867e-05
2.458686016809022520e+06 9.887102085223181680e-01 4.367581402394034047e-05
2.458686021940852515e+06 9.889530913210718976e-01 4.367971623815368590e-05
2.458686027072682045e+06 9.891881020791083445e-01 4.368361845201293767e-05
2.458686032204511575e+06 9.894062000889594088e-01 4.368752066587218945e-05
2.458686037336341105e+06 9.896073549612344200e-01 4.369231185485578968e-05
2.458686042468170635e+06 9.897915666959332670e-01 4.369719206040026312e-05
2.458686047600000165e+06 9.899862834410831924e-01 4.370207226594475012e-05
