2.458804000000000000e+06 9.937000672515544641e-01 4.419892931551538246e-05
2.458804005131829530e+06 9.937929704078171111e-01 4.420055117479805334e-05
2.458804010263659060e+06 9.938556513128016245e-01 4.420209305041524080e-05
2.458804015395488590e+06 9.938881099665078933e-01 4.420074327350664335e-05
2.458804020527318120e+06 9.938903463689362505e-01 4.419939349659805268e-05
2.458804025659147650e+06 9.939137420140964352e-01 4.419804371968945523e-05
2.458804030790977646e+06 9.940102698295663064e-01 4.419669394265838359e-05
2.458804035922807176e+06 9.941799302226862478e-01 4.420558748813645472e-05
2.458804041054636706e+06 9.944227231988962412e-01 4.421482676826979299e-05
2.458804046186466236e+06 9.946682278825828005e-01 4.422406604840313802e-05
2.458804051318295766e+06 9.948269536167421156e-01 4.423330532853647629e-05
2.458804056450125296e+06 9.948985881322294222e-01 4.423105505772264006e-05
2.458804061581954826e+06 9.948831314290451644e-01 4.422763763182427539e-05
2.458804066713784356e+06 9.948383954504379512e-01 4.422422020592591072e-05
2.458804071845613886e+06 9.948554405465435124e-01 4.422080278002753928e-05
2.458804076977443416e+06 9.949353829210640932e-01 4.422464343214059821e-05
2.458804082109273411e+06 9.950782225898144873e-01 4.422978286526816938e-05
2.458804087241102941e+06 9.952490789339029087e-01 4.423492229792939131e-05
2.458804092372932471e+06 9.953804024193317890e-01 4.424006173059061325e-05
2.458804097504762001e+06 9.954704763950897872e-01 4.424110181098395183e-05
2.458804102636591531e+06 9.955193008611770145e-01 4.424104331770096034e-05
2.458804107768421061e+06 9.955184264075039868e-01 4.424098482441797564e-05
2.458804112900250591e+06 9.954478112660207767e-01 4.424092633113497737e-05
2.458804118032080121e+06 9.953066023329391054e-01 4.423643711549856333e-05
2.458804123163909651e+06 9.950947996082589730e-01 4.423030152475481211e-05
2.458804128295739181e+06 9.948529688905972668e-01 4.422416593401105411e-05
2.458804133427568711e+06 9.946989491955836593e-01 4.421803034326729612e-05
2.458804138559398707e+06 9.946402410370244196e-01 4.421879622897486581e-05
2.458804143691228237e+06 9.946768444255742470e-01 4.422296874982814324e-05
2.458804148823057767e+06 9.947820281051079627e-01 4.422714127068142745e-05
2.458804153954887297e+06 9.948603692326933867e-01 4.423131379153470488e-05
2.458804159086716827e+06 9.949033904704447373e-01 4.423164550644768895e-05
2.458804164218546357e+06 9.949110918183617924e-01 4.422952113685589060e-05
2.458804169350375887e+06 9.948818681303435163e-01 4.422739676726408547e-05
2.458804174482205417e+06 9.948086275799939981e-01 4.422527239767228712e-05
2.458804179614034947e+06 9.946905296391050921e-01 4.422186905206563069e-05
2.458804184745864477e+06 9.945275743076773534e-01 4.421742090397165655e-05
2.458804189877694473e+06 9.943312814748272999e-01 4.421297275547405426e-05
2.458804195009524003e+06 9.941653719167050651e-01 4.420852460738008012e-05
2.458804200141353533e+06 9.940396140668608105e-01 4.420611876108545538e-05
2.458804205273183063e+06 9.939540079252945359e-01 4.420583161225452432e-05
2.458804210405012593e+06 9.938992991811912425e-01 4.420554446342358650e-05
2.458804215536842123e+06 9.938103123818304852e-01 4.420525731459265544e-05
2.458804220668671653e+06 9.936744004289430610e-01 4.420263604843629269e-05
2.458804225800501183e+06 9.934915633225285259e-01 4.419693649890181177e-05
2.458804230932330713e+06 9.932687232872629002e-01 4.419123694936733085e-05
2.458804236064160243e+06 9.930694678215661320e-01 4.418553739983285670e-05
2.458804241195989773e+06 9.929091823712068443e-01 4.418190886343075955e-05
2.458804246327819768e+06 9.927878669269452061e-01 4.418178124171939043e-05
2.458804251459649298e+06 9.927011506497379623e-01 4.418165362001960872e-05
2.458804256591478828e+06 9.925948171580555313e-01 4.418152599831982023e-05
2.458804261723308358e+06 9.924526730611625824e-01 4.417926895179447494e-05
2.458804266855137888e+06 9.922747183590591158e-01 4.417231888703777783e-05
2.458804271986967418e+06 9.920623026746012707e-01 4.416536882228108072e-05
2.458804277118796948e+06 9.918392178710806473e-01 4.415841875752438362e-05
2.458804282250626478e+06 9.916141839587274687e-01 4.415197723186525114e-05
2.458804287382456008e+06 9.913872009375419569e-01 4.414704075372700168e-05
2.458804292514285538e+06 9.911582742793203504e-01 4.414210427558876577e-05
2.458804297646115534e+06 9.909275524035213722e-01 4.413716779700257818e-05
2.458804302777945064e+06 9.906951019579619544e-01 4.413210201470095745e-05
2.458804307909774594e+06 9.904609229217850030e-01 4.412649552290445136e-05
2.458804313041604124e+06 9.902255856847438364e-01 4.412088903110795881e-05
2.458804318173433654e+06 9.900163540001616358e-01 4.411528253931145950e-05
2.458804323305263184e+06 9.898482229848986069e-01 4.411051547261977821e-05
2.458804328437092714e+06 9.897211926389544168e-01 4.411120055294837186e-05
2.458804333568922244e+06 9.896347449952601627e-01 4.411188563327697230e-05
2.458804338700751774e+06 9.895316953869232046e-01 4.411257071360556595e-05
2.458804343832581304e+06 9.893732967930635169e-01 4.411279336302214259e-05
2.458804348964410834e+06 9.891595492136813217e-01 4.410721700424960831e-05
2.458804354096240830e+06 9.888905363667216397e-01 4.410164064497107010e-05
2.458804359228070360e+06 9.886130098248003817e-01 4.409606428619853582e-05
2.458804364359899890e+06 9.883663713199433154e-01 4.409050221017062559e-05
2.458804369491729420e+06 9.881506208521507739e-01 4.408592555462368154e-05
2.458804374623558950e+06 9.879657584214225352e-01 4.408134889907673750e-05
2.458804379755388480e+06 9.877936965532001512e-01 4.407677224352978668e-05
2.458804384887218010e+06 9.876152044770002414e-01 4.407219558798284263e-05
2.458804390019047540e+06 9.874302777114803975e-01 4.406692679666624824e-05
2.458804395150877070e+06 9.872389162566405085e-01 4.406162517914690606e-05
2.458804400282706600e+06 9.870368094845762830e-01 4.405632356162755711e-05
2.458804405414536595e+06 9.868182190384280350e-01 4.405102194362715443e-05
2.458804410546366125e+06 9.865831165674155967e-01 4.404480163836246224e-05
2.458804415678195655e+06 9.863315020524531240e-01 4.403847372978872166e-05
2.458804420810025185e+06 9.860705718657545304e-01 4.403214582121498785e-05
2.458804425941854715e+06 9.858121748749213431e-01 4.402581791264124726e-05
2.458804431073684245e+06 9.855564852590105174e-01 4.402083409903844314e-05
2.458804436205513775e+06 9.853035030180217202e-01 4.401611475567026449e-05
2.458804441337343305e+06 9.850624564608901901e-01 4.401139541230207906e-05
2.458804446469172835e+06 9.848520059211700595e-01 4.400667606893390041e-05
2.458804451601002365e+06 9.846726873824001025e-01 4.400150211877159776e-05
2.458804456732831895e+06 9.845245008445804302e-01 4.399619695632401575e-05
2.458804461864661891e+06 9.843923705903993016e-01 4.399089179339504119e-05
2.458804466996491421e+06 9.842389710374367384e-01 4.398558663094745918e-05
2.458804472128320951e+06 9.840625588143067093e-01 4.398259654756504208e-05
2.458804477260150481e+06 9.838631339210095472e-01 4.398052269531438813e-05
2.458804482391980011e+06 9.836548474569914990e-01 4.397844884306374095e-05
2.458804487523809541e+06 9.834806259757346014e-01 4.397637499081309378e-05
2.458804492655639071e+06 9.833434159608195335e-01 4.397485827704979611e-05
2.458804497787468601e+06 9.832432174122464064e-01 4.397363257719396224e-05
2.458804502919298131e+06 9.831758450846302955e-01 4.397240687733812838e-05
2.458804508051127661e+06 9.831256790124399680e-01 4.397118117748229451e-05
2.458804513182957657e+06 9.830912393101877145e-01 4.396952773864077046e-05
2.458804518314787187e+06 9.830725259841234243e-01 4.396758593937531495e-05
2.458804523446616717e+06 9.830613995416185302e-01 4.396564414010985266e-05
2.458804528578446247e+06 9.830201847985396979e-01 4.396370234084439715e-05
2.458804533710275777e+06 9.829441555024631683e-01 4.396151176289296255e-05
2.458804538842105307e+06 9.828333116533889413e-01 4.395910733515599874e-05
2.458804543973934837e+06 9.826959940171957619e-01 4.395670290741904849e-05
2.458804549105764367e+06 9.825806856315524307e-01 4.395429847968208468e-05
2.458804554237593897e+06 9.824952122141670241e-01 4.395218647069425464e-05
2.458804559369423427e+06 9.824395737650394311e-01 4.395039356346540463e-05
2.458804564501252957e+06 9.824111700951534409e-01 4.394860065623655462e-05
2.458804569633082952e+06 9.823906716561862096e-01 4.394680774884502007e-05
2.458804574764912482e+06 9.823741436351145495e-01 4.394657194140507328e-05
2.458804579896742012e+06 9.823615860298984259e-01 4.394849867413642855e-05
2.458804585028571542e+06 9.823533066367815536e-01 4.395042540686777704e-05
2.458804590160401072e+06 9.823523088664859459e-01 4.395235213959912553e-05
2.458804595292230602e+06 9.823593531511718435e-01 4.395410258357713735e-05
2.458804600424060132e+06 9.823744394908392463e-01 4.395553832734669754e-05
2.458804605555889662e+06 9.823973140282175054e-01 4.395697407111625097e-05
2.458804610687719192e+06 9.824246009835886362e-01 4.395840981488581116e-05
2.458804615819548722e+06 9.824552469358366347e-01 4.395911114617879871e-05
2.458804620951378718e+06 9.824892518881994663e-01 4.395809460406996795e-05
2.458804626083208248e+06 9.825263062597818786e-01 4.395707806205338247e-05
2.458804631215037778e+06 9.825604773694148752e-01 4.395606152003679021e-05
2.458804636346867308e+06 9.825894952523889225e-01 4.395491952873257553e-05
2.458804641478696838e+06 9.826133599087042425e-01 4.395338009239185037e-05
2.458804646610526368e+06 9.826334797865141635e-01 4.395184065605111843e-05
2.458804651742355898e+06 9.826923417731773247e-01 4.395030121971039327e-05
2.458804656874185428e+06 9.828098470459785130e-01 4.395039336300200658e-05
2.458804662006014958e+06 9.829859956049176173e-01 4.395790088456264075e-05
2.458804667137844488e+06 9.832197500892158049e-01 4.396540840612327491e-05
2.458804672269674018e+06 9.834536438987347973e-01 4.397291592768390230e-05
2.458804677401504014e+06 9.836546580903096082e-01 4.397987861149150454e-05
2.458804682533333544e+06 9.838227926274603075e-01 4.398287506171333003e-05
2.458804687665163074e+06 9.839581682921728634e-01 4.398587151193516229e-05
2.458804692796992604e+06 9.840777827685220913e-01 4.398886796215698778e-05
2.458804697928822134e+06 9.841936874559147341e-01 4.399169862955275436e-05
2.458804703060651664e+06 9.843058823543505698e-01 4.399198666454893819e-05
2.458804708192481194e+06 9.844143914271596962e-01 4.399227469954512202e-05
2.458804713324310724e+06 9.845449555797453067e-01 4.399256273454129907e-05
2.458804718456140254e+06 9.847203375160556993e-01 4.399286200875096803e-05
2.458804723587969784e+06 9.849405372360904298e-01 4.399999286883553838e-05
2.458804728719799779e+06 9.852055547659310797e-01 4.400712372956717413e-05
2.458804733851629309e+06 9.854678182064106062e-01 4.401425458965175125e-05
2.458804738983458839e+06 9.856742058436388509e-01 4.402138544973632837e-05
2.458804744115288369e+06 9.858246777904844382e-01 4.402140525754480476e-05
2.458804749247117899e+06 9.859192340469477012e-01 4.402098782838438049e-05
2.458804754378947429e+06 9.860052873106018856e-01 4.402057039922395622e-05
2.458804759510776959e+06 9.861489218990607819e-01 4.402015297006353872e-05
2.458804764642606489e+06 9.863505760597431893e-01 4.402610756803758169e-05
2.458804769774436019e+06 9.866102497926488857e-01 4.403291051121253620e-05
2.458804774906265549e+06 9.869049165665699785e-01 4.403971345438749749e-05
2.458804780038095079e+06 9.871949549363153720e-01 4.404651639756246555e-05
2.458804785169925075e+06 9.874796780421700726e-01 4.405394949011543778e-05
2.458804790301754605e+06 9.877590858324623024e-01 4.406151816304607077e-05
2.458804795433584135e+06 9.880363095490199976e-01 4.406908683597671053e-05
2.458804800565413665e+06 9.883179596944237089e-01 4.407665550890735708e-05
2.458804805697243195e+06 9.886042492235821433e-01 4.408325672089823349e-05
2.458804810829072725e+06 9.888951781364953009e-01 4.408955803993064824e-05
2.458804815960902255e+06 9.891784860822244729e-01 4.409585935896306977e-05
2.458804821092731785e+06 9.894224855636394311e-01 4.410216067799549130e-05
2.458804826224561315e+06 9.896255595742350364e-01 4.410608424964940596e-05
2.458804831356390845e+06 9.897877081140111777e-01 4.410900713990318489e-05
2.458804836488220841e+06 9.899300122224016230e-01 4.411193003042219356e-05
2.458804841620050371e+06 9.901192662592526172e-01 4.411485292067597250e-05
2.458804846751879901e+06 9.903604012164883841e-01 4.411929570729445510e-05
2.458804851883709431e+06 9.906534170941088124e-01 4.412457782540335591e-05
2.458804857015538961e+06 9.909822257063293227e-01 4.412985994351225673e-05
2.458804862147368491e+06 9.912840251994582408e-01 4.413514206162116432e-05
2.458804867279198021e+06 9.915524813473372001e-01 4.414069310848274514e-05
2.458804872411027551e+06 9.917875941499659787e-01 4.414643519614425891e-05
2.458804877542857081e+06 9.920009640919624783e-01 4.415217728380577269e-05
2.458804882674686611e+06 9.922488794617221330e-01 4.415791937146728647e-05
2.458804887806516141e+06 9.925388051640267051e-01 4.416448517141374519e-05
2.458804892938346136e+06 9.928707412309021318e-01 4.417179594243054368e-05
2.458804898070175666e+06 9.932318714829468931e-01 4.417910671278397306e-05
2.458804903202005196e+06 9.935438396613298639e-01 4.418641748313739567e-05
2.458804908333834726e+06 9.937933400639598069e-01 4.419243233613495030e-05
2.458804913465664256e+06 9.939803726908365000e-01 4.419695935940628969e-05
2.458804918597493786e+06 9.941164556568985455e-01 4.420148638267763585e-05
2.458804923729323316e+06 9.942920807491222313e-01 4.420601340594897523e-05
2.458804928861152846e+06 9.945265616464277203e-01 4.421140392035763145e-05
2.458804933992982376e+06 9.948198983488146796e-01 4.421805797071037434e-05
2.458804939124811906e+06 9.951642734690734349e-01 4.422471202106311046e-05
2.458804944256641902e+06 9.954785166444123368e-01 4.423136607201963200e-05
2.458804949388471432e+06 9.957411297733822497e-01 4.423695055246172224e-05
2.458804954520300962e+06 9.959521128868394912e-01 4.424051686828722800e-05
2.458804959652130492e+06 9.961155277264477359e-01 4.424408318411273376e-05
2.458804964783960022e+06 9.962894283014549490e-01 4.424764949993823952e-05
2.458804969915789552e+06 9.964927382640593745e-01 4.425180480086650034e-05
2.458804975047619082e+06 9.967254576142611233e-01 4.425742458407688794e-05
2.458804980179448612e+06 9.969847601397986425e-01 4.426304436728728233e-05
2.458804985311278142e+06 9.972115316392407003e-01 4.426866415049766993e-05
2.458804990443107672e+06 9.973821601136212411e-01 4.427308434607668048e-05
2.458804995574937202e+06 9.974966455629402651e-01 4.427342555669582685e-05
2.458805000706767198e+06 9.975572317551444357e-01 4.427376676734593396e-05
2.458805005838596728e+06 9.976396956515920511e-01 4.427410797796507355e-05
2.458805010970426258e+06 9.977810957148288695e-01 4.427557940558930858e-05
2.458805016102255788e+06 9.979814319448546689e-01 4.428266063360497741e-05
2.458805021234085318e+06 9.982398234093127209e-01 4.428974186162064623e-05
2.458805026365914848e+06 9.984989331764039244e-01 4.429682308963631506e-05
2.458805031497744378e+06 9.987243337115923048e-01 4.430330802008554495e-05
2.458805036629573908e+06 9.989160250148775289e-01 4.430487404385322552e-05
2.458805041761403438e+06 9.990739517066059561e-01 4.430644006762089255e-05
2.458805046893232968e+06 9.991877856851568707e-01 4.430800609138855957e-05
2.458805052025062963e+06 9.992498605680938395e-01 4.430947401098284816e-05
2.458805057156892493e+06 9.992601763441515406e-01 4.430901935894159292e-05
2.458805062288722023e+06 9.992187499251782290e-01 4.430856470690033090e-05
2.458805067420551553e+06 9.991753501839424345e-01 4.430811005485907567e-05
2.458805072552381083e+06 9.991761935849108323e-01 4.430765540281782043e-05
2.458805077684210613e+06 9.992212801280835333e-01 4.430877055496991175e-05
2.458805082816040143e+06 9.993106098134603155e-01 4.430990319692256548e-05
2.458805087947869673e+06 9.994201013520047638e-01 4.431103583887522598e-05
2.458805093079699203e+06 9.995215323337001134e-01 4.431216848082788649e-05
2.458805098211528733e+06 9.996148591825081420e-01 4.431546910739419745e-05
2.458805103343358263e+06 9.997000818984289605e-01 4.431893438895673638e-05
2.458805108475188259e+06 9.997771320419528429e-01 4.432239967083370072e-05
2.458805113607017789e+06 9.998459097547162111e-01 4.432586495239623965e-05
2.458805118738847319e+06 9.999064141920722681e-01 4.432750086739965664e-05
2.458805123870676849e+06 9.999586453540209030e-01 4.432886305097041141e-05
2.458805129002506379e+06 9.999946229779824725e-01 4.433022523454115262e-05
2.458805134134335909e+06 1.000000000000000000e+00 4.433158741811190061e-05
2.458805139266165439e+06 9.999744871416446079e-01 4.432974249955108918e-05
2.458805144397994969e+06 9.999180844029157411e-01 4.432714664029362834e-05
2.458805149529824499e+06 9.998454456879612984e-01 4.432455078103617426e-05
2.458805154661654029e+06 9.997888694155692146e-01 4.432195492177872019e-05
2.458805159793484025e+06 9.997495146958547130e-01 4.432168635699036490e-05
2.458805164925313555e+06 9.997273815359598581e-01 4.432219063962999114e-05
2.458805170057143085e+06 9.997128666393128027e-01 4.432269492226961738e-05
2.458805175188972615e+06 9.996800573202356821e-01 4.432319920490924363e-05
2.458805180320802145e+06 9.996275144565777149e-01 4.432133055528830577e-05
2.458805185452631675e+06 9.995552380483389010e-01 4.431840146185910234e-05
2.458805190584461205e+06 9.994629282579767793e-01 4.431547236842990568e-05
2.458805195716290735e+06 9.993495924992024104e-01 4.431254327500070225e-05
2.458805200848120265e+06 9.992151521549244020e-01 4.431003286262345109e-05
2.458805205979949795e+06 9.990596072251425319e-01 4.430776669271009339e-05
2.458805211111779325e+06 9.988901450796440207e-01 4.430550052279673569e-05
2.458805216243609320e+06 9.987361246618591260e-01 4.430323435267774550e-05
2.458805221375438850e+06 9.986006932379577483e-01 4.430162264242043930e-05
2.458805226507268380e+06 9.984838507931202978e-01 4.430050063572888320e-05
2.458805231639097910e+06 9.983807631917576142e-01 4.429937862903732710e-05
2.458805236770927440e+06 9.982668247356628610e-01 4.429825662234576422e-05
2.458805241902756970e+06 9.981385895239754946e-01 4.429557008210073635e-05
2.458805247034586500e+06 9.979960575566955150e-01 4.429139490563487877e-05
2.458805252166416030e+06 9.978394802430435861e-01 4.428721972916902118e-05
2.458805257298245560e+06 9.976704758233407855e-01 4.428304455270316360e-05
2.458805262430075090e+06 9.974893331686927045e-01 4.427811363012792924e-05
2.458805267561905086e+06 9.972960522610104794e-01 4.427226962344173622e-05
2.458805272693734616e+06 9.970886685752274881e-01 4.426642561728582649e-05
2.458805277825564146e+06 9.968508485253749773e-01 4.426058161112990998e-05
2.458805282957393676e+06 9.965789389556938271e-01 4.425397286829736742e-05
2.458805288089223206e+06 9.962729398661840374e-01 4.424618440513416415e-05
2.458805293221052736e+06 9.959387762417238887e-01 4.423839594197096766e-05
2.458805298352882266e+06 9.956420370936073239e-01 4.423060747880777117e-05
2.458805303484711796e+06 9.954008881619383908e-01 4.422451758903410071e-05
2.458805308616541326e+06 9.952153294467169786e-01 4.422181892377102189e-05
2.458805313748370856e+06 9.950798124008969348e-01 4.421912025850794985e-05
2.458805318880200386e+06 9.949088589761154733e-01 4.421642159324487104e-05
2.458805324012030382e+06 9.946733679156353203e-01 4.421228551646397644e-05
2.458805329143859912e+06 9.943733392621934009e-01 4.420434373047337076e-05
2.458805334275689442e+06 9.940124449972965737e-01 4.419640194448277184e-05
2.458805339407518972e+06 9.936748860938732220e-01 4.418846015849216616e-05
2.458805344539348502e+06 9.933957732232017168e-01 4.418195990589377431e-05
2.458805349671178032e+06 9.931751063852821693e-01 4.418073597927252831e-05
2.458805354803007562e+06 9.930111216191820356e-01 4.417951205265127553e-05
2.458805359934837092e+06 9.928366029233453016e-01 4.417828812603002275e-05
2.458805365066666622e+06 9.926172239127233343e-01 4.417584163978805124e-05
2.458805370198496152e+06 9.923529845873163557e-01 4.416673087536628799e-05
2.458805375330326147e+06 9.920443496424441454e-01 4.415762011011781381e-05
2.458805380462155677e+06 9.917274460063424391e-01 4.414850934569605057e-05
2.458805385593985207e+06 9.914249505568586418e-01 4.413972914940237453e-05
2.458805390725814737e+06 9.911368632939929757e-01 4.413408189360491546e-05
2.458805395857644267e+06 9.908630794696325905e-01 4.412843463780745639e-05
2.458805400989473797e+06 9.905763200328076001e-01 4.412278738201000410e-05
2.458805406121303327e+06 9.902553731023495676e-01 4.411698068313329497e-05
2.458805411253132857e+06 9.899002386782588259e-01 4.410688882809119329e-05
2.458805416384962387e+06 9.895109186070404350e-01 4.409679697304909161e-05
2.458805421516791917e+06 9.891378264458773328e-01 4.408670511800699671e-05
2.458805426648621447e+06 9.888301681914783980e-01 4.407661326296488826e-05
2.458805431780451443e+06 9.885879438248331708e-01 4.407494903969496697e-05
2.458805436912280973e+06 9.884111533899005986e-01 4.407348936771088088e-05
2.458805442044110503e+06 9.882648375702612897e-01 4.407202969572678801e-05
2.458805447175940033e+06 9.881060242317548648e-01 4.407057002374270869e-05
2.458805452307769563e+06 9.879346017633835464e-01 4.406775678415958701e-05
2.458805457439599093e+06 9.877505701651476677e-01 4.406482060123106042e-05
2.458805462571428623e+06 9.875498510212252778e-01 4.406188441830253383e-05
2.458805467703258153e+06 9.873262203083302824e-01 4.405894823537400724e-05
2.458805472835087683e+06 9.870796117677227421e-01 4.405218406985160305e-05
2.458805477966917213e+06 9.868100253994024351e-01 4.404478201738583874e-05
2.458805483098747209e+06 9.865257779082344802e-01 4.403737996424841796e-05
2.458805488230576739e+06 9.862424887700621534e-01 4.402997791178265365e-05
2.458805493362406269e+06 9.859605199775327566e-01 4.402339300901344382e-05
2.458805498494235799e+06 9.856798715306459568e-01 4.401701547463096473e-05
2.458805503626065329e+06 9.854083322942375212e-01 4.401063794024849242e-05
2.458805508757894859e+06 9.851638250537511077e-01 4.400426040586601333e-05
2.458805513889724389e+06 9.849470621008228344e-01 4.400092893159981961e-05
2.458805519021553919e+06 9.847580434354529233e-01 4.399867871484090202e-05
2.458805524153383449e+06 9.845883865901132737e-01 4.399642849808199798e-05
2.458805529285212979e+06 9.844144738422235807e-01 4.399417828132308716e-05
2.458805534417042509e+06 9.842348826470146417e-01 4.399041101637266059e-05
2.458805539548872504e+06 9.840496129874175546e-01 4.398592476262426493e-05
2.458805544680702034e+06 9.838580697989791624e-01 4.398143850928295330e-05
2.458805549812531564e+06 9.836581941316502320e-01 4.397695225594163489e-05
2.458805554944361094e+06 9.834498114133658486e-01 4.397179903539653986e-05
2.458805560076190624e+06 9.832329216441260122e-01 4.396623508888969242e-05
2.458805565208020154e+06 9.830162961935973165e-01 4.396067114238283143e-05
2.458805570339849684e+06 9.828374462400967237e-01 4.395510719587598399e-05
2.458805575471679214e+06 9.827006392031631954e-01 4.395275586869307790e-05
2.458805580603508744e+06 9.826058750827968424e-01 4.395293577967845228e-05
2.458805585735338274e+06 9.825453303313838038e-01 4.395311569066381310e-05
2.458805590867168270e+06 9.824772016415521669e-01 4.395329560166551149e-05
2.458805595998997800e+06 9.823953132635335761e-01 4.395188726082950451e-05
2.458805601130827330e+06 9.822996651917701438e-01 4.394888903996108852e-05
2.458805606262656860e+06 9.821934544309627313e-01 4.394589081909265897e-05
2.458805611394486390e+06 9.820983676217960312e-01 4.394289259822424298e-05
2.458805616526315920e+06 9.820184714759970790e-01 4.394063909468317659e-05
2.458805621658145450e+06 9.819537659935659857e-01 4.393933274601038590e-05
2.458805626789974980e+06 9.819028487391607829e-01 4.393802639733759521e-05
2.458805631921804510e+06 9.818533628279141334e-01 4.393672004866480452e-05
2.458805637053634040e+06 9.818024134174688777e-01 4.393579756303943459e-05
2.458805642185463570e+06 9.817500005078247938e-01 4.393549977935948405e-05
2.458805647317293566e+06 9.816968617547922049e-01 4.393520199565251655e-05
2.458805652449123096e+06 9.816517208931901939e-01 4.393490421197255924e-05
2.458805657580952626e+06 9.816171038743816135e-01 4.393437511444004887e-05
2.458805662712782156e+06 9.815930106983663528e-01 4.393335680060594131e-05
2.458805667844611686e+06 9.815794182266148749e-01 4.393233848677182020e-05
2.458805672976441216e+06 9.815759410648360328e-01 4.393132017293770587e-05
2.458805678108270746e+06 9.815824421880493533e-01 4.393044019830285229e-05
2.458805683240100276e+06 9.815989215962550585e-01 4.392995098226815857e-05
2.458805688371929806e+06 9.816251783020084609e-01 4.392946176623346486e-05
2.458805693503759336e+06 9.816561346415922928e-01 4.392897255019876437e-05
2.458805698635589331e+06 9.816895801214334805e-01 4.392894353952396796e-05
2.458805703767418861e+06 9.817255147354623235e-01 4.393073378660746636e-05
2.458805708899248391e+06 9.817642375485584605e-01 4.393252403369096476e-05
2.458805714031077921e+06 9.818187221155144639e-01 4.393431428077445639e-05
2.458805719162907451e+06 9.818958885620113763e-01 4.393631239665336000e-05
2.458805724294736981e+06 9.819957368880489756e-01 4.393956320160816718e-05
2.458805729426566511e+06 9.821180511209431918e-01 4.394281400656297436e-05
2.458805734558396041e+06 9.822423713814606439e-01 4.394606481151778154e-05
2.458805739690225571e+06 9.823552664336889784e-01 4.394913593638949352e-05
2.458805744822055101e+06 9.824567362776284174e-01 4.395021540218106129e-05
2.458805749953884631e+06 9.825468584677859996e-01 4.395129486797262906e-05
2.458805755085714627e+06 9.826560516073906681e-01 4.395237433386214095e-05
2.458805760217544157e+06 9.828091099550453347e-01 4.395358353372527779e-05
2.458805765349373687e+06 9.830060335186679987e-01 4.396025973688153806e-05
2.458805770481203217e+06 9.832468222982586603e-01 4.396693594003780510e-05
2.458805775613032747e+06 9.834864043587897564e-01 4.397361214319407891e-05
2.458805780744862277e+06 9.836785070468931913e-01 4.398028834635034595e-05
2.458805785876691807e+06 9.838231283699994112e-01 4.398252882460282809e-05
2.458805791008521337e+06 9.839202683281083051e-01 4.398460178878476327e-05
2.458805796140350867e+06 9.840076053020335722e-01 4.398667475296669845e-05
2.458805801272180397e+06 9.841336872803551072e-01 4.398874771714862686e-05
2.458805806404010393e+06 9.842987034976204974e-01 4.399302241825609134e-05
2.458805811535839923e+06 9.845026539238823649e-01 4.399753082731701760e-05
2.458805816667669453e+06 9.847257507378600616e-01 4.400203923637793709e-05
2.458805821799498983e+06 9.849364121598258581e-01 4.400654764543886335e-05
2.458805826931328513e+06 9.851342288203088771e-01 4.401038771620277839e-05
2.458805832063158043e+06 9.853192007193087854e-01 4.401410469413795753e-05
2.458805837194987573e+06 9.855024049768416061e-01 4.401782167207313667e-05
2.458805842326817103e+06 9.857055708149465856e-01 4.402153865000830904e-05
2.458805847458646633e+06 9.859292714021276050e-01 4.402628793328099973e-05
2.458805852590476163e+06 9.861735067383846642e-01 4.403132012229290365e-05
2.458805857722305693e+06 9.864259609226287973e-01 4.403635231130480758e-05
2.458805862854135688e+06 9.866570461802179892e-01 4.404138450077333002e-05
2.458805867985965218e+06 9.868654671388545907e-01 4.404480897642943136e-05
2.458805873117794748e+06 9.870512238205353395e-01 4.404762462709706190e-05
2.458805878249624278e+06 9.872237044187202049e-01 4.405044027776469244e-05
2.458805883381453808e+06 9.874105339621541688e-01 4.405325592843232975e-05
2.458805888513283338e+06 9.876135113015548361e-01 4.405784344751340612e-05
2.458805893645112868e+06 9.878326364369220958e-01 4.406332053934123959e-05
2.458805898776942398e+06 9.880625461198089265e-01 4.406879763116907305e-05
2.458805903908771928e+06 9.882838401312510346e-01 4.407427472299690652e-05
2.458805909040601458e+06 9.884947612353583990e-01 4.407903245402961938e-05
2.458805914172431454e+06 9.886953094498582839e-01 4.408332284292149550e-05
2.458805919304260984e+06 9.888835209609990740e-01 4.408761323142406849e-05
2.458805924436090514e+06 9.890505985891037133e-01 4.409190361992664149e-05
2.458805929567920044e+06 9.891954817121560994e-01 4.409459874160820186e-05
2.458805934699749574e+06 9.893181703301557883e-01 4.409597067331693596e-05
2.458805939831579104e+06 9.894317682270851178e-01 4.409734260502567007e-05
2.458805944963408634e+06 9.896098338793073435e-01 4.409871453673439739e-05
2.458805950095238164e+06 9.898638200386585817e-01 4.410471371581734575e-05
2.458805955227067694e+06 9.901937267051392766e-01 4.411558636299211042e-05
2.458805960358897224e+06 9.905840515257426926e-01 4.412645901016687508e-05
2.458805965490726754e+06 9.909238488948577395e-01 4.413733165734163975e-05
2.458805970622556750e+06 9.911912780831468872e-01 4.414447224780629954e-05
2.458805975754386280e+06 9.913863390420774024e-01 4.414661434004904750e-05
2.458805980886215810e+06 9.915172143497907875e-01 4.414875643229178867e-05
2.458805986018045340e+06 9.916604278458085453e-01 4.415089852453453663e-05
2.458805991149874870e+06 9.918347492219229400e-01 4.415396335215725112e-05
2.458805996281704400e+06 9.920401784781339716e-01 4.415861356233419943e-05
2.458806001413533930e+06 9.922721446695177416e-01 4.416326377251114774e-05
2.458806006545363460e+06 9.924727683659911870e-01 4.416791398268810282e-05
2.458806011677192990e+06 9.926245331028389352e-01 4.417203625611786224e-05
2.458806016809022520e+06 9.927274388800608751e-01 4.417497421045214447e-05
2.458806021940852515e+06 9.927849893912876755e-01 4.417791216505302524e-05
2.458806027072682045e+06 9.928604933788821585e-01 4.418085011938732102e-05
2.458806032204511575e+06 9.929774560548099149e-01 4.418350036893061583e-05
2.458806037336341105e+06 9.931358774190711669e-01 4.418528175300661157e-05
2.458806042468170635e+06 9.933337715821095593e-01 4.418706313708261409e-05
2.458806047600000165e+06 9.935155547052382241e-01 4.418884452115860983e-05
