2.458757000000000000e+06 9.872687377977790169e-01 5.074243081894101075e-04
2.458757005014536437e+06 9.869516951047550002e-01 5.072246596459646087e-04
2.458757010029072873e+06 9.867219935038884504e-01 5.070301539070414107e-04
2.458757015043608844e+06 9.865796330043440365e-01 5.070941452408216825e-04
2.458757020058145281e+06 9.865246135796819082e-01 5.071581365805444665e-04
2.458757025072681718e+06 9.864698194911104556e-01 5.072221279202670336e-04
2.458757030087218154e+06 9.863064493385923504e-01 5.072861192599898176e-04
2.458757035101754591e+06 9.860341758422683789e-01 5.071831553100733135e-04
2.458757040116290562e+06 9.856529990425922927e-01 5.070541317974172190e-04
2.458757045130826999e+06 9.852113391551537980e-01 5.069251082727794979e-04
2.458757050145363435e+06 9.848133251051458537e-01 5.067960847481418852e-04
2.458757055159899872e+06 9.844624730481214003e-01 5.067754996757975906e-04
2.458757060174436308e+06 9.841587829840801049e-01 5.067991061096374043e-04
2.458757065188972279e+06 9.838905150068258942e-01 5.068227125412849612e-04
2.458757070203508716e+06 9.836147877460801325e-01 5.068463189751248833e-04
2.458757075218045153e+06 9.833276619262086848e-01 5.068208708664941010e-04
2.458757080232581589e+06 9.830291375472115512e-01 5.067562411428405298e-04
2.458757085247118026e+06 9.827254514579255584e-01 5.066916114191869587e-04
2.458757090261653997e+06 9.824574066743427814e-01 5.066269817015350970e-04
2.458757095276190434e+06 9.822324002690882017e-01 5.065449203995089347e-04
2.458757100290726870e+06 9.820504322690516430e-01 5.064368664960590145e-04
2.458757105305263307e+06 9.819066645385287062e-01 5.063288125926090942e-04
2.458757110319799278e+06 9.817348825765340736e-01 5.062207586991933567e-04
2.458757115334335715e+06 9.815140570167990575e-01 5.061117864825931964e-04
2.458757120348872151e+06 9.812441878729984968e-01 5.060000132846824298e-04
2.458757125363408588e+06 9.809260623393127876e-01 5.058882400867716631e-04
2.458757130377945025e+06 9.805947391894891396e-01 5.057764668888608964e-04
2.458757135392480996e+06 9.802690778332446842e-01 5.056639911040554337e-04
2.458757140407017432e+06 9.799490782100956920e-01 5.055446127793796710e-04
2.458757145421553869e+06 9.796347479287254023e-01 5.054252344547041252e-04
2.458757150436090305e+06 9.793602030188482965e-01 5.053058561300284709e-04
2.458757155450626742e+06 9.791575780171136723e-01 5.051864778053528167e-04
2.458757160465162713e+06 9.790268729323197139e-01 5.051279346517186138e-04
2.458757165479699150e+06 9.789680877401915060e-01 5.050734219733501226e-04
2.458757170494235586e+06 9.789626342071542364e-01 5.050189092949816314e-04
2.458757175508772023e+06 9.789793930955718038e-01 5.049643966166130317e-04
2.458757180523308460e+06 9.790178767272950111e-01 5.048403189974580039e-04
2.458757185537844431e+06 9.790780850957242487e-01 5.046970011856833022e-04
2.458757190552380867e+06 9.791248021261872436e-01 5.045536833605995851e-04
2.458757195566917304e+06 9.790580729247349012e-01 5.044103655355159765e-04
2.458757200581453741e+06 9.788717954064113380e-01 5.043014487037121747e-04
2.458757205595990177e+06 9.785659695712166650e-01 5.042128378473977740e-04
2.458757210610526148e+06 9.781806320723919201e-01 5.041242269993119257e-04
2.458757215625062585e+06 9.779124884815202368e-01 5.040356161429975250e-04
2.458757220639599022e+06 9.777880038228790038e-01 5.039908832496045902e-04
2.458757225654135458e+06 9.778071780964683324e-01 5.039947829598735978e-04
2.458757230668671895e+06 9.779472640990138910e-01 5.039986826701426054e-04
2.458757235683207866e+06 9.779948764778134684e-01 5.040025823800494895e-04
2.458757240697744302e+06 9.778975550713601139e-01 5.039061407836477975e-04
2.458757245712280739e+06 9.776552998685029694e-01 5.035962595428971917e-04
2.458757250726817176e+06 9.772771970122501317e-01 5.032863783021464775e-04
2.458757255741353612e+06 9.769744880700046430e-01 5.029764970613958717e-04
2.458757260755889583e+06 9.768358114899187150e-01 5.027154555191781912e-04
2.458757265770426020e+06 9.768611672462365059e-01 5.027011056962673143e-04
2.458757270784962457e+06 9.770497519686375254e-01 5.026867558733566542e-04
2.458757275799498893e+06 9.772811701748235214e-01 5.026724060504458858e-04
2.458757280814034864e+06 9.774691339157564052e-01 5.026587112719467336e-04
2.458757285828571301e+06 9.776136432263456966e-01 5.027053551353925483e-04
2.458757290843107738e+06 9.777146980871188608e-01 5.027519989988384714e-04
2.458757295857644174e+06 9.777897767656278383e-01 5.027986428622842861e-04
2.458757300872180611e+06 9.778614283861694068e-01 5.028452867257302093e-04
2.458757305886716582e+06 9.779297417003157689e-01 5.030158777443936554e-04
2.458757310901253019e+06 9.779947167207545533e-01 5.032072827323869632e-04
2.458757315915789455e+06 9.780555994543350673e-01 5.033986877203802711e-04
2.458757320930325892e+06 9.781107193778749709e-01 5.035900927083735790e-04
2.458757325944862328e+06 9.781600157779934968e-01 5.035567219434808556e-04
2.458757330959398299e+06 9.782034886509237692e-01 5.034277956025698039e-04
2.458757335973934736e+06 9.782582303283245961e-01 5.032988692496864497e-04
2.458757340988471173e+06 9.783886361763670658e-01 5.031699428968032040e-04
2.458757346003007609e+06 9.786008890513108183e-01 5.031933917243757879e-04
2.458757351017544046e+06 9.788949889531558535e-01 5.033429407458746936e-04
2.458757356032080017e+06 9.792511961300018886e-01 5.034924897534861620e-04
2.458757361046616454e+06 9.795355838834396422e-01 5.036420387749850677e-04
2.458757366061152890e+06 9.797230338934512783e-01 5.037942361345287140e-04
2.458757371075689327e+06 9.798135461600370189e-01 5.039505298432173401e-04
2.458757376090225764e+06 9.798149539773098882e-01 5.041068235519059661e-04
2.458757381104761735e+06 9.798400109105255273e-01 5.042631172460808114e-04
2.458757386119298171e+06 9.799256245442961033e-01 5.043777570142693846e-04
2.458757391133834608e+06 9.800717948791062284e-01 5.043591327772723723e-04
2.458757396148371045e+06 9.802775187802048595e-01 5.043405085402753599e-04
2.458757401162907481e+06 9.804935708900325286e-01 5.043218843032783475e-04
2.458757406177443452e+06 9.806926586146714753e-01 5.043114500133310868e-04
2.458757411191979889e+06 9.808747819910972332e-01 5.043907764934319046e-04
2.458757416206516325e+06 9.810399406102671138e-01 5.044701029735327224e-04
2.458757421221052762e+06 9.811783534063126533e-01 5.045494294536336487e-04
2.458757426235589199e+06 9.812804835762479749e-01 5.046287559337343581e-04
2.458757431250125170e+06 9.813463311156425117e-01 5.047409231838260926e-04
2.458757436264661606e+06 9.813758960367260364e-01 5.048555968551125513e-04
2.458757441279198043e+06 9.814284038055728354e-01 5.049702705263990100e-04
2.458757446293734480e+06 9.816060789809616383e-01 5.050849441976853604e-04
2.458757451308270916e+06 9.819107134765445721e-01 5.053159378151359828e-04
2.458757456322806887e+06 9.823423072463477457e-01 5.055807849760571857e-04
2.458757461337343324e+06 9.828369191554651163e-01 5.058456321615726475e-04
2.458757466351879761e+06 9.832075363546959323e-01 5.061104793470881094e-04
2.458757471366416197e+06 9.834421105070397795e-01 5.061834776154441580e-04
2.458757476380952168e+06 9.835406416096635906e-01 5.061389154578928122e-04
2.458757481395488605e+06 9.835546757819059183e-01 5.060943532962032835e-04
2.458757486410025042e+06 9.837460102923472061e-01 5.060497911345138633e-04
2.458757491424561478e+06 9.841512189791461473e-01 5.061622467743185326e-04
2.458757496439097915e+06 9.847703018423029642e-01 5.064549747956562358e-04
2.458757501453633886e+06 9.855741297624820429e-01 5.067477027898106053e-04
2.458757506468170322e+06 9.862776881805985774e-01 5.070404308111483085e-04
2.458757511482706759e+06 9.868086683422189198e-01 5.072495316701969986e-04
2.458757516497243196e+06 9.871670702473434034e-01 5.072733670828833297e-04
2.458757521511779632e+06 9.873528938959721390e-01 5.072972024955694440e-04
2.458757526526315603e+06 9.873661392948878124e-01 5.073210379060423764e-04
2.458757531540852040e+06 9.872095542806256230e-01 5.073448733187285991e-04
2.458757536555388477e+06 9.870249776408077658e-01 5.073687087314148218e-04
2.458757541569924913e+06 9.868922523510461620e-01 5.073925441441010445e-04
2.458757546584461350e+06 9.868113784113407005e-01 5.074163795567872672e-04
2.458757551598997321e+06 9.867823558219791513e-01 5.074402885152148185e-04
2.458757556613533758e+06 9.868051845775710484e-01 5.075016013839606880e-04
2.458757561628070194e+06 9.868798646832193100e-01 5.075629142527064491e-04
2.458757566642606631e+06 9.870416330402457250e-01 5.076242271214523186e-04
2.458757571657143068e+06 9.873374375559911265e-01 5.076855399901980797e-04
2.458757576671679039e+06 9.877675118344012573e-01 5.078986489390590730e-04
2.458757581686215475e+06 9.883318559553515570e-01 5.081390847586654807e-04
2.458757586700751912e+06 9.889294751509724035e-01 5.083795205782718884e-04
2.458757591715288348e+06 9.893298355525704801e-01 5.086199563978782961e-04
2.458757596729824785e+06 9.895239444615770985e-01 5.086457850244299620e-04
2.458757601744360756e+06 9.895118018886961408e-01 5.085765062107873219e-04
2.458757606758897193e+06 9.893525683982773433e-01 5.085072273907111345e-04
2.458757611773433629e+06 9.892761913423522291e-01 5.084379485706350555e-04
2.458757616787970066e+06 9.893057269552791855e-01 5.084316948863926199e-04
2.458757621802506503e+06 9.894411752370584345e-01 5.084794767328512698e-04
2.458757626817042474e+06 9.896704897625067110e-01 5.085272585748729307e-04
2.458757631831578910e+06 9.899088669136166807e-01 5.085750404213315807e-04
2.458757636846115347e+06 9.901398570129044119e-01 5.086805181102661312e-04
2.458757641860651784e+06 9.903634600603702376e-01 5.088785983540250078e-04
2.458757646875187755e+06 9.905788614982709017e-01 5.090766785793897440e-04
2.458757651889724191e+06 9.907737131662321950e-01 5.092747588231486206e-04
2.458757656904260628e+06 9.909438494541699116e-01 5.094229907632936072e-04
2.458757661918797065e+06 9.910892703620838295e-01 5.094037281430779116e-04
2.458757666933333501e+06 9.912100502975804694e-01 5.093844655228623244e-04
2.458757671947869472e+06 9.913102355309828528e-01 5.093652029044354540e-04
2.458757676962405909e+06 9.913921386765365273e-01 5.093666179862574653e-04
2.458757681976942345e+06 9.914557597240896136e-01 5.096236795902043789e-04
2.458757686991478782e+06 9.915010986736415566e-01 5.098807411941514009e-04
2.458757692006015219e+06 9.915429072076569206e-01 5.101378027980982060e-04
2.458757697020551190e+06 9.915960808109552937e-01 5.103948643781739151e-04
2.458757702035087626e+06 9.916606195809255508e-01 5.103368912889752560e-04
2.458757707049624063e+06 9.917365235131575529e-01 5.102516389306613939e-04
2.458757712064160500e+06 9.918211699521448654e-01 5.101663865723477485e-04
2.458757717078696936e+06 9.919098922842972677e-01 5.100811342140339948e-04
2.458757722093232907e+06 9.920025995998237311e-01 5.102327066136163637e-04
2.458757727107769344e+06 9.920992919159425938e-01 5.104567108924353653e-04
2.458757732122305781e+06 9.921994639028047791e-01 5.106807151712543669e-04
2.458757737136842217e+06 9.923015924423195244e-01 5.109047194500732601e-04
2.458757742151378654e+06 9.924055741226353033e-01 5.112353564969670042e-04
2.458757747165914625e+06 9.925114089338378243e-01 5.116338067855602870e-04
2.458757752180451062e+06 9.926094182466517202e-01 5.120322571111545710e-04
2.458757757194987498e+06 9.926487688935224929e-01 5.124307074367487466e-04
2.458757762209523935e+06 9.926220904843979786e-01 5.124715051485282790e-04
2.458757767224060372e+06 9.925293830192779554e-01 5.120869050345234824e-04
2.458757772238596343e+06 9.923831263459018670e-01 5.117023049562334979e-04
2.458757777253132779e+06 9.923107955711433226e-01 5.113177048422287013e-04
2.458757782267669216e+06 9.923457592183727582e-01 5.110669837819723513e-04
2.458757787282205652e+06 9.924880172875901740e-01 5.111253683900426155e-04
2.458757792296742089e+06 9.927328240088562072e-01 5.111837529981129880e-04
2.458757797311278060e+06 9.929537011629044896e-01 5.112421376007614824e-04
2.458757802325814497e+06 9.930943177718202231e-01 5.112941761843883956e-04
2.458757807340350933e+06 9.931546738113653516e-01 5.113095946056188043e-04
2.458757812354887370e+06 9.931349307234609292e-01 5.113250130268492131e-04
2.458757817369423807e+06 9.930718895368443322e-01 5.113404314480796218e-04
2.458757822383959778e+06 9.929936675797557122e-01 5.113558498678781247e-04
2.458757827398496214e+06 9.929002648376673568e-01 5.114736365515914129e-04
2.458757832413032651e+06 9.927916813171382415e-01 5.115921266330180402e-04
2.458757837427569088e+06 9.927102886835262874e-01 5.117106167144446676e-04
2.458757842442105059e+06 9.927143754287878208e-01 5.118291067848680523e-04
2.458757847456641495e+06 9.928042986684632032e-01 5.117890647579328642e-04
2.458757852471177932e+06 9.929800584061577728e-01 5.117185230537363728e-04
2.458757857485714369e+06 9.931788777274239699e-01 5.116479813495398814e-04
2.458757862500250805e+06 9.932531213060147302e-01 5.115774396453434984e-04
2.458757867514786776e+06 9.931966238621340315e-01 5.114712277067974240e-04
2.458757872529323213e+06 9.930093853852892671e-01 5.113485464848500049e-04
2.458757877543859649e+06 9.927366307641110055e-01 5.112258652629026942e-04
2.458757882558396086e+06 9.925597502546458228e-01 5.111031840409553835e-04
2.458757887572932523e+06 9.924977223074874511e-01 5.110139227367381954e-04
2.458757892587468494e+06 9.925505469123973024e-01 5.109543446330151468e-04
2.458757897602004930e+06 9.926971814588514409e-01 5.108947665237595229e-04
2.458757902616541367e+06 9.927838347884710979e-01 5.108351884145038990e-04
2.458757907631077804e+06 9.927796630536090960e-01 5.107426495690888489e-04
2.458757912645614240e+06 9.926846662542651023e-01 5.105951961806211997e-04
2.458757917660150211e+06 9.925054646544761994e-01 5.104477428058462650e-04
2.458757922674686648e+06 9.923479122053991963e-01 5.103002894173785074e-04
2.458757927689223085e+06 9.922488088050618327e-01 5.102392010540724842e-04
2.458757932703759521e+06 9.922081544534639974e-01 5.104833144755451576e-04
2.458757937718295958e+06 9.922245929791067010e-01 5.107274278970177226e-04
2.458757942732831929e+06 9.922158681268705704e-01 5.109715412958215717e-04
2.458757947747368366e+06 9.921335102131030315e-01 5.111735332930771990e-04
2.458757952761904802e+06 9.919775192351950599e-01 5.107798292851770377e-04
2.458757957776441239e+06 9.917478951931467668e-01 5.103861252772767679e-04
2.458757962790977675e+06 9.915039578865526559e-01 5.099924212693767150e-04
2.458757967805513646e+06 9.913077276121052828e-01 5.095987172980367182e-04
2.458757972820050083e+06 9.911592119735070927e-01 5.095237427687541705e-04
2.458757977834586520e+06 9.910584109911962924e-01 5.094797079846890685e-04
2.458757982849122956e+06 9.909906647100908961e-01 5.094356732006238581e-04
2.458757987863659393e+06 9.909290843656609615e-01 5.093916384165586477e-04
2.458757992878195364e+06 9.908730913187142608e-01 5.095648056548850386e-04
2.458757997892731801e+06 9.908226855588515569e-01 5.098076978044938003e-04
2.458758002907268237e+06 9.907709611605062250e-01 5.100505899541024537e-04
2.458758007921804674e+06 9.906964637206246982e-01 5.102934821037111070e-04
2.458758012936340645e+06 9.905976601481675248e-01 5.102602664490672475e-04
2.458758017950877082e+06 9.904745504247846055e-01 5.100448665536375190e-04
2.458758022965413518e+06 9.903366585050550341e-01 5.098294666582077906e-04
2.458758027979949955e+06 9.902357301164390613e-01 5.096140667627780622e-04
2.458758032994486392e+06 9.901795484018357518e-01 5.095655704427737645e-04
2.458758038009022363e+06 9.901681133602292517e-01 5.097227661347026586e-04
2.458758043023558799e+06 9.902001094716510465e-01 5.098799618412291424e-04
2.458758048038095236e+06 9.902614962777830376e-01 5.100371575477555177e-04
2.458758053052631672e+06 9.903484822313356473e-01 5.101614096033863345e-04
2.458758058067168109e+06 9.904610673323093195e-01 5.102063325752257414e-04
2.458758063081704080e+06 9.905960820479819962e-01 5.102512555428935720e-04
2.458758068096240517e+06 9.906627092683287783e-01 5.102961785147330873e-04
2.458758073110776953e+06 9.906192736561506562e-01 5.103152802345083507e-04
2.458758078125313390e+06 9.904657752114476299e-01 5.101743078719053357e-04
2.458758083139849827e+06 9.902024805394894491e-01 5.100333355093023208e-04
2.458758088154385798e+06 9.899076743618344665e-01 5.098923631597903966e-04
2.458758093168922234e+06 9.896431404780523522e-01 5.097513907971873816e-04
2.458758098183458671e+06 9.894088789169250830e-01 5.097629454563029584e-04
2.458758103197995108e+06 9.892048896784527701e-01 5.097769205664764340e-04
2.458758108212531544e+06 9.890530195549666059e-01 5.097908956766498013e-04
2.458758113227067515e+06 9.889842922395031266e-01 5.098048707855253785e-04
2.458758118241603952e+06 9.889989367689245858e-01 5.099889476603806796e-04
2.458758123256140389e+06 9.890969531534842263e-01 5.102079002952850887e-04
2.458758128270676825e+06 9.892344383450160095e-01 5.104268529301897147e-04
2.458758133285213262e+06 9.893050144476944752e-01 5.106458055650941238e-04
2.458758138299749233e+06 9.893039369345663081e-01 5.104668598454887565e-04
2.458758143314285669e+06 9.892312058054311130e-01 5.100966235189028806e-04
2.458758148328822106e+06 9.891112093991460963e-01 5.097263871923170047e-04
2.458758153343358543e+06 9.890449109289447538e-01 5.093561508657310204e-04
2.458758158357894979e+06 9.890433251939888537e-01 5.091726439739294218e-04
2.458758163372430950e+06 9.891064521854113778e-01 5.091609448517922217e-04
2.458758168386967387e+06 9.892204474620573951e-01 5.091492457285686510e-04
2.458758173401503824e+06 9.892802025224215479e-01 5.091375466053450803e-04
2.458758178416040260e+06 9.892639276079081556e-01 5.091150759730834899e-04
2.458758183430576231e+06 9.891716227306188713e-01 5.090739694490379426e-04
2.458758188445112668e+06 9.890112881684347546e-01 5.090328629211751362e-04
2.458758193459649105e+06 9.889180561767595412e-01 5.089917563933124382e-04
2.458758198474185541e+06 9.889403382891110983e-01 5.089495889489027442e-04
2.458758203488721978e+06 9.890781345054895368e-01 5.089034724762195013e-04
2.458758208503257949e+06 9.893293424945737158e-01 5.088573560078185317e-04
2.458758213517794386e+06 9.895506946534393666e-01 5.088112395351351803e-04
2.458758218532330822e+06 9.896551382570697442e-01 5.087623571160493569e-04
2.458758223546867259e+06 9.896426733054651814e-01 5.086679175787092765e-04
2.458758228561403695e+06 9.895132997986254564e-01 5.085734780413693045e-04
2.458758233575939666e+06 9.893742692094211755e-01 5.084790385127992271e-04
2.458758238590476103e+06 9.893416433151169809e-01 5.083845989754591467e-04
2.458758243605012540e+06 9.894154669086561160e-01 5.083723546278500795e-04
2.458758248619548976e+06 9.895957399900385809e-01 5.083689684048336814e-04
2.458758253634085413e+06 9.898225015838910679e-01 5.083655821818173918e-04
2.458758258648621384e+06 9.899823933003941701e-01 5.083621959591156291e-04
2.458758263663157821e+06 9.900727341055981512e-01 5.082951181316704321e-04
2.458758268677694257e+06 9.900935239814254718e-01 5.082066044864549026e-04
2.458758273692230694e+06 9.900681898901267930e-01 5.081180908412394814e-04
2.458758278706767131e+06 9.900717552145916756e-01 5.080295771960241687e-04
2.458758283721303102e+06 9.901098555437191084e-01 5.080323340613095975e-04
2.458758288735839538e+06 9.901824908845854312e-01 5.080975604853473675e-04
2.458758293750375975e+06 9.902882804201363909e-01 5.081627869093850291e-04
2.458758298764912412e+06 9.904194600922392455e-01 5.082280133334227991e-04
2.458758303779448848e+06 9.905748189803067483e-01 5.083957601451831541e-04
2.458758308793984819e+06 9.907543570665442445e-01 5.086944416210132693e-04
2.458758313808521256e+06 9.909507671494174330e-01 5.089931231245796613e-04
2.458758318823057692e+06 9.910824809884827280e-01 5.092918046281459448e-04
2.458758323837594129e+06 9.911267779126918809e-01 5.094566066266838179e-04
2.458758328852130566e+06 9.910836579220453357e-01 5.092849084777142108e-04
2.458758333866666537e+06 9.909578758717016989e-01 5.091132103446888808e-04
2.458758338881202973e+06 9.908963675428211770e-01 5.089415121957193821e-04
2.458758343895739410e+06 9.909686110070691223e-01 5.088386440092627569e-04
2.458758348910275847e+06 9.911746062644452016e-01 5.091960154072007515e-04
2.458758353924812283e+06 9.915140050730107957e-01 5.095533868051385293e-04
2.458758358939348254e+06 9.918495688661279619e-01 5.099107581698900712e-04
2.458758363953884691e+06 9.920693792908796826e-01 5.102681295678279574e-04
2.458758368968421128e+06 9.921734363107305166e-01 5.102047373167142982e-04
2.458758373982957564e+06 9.921617399256803527e-01 5.101308094151080956e-04
2.458758378997493535e+06 9.921129773090441306e-01 5.100568815203669528e-04
2.458758384012029972e+06 9.921424738424645673e-01 5.099829536187606418e-04
2.458758389026566409e+06 9.922512378693343349e-01 5.100290779171907712e-04
2.458758394041102845e+06 9.924392693896532114e-01 5.101013682177088200e-04
2.458758399055639282e+06 9.926815535075618202e-01 5.101736585182266520e-04
2.458758404070175253e+06 9.929156392433722278e-01 5.102459488120316463e-04
2.458758409084711690e+06 9.931385583422365215e-01 5.103602988443573137e-04
2.458758414099248126e+06 9.933503107818985045e-01 5.104956922349992727e-04
2.458758419113784563e+06 9.935574015216445121e-01 5.106310856256412317e-04
2.458758424128320999e+06 9.937876328329664499e-01 5.107664790162830823e-04
2.458758429142856970e+06 9.940441651991986927e-01 5.108424418581818376e-04
2.458758434157393407e+06 9.943269986679854622e-01 5.108617599803398765e-04
2.458758439171929844e+06 9.946195035654389338e-01 5.108810781024979153e-04
2.458758444186466280e+06 9.947904459937256805e-01 5.109003962246558457e-04
2.458758449201002717e+06 9.948117116192044529e-01 5.108925873953649738e-04
2.458758454215538688e+06 9.946833004607487094e-01 5.108360208328046378e-04
2.458758459230075125e+06 9.944182018728137118e-01 5.107794542649914506e-04
2.458758464244611561e+06 9.942485758623816894e-01 5.107228876971781550e-04
2.458758469259147998e+06 9.942601295316355614e-01 5.107061838288308323e-04
2.458758474273684435e+06 9.944528628805748838e-01 5.108460320419306536e-04
2.458758479288220406e+06 9.948250791618401534e-01 5.109858802420440098e-04
2.458758484302756842e+06 9.952457724910213077e-01 5.111257284551438311e-04
2.458758489317293279e+06 9.956328434786568815e-01 5.112627989879756736e-04
2.458758494331829716e+06 9.959862921247469858e-01 5.113452895845326408e-04
2.458758499346366152e+06 9.963061184292916206e-01 5.114277801810896079e-04
2.458758504360902123e+06 9.965698546036041439e-01 5.115102707699863615e-04
2.458758509375438560e+06 9.967523447702387740e-01 5.115927613665433287e-04
2.458758514389974996e+06 9.968535690944930749e-01 5.116245876958561926e-04
2.458758519404511433e+06 9.968735275763669357e-01 5.116504007021811752e-04
2.458758524419047870e+06 9.968697441954020855e-01 5.116762137085062662e-04
2.458758529433583841e+06 9.969543059795978879e-01 5.117020267124341862e-04
2.458758534448120277e+06 9.971301129047795975e-01 5.118726951919430959e-04
2.458758539462656714e+06 9.973971649673307738e-01 5.120944233601349739e-04
2.458758544477193151e+06 9.977150899200402101e-01 5.123161515283267435e-04
2.458758549491729122e+06 9.979505927374109353e-01 5.125378796759284296e-04
2.458758554506265558e+06 9.980931599282552025e-01 5.125842328692612653e-04
2.458758559520801995e+06 9.981427914663886236e-01 5.125060999540130861e-04
2.458758564535338432e+06 9.981145681132188585e-01 5.124279670387647985e-04
2.458758569549874868e+06 9.980962812272321516e-01 5.123498341235166193e-04
2.458758574564410839e+06 9.981021228278350588e-01 5.123579323146016740e-04
2.458758579578947276e+06 9.981320929161124900e-01 5.124801832594778504e-04
2.458758584593483713e+06 9.981836261097151164e-01 5.126024342043539184e-04
2.458758589608020149e+06 9.982267415860958115e-01 5.127246851492299863e-04
2.458758594622556586e+06 9.982528263268807267e-01 5.128102063472902115e-04
2.458758599637092557e+06 9.982618803320195688e-01 5.127992843939660397e-04
2.458758604651628993e+06 9.982547657050840906e-01 5.127883624396274882e-04
2.458758609666165430e+06 9.982603126580461561e-01 5.127774404852889368e-04
2.458758614680701867e+06 9.982925691090588360e-01 5.127635999940413853e-04
2.458758619695238303e+06 9.983515350581224634e-01 5.127286136590267522e-04
2.458758624709774274e+06 9.984372413480101516e-01 5.126936273272609309e-04
2.458758629724310711e+06 9.985669510379324709e-01 5.126586409922464062e-04
2.458758634738847148e+06 9.987552161382298177e-01 5.126236546572316647e-04
2.458758639753383584e+06 9.990020366489019699e-01 5.128343664168968138e-04
2.458758644767920021e+06 9.993074125699487054e-01 5.130535271477778712e-04
2.458758649782455992e+06 9.996073881645698433e-01 5.132726878583070444e-04
2.458758654796992429e+06 9.998052383342930227e-01 5.134918485891881018e-04
2.458758659811528865e+06 9.998999759222555461e-01 5.135551386400886249e-04
2.458758664826065302e+06 9.998916009284571915e-01 5.135823949512480875e-04
2.458758669840601739e+06 9.998218857939283888e-01 5.136096512624074416e-04
2.458758674855137710e+06 9.997982878137255947e-01 5.136369075710357258e-04
2.458758679869674146e+06 9.998262388314095306e-01 5.137476633106088583e-04
2.458758684884210583e+06 9.999057388515649736e-01 5.139018751892255460e-04
2.458758689898747019e+06 1.000000000000000000e+00 5.140560870678423421e-04
2.458758694913283456e+06 9.999466497187607938e-01 5.142102989464590298e-04
2.458758699927819427e+06 9.997264674883542535e-01 5.142965719794869101e-04
2.458758704942355864e+06 9.993394532678865350e-01 5.143157651961319330e-04
2.458758709956892300e+06 9.988235001882163067e-01 5.143349584127769559e-04
2.458758714971428737e+06 9.984896429096616899e-01 5.143541516294220873e-04
2.458758719985965174e+06 9.984067235251227190e-01 5.143387389232878266e-04
2.458758725000501145e+06 9.985747420073454172e-01 5.142586769897606594e-04
2.458758730015037581e+06 9.989770146243959204e-01 5.141786150487986842e-04
2.458758735029574018e+06 9.992974460678853976e-01 5.140985531078368174e-04
2.458758740044110455e+06 9.994157874611765413e-01 5.140426576327131875e-04
2.458758745058646426e+06 9.993320388214299577e-01 5.140870809728450598e-04
2.458758750073182862e+06 9.990481001028531649e-01 5.141315043171021046e-04
2.458758755087719299e+06 9.987317937169695181e-01 5.141759276613591494e-04
2.458758760102255736e+06 9.984916127068471647e-01 5.142241040224054642e-04
2.458758765116792172e+06 9.983275570724856607e-01 5.143632860622667511e-04
2.458758770131328143e+06 9.982396268185159682e-01 5.145024680892032638e-04
2.458758775145864580e+06 9.981582112256134343e-01 5.146416501290645507e-04
2.458758780160401016e+06 9.980026975251744537e-01 5.147808321689259460e-04
2.458758785174937453e+06 9.977729791318077357e-01 5.146382272613211862e-04
2.458758790189473890e+06 9.974690560455138355e-01 5.144590350688105825e-04
2.458758795204009861e+06 9.971587148361981123e-01 5.142798428929402053e-04
2.458758800218546297e+06 9.969780847690309367e-01 5.141006507004294932e-04
2.458758805233082734e+06 9.969310024208537513e-01 5.142053500463492207e-04
2.458758810247619171e+06 9.970174677916664452e-01 5.144147545438647112e-04
2.458758815262155607e+06 9.971771740454872246e-01 5.146241590413802016e-04
2.458758820276691578e+06 9.972048080490955035e-01 5.148335635194498756e-04
2.458758825291228015e+06 9.970833844243858213e-01 5.149318656659832797e-04
2.458758830305764452e+06 9.968129031618708780e-01 5.149483943131130757e-04
2.458758835320300888e+06 9.964254005837338557e-01 5.149649229602427632e-04
2.458758840334837325e+06 9.961140451773634608e-01 5.149814516073724507e-04
2.458758845349373296e+06 9.959111906516106005e-01 5.148882821596452788e-04
2.458758850363909733e+06 9.958168369688006338e-01 5.146445574737570179e-04
2.458758855378446169e+06 9.958136509971818873e-01 5.144008327878688653e-04
2.458758860392982606e+06 9.956893280113765510e-01 5.141571081019806044e-04
2.458758865407519042e+06 9.953809702059166487e-01 5.139557738574067249e-04
2.458758870422055013e+06 9.948885776350717691e-01 5.138708268906352124e-04
2.458758875436591450e+06 9.942185622785895127e-01 5.137858799159753702e-04
2.458758880451127887e+06 9.936038462314643605e-01 5.137009329413156364e-04
2.458758885465664323e+06 9.931613954187465954e-01 5.136038145605397419e-04
2.458758890480200760e+06 9.928912098404362174e-01 5.134106334037295914e-04
2.458758895494736731e+06 9.927931506222047453e-01 5.132174522648587584e-04
2.458758900509273168e+06 9.927474660644499682e-01 5.130242711080487163e-04
2.458758905523809604e+06 9.926497729621777122e-01 5.128310899512385657e-04
2.458758910538346041e+06 9.925000713153876442e-01 5.127216748885833316e-04
2.458758915552882012e+06 9.922983611452259600e-01 5.126159387489167196e-04
2.458758920567418449e+06 9.920525516474283378e-01 5.125102025994313559e-04
2.458758925581954885e+06 9.917749842383862813e-01 5.124044664499458838e-04
2.458758930596491322e+06 9.914658041429252888e-01 5.121995658044821171e-04
2.458758935611027759e+06 9.911250113610455825e-01 5.119703991111558463e-04
2.458758940625563730e+06 9.907610262052992667e-01 5.117412324391105126e-04
2.458758945640100166e+06 9.903961691952306579e-01 5.115120657457842418e-04
2.458758950654636603e+06 9.900316380446835263e-01 5.112874286152278630e-04
2.458758955669173039e+06 9.896674327536578719e-01 5.110652425339493043e-04
2.458758960683709476e+06 9.893185445849502768e-01 5.108430564526707457e-04
2.458758965698245447e+06 9.890533241945319576e-01 5.106208703920248797e-04
2.458758970712781884e+06 9.888801913035870639e-01 5.104801195765594881e-04
2.458758975727318320e+06 9.887991459410202522e-01 5.104226648398091414e-04
2.458758980741854757e+06 9.887948297730675407e-01 5.103652101030589031e-04
2.458758985756391194e+06 9.887360292159478314e-01 5.103077553663085564e-04
2.458758990770927165e+06 9.885927463859658371e-01 5.102353977824017946e-04
2.458758995785463601e+06 9.883649812565105108e-01 5.101340887055233735e-04
2.458759000800000038e+06 9.880532062539273408e-01 5.100327796286447356e-04
