2.458835000000000000e+06 9.891686815870461835e-01 4.720961699873738688e-04
2.458835005014536437e+06 9.887236262103148432e-01 4.721870094141870379e-04
2.458835010029072873e+06 9.884210891388095499e-01 4.722464807908392207e-04
2.458835015043608844e+06 9.882610703807725994e-01 4.718387790467839290e-04
2.458835020058145281e+06 9.882435699064847645e-01 4.714310772648686227e-04
2.458835025072681718e+06 9.882427201975363396e-01 4.710233754829532080e-04
2.458835030087218154e+06 9.881252720824694746e-01 4.706156737010379018e-04
2.458835035101754591e+06 9.878911987013673235e-01 4.705472634604490200e-04
2.458835040116290562e+06 9.875405000922118370e-01 4.705131136699331525e-04
2.458835045130826999e+06 9.871215143393021751e-01 4.704789638762460480e-04
2.458835050145363435e+06 9.867239110116866607e-01 4.704448140825588892e-04
2.458835055159899872e+06 9.863496902709139036e-01 4.703520984218259181e-04
2.458835060174436308e+06 9.859988521169837927e-01 4.702402389370784262e-04
2.458835065188972279e+06 9.856722366802657120e-01 4.701283794627184043e-04
2.458835070203508716e+06 9.853724845735041260e-01 4.700165199779709124e-04
2.458835075218045153e+06 9.850997882313016207e-01 4.698700956860023064e-04
2.458835080232581589e+06 9.848541476536577521e-01 4.697005333899342502e-04
2.458835085247118026e+06 9.846276555302034827e-01 4.695309710938661940e-04
2.458835090261653997e+06 9.843767595865436926e-01 4.693614088135441144e-04
2.458835095276190434e+06 9.840948131821214417e-01 4.692416871363962465e-04
2.458835100290726870e+06 9.837818163387935799e-01 4.691842827306348966e-04
2.458835105305263307e+06 9.834391679450467105e-01 4.691268783248734925e-04
2.458835110319799278e+06 9.830820749363773370e-01 4.690694739244428394e-04
2.458835115334335715e+06 9.827146966261114391e-01 4.690176814002631578e-04
2.458835120348872151e+06 9.823370330469320955e-01 4.689796454289127457e-04
2.458835125363408588e+06 9.819523934044366298e-01 4.689416094575622794e-04
2.458835130377945025e+06 9.816586500406142557e-01 4.689035734862119216e-04
2.458835135392480996e+06 9.815012903198218064e-01 4.688901129199093357e-04
2.458835140407017432e+06 9.814803142128335489e-01 4.690339709113062615e-04
2.458835145421553869e+06 9.815952052386647253e-01 4.691778289027032415e-04
2.458835150436090305e+06 9.816744693324492843e-01 4.693216868941001672e-04
2.458835155450626742e+06 9.815808127512756220e-01 4.694655448854970388e-04
2.458835160465162713e+06 9.813142355279274032e-01 4.692937405390256301e-04
2.458835165479699150e+06 9.808747376128948980e-01 4.691156494809832467e-04
2.458835170494235586e+06 9.803789459452780797e-01 4.689375584229408091e-04
2.458835175508772023e+06 9.799948517686503102e-01 4.687594673648983715e-04
2.458835180523308460e+06 9.797237960755947883e-01 4.685705619407639082e-04
2.458835185537844431e+06 9.795657788755364193e-01 4.683793758719573611e-04
2.458835190552380867e+06 9.794688165871007213e-01 4.681881897853968407e-04
2.458835195566917304e+06 9.793051983134409832e-01 4.679970036988363204e-04
2.458835200581453741e+06 9.790690563642885369e-01 4.678504819849066995e-04
2.458835205595990177e+06 9.787603907396436043e-01 4.677258397626213641e-04
2.458835210610526148e+06 9.784250115397205017e-01 4.676011975519105373e-04
2.458835215625062585e+06 9.782554558553773205e-01 4.674765553296252019e-04
2.458835220639599022e+06 9.782731455945621324e-01 4.674568069292698680e-04
2.458835225654135458e+06 9.784780807572750483e-01 4.675352244512243592e-04
2.458835230668671895e+06 9.788316995700934164e-01 4.676136419731787962e-04
2.458835235683207866e+06 9.790356800754783650e-01 4.676920594878512978e-04
2.458835240697744302e+06 9.790271763697503404e-01 4.677418215351727688e-04
2.458835245712280739e+06 9.788061884241013866e-01 4.677410651183850558e-04
2.458835250726817176e+06 9.783867515906421453e-01 4.677403087015972343e-04
2.458835255741353612e+06 9.780126892081276724e-01 4.677395522848094671e-04
2.458835260755889583e+06 9.777726753404091253e-01 4.677269178073847401e-04
2.458835265770426020e+06 9.776667099429101615e-01 4.676688610840211663e-04
2.458835270784962457e+06 9.776938350492508922e-01 4.676108043606576467e-04
2.458835275799498893e+06 9.777845195182446325e-01 4.675527476372941813e-04
2.458835280814034864e+06 9.778958401919780608e-01 4.674994320537450665e-04
2.458835285828571301e+06 9.780277970911260832e-01 4.675314097462240719e-04
2.458835290843107738e+06 9.781803902063092027e-01 4.675633874387030773e-04
2.458835295857644174e+06 9.782950789626030375e-01 4.675953651311821370e-04
2.458835300872180611e+06 9.783073652357556771e-01 4.676273428236611424e-04
2.458835305886716582e+06 9.782172116204573831e-01 4.675264496327966078e-04
2.458835310901253019e+06 9.780246180999648820e-01 4.674104680437219154e-04
2.458835315915789455e+06 9.778088363500995195e-01 4.672944864546472229e-04
2.458835320930325892e+06 9.777221550488316426e-01 4.671785048655725304e-04
2.458835325944862328e+06 9.777683566075509036e-01 4.672719401647767654e-04
2.458835330959398299e+06 9.779474410034574294e-01 4.674376648108354146e-04
2.458835335973934736e+06 9.782232464764845092e-01 4.676033894722837173e-04
2.458835340988471173e+06 9.784780039148339714e-01 4.677691141337320200e-04
2.458835346003007609e+06 9.787026241632268420e-01 4.678692837220726260e-04
2.458835351017544046e+06 9.788971072216631208e-01 4.679236624531197294e-04
2.458835356032080017e+06 9.790565707815866991e-01 4.679780411791169986e-04
2.458835361046616454e+06 9.791530211086548752e-01 4.680324199101641020e-04
2.458835366061152890e+06 9.791820027191363573e-01 4.680381513535946899e-04
2.458835371075689327e+06 9.791435156130312567e-01 4.679804693739803858e-04
2.458835376090225764e+06 9.790483026496032970e-01 4.679227873943661358e-04
2.458835381104761735e+06 9.790194834964306425e-01 4.678651054201082783e-04
2.458835386119298171e+06 9.790919699082694105e-01 4.679062319649653860e-04
2.458835391133834608e+06 9.792657618924995866e-01 4.682020949899784760e-04
2.458835396148371045e+06 9.795381069842955535e-01 4.684979580149915119e-04
2.458835401162907481e+06 9.798199315516223917e-01 4.687938210400046019e-04
2.458835406177443452e+06 9.800683653189635747e-01 4.690439704641135720e-04
2.458835411191979889e+06 9.802834083324594161e-01 4.689736653483278896e-04
2.458835416206516325e+06 9.804650610872202021e-01 4.689033602325422072e-04
2.458835421221052762e+06 9.806135745245585511e-01 4.688330551167565249e-04
2.458835426235589199e+06 9.807291574012255708e-01 4.687627500009707883e-04
2.458835431250125170e+06 9.808118097110749556e-01 4.688064926455626333e-04
2.458835436264661606e+06 9.808615314694572040e-01 4.688537374602473606e-04
2.458835441279198043e+06 9.809127817591466458e-01 4.689009822749320880e-04
2.458835446293734480e+06 9.810170504383591839e-01 4.689482270896167611e-04
2.458835451308270916e+06 9.811748333892689189e-01 4.689642414785537240e-04
2.458835456322806887e+06 9.813861305897693121e-01 4.689731935651112837e-04
2.458835461337343324e+06 9.816269627981236701e-01 4.689821456525001555e-04
2.458835466351879761e+06 9.818363289422576967e-01 4.689910977398889188e-04
2.458835471366416197e+06 9.820112146859990565e-01 4.690682666530965783e-04
2.458835476380952168e+06 9.821516200179104539e-01 4.691804314374340410e-04
2.458835481395488605e+06 9.822768622537999539e-01 4.692925962321874340e-04
2.458835486410025042e+06 9.824712195921504465e-01 4.694047610269407186e-04
2.458835491424561478e+06 9.827445248836258473e-01 4.694751150926022376e-04
2.458835496439097915e+06 9.830967781282258233e-01 4.695046986172787015e-04
2.458835501453633886e+06 9.835059457101601454e-01 4.695342821392080139e-04
2.458835506468170322e+06 9.837936369884355825e-01 4.695638656638844778e-04
2.458835511482706759e+06 9.839208114787945103e-01 4.695382939173802644e-04
2.458835516497243196e+06 9.838874691812369289e-01 4.694110354900948943e-04
2.458835521511779632e+06 9.837067092436573290e-01 4.692837770628095783e-04
2.458835526526315603e+06 9.836218700255509040e-01 4.691565186473417408e-04
2.458835531540852040e+06 9.837245981817106522e-01 4.691384043080270194e-04
2.458835536555388477e+06 9.840148937287243047e-01 4.695651065657445314e-04
2.458835541569924913e+06 9.844911669378605401e-01 4.699918088234619892e-04
2.458835546584461350e+06 9.850190974411555667e-01 4.704185110811795012e-04
2.458835551598997321e+06 9.855127164240600202e-01 4.708278995712678419e-04
2.458835556613533758e+06 9.859720239782510109e-01 4.708461472544382687e-04
2.458835561628070194e+06 9.863970200562969248e-01 4.708643949376086412e-04
2.458835566642606631e+06 9.867877046581976508e-01 4.708826426207790138e-04
2.458835571657143068e+06 9.871440777839534109e-01 4.709008903039493864e-04
2.458835576671679039e+06 9.874661394052496322e-01 4.709191379854252594e-04
2.458835581686215475e+06 9.877538895819013565e-01 4.709373856685956862e-04
2.458835586700751912e+06 9.880073282824080039e-01 4.709556333517660046e-04
2.458835591715288348e+06 9.882264555067694634e-01 4.709738810349364314e-04
2.458835596729824785e+06 9.884158589957975360e-01 4.709921287181068040e-04
2.458835601744360756e+06 9.885874150076344735e-01 4.710103763995826770e-04
2.458835606758897193e+06 9.887417315738122880e-01 4.710286240827529954e-04
2.458835611773433629e+06 9.888788086775993635e-01 4.710468717659234222e-04
2.458835616787970066e+06 9.889986463189958110e-01 4.710651194490937947e-04
2.458835621802506503e+06 9.891012444980015195e-01 4.710833671322641673e-04
2.458835626817042474e+06 9.891866032074904114e-01 4.711016148137400945e-04
2.458835631831578910e+06 9.892547224633155833e-01 4.711198624969104129e-04
2.458835636846115347e+06 9.893056022567500163e-01 4.711919784525527401e-04
2.458835641860651784e+06 9.893392425877939322e-01 4.713373214704810982e-04
2.458835646875187755e+06 9.893631448136673834e-01 4.714826644749125486e-04
2.458835651889724191e+06 9.894680718274149189e-01 4.716280074928409067e-04
2.458835656904260628e+06 9.896807005823474723e-01 4.717304983666357316e-04
2.458835661918797065e+06 9.900010310784648215e-01 4.717166608011625489e-04
2.458835666933333501e+06 9.904238565158913765e-01 4.717028232356892579e-04
2.458835671947869472e+06 9.907639096652749444e-01 4.716889856715010716e-04
2.458835676962405909e+06 9.909288423374161825e-01 4.716794334455138779e-04
2.458835681976942345e+06 9.909186544926055218e-01 4.717030003323478848e-04
2.458835686991478782e+06 9.907335671936177146e-01 4.717265672191819459e-04
2.458835692006015219e+06 9.905443319330154983e-01 4.717501341060160070e-04
2.458835697020551190e+06 9.904986245926507005e-01 4.717737009906616060e-04
2.458835702035087626e+06 9.905964451640343338e-01 4.717742855771034686e-04
2.458835707049624063e+06 9.908377936580751166e-01 4.717739108386369740e-04
2.458835712064160500e+06 9.911679956210580622e-01 4.717735361001704794e-04
2.458835717078696936e+06 9.915023225362767922e-01 4.717731613617040390e-04
2.458835722093232907e+06 9.918398072285257161e-01 4.719292510919920343e-04
2.458835727107769344e+06 9.921804497604835849e-01 4.721231713087916618e-04
2.458835732122305781e+06 9.924903128192823498e-01 4.723170915255912893e-04
2.458835737136842217e+06 9.926799945360526012e-01 4.725110117423909168e-04
2.458835742151378654e+06 9.927447561827320577e-01 4.724910062455410986e-04
2.458835747165914625e+06 9.926845977707073887e-01 4.723561420477413015e-04
2.458835752180451062e+06 9.925346164521253733e-01 4.722212778374176140e-04
2.458835757194987498e+06 9.924538192830874017e-01 4.720864136270939808e-04
2.458835762209523935e+06 9.924616428072096097e-01 4.720609142405009077e-04
2.458835767224060372e+06 9.925580870244921083e-01 4.721465350385754584e-04
2.458835772238596343e+06 9.927347129866823661e-01 4.722321558286990666e-04
2.458835777253132779e+06 9.929199513905346830e-01 4.723177766267736715e-04
2.458835782267669216e+06 9.930975362596367040e-01 4.723892541635344908e-04
2.458835787282205652e+06 9.932674675939885400e-01 4.724334455421981549e-04
2.458835792296742089e+06 9.934270474881032875e-01 4.724776369208618190e-04
2.458835797311278060e+06 9.935225469672827048e-01 4.725218282954217236e-04
2.458835802325814497e+06 9.935330108954513184e-01 4.725506602644022553e-04
2.458835807340350933e+06 9.934584392597927138e-01 4.725126034938031809e-04
2.458835812354887370e+06 9.932999751172209013e-01 4.724745467232041606e-04
2.458835817369423807e+06 9.931716853439921389e-01 4.724364899526050862e-04
2.458835822383959778e+06 9.931492822554339739e-01 4.724045328861970275e-04
2.458835827398496214e+06 9.932327658473854015e-01 4.725564546261595334e-04
2.458835832413032651e+06 9.934221361268437134e-01 4.727083763661219309e-04
2.458835837427569088e+06 9.936284415304345030e-01 4.728602981060844369e-04
2.458835842442105059e+06 9.937456828461146419e-01 4.730122198319390331e-04
2.458835847456641495e+06 9.937736606461100575e-01 4.729906698581823332e-04
2.458835852471177932e+06 9.937123749153886632e-01 4.729448962525550177e-04
2.458835857485714369e+06 9.935947320081415235e-01 4.728991226469275938e-04
2.458835862500250805e+06 9.934885663094390473e-01 4.728533490413002784e-04
2.458835867514786776e+06 9.933959305904190851e-01 4.729497537052280726e-04
2.458835872529323213e+06 9.933168248338767325e-01 4.731006761393069309e-04
2.458835877543859649e+06 9.932589149699424524e-01 4.732515985733857893e-04
2.458835882558396086e+06 9.932490178124621094e-01 4.734025210074646476e-04
2.458835887572932523e+06 9.932894451731807406e-01 4.733626749350945879e-04
2.458835892587468494e+06 9.933801970413341786e-01 4.731778525733271222e-04
2.458835897602004930e+06 9.935063155967074344e-01 4.729930301943966820e-04
2.458835902616541367e+06 9.935746969055752054e-01 4.728082078154661875e-04
2.458835907631077804e+06 9.935692503824140598e-01 4.726997942578451848e-04
2.458835912645614240e+06 9.934899760272238867e-01 4.726997318014424508e-04
2.458835917660150211e+06 9.933424936883581413e-01 4.726996693450455714e-04
2.458835922674686648e+06 9.931986995827614129e-01 4.726996068886428915e-04
2.458835927689223085e+06 9.930804941549803422e-01 4.726733093737105749e-04
2.458835932703759521e+06 9.929878774050150403e-01 4.725719218133223151e-04
2.458835937718295958e+06 9.929207067006183829e-01 4.724705342529341096e-04
2.458835942732831929e+06 9.928733715173572172e-01 4.723691467019609531e-04
2.458835947747368366e+06 9.928429750868341674e-01 4.722850520763519880e-04
2.458835952761904802e+06 9.928295174142317547e-01 4.723494932018603744e-04
2.458835957776441239e+06 9.928329720350164145e-01 4.724139343273688150e-04
2.458835962790977675e+06 9.928150267121521599e-01 4.724783754528772014e-04
2.458835967805513646e+06 9.927412158722731528e-01 4.725428165724014965e-04
2.458835972820050083e+06 9.926115395016701370e-01 4.724277288360333909e-04
2.458835977834586520e+06 9.924259976046039267e-01 4.723031213758253325e-04
2.458835982849122956e+06 9.922225847476087157e-01 4.721785139156172199e-04
2.458835987863659393e+06 9.920623531609970014e-01 4.720539064554091615e-04
2.458835992878195364e+06 9.919461167605462260e-01 4.720273696504137116e-04
2.458835997892731801e+06 9.918738755246684358e-01 4.720261205224433811e-04
2.458836002907268237e+06 9.918245417565774158e-01 4.720248713944730505e-04
2.458836007921804674e+06 9.917405841097269859e-01 4.720236222665027742e-04
2.458836012936340645e+06 9.916187395785602821e-01 4.719840311743286345e-04
2.458836017950877082e+06 9.914590081404471844e-01 4.719229071789816737e-04
2.458836022965413518e+06 9.912706439061519381e-01 4.718617831836347670e-04
2.458836027979949955e+06 9.910972005411645691e-01 4.718006591882878604e-04
2.458836032994486392e+06 9.909442512683305226e-01 4.717820608819161708e-04
2.458836038009022363e+06 9.908117960989988315e-01 4.718084868750433130e-04
2.458836043023558799e+06 9.906967330679155026e-01 4.718349128706244384e-04
2.458836048038095236e+06 9.905714789988020463e-01 4.718613388662055638e-04
2.458836053052631672e+06 9.904295254382794456e-01 4.719038943502926338e-04
2.458836058067168109e+06 9.902708723863480333e-01 4.719790363356267567e-04
2.458836063081704080e+06 9.900988890944799614e-01 4.720541783139830627e-04
2.458836068096240517e+06 9.899857067985635695e-01 4.721293202993171855e-04
2.458836073110776953e+06 9.899604582575890488e-01 4.721766203375621211e-04
2.458836078125313390e+06 9.900231434715562884e-01 4.720939766468211767e-04
2.458836083139849827e+06 9.901729056649304361e-01 4.720113329560802866e-04
2.458836088154385798e+06 9.903069943687247134e-01 4.719286892730138131e-04
2.458836093168922234e+06 9.903546588287077679e-01 4.718477125882046541e-04
2.458836098183458671e+06 9.903158990284149921e-01 4.718414808279706714e-04
2.458836103197995108e+06 9.901907149678463860e-01 4.718352490677367428e-04
2.458836108212531544e+06 9.900728784136497707e-01 4.718290173075027059e-04
2.458836113227067515e+06 9.900785268105223302e-01 4.718227855478474161e-04
2.458836118241603952e+06 9.902079839801654071e-01 4.721334787026528357e-04
2.458836123256140389e+06 9.904612499278028226e-01 4.724927140036244829e-04
2.458836128270676825e+06 9.907488305941489770e-01 4.728519493045961843e-04
2.458836133285213262e+06 9.908796580288399269e-01 4.732111846055678315e-04
2.458836138299749233e+06 9.908473976563257901e-01 4.730191507304942538e-04
2.458836143314285669e+06 9.906520494706152480e-01 4.726047178653991813e-04
2.458836148328822106e+06 9.903343517606915114e-01 4.721902850003041629e-04
2.458836153343358543e+06 9.900420541103309713e-01 4.717758521352091445e-04
2.458836158357894979e+06 9.897885908264268950e-01 4.716106348777101024e-04
2.458836163372430950e+06 9.895739619271070042e-01 4.716429040103400916e-04
2.458836168386967387e+06 9.893975402640794448e-01 4.716751731459666529e-04
2.458836173401503824e+06 9.892552550519450039e-01 4.717074422815932143e-04
2.458836178416040260e+06 9.891463737332758521e-01 4.717563092152107155e-04
2.458836183430576231e+06 9.890708963135298459e-01 4.718297371060403201e-04
2.458836188445112668e+06 9.890283423546095687e-01 4.719031650036886348e-04
2.458836193459649105e+06 9.890122027172260077e-01 4.719765929013368952e-04
2.458836198474185541e+06 9.890204227763891298e-01 4.719874215284792693e-04
2.458836203488721978e+06 9.890530025320994900e-01 4.718090668970382107e-04
2.458836208503257949e+06 9.891107602961999312e-01 4.716307122821595328e-04
2.458836213517794386e+06 9.892294991159972239e-01 4.714523576507184742e-04
2.458836218532330822e+06 9.894283691122974789e-01 4.713055882657249656e-04
2.458836223546867259e+06 9.897073702851004740e-01 4.714632975869005788e-04
2.458836228561403695e+06 9.900664618275681894e-01 4.716210069080760837e-04
2.458836233575939666e+06 9.903539218177959125e-01 4.717787162146064566e-04
2.458836238590476103e+06 9.904276996929219923e-01 4.719364255357819614e-04
2.458836243605012540e+06 9.902877954163309404e-01 4.719555148595162169e-04
2.458836248619548976e+06 9.899342089880224238e-01 4.719656536132888977e-04
2.458836253634085413e+06 9.895088150748502231e-01 4.719757923670615785e-04
2.458836258648621384e+06 9.892479539936132049e-01 4.719859311198926839e-04
2.458836263663157821e+06 9.891552601955332369e-01 4.718419767948620882e-04
2.458836268677694257e+06 9.892307337126426958e-01 4.716557457269896230e-04
2.458836273692230694e+06 9.894184695715457778e-01 4.714695146591171577e-04
2.458836278706767131e+06 9.895604970138591749e-01 4.712832835912446924e-04
2.458836283721303102e+06 9.896472503873978699e-01 4.713052633633360643e-04
2.458836288735839538e+06 9.896787297082743073e-01 4.714494890376945413e-04
2.458836293750375975e+06 9.896731673089435022e-01 4.715937147120529641e-04
2.458836298764912412e+06 9.897197419058368917e-01 4.717379403864114412e-04
2.458836303779448848e+06 9.898303901925971093e-01 4.718447255938158975e-04
2.458836308793984819e+06 9.900051121500242912e-01 4.719102006990080040e-04
2.458836313808521256e+06 9.902366935445430229e-01 4.719756758102803163e-04
2.458836318823057692e+06 9.904578025504252592e-01 4.720411509215525743e-04
2.458836323837594129e+06 9.906519494101115875e-01 4.721638051978237802e-04
2.458836328852130566e+06 9.908191341236020078e-01 4.724075238895552643e-04
2.458836333866666537e+06 9.909587741673593353e-01 4.726512425586544075e-04
2.458836338881202973e+06 9.910574229470043850e-01 4.728949612503857832e-04
2.458836343895739410e+06 9.911094563459798001e-01 4.730504437374628227e-04
2.458836348910275847e+06 9.911148743642854697e-01 4.727631096769392563e-04
2.458836353924812283e+06 9.910740815622790523e-01 4.724757756164157441e-04
2.458836358939348254e+06 9.910466426226748338e-01 4.721884415825747185e-04
2.458836363953884691e+06 9.910751194219071802e-01 4.719041332074208834e-04
2.458836368968421128e+06 9.911595119651204211e-01 4.718795739696430539e-04
2.458836373982957564e+06 9.912998202523143343e-01 4.718550147318651159e-04
2.458836378997493535e+06 9.914517391883584940e-01 4.718304554963678515e-04
2.458836384012029972e+06 9.915582604067388894e-01 4.718058962585900220e-04
2.458836389026566409e+06 9.916191640558522646e-01 4.719068292246714224e-04
2.458836394041102845e+06 9.916344501356987307e-01 4.720287232630795689e-04
2.458836399055639282e+06 9.916208919164737345e-01 4.721506173014876611e-04
2.458836404070175253e+06 9.916155766535489358e-01 4.722725113285764116e-04
2.458836409084711690e+06 9.916198456295616248e-01 4.722738950813918681e-04
2.458836414099248126e+06 9.916336988454506063e-01 4.722241798026194457e-04
2.458836419113784563e+06 9.916832507786006445e-01 4.721744645238470776e-04
2.458836424128320999e+06 9.918667208221823017e-01 4.721247492450746553e-04
2.458836429142856970e+06 9.921935168346273093e-01 4.722627590813123868e-04
2.458836434157393407e+06 9.926636388766301167e-01 4.725558599347784872e-04
2.458836439171929844e+06 9.932423838438884101e-01 4.728489607882446419e-04
2.458836444186466280e+06 9.936946591220451319e-01 4.731420616417107423e-04
2.458836449201002717e+06 9.939764339304654195e-01 4.733454233558409053e-04
2.458836454215538688e+06 9.940877082667324283e-01 4.734101559168346282e-04
2.458836459230075125e+06 9.940418342621644143e-01 4.734748884838396558e-04
2.458836464244611561e+06 9.940307318960912575e-01 4.735396210508446293e-04
2.458836469259147998e+06 9.941171697284680864e-01 4.736242823396387197e-04
2.458836474273684435e+06 9.943011477592951231e-01 4.737726370584887151e-04
2.458836479288220406e+06 9.945801309167793258e-01 4.739209917635620788e-04
2.458836484302756842e+06 9.948298980614731502e-01 4.740693464824120742e-04
2.458836489317293279e+06 9.949816056165952105e-01 4.741874251719643591e-04
2.458836494331829716e+06 9.950352535821452848e-01 4.739739700969753354e-04
2.458836499346366152e+06 9.949908466766841375e-01 4.737605150219863118e-04
2.458836504360902123e+06 9.949665207586689819e-01 4.735470599668192143e-04
2.458836509375438560e+06 9.950774580843362305e-01 4.733336048918301907e-04
2.458836514389974996e+06 9.953236586622244975e-01 4.736048991159661154e-04
2.458836519404511433e+06 9.957051224923343380e-01 4.739132184867742058e-04
2.458836524419047870e+06 9.961022443060409959e-01 4.742215378575823505e-04
2.458836529433583841e+06 9.963085032476960423e-01 4.745298571997592094e-04
2.458836534448120277e+06 9.963202742524377431e-01 4.743876718495521711e-04
2.458836539462656714e+06 9.961375572920819765e-01 4.741142447742362339e-04
2.458836544477193151e+06 9.958510893091495619e-01 4.738408176989202967e-04
2.458836549491729122e+06 9.957264621060175624e-01 4.735673906489954528e-04
2.458836554506265558e+06 9.957808101576260951e-01 4.734646788717768195e-04
2.458836559520801995e+06 9.960141334838585880e-01 4.734667052341586923e-04
2.458836564535338432e+06 9.963967630423753441e-01 4.734687315965405109e-04
2.458836569549874868e+06 9.967778141850244245e-01 4.734707579589223837e-04
2.458836574564410839e+06 9.971361767068561699e-01 4.735465611236441136e-04
2.458836579578947276e+06 9.974718506744274515e-01 4.737072058520028391e-04
2.458836584593483713e+06 9.977825878474601007e-01 4.738678505803616187e-04
2.458836589608020149e+06 9.980463408560240612e-01 4.740284953087203442e-04
2.458836594622556586e+06 9.982575069501791187e-01 4.741921328032435703e-04
2.458836599637092557e+06 9.984160861176410995e-01 4.743624166196728251e-04
2.458836604651628993e+06 9.985238483777149066e-01 4.745327004519149516e-04
2.458836609666165430e+06 9.986249940521955137e-01 4.747029842841571866e-04
2.458836614680701867e+06 9.987386684641069712e-01 4.748487238920220000e-04
2.458836619695238303e+06 9.988648716134495009e-01 4.748615135690863794e-04
2.458836624709774274e+06 9.990034252393095171e-01 4.748743032449631780e-04
2.458836629724310711e+06 9.991212364614108221e-01 4.748870929220276658e-04
2.458836634738847148e+06 9.991937577227795186e-01 4.748997781067052426e-04
2.458836639753383584e+06 9.992209890234152736e-01 4.748256632135987396e-04
2.458836644767920021e+06 9.992029303633187531e-01 4.747515483204921825e-04
2.458836649782455992e+06 9.991561300105153975e-01 4.746774334342680865e-04
2.458836654796992429e+06 9.991027021045291168e-01 4.746033185411615294e-04
2.458836659811528865e+06 9.990427589772299388e-01 4.745471511711154698e-04
2.458836664826065302e+06 9.989763006286176417e-01 4.744942367472104326e-04
2.458836669840601739e+06 9.989310631793599793e-01 4.744413223233053412e-04
2.458836674855137710e+06 9.989705597828718586e-01 4.743884079043140167e-04
2.458836679869674146e+06 9.990972863640726898e-01 4.745021160143235461e-04
2.458836684884210583e+06 9.993112429233445004e-01 4.746900125312617240e-04
2.458836689898747019e+06 9.995823799428373846e-01 4.748779090481998477e-04
2.458836694913283456e+06 9.997934597344894092e-01 4.750658055651379714e-04
2.458836699927819427e+06 9.999326664115921748e-01 4.751462720739325235e-04
2.458836704942355864e+06 1.000000000000000000e+00 4.751342179949464705e-04
2.458836709956892300e+06 9.999979255214436202e-01 4.751221639159604175e-04
2.458836714971428737e+06 9.999438827290552112e-01 4.751101098369743102e-04
2.458836719985965174e+06 9.998412696411694833e-01 4.751326182639425554e-04
2.458836725000501145e+06 9.996900862740809579e-01 4.752108899629751125e-04
2.458836730015037581e+06 9.994974623351057241e-01 4.752891616692761609e-04
2.458836735029574018e+06 9.993723226519506397e-01 4.753674333755772093e-04
2.458836740044110455e+06 9.993515753264645696e-01 4.753997408316648870e-04
2.458836745058646426e+06 9.994352203460332706e-01 4.752764172778474287e-04
2.458836750073182862e+06 9.996205986386631492e-01 4.751530937125778139e-04
2.458836755087719299e+06 9.997606209789742238e-01 4.750297701473082533e-04
2.458836760102255736e+06 9.997708087012633360e-01 4.749073344633304022e-04
2.458836765116792172e+06 9.996511618055309301e-01 4.747961135564372965e-04
2.458836770131328143e+06 9.994016803209722077e-01 4.746848926598723007e-04
2.458836775145864580e+06 9.991356085482338001e-01 4.745736717529791949e-04
2.458836780160401016e+06 9.989679924676918565e-01 4.744624508460860350e-04
2.458836785174937453e+06 9.988988338671740408e-01 4.745815981074717684e-04
2.458836790189473890e+06 9.989281327466806859e-01 4.747211256269073115e-04
2.458836795204009861e+06 9.990077479246585179e-01 4.748606531333860424e-04
2.458836800218546297e+06 9.990515308561747077e-01 4.750001806528215856e-04
2.458836805233082734e+06 9.990577711077347489e-01 4.750068454101115303e-04
2.458836810247619171e+06 9.990264686793384197e-01 4.749724874712949840e-04
2.458836815262155607e+06 9.989455468860500842e-01 4.749381295324784920e-04
2.458836820276691578e+06 9.987783835587235037e-01 4.749037715968525359e-04
2.458836825291228015e+06 9.985224662905287651e-01 4.747234358668156505e-04
2.458836830305764452e+06 9.981777950928678589e-01 4.744495508392916573e-04
2.458836835320300888e+06 9.977712586874777356e-01 4.741756658117677724e-04
2.458836840334837325e+06 9.974451036435427742e-01 4.739017807842438334e-04
2.458836845349373296e+06 9.972201180613566862e-01 4.738389498238405363e-04
2.458836850363909733e+06 9.970963018991338966e-01 4.740291225072030016e-04
2.458836855378446169e+06 9.970650856445377741e-01 4.742192951905654127e-04
2.458836860392982606e+06 9.970380640745856171e-01 4.744094678739278780e-04
2.458836865407519042e+06 9.969919309539275742e-01 4.744668724879155136e-04
2.458836870422055013e+06 9.969266862895106440e-01 4.742147223091311100e-04
2.458836875436591450e+06 9.968400577592244627e-01 4.739625721069313548e-04
2.458836880451127887e+06 9.966704366903941237e-01 4.737104219047316538e-04
2.458836885465664323e+06 9.963901855555035159e-01 4.734839371080130617e-04
2.458836890480200760e+06 9.959993043545531943e-01 4.734081567252411069e-04
2.458836895494736731e+06 9.954983552944682845e-01 4.733323763495062204e-04
2.458836900509273168e+06 9.950235604430316405e-01 4.732565959667342113e-04
2.458836905523809604e+06 9.946798575368447359e-01 4.731808155839622564e-04
2.458836910538346041e+06 9.944672465759073487e-01 4.731259185396597734e-04
2.458836915552882012e+06 9.943857275617025149e-01 4.730712137134767499e-04
2.458836920567418449e+06 9.943283554641163535e-01 4.730165088822138055e-04
2.458836925581954885e+06 9.941467514647480685e-01 4.729618040509508069e-04
2.458836930596491322e+06 9.938399581000835203e-01 4.727813156917739091e-04
2.458836935611027759e+06 9.934079753701227089e-01 4.725761951373925692e-04
2.458836940625563730e+06 9.929074870572568434e-01 4.723710746020591978e-04
2.458836945640100166e+06 9.924729223059352012e-01 4.721659540476779121e-04
2.458836950654636603e+06 9.921100011444637934e-01 4.720646715645777773e-04
2.458836955669173039e+06 9.918187235728423978e-01 4.720118959432207544e-04
2.458836960683709476e+06 9.915812512725503680e-01 4.719591203218637858e-04
2.458836965698245447e+06 9.913253690676882002e-01 4.719063447054076821e-04
2.458836970712781884e+06 9.910434269335703927e-01 4.718806921113215844e-04
2.458836975727318320e+06 9.907354248927486839e-01 4.718793874674274188e-04
2.458836980741854757e+06 9.904090257486803939e-01 4.718780828235332532e-04
2.458836985756391194e+06 9.901208903481981682e-01 4.718767781796390877e-04
2.458836990770927165e+06 9.898824992162877923e-01 4.718265868074554429e-04
2.458836995785463601e+06 9.896938523086743489e-01 4.716939780890559535e-04
2.458837000800000038e+06 9.895507376809374867e-01 4.715613693706564640e-04
