2.458986000000000000e+06 9.932676016938599695e-01 5.279586209157719531e-04
2.458986005014536437e+06 9.934973274023343182e-01 5.278288852613538485e-04
2.458986010029072873e+06 9.935973841219538638e-01 5.276991496069355272e-04
2.458986015043608844e+06 9.935517073603129523e-01 5.274520966233502486e-04
2.458986020058145281e+06 9.933602971089283695e-01 5.271285075721969179e-04
2.458986025072681718e+06 9.930557293202262326e-01 5.268049185210434788e-04
2.458986030087218154e+06 9.928131656982530640e-01 5.264813294698901481e-04
2.458986035101754591e+06 9.926586601179383518e-01 5.262661478954476849e-04
2.458986040116290562e+06 9.925922125813645414e-01 5.261831393088515097e-04
2.458986045130826999e+06 9.926028669763128365e-01 5.261001307145470908e-04
2.458986050145363435e+06 9.925752266064835627e-01 5.260171221202426719e-04
2.458986055159899872e+06 9.924784177585219691e-01 5.259460340831128601e-04
2.458986060174436308e+06 9.923124404324279446e-01 5.259032935478108245e-04
2.458986065188972279e+06 9.920817716723540070e-01 5.258605530164776193e-04
2.458986070203508716e+06 9.919119600872642328e-01 5.258178124811754752e-04
2.458986075218045153e+06 9.918601165456076840e-01 5.257502975829652812e-04
2.458986080232581589e+06 9.919262410473848046e-01 5.255324139181133218e-04
2.458986085247118026e+06 9.921096815281774672e-01 5.253145302532613624e-04
2.458986090261653997e+06 9.922330302782721434e-01 5.250966466086425671e-04
2.458986095276190434e+06 9.921575737922863070e-01 5.248787629437906077e-04
2.458986100290726870e+06 9.918833120495346156e-01 5.244639638056540704e-04
2.458986105305263307e+06 9.914102450500172914e-01 5.240465455975407963e-04
2.458986110319799278e+06 9.908985151934579516e-01 5.236291274281898098e-04
2.458986115334335715e+06 9.905735211906439019e-01 5.232117092200764272e-04
2.458986120348872151e+06 9.904368454368994712e-01 5.230068259546577633e-04
2.458986125363408588e+06 9.904884879322246594e-01 5.228447675164957361e-04
2.458986130377945025e+06 9.906305774206479731e-01 5.226827090783339258e-04
2.458986135392480996e+06 9.906279040650394219e-01 5.225206506552210585e-04
2.458986140407017432e+06 9.904701625792169395e-01 5.225686500682511296e-04
2.458986145421553869e+06 9.901573529562288645e-01 5.227165403767860706e-04
2.458986150436090305e+06 9.897440645500000800e-01 5.228644306853209031e-04
2.458986155450626742e+06 9.894543735455082478e-01 5.230123209938558441e-04
2.458986160465162713e+06 9.893124552636148872e-01 5.228745618021051573e-04
2.458986165479699150e+06 9.893183096779623042e-01 5.224764233763714129e-04
2.458986170494235586e+06 9.894520255036872713e-01 5.220782849506375601e-04
2.458986175508772023e+06 9.895639411901195892e-01 5.216801465249038157e-04
2.458986180523308460e+06 9.896232976646679447e-01 5.214006256844934623e-04
2.458986185537844431e+06 9.896300949291416682e-01 5.213243261286386191e-04
2.458986190552380867e+06 9.895896244596222857e-01 5.212480265656984062e-04
2.458986195566917304e+06 9.895900068502767599e-01 5.211717270027580850e-04
2.458986200581453741e+06 9.896625702313367468e-01 5.211124795641701750e-04
2.458986205595990177e+06 9.898073146028024683e-01 5.211158688038128014e-04
2.458986210610526148e+06 9.900231274948406712e-01 5.211192580431409007e-04
2.458986215625062585e+06 9.902364221694038848e-01 5.211226472827835271e-04
2.458986220639599022e+06 9.904028271831585295e-01 5.211152425160934165e-04
2.458986225654135458e+06 9.905223425361046052e-01 5.209369323960381460e-04
2.458986230668671895e+06 9.905949682282423341e-01 5.207586222759828755e-04
2.458986235683207866e+06 9.905629156858252182e-01 5.205803121724858658e-04
2.458986240697744302e+06 9.903641681220956006e-01 5.204020020524305953e-04
2.458986245712280739e+06 9.899987063719459801e-01 5.201244773590310566e-04
2.458986250726817176e+06 9.894665304353763569e-01 5.198365170087746335e-04
2.458986255741353612e+06 9.888996583503885107e-01 5.195485566585182104e-04
2.458986260755889583e+06 9.885458935436663985e-01 5.192605963350024412e-04
2.458986265770426020e+06 9.884109697095293523e-01 5.191015672129946747e-04
2.458986270784962457e+06 9.884948868909902986e-01 5.189854579771741071e-04
2.458986275799498893e+06 9.887456833645285048e-01 5.188693487413537564e-04
2.458986280814034864e+06 9.889981180527243065e-01 5.187532395163154710e-04
2.458986285828571301e+06 9.892399192999545843e-01 5.184458668752019118e-04
2.458986290843107738e+06 9.894710870822840398e-01 5.180086688613905676e-04
2.458986295857644174e+06 9.896749686939274593e-01 5.175714708475793319e-04
2.458986300872180611e+06 9.897586504179800571e-01 5.171342728337680961e-04
2.458986305886716582e+06 9.897077578906045003e-01 5.167139913109984823e-04
2.458986310901253019e+06 9.895222911023484613e-01 5.163151444875329872e-04
2.458986315915789455e+06 9.892250421766838331e-01 5.159162976640673838e-04
2.458986320930325892e+06 9.890679322411020102e-01 5.155174508406018888e-04
2.458986325944862328e+06 9.891206610454962300e-01 5.151430598191350215e-04
2.458986330959398299e+06 9.893832285557406792e-01 5.148295690786290147e-04
2.458986335973934736e+06 9.898467077978632123e-01 5.145160783090117458e-04
2.458986340988471173e+06 9.902396918635307799e-01 5.142025875393943686e-04
2.458986346003007609e+06 9.904346603075918631e-01 5.138676987782315585e-04
2.458986351017544046e+06 9.904316131300463510e-01 5.133920245611396822e-04
2.458986356032080017e+06 9.902311829584876657e-01 5.129163503882200456e-04
2.458986361046616454e+06 9.900670847310422129e-01 5.124406761711281693e-04
2.458986366061152890e+06 9.901286274497361761e-01 5.119650019540364014e-04
2.458986371075689327e+06 9.904158111145697774e-01 5.116772579884065579e-04
2.458986376090225764e+06 9.909286357255426836e-01 5.113938675617693465e-04
2.458986381104761735e+06 9.914714965030396732e-01 5.111104771614484324e-04
2.458986386119298171e+06 9.917595095467461874e-01 5.108270867348112211e-04
2.458986391133834608e+06 9.917902636590024690e-01 5.103860261100975253e-04
2.458986396148371045e+06 9.915637588398081848e-01 5.099110047489497591e-04
2.458986401162907481e+06 9.911998916111592894e-01 5.094359833878018846e-04
2.458986406177443452e+06 9.909962619605683365e-01 5.089609620707655343e-04
2.458986411191979889e+06 9.909668440240342324e-01 5.086917590091508037e-04
2.458986416206516325e+06 9.911116378285556028e-01 5.085247556222544357e-04
2.458986421221052762e+06 9.914070167409092527e-01 5.083577522353580676e-04
2.458986426235589199e+06 9.917526039984597697e-01 5.081907488484618081e-04
2.458986431250125170e+06 9.921370759360941260e-01 5.080781524434719318e-04
2.458986436264661606e+06 9.925604326252179810e-01 5.080170766810015396e-04
2.458986441279198043e+06 9.929996475108170406e-01 5.079560009185309305e-04
2.458986446293734480e+06 9.932742833009290395e-01 5.078949251560604299e-04
2.458986451308270916e+06 9.933459134973863236e-01 5.077810542283621529e-04
2.458986456322806887e+06 9.932145381218142610e-01 5.075729354964726844e-04
2.458986461337343324e+06 9.928944380543383019e-01 5.073648167452568785e-04
2.458986466351879761e+06 9.926383121983413105e-01 5.071566979940409642e-04
2.458986471366416197e+06 9.925389611574924054e-01 5.070262764151305243e-04
2.458986476380952168e+06 9.925963849191801192e-01 5.071981552904157716e-04
2.458986481395488605e+06 9.928094058801575361e-01 5.073700341816622097e-04
2.458986486410025042e+06 9.930890525753187648e-01 5.075419130729086478e-04
2.458986491424561478e+06 9.933798588902046367e-01 5.077026544253952344e-04
2.458986496439097915e+06 9.936818248248155960e-01 5.076512880017956114e-04
2.458986501453633886e+06 9.939949503495556504e-01 5.075999215829659359e-04
2.458986506468170322e+06 9.942869003465620859e-01 5.075485551593662045e-04
2.458986511482706759e+06 9.945216701683522453e-01 5.074971887357665815e-04
2.458986516497243196e+06 9.946992341518304803e-01 5.076470144992945195e-04
2.458986521511779632e+06 9.948195922969971239e-01 5.078203657611991871e-04
2.458986526526315603e+06 9.949015177415548861e-01 5.079937170070061630e-04
2.458986531540852040e+06 9.949814179064511155e-01 5.081670682689108307e-04
2.458986536555388477e+06 9.950602218491452211e-01 5.083552048494479995e-04
2.458986541569924913e+06 9.951379295696368699e-01 5.085485165133784517e-04
2.458986546584461350e+06 9.952250886621843984e-01 5.087418281773089038e-04
2.458986551598997321e+06 9.953563636843341111e-01 5.089351398232880037e-04
2.458986556613533758e+06 9.955344689852784201e-01 5.092443021917352364e-04
2.458986561628070194e+06 9.957594045550011153e-01 5.096352592837635493e-04
2.458986566642606631e+06 9.960206776950477625e-01 5.100262163757917537e-04
2.458986571657143068e+06 9.962575130241800858e-01 5.104171734678200666e-04
2.458986576671679039e+06 9.964601362711493771e-01 5.108807926252383535e-04
2.458986581686215475e+06 9.966285474735874228e-01 5.114401143610651556e-04
2.458986586700751912e+06 9.967626217402509869e-01 5.119994360968919576e-04
2.458986591715288348e+06 9.968609090623004043e-01 5.125587578327186512e-04
2.458986596729824785e+06 9.969229946469408965e-01 5.130934088505467901e-04
2.458986601744360756e+06 9.969488784934495973e-01 5.135636657757706438e-04
2.458986606758897193e+06 9.969406909954359186e-01 5.140339227446635590e-04
2.458986611773433629e+06 9.969689217829841299e-01 5.145041797135565826e-04
2.458986616787970066e+06 9.970677816505957303e-01 5.149898460847065129e-04
2.458986621802506503e+06 9.972372705982710528e-01 5.155859771830370065e-04
2.458986626817042474e+06 9.974772359293760937e-01 5.161821082260095468e-04
2.458986631831578910e+06 9.977062573231257891e-01 5.167782393243400404e-04
2.458986636846115347e+06 9.978559880927534431e-01 5.173743704226706425e-04
2.458986641860651784e+06 9.979264282382590556e-01 5.178313331226687280e-04
2.458986646875187755e+06 9.979175777641460243e-01 5.182836715195856224e-04
2.458986651889724191e+06 9.978757624011290739e-01 5.187360099585076531e-04
2.458986656904260628e+06 9.978707812710934100e-01 5.191883483974297922e-04
2.458986661918797065e+06 9.979033340933916030e-01 5.196332650503321902e-04
2.458986666933333501e+06 9.979734208680239860e-01 5.200764775456224705e-04
2.458986671947869472e+06 9.980695175737355207e-01 5.205196899997548100e-04
2.458986676962405909e+06 9.981620803577474499e-01 5.209629024950450903e-04
2.458986681976942345e+06 9.982496260915640907e-01 5.213891338284614742e-04
2.458986686991478782e+06 9.983321547751853320e-01 5.218065658802497611e-04
2.458986692006015219e+06 9.984217625210685121e-01 5.222239979320380480e-04
2.458986697020551190e+06 9.985716529852474155e-01 5.226414299450627462e-04
2.458986702035087626e+06 9.987880968552017569e-01 5.230486878223775289e-04
2.458986707049624063e+06 9.990710941201027540e-01 5.234459372405837405e-04
2.458986712064160500e+06 9.993986779086975192e-01 5.238431866587898436e-04
2.458986717078696936e+06 9.995912653224160449e-01 5.242404360769960551e-04
2.458986722093232907e+06 9.996092400726982463e-01 5.245356130074682642e-04
2.458986727107769344e+06 9.994526021628823420e-01 5.246408322182235249e-04
2.458986732122305781e+06 9.991335143035445787e-01 5.247460514289788939e-04
2.458986737136842217e+06 9.988811141867628418e-01 5.248512706397342629e-04
2.458986742151378654e+06 9.987823203989515397e-01 5.250038239260782034e-04
2.458986747165914625e+06 9.988371329278886712e-01 5.253518459907105011e-04
2.458986752180451062e+06 9.990440672834138836e-01 5.256998680876610224e-04
2.458986757194987498e+06 9.992736257441998671e-01 5.260478901846114353e-04
2.458986762209523935e+06 9.994423248484788358e-01 5.263898925875738852e-04
2.458986767224060372e+06 9.995501645962509008e-01 5.265888020439031146e-04
2.458986772238596343e+06 9.995971449859787361e-01 5.267877114817612252e-04
2.458986777253132779e+06 9.996261310606986417e-01 5.269866209380905629e-04
2.458986782267669216e+06 9.996866236671756445e-01 5.271855303944197923e-04
2.458986787282205652e+06 9.997786857968311569e-01 5.273445381894485305e-04
2.458986792296742089e+06 9.999023174496654010e-01 5.274984013178361103e-04
2.458986797311278060e+06 1.000000000000000000e+00 5.276522644319358571e-04
2.458986802325814497e+06 9.999564938045009121e-01 5.278061275603234369e-04
2.458986807340350933e+06 9.997685720426160438e-01 5.279904407408899563e-04
2.458986812354887370e+06 9.994362347143447289e-01 5.281859470675545057e-04
2.458986817369423807e+06 9.990387230671691210e-01 5.283814533942189466e-04
2.458986822383959778e+06 9.988452199287174427e-01 5.285769597027283138e-04
2.458986827398496214e+06 9.988779194901966640e-01 5.286972074258131354e-04
2.458986832413032651e+06 9.991368217800787876e-01 5.287622002557964326e-04
2.458986837427569088e+06 9.995687210918313692e-01 5.288271930857798382e-04
2.458986842442105059e+06 9.998535459018469407e-01 5.288921859097278156e-04
2.458986847456641495e+06 9.999378112236206873e-01 5.288717680323080927e-04
2.458986852471177932e+06 9.998215170213906600e-01 5.287343927195199862e-04
2.458986857485714369e+06 9.995218176804645527e-01 5.285970174067318797e-04
2.458986862500250805e+06 9.992482366464628951e-01 5.284596420939436648e-04
2.458986867514786776e+06 9.990627345893527966e-01 5.283349138450490990e-04
2.458986872529323213e+06 9.989653114746818163e-01 5.282448211980577757e-04
2.458986877543859649e+06 9.989538177434367228e-01 5.281547285510664524e-04
2.458986882558396086e+06 9.989505205280563294e-01 5.280646359040752375e-04
2.458986887572932523e+06 9.989164477241002649e-01 5.279525523195343359e-04
2.458986892587468494e+06 9.988515993390196801e-01 5.276676756735950921e-04
2.458986897602004930e+06 9.987559516874523480e-01 5.273827990012016406e-04
2.458986902616541367e+06 9.986095534727358336e-01 5.270979223288080806e-04
2.458986907631077804e+06 9.983950415715476812e-01 5.268130456564146290e-04
2.458986912645614240e+06 9.981124159838881127e-01 5.263730114982541819e-04
2.458986917660150211e+06 9.977616767454902114e-01 5.259262292408728315e-04
2.458986922674686648e+06 9.973929335074319669e-01 5.254794469420022082e-04
2.458986927689223085e+06 9.970842756825781805e-01 5.250326646431315849e-04
2.458986932703759521e+06 9.968366169739889537e-01 5.246170640660283158e-04
2.458986937718295958e+06 9.966499573816642865e-01 5.242090774535889883e-04
2.458986942732831929e+06 9.964952176141240736e-01 5.238010908790363468e-04
2.458986947747368366e+06 9.962953956385938170e-01 5.233931042665971277e-04
2.458986952761904802e+06 9.960463682683770026e-01 5.229414569004317342e-04
2.458986957776441239e+06 9.957481355034739634e-01 5.224662133259389126e-04
2.458986962790977675e+06 9.954141938711690285e-01 5.219909697514461995e-04
2.458986967805513646e+06 9.951060201347577960e-01 5.215157262210857190e-04
2.458986972820050083e+06 9.948311784601598928e-01 5.210680448637372564e-04
2.458986977834586520e+06 9.945896688775401895e-01 5.206485292819284724e-04
2.458986982849122956e+06 9.943703635986882450e-01 5.202290137001195800e-04
2.458986987863659393e+06 9.940782822799340002e-01 5.198094981183106877e-04
2.458986992878195364e+06 9.936917270383356371e-01 5.193624581226688073e-04
2.458986997892731801e+06 9.932106978021006949e-01 5.188619897294309167e-04
2.458987002907268237e+06 9.926459659465671770e-01 5.183615213361930261e-04
2.458987007921804674e+06 9.922140492806560408e-01 5.178610529429550271e-04
2.458987012936340645e+06 9.919997803782618639e-01 5.174253595688332180e-04
2.458987017950877082e+06 9.920031591995890352e-01 5.172742189441164934e-04
2.458987022965413518e+06 9.922217568495925732e-01 5.171230783193997687e-04
2.458987027979949955e+06 9.924077997897846615e-01 5.169719376946832609e-04
2.458987032994486392e+06 9.923960728327468894e-01 5.168098531006283525e-04
2.458987038009022363e+06 9.921865760071165719e-01 5.163039536374736420e-04
2.458987043023558799e+06 9.917793092739846106e-01 5.157980541273398008e-04
2.458987048038095236e+06 9.912311327641187830e-01 5.152921546172061764e-04
2.458987053052631672e+06 9.906101182872613098e-01 5.147862551070723353e-04
2.458987058067168109e+06 9.899164007094780615e-01 5.143317200870227033e-04
2.458987063081704080e+06 9.891499801053158514e-01 5.138844377879905802e-04
2.458987068096240517e+06 9.884229657846711481e-01 5.134371554474228888e-04
2.458987073110776953e+06 9.879673880991045598e-01 5.129898731068550889e-04
2.458987078125313390e+06 9.877903435358100781e-01 5.127595116290926090e-04
2.458987083139849827e+06 9.878918320947874809e-01 5.126128020245621780e-04
2.458987088154385798e+06 9.881603973301474886e-01 5.124660924336556147e-04
2.458987093168922234e+06 9.882046252808154296e-01 5.123193828291252921e-04
2.458987098183458671e+06 9.879905761907494810e-01 5.120242160485857352e-04
2.458987103197995108e+06 9.875182500599496427e-01 5.116157293844629701e-04
2.458987108212531544e+06 9.868424567263590630e-01 5.112072427203403135e-04
2.458987113227067515e+06 9.863058142176592824e-01 5.107987560941506383e-04
2.458987118241603952e+06 9.859677816767027370e-01 5.105081174679709094e-04
2.458987123256140389e+06 9.858283591625447428e-01 5.103852992183730876e-04
2.458987128270676825e+06 9.858720647849855689e-01 5.102624809687751574e-04
2.458987133285213262e+06 9.858997483146653140e-01 5.101396627191773355e-04
2.458987138299749233e+06 9.858505371049800514e-01 5.099987749647974175e-04
2.458987143314285669e+06 9.857244311467898701e-01 5.098059078085358112e-04
2.458987148328822106e+06 9.855219156248280488e-01 5.096130406522740965e-04
2.458987153343358543e+06 9.852622557477154208e-01 5.094201734960123818e-04
2.458987158357894979e+06 9.849554301867893269e-01 5.092242607063761535e-04
2.458987163372430950e+06 9.846014389771121644e-01 5.090019321973769358e-04
2.458987168386967387e+06 9.842003041343422298e-01 5.087796036677316898e-04
2.458987173401503824e+06 9.837861199123557610e-01 5.085572751380864438e-04
2.458987178416040260e+06 9.833896610608681144e-01 5.083349466084411978e-04
2.458987183430576231e+06 9.830109276142262598e-01 5.081672323584545412e-04
2.458987188445112668e+06 9.826499195020903521e-01 5.080024653324236548e-04
2.458987193459649105e+06 9.823247126181366973e-01 5.078376983063925517e-04
2.458987198474185541e+06 9.820644357925455425e-01 5.076729312803615569e-04
2.458987203488721978e+06 9.818694819416556863e-01 5.076420702949411895e-04
2.458987208503257949e+06 9.817398510744722584e-01 5.076459040241586285e-04
2.458987213517794386e+06 9.816465939129924712e-01 5.076497377537321195e-04
2.458987218532330822e+06 9.815105273745146075e-01 5.076535714833056104e-04
2.458987223546867259e+06 9.813271384088533278e-01 5.075178246658326644e-04
2.458987228561403695e+06 9.810964270160085210e-01 5.073034414016476187e-04
2.458987233575939666e+06 9.808345337517444529e-01 5.070890581573708018e-04
2.458987238590476103e+06 9.806176201648041379e-01 5.068746748931858646e-04
2.458987243605012540e+06 9.804554620851742008e-01 5.067090454293722221e-04
2.458987248619548976e+06 9.803480595128545305e-01 5.065951725513245579e-04
2.458987253634085413e+06 9.802819359559016288e-01 5.064812996732767853e-04
2.458987258648621384e+06 9.801368988712746422e-01 5.063674268058035617e-04
2.458987263663157821e+06 9.798845222029393121e-01 5.062456444548705473e-04
2.458987268677694257e+06 9.795248059593802958e-01 5.061078385481725204e-04
2.458987273692230694e+06 9.790686931669240201e-01 5.059700326414743850e-04
2.458987278706767131e+06 9.787514361394492601e-01 5.058322267347762496e-04
2.458987283721303102e+06 9.786682366980051784e-01 5.056966345388424003e-04
2.458987288735839538e+06 9.788190948271399128e-01 5.055714132658977551e-04
2.458987293750375975e+06 9.792018874701367004e-01 5.054461919929531099e-04
2.458987298764912412e+06 9.795594927355026904e-01 5.053209707200085731e-04
2.458987303779448848e+06 9.797145347295076467e-01 5.051929705345372962e-04
2.458987308793984819e+06 9.796670134659695162e-01 5.049374441537081773e-04
2.458987313808521256e+06 9.794169289360625807e-01 5.046819177491502096e-04
2.458987318823057692e+06 9.791096687771317919e-01 5.044263913445924587e-04
2.458987323837594129e+06 9.789256063469823355e-01 5.041708649400344910e-04
2.458987328852130566e+06 9.788652525690607620e-01 5.038012170400236588e-04
2.458987333866666537e+06 9.789286074317398167e-01 5.034140242966879137e-04
2.458987338881202973e+06 9.790536003883442140e-01 5.030268315173964467e-04
2.458987343895739410e+06 9.791075312950388021e-01 5.026396387381050880e-04
2.458987348910275847e+06 9.790859854120922412e-01 5.023598956061807626e-04
2.458987353924812283e+06 9.789889627395046423e-01 5.021235795200346521e-04
2.458987358939348254e+06 9.788457242978005901e-01 5.018872634558333356e-04
2.458987363953884691e+06 9.787625212453083812e-01 5.016509473696873335e-04
2.458987368968421128e+06 9.787490314673924496e-01 5.014193248167793946e-04
2.458987373982957564e+06 9.788052549640525735e-01 5.011914262671174217e-04
2.458987378997493535e+06 9.789163882933709093e-01 5.009635277386187500e-04
2.458987384012029972e+06 9.789862253360752664e-01 5.007356291889567771e-04
2.458987389026566409e+06 9.789974343887447583e-01 5.004325948833103456e-04
2.458987394041102845e+06 9.789500154513792740e-01 5.000182604110777612e-04
2.458987399055639282e+06 9.788524111440252140e-01 4.996039259388452853e-04
2.458987404070175253e+06 9.788191519615885294e-01 4.991895915050887592e-04
2.458987409084711690e+06 9.788864173423992288e-01 4.988419990606348699e-04
2.458987414099248126e+06 9.790542072942129970e-01 4.986963173433538220e-04
2.458987419113784563e+06 9.793212891611767779e-01 4.985506356260728826e-04
2.458987424128320999e+06 9.796336386123735140e-01 4.984049539087918347e-04
2.458987429142856970e+06 9.799623432883597385e-01 4.982601534758080613e-04
2.458987434157393407e+06 9.803074032501841728e-01 4.981238616144510658e-04
2.458987439171929844e+06 9.806687950675415655e-01 4.979875697530941787e-04
2.458987444186466280e+06 9.809584528623391808e-01 4.978512778917372917e-04
2.458987449201002717e+06 9.810938914204685446e-01 4.977149860303802962e-04
2.458987454215538688e+06 9.810751107508344226e-01 4.974989128154474419e-04
2.458987459230075125e+06 9.809021108499484942e-01 4.972776816263613274e-04
2.458987464244611561e+06 9.806705427215083315e-01 4.970564504372754298e-04
2.458987469259147998e+06 9.805397691636255075e-01 4.968352192481893153e-04
2.458987474273684435e+06 9.805122422860191866e-01 4.968199593472959544e-04
2.458987479288220406e+06 9.805879620768637173e-01 4.968612136055097165e-04
2.458987484302756842e+06 9.807397154666884775e-01 4.969024678675542902e-04
2.458987489317293279e+06 9.808906109651839289e-01 4.969437221295989722e-04
2.458987494331829716e+06 9.810359930461503009e-01 4.970180259518835499e-04
2.458987499346366152e+06 9.811758617095878154e-01 4.971117300770530167e-04
2.458987504360902123e+06 9.813113792956356107e-01 4.972054341935210021e-04
2.458987509375438560e+06 9.814482295193913686e-01 4.972991383186903605e-04
2.458987514389974996e+06 9.815871728833347465e-01 4.974433604040336306e-04
2.458987519404511433e+06 9.817282093874657445e-01 4.976432977265491222e-04
2.458987524419047870e+06 9.818753905049464326e-01 4.978432350490647222e-04
2.458987529433583841e+06 9.820665045665887272e-01 4.980431723530136853e-04
2.458987534448120277e+06 9.823108015126276182e-01 4.982615266310974058e-04
2.458987539462656714e+06 9.826082813277848826e-01 4.985188448817295601e-04
2.458987544477193151e+06 9.829566870141648316e-01 4.987761631323618227e-04
2.458987549491729122e+06 9.833039950088301451e-01 4.990334813590989200e-04
2.458987554506265558e+06 9.836284609009261493e-01 4.993118720533948861e-04
2.458987559520801995e+06 9.839300846571402692e-01 4.996958422775365409e-04
2.458987564535338432e+06 9.842088865886219340e-01 5.000798125016783042e-04
2.458987569549874868e+06 9.844678409962581700e-01 5.004637827258201759e-04
2.458987574564410839e+06 9.847090711679501451e-01 5.008473327572096016e-04
2.458987579578947276e+06 9.849325771485003544e-01 5.011957020811425327e-04
2.458987584593483713e+06 9.851383589146844866e-01 5.015440714050753554e-04
2.458987589608020149e+06 9.853219661533678675e-01 5.018924407290081781e-04
2.458987594622556586e+06 9.854776792450308243e-01 5.022408100529410007e-04
2.458987599637092557e+06 9.856054763247881212e-01 5.027033089430247691e-04
2.458987604651628993e+06 9.857053574163743281e-01 5.031848170109755282e-04
2.458987609666165430e+06 9.857894182127296956e-01 5.036663250789262872e-04
2.458987614680701867e+06 9.858843691259815412e-01 5.041478331468771546e-04
2.458987619695238303e+06 9.859911731490558218e-01 5.046385839003777714e-04
2.458987624709774274e+06 9.861098302703829033e-01 5.051332460699086476e-04
2.458987629724310711e+06 9.862254462747841455e-01 5.056279082853750015e-04
2.458987634738847148e+06 9.862820891038214244e-01 5.061225705008413553e-04
2.458987639753383584e+06 9.862744130420348920e-01 5.065707717636396728e-04
2.458987644767920021e+06 9.862024180894245484e-01 5.069806613322175868e-04
2.458987649782455992e+06 9.860928311638663679e-01 5.073905508627323067e-04
2.458987654796992429e+06 9.861263349456648175e-01 5.078004404313102207e-04
2.458987659811528865e+06 9.863367047551807598e-01 5.083843564664949563e-04
2.458987664826065302e+06 9.867239405924140838e-01 5.092365139296627574e-04
2.458987669840601739e+06 9.872725862260777197e-01 5.100886713928306669e-04
2.458987674855137710e+06 9.877611984958473146e-01 5.109408287768652619e-04
2.458987679869674146e+06 9.881174922273076033e-01 5.116098678597726535e-04
2.458987684884210583e+06 9.883414673689412400e-01 5.116955433777159229e-04
2.458987689898747019e+06 9.884356944288604785e-01 5.117812188956591922e-04
2.458987694913283456e+06 9.885252517717069143e-01 5.118668944136024615e-04
2.458987699927819427e+06 9.886793100175209625e-01 5.119818584647203201e-04
2.458987704942355864e+06 9.888978691949151800e-01 5.124148476323003853e-04
2.458987709956892300e+06 9.891809279770482632e-01 5.128478367998804506e-04
2.458987714971428737e+06 9.895015675740981287e-01 5.132808259674605158e-04
2.458987719985965174e+06 9.898336127707246801e-01 5.137138151350404726e-04
2.458987725000501145e+06 9.901770635345045202e-01 5.139741112129562117e-04
2.458987730015037581e+06 9.905319199292249577e-01 5.142213589732193496e-04
2.458987735029574018e+06 9.908135378889086908e-01 5.144686067334825960e-04
2.458987740044110455e+06 9.908761388031790407e-01 5.147158544937458424e-04
2.458987745058646426e+06 9.907171871886000236e-01 5.147351245926095557e-04
2.458987750073182862e+06 9.903366830156501432e-01 5.146882725300247138e-04
2.458987755087719299e+06 9.898592757582107549e-01 5.146414204674400888e-04
2.458987760102255736e+06 9.896488222849345595e-01 5.145945684048552470e-04
2.458987765116792172e+06 9.897286830550283687e-01 5.147801866148272705e-04
2.458987770131328143e+06 9.900988580206369072e-01 5.151079287699772673e-04
2.458987775145864580e+06 9.906968765434769342e-01 5.154356709555621202e-04
2.458987780160401016e+06 9.912060760523428993e-01 5.157634131411469730e-04
2.458987785174937453e+06 9.915823148110629592e-01 5.159324678839789357e-04
2.458987790189473890e+06 9.918255928196370030e-01 5.159196887862574051e-04
2.458987795204009861e+06 9.919407173818800549e-01 5.159069096897225338e-04
2.458987800218546297e+06 9.919746218176045405e-01 5.158941305920011116e-04
2.458987805233082734e+06 9.919391937297907802e-01 5.159100020896546877e-04
2.458987810247619171e+06 9.918344331184385521e-01 5.159892186052041519e-04
2.458987815262155607e+06 9.916673782153151429e-01 5.160684351207537246e-04
2.458987820276691578e+06 9.916124500733071168e-01 5.161476516289469855e-04
2.458987825291228015e+06 9.917449472837824853e-01 5.162385572608151020e-04
2.458987830305764452e+06 9.920648698605446514e-01 5.163922953625338678e-04
2.458987835320300888e+06 9.925707869804202277e-01 5.165460334642525252e-04
2.458987840334837325e+06 9.930035827794623238e-01 5.166997715659713995e-04
2.458987845349373296e+06 9.931717803251491894e-01 5.168527069395340836e-04
2.458987850363909733e+06 9.930753796487189478e-01 5.166538391764056125e-04
2.458987855378446169e+06 9.927143807222666982e-01 5.164549714132770329e-04
2.458987860392982606e+06 9.923314479520124465e-01 5.162561036501484533e-04
2.458987865407519042e+06 9.922495581925793173e-01 5.160572358870198738e-04
2.458987870422055013e+06 9.924703073106478923e-01 5.161867200458882237e-04
2.458987875436591450e+06 9.929936953472174865e-01 5.163751978469562813e-04
2.458987880451127887e+06 9.936527488591428980e-01 5.165636756480243390e-04
2.458987885465664323e+06 9.940666239623439093e-01 5.167521534490923966e-04
2.458987890480200760e+06 9.942204914247784187e-01 5.165763597134178341e-04
2.458987895494736731e+06 9.941143512683749961e-01 5.162392832616685039e-04
2.458987900509273168e+06 9.938245223294815966e-01 5.159022067786174981e-04
2.458987905523809604e+06 9.936474626059903503e-01 5.155651302955666006e-04
2.458987910538346041e+06 9.936128723146242514e-01 5.152911218490618429e-04
2.458987915552882012e+06 9.937207514387503826e-01 5.150711547097125724e-04
2.458987920567418449e+06 9.939496410051829045e-01 5.148511875499364992e-04
2.458987925581954885e+06 9.941485479640014278e-01 5.146312203901606428e-04
2.458987930596491322e+06 9.942881964228030833e-01 5.143982985452959103e-04
2.458987935611027759e+06 9.943685863815879822e-01 5.141445917845538852e-04
2.458987940625563730e+06 9.943926008889055757e-01 5.138908850473716816e-04
2.458987945640100166e+06 9.944039313614789766e-01 5.136371782866296564e-04
2.458987950654636603e+06 9.944173139446855769e-01 5.133821046508594286e-04
2.458987955669173039e+06 9.944327486385259318e-01 5.131224389412885603e-04
2.458987960683709476e+06 9.944490116980548855e-01 5.128627732317176920e-04
2.458987965698245447e+06 9.943995561441751896e-01 5.126031075462600221e-04
2.458987970712781884e+06 9.942463479653982361e-01 5.123297099163235963e-04
2.458987975727318320e+06 9.939893871614992049e-01 5.118864696998262588e-04
2.458987980741854757e+06 9.936286737324780960e-01 5.114432294833291381e-04
2.458987985756391194e+06 9.932745266321848510e-01 5.109999892668318005e-04
2.458987990770927165e+06 9.930383654750800648e-01 5.105567490914948974e-04
2.458987995785463601e+06 9.929201909027636219e-01 5.101866486638975901e-04
2.458988000800000038e+06 9.929200029426441532e-01 5.098228888691913032e-04
