2.458758000000000000e+06 9.908050984015199791e-01 5.099108377433803378e-04
2.458758005014536437e+06 9.907446927611668341e-01 5.101537304021562438e-04
2.458758010029072873e+06 9.906599809269821533e-01 5.103862183207844537e-04
2.458758015043608844e+06 9.905509629102183800e-01 5.101708179938211187e-04
2.458758020058145281e+06 9.904176386906277108e-01 5.099554176468552294e-04
2.458758025072681718e+06 9.902908701141104331e-01 5.097400172998893400e-04
2.458758030087218154e+06 9.902087455334009913e-01 5.095246169529234507e-04
2.458758035101754591e+06 9.901713677205054021e-01 5.096326974190787482e-04
2.458758040116290562e+06 9.901787366726615414e-01 5.097898934405320276e-04
2.458758045130826999e+06 9.902248634892905077e-01 5.099470894765831134e-04
2.458758050145363435e+06 9.902970080251427554e-01 5.101042855126340907e-04
2.458758055159899872e+06 9.903947517620784735e-01 5.101813571446534371e-04
2.458758060174436308e+06 9.905180947000978842e-01 5.102262802106635005e-04
2.458758065188972279e+06 9.906395652665588303e-01 5.102712032725020960e-04
2.458758070203508716e+06 9.906599406158393961e-01 5.103161263385122678e-04
2.458758075218045153e+06 9.905702529018735047e-01 5.102571087840526926e-04
2.458758080232581589e+06 9.903705021246612672e-01 5.101161361259336788e-04
2.458758085247118026e+06 9.900769813007838094e-01 5.099751634678146650e-04
2.458758090261653997e+06 9.897948959264389890e-01 5.098341908227866336e-04
2.458758095276190434e+06 9.895430829106073300e-01 5.097559117166876883e-04
2.458758100290726870e+06 9.893215422808895321e-01 5.097698868561566319e-04
2.458758105305263307e+06 9.891331190513217297e-01 5.097838619956256839e-04
2.458758110319799278e+06 9.890160551533174749e-01 5.097978371337969460e-04
2.458758115334335715e+06 9.889823632704793921e-01 5.098630747163705084e-04
2.458758120348872151e+06 9.890320434175494668e-01 5.100820278102586799e-04
2.458758125363408588e+06 9.891627803754728943e-01 5.103009809041468515e-04
2.458758130377945025e+06 9.892748991955071514e-01 5.105199339980350231e-04
2.458758135392480996e+06 9.893153642456716801e-01 5.106825815811967626e-04
2.458758140407017432e+06 9.892841755334816911e-01 5.103123444784958204e-04
2.458758145421553869e+06 9.891813558922492033e-01 5.099421073757948782e-04
2.458758150436090305e+06 9.890775388251825673e-01 5.095718702730940445e-04
2.458758155450626742e+06 9.890384346290165274e-01 5.092016331703929938e-04
2.458758160465162713e+06 9.890640432983685004e-01 5.091687949828127080e-04
2.458758165479699150e+06 9.891543648379945708e-01 5.091570958350645926e-04
2.458758170494235586e+06 9.892568940487711515e-01 5.091453966873164773e-04
2.458758175508772023e+06 9.892846989462439344e-01 5.091336975395683619e-04
2.458758180523308460e+06 9.892364737094597738e-01 5.090988689046249379e-04
2.458758185537844431e+06 9.891122183534875045e-01 5.090577622944090618e-04
2.458758190552380867e+06 9.889601104754348615e-01 5.090166556803759268e-04
2.458758195566917304e+06 9.889154211020653173e-01 5.089755490663427917e-04
2.458758200581453741e+06 9.889862460748711781e-01 5.089312761904697018e-04
2.458758205595990177e+06 9.891725853938524438e-01 5.088851596211138974e-04
2.458758210610526148e+06 9.894386774872787615e-01 5.088390430560403663e-04
2.458758215625062585e+06 9.896109013022971190e-01 5.087929264866845620e-04
2.458758220639599022e+06 9.896662163170085735e-01 5.087237370290445537e-04
2.458758225654135458e+06 9.896046225314130140e-01 5.086292972937337103e-04
2.458758230668671895e+06 9.894440072821105714e-01 5.085348575584230837e-04
2.458758235683207866e+06 9.893496651869601033e-01 5.084404178318823516e-04
2.458758240697744302e+06 9.893617727890964275e-01 5.083753835413525783e-04
2.458758245712280739e+06 9.894803301022228048e-01 5.083719973112378002e-04
2.458758250726817176e+06 9.897000253164510708e-01 5.083686110811231305e-04
2.458758255741353612e+06 9.899002408741096604e-01 5.083652248510083524e-04
2.458758260755889583e+06 9.900309053476898935e-01 5.083475011501270699e-04
2.458758265770426020e+06 9.900920187614592471e-01 5.082589873193632405e-04
2.458758270784962457e+06 9.900840135999195990e-01 5.081704734885994111e-04
2.458758275799498893e+06 9.900675565930402433e-01 5.080819596578355817e-04
2.458758280814034864e+06 9.900856346650775963e-01 5.079955827549719003e-04
2.458758285828571301e+06 9.901382478193889725e-01 5.080608093157417673e-04
2.458758290843107738e+06 9.902253960558992096e-01 5.081260358765116343e-04
2.458758295857644174e+06 9.903425368474270130e-01 5.081912624372813929e-04
2.458758300872180611e+06 9.904838776938033051e-01 5.082564889980512599e-04
2.458758305886716582e+06 9.906493977903372272e-01 5.085223416121687498e-04
2.458758310901253019e+06 9.908390971677699666e-01 5.088210237418519218e-04
2.458758315915789455e+06 9.910188439445358766e-01 5.091197058715350937e-04
2.458758320930325892e+06 9.911138226060449696e-01 5.094183880012182657e-04
2.458758325944862328e+06 9.911213841694486160e-01 5.093855213934135812e-04
2.458758330959398299e+06 9.910415286462213036e-01 5.092138229004628371e-04
2.458758335973934736e+06 9.909178118894164111e-01 5.090421243915677074e-04
2.458758340988471173e+06 9.909125103202421903e-01 5.088704258826726862e-04
2.458758346003007609e+06 9.910409608245760449e-01 5.089898898502038865e-04
2.458758351017544046e+06 9.913031634024179750e-01 5.093472619972882857e-04
2.458758356032080017e+06 9.916711993784118606e-01 5.097046341111864491e-04
2.458758361046616454e+06 9.919581205356786668e-01 5.100620062582710652e-04
2.458758366061152890e+06 9.921292880453944640e-01 5.102486679717334111e-04
2.458758371075689327e+06 9.921847019075588081e-01 5.101747399151542774e-04
2.458758376090225764e+06 9.921342564454908031e-01 5.101008118585752520e-04
2.458758381104761735e+06 9.921177961859404260e-01 5.100268838088613949e-04
2.458758386119298171e+06 9.921806035807965163e-01 5.099882353777699653e-04
2.458758391133834608e+06 9.923226786352674633e-01 5.100605258298279276e-04
2.458758396148371045e+06 9.925428049199316316e-01 5.101328162818859983e-04
2.458758401162907481e+06 9.927833652539728160e-01 5.102051067339439605e-04
2.458758406177443452e+06 9.930127588846201503e-01 5.102828717642210639e-04
2.458758411191979889e+06 9.932309858544772219e-01 5.104182654386840582e-04
2.458758416206516325e+06 9.934380478303429518e-01 5.105536591131468356e-04
2.458758421221052762e+06 9.936530310653048925e-01 5.106890527876098299e-04
2.458758426235589199e+06 9.938943154353546694e-01 5.108244464620727157e-04
2.458758431250125170e+06 9.941619009144220254e-01 5.108516308297618999e-04
2.458758436264661606e+06 9.944557875522048729e-01 5.108709489924158657e-04
2.458758441279198043e+06 9.947116576141994404e-01 5.108902671550699399e-04
2.458758446293734480e+06 9.948197013010002809e-01 5.109095853177239056e-04
2.458758451308270916e+06 9.947780678712297986e-01 5.108698872373904944e-04
2.458758456322806887e+06 9.945867573496033343e-01 5.108133205562514004e-04
2.458758461337343324e+06 9.943269329424612168e-01 5.107567538698594553e-04
2.458758466351879761e+06 9.942334442179886489e-01 5.107001871834674018e-04
2.458758471366416197e+06 9.943211355530031659e-01 5.107660232106776919e-04
2.458758476380952168e+06 9.945900069141243582e-01 5.109058717039504250e-04
2.458758481395488605e+06 9.950080495454183271e-01 5.110457202102097318e-04
2.458758486410025042e+06 9.954146145462300366e-01 5.111855687164692554e-04
2.458758491424561478e+06 9.957875571350147670e-01 5.112985359856457145e-04
2.458758496439097915e+06 9.961268773117727404e-01 5.113810267551252304e-04
2.458758501453633886e+06 9.964289257487073392e-01 5.114635175169445326e-04
2.458758506468170322e+06 9.966585317392845367e-01 5.115460082864239401e-04
2.458758511482706759e+06 9.968068717171263415e-01 5.116106946098559777e-04
2.458758516497243196e+06 9.968739456822326428e-01 5.116365076702919729e-04
2.458758521511779632e+06 9.968645933274207227e-01 5.116623207307280765e-04
2.458758526526315603e+06 9.968962541634249774e-01 5.116881337887670090e-04
2.458758531540852040e+06 9.970191603267770653e-01 5.117452170277550071e-04
2.458758536555388477e+06 9.972333118187730605e-01 5.119669456607486933e-04
2.458758541569924913e+06 9.975380841519089214e-01 5.121886742937425963e-04
2.458758546584461350e+06 9.978274687197926651e-01 5.124104029267362824e-04
2.458758551598997321e+06 9.980239174262203194e-01 5.126306064502028029e-04
2.458758556613533758e+06 9.981274303076764776e-01 5.125524733711670205e-04
2.458758561628070194e+06 9.981380073416035170e-01 5.124743402921311296e-04
2.458758566642606631e+06 9.981060363780001055e-01 5.123962072130953472e-04
2.458758571657143068e+06 9.980978890355166611e-01 5.123180741340596731e-04
2.458758576671679039e+06 9.981138702292612352e-01 5.124103802099082977e-04
2.458758581686215475e+06 9.981539799622017872e-01 5.125326314110552816e-04
2.458758586700751912e+06 9.982059117715292862e-01 5.126548826122022656e-04
2.458758591715288348e+06 9.982418704648264862e-01 5.127771338133492495e-04
2.458758596729824785e+06 9.982607983868265755e-01 5.128066915722428142e-04
2.458758601744360756e+06 9.982626955381442846e-01 5.127957695960231113e-04
2.458758606758897193e+06 9.982559356088298586e-01 5.127848476187893542e-04
2.458758611773433629e+06 9.982727067801954179e-01 5.127739256415553802e-04
2.458758616787970066e+06 9.983161875056021373e-01 5.127499724795621079e-04
2.458758621802506503e+06 9.983863777850500165e-01 5.127149860712067273e-04
2.458758626817042474e+06 9.984867094569156443e-01 5.126799996661001585e-04
2.458758631831578910e+06 9.986410263219752670e-01 5.126450132577447779e-04
2.458758636846115347e+06 9.988538987201578401e-01 5.127083787899896746e-04
2.458758641860651784e+06 9.991253266514629194e-01 5.129275399802905606e-04
2.458758646875187755e+06 9.994475556928954507e-01 5.131467011502396708e-04
2.458758651889724191e+06 9.997051877877847215e-01 5.133658623405405567e-04
2.458758656904260628e+06 9.998597070847615731e-01 5.135404128171945377e-04
2.458758661918797065e+06 9.999111135838257836e-01 5.135676691854904790e-04
2.458758666933333501e+06 9.998612699673423698e-01 5.135949255537865287e-04
2.458758671947869472e+06 9.998077854108334828e-01 5.136221819195514000e-04
2.458758676962405909e+06 9.998058499574966618e-01 5.136593329495049579e-04
2.458758681976942345e+06 9.998554636146920194e-01 5.138135451513912684e-04
2.458758686991478782e+06 9.999566263326125082e-01 5.139677573532775790e-04
2.458758692006015219e+06 1.000000000000000000e+00 5.141219695551638895e-04
2.458758697020551190e+06 9.998765413595133156e-01 5.142761817427298409e-04
2.458758702035087626e+06 9.995862503882227967e-01 5.143057157024619793e-04
2.458758707049624063e+06 9.991291270898473575e-01 5.143249089593412027e-04
2.458758712064160500e+06 9.986547272685958321e-01 5.143441022162204262e-04
2.458758717078696936e+06 9.984263216204742886e-01 5.143632954730996496e-04
2.458758722093232907e+06 9.984488543786580461e-01 5.143061724706956758e-04
2.458758727107769344e+06 9.987223255473319794e-01 5.142261103619023485e-04
2.458758732122305781e+06 9.991383829108900771e-01 5.141460482531090212e-04
2.458758737136842217e+06 9.993738901612942982e-01 5.140659861443156939e-04
2.458758742151378654e+06 9.994073069378652807e-01 5.140624033502303033e-04
2.458758747165914625e+06 9.992386332656496561e-01 5.141068267834852761e-04
2.458758752180451062e+06 9.989079985624316205e-01 5.141512502208657465e-04
2.458758757194987498e+06 9.986236818922178404e-01 5.141956736582461085e-04
2.458758762209523935e+06 9.984154907573443705e-01 5.142836708309241577e-04
2.458758767224060372e+06 9.982834251578110996e-01 5.144228531625484775e-04
2.458758772238596343e+06 9.982164836263887064e-01 5.145620354812480233e-04
2.458758777253132779e+06 9.981039912035964967e-01 5.147012178128723432e-04
2.458758782267669216e+06 9.979172939323237568e-01 5.147431962154736798e-04
2.458758787282205652e+06 9.976563918125705976e-01 5.145640036473281146e-04
2.458758792296742089e+06 9.973266871372562514e-01 5.143848110791823325e-04
2.458758797311278060e+06 9.970686298526629798e-01 5.142056185276768854e-04
2.458758802325814497e+06 9.969441205368472225e-01 5.140850216580829420e-04
2.458758807340350933e+06 9.969531592199732950e-01 5.142944265945667386e-04
2.458758812354887370e+06 9.970949820284547016e-01 5.145038315310504267e-04
2.458758817369423807e+06 9.972090351295133104e-01 5.147132364675341149e-04
2.458758822383959778e+06 9.971740302904736897e-01 5.149226413845720950e-04
2.458758827398496214e+06 9.969899675048339294e-01 5.149398909812342778e-04
2.458758832413032651e+06 9.966568467689244093e-01 5.149564196630125731e-04
2.458758837427569088e+06 9.962834301664909020e-01 5.149729483447907600e-04
2.458758842442105059e+06 9.960176697486116115e-01 5.149894770250341503e-04
2.458758847456641495e+06 9.958604103952803932e-01 5.147869404003618983e-04
2.458758852471177932e+06 9.958116521362140316e-01 5.145432152035610360e-04
2.458758857485714369e+06 9.957859127933810228e-01 5.142994900067602822e-04
2.458758862500250805e+06 9.955842520819966346e-01 5.140557648099595284e-04
2.458758867514786776e+06 9.951985562095329030e-01 5.139211537511502404e-04
2.458758872529323213e+06 9.946288251043562401e-01 5.138362065984186482e-04
2.458758877543859649e+06 9.939413374505023935e-01 5.137512594456871643e-04
2.458758882558396086e+06 9.933990116141343529e-01 5.136663122929555720e-04
2.458758887572932523e+06 9.930289513732876161e-01 5.135237101566997179e-04
2.458758892587468494e+06 9.928311567383319991e-01 5.133305286128691820e-04
2.458758897602004930e+06 9.927823692524392341e-01 5.131373470510994369e-04
2.458758902616541367e+06 9.927148289033645989e-01 5.129441654893295835e-04
2.458758907631077804e+06 9.925952799007485838e-01 5.127840522657182987e-04
2.458758912645614240e+06 9.924237222445907447e-01 5.126783158945814618e-04
2.458758917660150211e+06 9.922010792754966113e-01 5.125725795332633766e-04
2.458758922674686648e+06 9.919418393500026854e-01 5.124668431621265396e-04
2.458758927689223085e+06 9.916509866718214994e-01 5.123335033284181312e-04
2.458758932703759521e+06 9.913285212409523872e-01 5.121043361546967314e-04
2.458758937718295958e+06 9.909747851978837341e-01 5.118751689809753315e-04
2.458758942732831929e+06 9.906097385335408401e-01 5.116460018285349772e-04
2.458758947747368366e+06 9.902450176954881167e-01 5.114173170824459248e-04
2.458758952761904802e+06 9.898806227176399908e-01 5.111951305354053886e-04
2.458758957776441239e+06 9.895165535999965734e-01 5.109729439883649608e-04
2.458758962790977675e+06 9.891979461604302193e-01 5.107507574413245330e-04
2.458758967805513646e+06 9.889714234090413170e-01 5.105285709149167978e-04
2.458758972820050083e+06 9.888369883537593275e-01 5.104570453162345653e-04
2.458758977834586520e+06 9.887946410198957814e-01 5.103995904590436688e-04
2.458758982849122956e+06 9.887824841608883197e-01 5.103421356018528806e-04
2.458758987863659393e+06 9.886881812523836688e-01 5.102846807446618756e-04
2.458758992878195364e+06 9.885093958972159811e-01 5.101938939775487120e-04
2.458758997892731801e+06 9.882461280621804844e-01 5.100925846882990462e-04
2.458759002907268237e+06 9.879015725266626635e-01 5.099912753990493803e-04
2.458759007921804674e+06 9.874855503061386042e-01 5.098899661097997145e-04
2.458759012936340645e+06 9.869987509541751081e-01 5.098559105818173355e-04
2.458759017950877082e+06 9.864411743803613852e-01 5.098656668049339393e-04
2.458759022965413518e+06 9.858498163118467605e-01 5.098754230280503263e-04
2.458759027979949955e+06 9.854233175562643332e-01 5.098851792511669302e-04
2.458759032994486392e+06 9.851911785456826109e-01 5.098490565591062926e-04
2.458759038009022363e+06 9.851533992745857837e-01 5.097570871642426258e-04
2.458759043023558799e+06 9.852800462346805732e-01 5.096651177608383732e-04
2.458759048038095236e+06 9.852565102313378675e-01 5.095731483574342290e-04
2.458759053052631672e+06 9.849987456938814612e-01 5.095004679772901363e-04
2.458759058067168109e+06 9.845067526223112431e-01 5.094735585659103004e-04
2.458759063081704080e+06 9.837910887788805514e-01 5.094466491570292252e-04
2.458759068096240517e+06 9.831466540418337674e-01 5.094197397456492809e-04
2.458759073110776953e+06 9.827073785082030000e-01 5.093685121198597088e-04
2.458759078125313390e+06 9.824732621779883601e-01 5.091702928758430223e-04
2.458759083139849827e+06 9.824436421248191609e-01 5.089720736318262273e-04
2.458759088154385798e+06 9.824409438935225447e-01 5.087738544062165831e-04
2.458759093168922234e+06 9.823265942078078794e-01 5.085756351621997882e-04
2.458759098183458671e+06 9.821005930627413338e-01 5.084930187849638714e-04
2.458759103197995108e+06 9.817629404583231301e-01 5.084118742131115776e-04
2.458759108212531544e+06 9.813757936582678809e-01 5.083307296412592838e-04
2.458759113227067515e+06 9.810264554971750428e-01 5.082495850769423035e-04
2.458759118241603952e+06 9.807155314427467019e-01 5.081650537194525898e-04
2.458759123256140389e+06 9.804430215292068151e-01 5.080798429021273670e-04
2.458759128270676825e+06 9.801996119836502430e-01 5.079946320848023611e-04
2.458759133285213262e+06 9.799629673804868268e-01 5.079094212674771383e-04
2.458759138299749233e+06 9.797321137403176561e-01 5.078651446718157906e-04
2.458759143314285669e+06 9.795070510202678049e-01 5.078402753252262303e-04
2.458759148328822106e+06 9.792841310721690506e-01 5.078154059786367785e-04
2.458759153343358543e+06 9.790484158800006886e-01 5.077905366320472182e-04
2.458759158357894979e+06 9.787982990127878091e-01 5.076010967013985103e-04
2.458759163372430950e+06 9.785337804957632279e-01 5.072620714869678984e-04
2.458759168386967387e+06 9.782634262775800060e-01 5.069230462410546575e-04
2.458759173401503824e+06 9.780514167395264469e-01 5.065840209951414166e-04
2.458759178416040260e+06 9.779109060977574375e-01 5.063995439816311580e-04
2.458759183430576231e+06 9.778418943553618403e-01 5.064789815487604407e-04
2.458759188445112668e+06 9.778423826115102413e-01 5.065584191232664181e-04
2.458759193459649105e+06 9.778792466513276382e-01 5.066378566977725040e-04
2.458759198474185541e+06 9.779407419496134457e-01 5.066728601774956415e-04
2.458759203488721978e+06 9.780268685063676637e-01 5.065454325378880573e-04
2.458759208503257949e+06 9.781365348463920695e-01 5.064180049101135641e-04
2.458759213517794386e+06 9.781983503681618286e-01 5.062905772705059799e-04
2.458759218532330822e+06 9.781693938397428845e-01 5.061601501597023456e-04
2.458759223546867259e+06 9.780496652611353481e-01 5.059829560810944838e-04
2.458759228561403695e+06 9.778391646323391084e-01 5.058057620024866219e-04
2.458759233575939666e+06 9.776374269153949026e-01 5.056285679403334796e-04
2.458759238590476103e+06 9.775508989855727915e-01 5.054513738617255093e-04
2.458759243605012540e+06 9.775796106083910475e-01 5.055567512473267125e-04
2.458759248619548976e+06 9.777235617838495596e-01 5.056915342118818235e-04
2.458759253634085413e+06 9.779290889291987199e-01 5.058263171764368262e-04
2.458759258648621384e+06 9.780957889192518628e-01 5.059611001284756906e-04
2.458759263663157821e+06 9.782213617302139008e-01 5.059576737214625374e-04
2.458759268677694257e+06 9.783058073446950775e-01 5.059084762751417299e-04
2.458759273692230694e+06 9.783505481155750916e-01 5.058592788288209224e-04
2.458759278706767131e+06 9.783600917074992687e-01 5.058100813825000064e-04
2.458759283721303102e+06 9.783347710155968491e-01 5.057117452576361449e-04
2.458759288735839538e+06 9.782745860351654832e-01 5.055801958659083932e-04
2.458759293750375975e+06 9.781922430690803694e-01 5.054486464741806415e-04
2.458759298764912412e+06 9.781583480492448412e-01 5.053170970824527814e-04
2.458759303779448848e+06 9.781837773855568408e-01 5.054892419525188092e-04
2.458759308793984819e+06 9.782685310673917556e-01 5.060445277058024313e-04
2.458759313808521256e+06 9.784074512781956168e-01 5.065998135106512508e-04
2.458759318823057692e+06 9.785438477688888081e-01 5.071550993155000703e-04
2.458759323837594129e+06 9.786620962901534382e-01 5.074882116117599654e-04
2.458759328852130566e+06 9.787621968419896179e-01 5.072710905924987827e-04
2.458759333866666537e+06 9.788443865914627784e-01 5.070539695934000741e-04
2.458759338881202973e+06 9.789158049454811383e-01 5.068368485741388913e-04
2.458759343895739410e+06 9.789797932535848624e-01 5.066346409172879390e-04
2.458759348910275847e+06 9.790363515157737284e-01 5.065295568420022246e-04
2.458759353924812283e+06 9.790854994468525252e-01 5.064244727667164018e-04
2.458759358939348254e+06 9.791342245649181653e-01 5.063193887011890491e-04
2.458759363953884691e+06 9.791881615068881439e-01 5.062143046259033347e-04
2.458759368968421128e+06 9.792473102684801090e-01 5.062514112592243634e-04
2.458759373982957564e+06 9.793116708496938383e-01 5.062916296484703746e-04
2.458759378997493535e+06 9.794090850902702483e-01 5.063318480339817429e-04
2.458759384012029972e+06 9.795799214079949913e-01 5.063720664232277541e-04
2.458759389026566409e+06 9.798245135234873171e-01 5.066643855576235742e-04
2.458759394041102845e+06 9.801428614367472258e-01 5.070105301546397108e-04
2.458759399055639282e+06 9.804863154152053673e-01 5.073566747516559559e-04
2.458759404070175253e+06 9.807346527027908101e-01 5.077028193165284255e-04
2.458759409084711690e+06 9.808822805721232330e-01 5.077285757924303788e-04
2.458759414099248126e+06 9.809291989954651569e-01 5.075961937336164126e-04
2.458759419113784563e+06 9.809189676428278215e-01 5.074638116748023380e-04
2.458759424128320999e+06 9.810357413375420110e-01 5.073314296159883718e-04
2.458759429142856970e+06 9.813001644174531579e-01 5.073471591274096061e-04
2.458759434157393407e+06 9.817122369316708674e-01 5.075023704611637603e-04
2.458759439171929844e+06 9.822435163892617727e-01 5.076575817949180230e-04
2.458759444186466280e+06 9.826725015700238375e-01 5.078127931286723941e-04
2.458759449201002717e+06 9.829522668542997055e-01 5.079041702218758687e-04
2.458759454215538688e+06 9.830828122368951982e-01 5.078822985271500218e-04
2.458759459230075125e+06 9.830712821702415338e-01 5.078604268303930306e-04
2.458759464244611561e+06 9.830429127008973866e-01 5.078385551336361478e-04
2.458759469259147998e+06 9.830434676950670081e-01 5.078538594970884688e-04
2.458759474273684435e+06 9.830729471527505092e-01 5.080124986884767581e-04
2.458759479288220406e+06 9.831320500078607472e-01 5.081711378651335587e-04
2.458759484302756842e+06 9.832724478451325689e-01 5.083297770565218480e-04
2.458759489317293279e+06 9.835261835078492609e-01 5.084891991023975360e-04
2.458759494331829716e+06 9.838932569960107122e-01 5.086630624302661621e-04
2.458759499346366152e+06 9.843736683096171447e-01 5.088369257581348967e-04
2.458759504360902123e+06 9.848665387546616801e-01 5.090107890698582346e-04
2.458759509375438560e+06 9.852602146595897947e-01 5.091846523977268607e-04
2.458759514389974996e+06 9.855546249863513797e-01 5.093270743937561946e-04
2.458759519404511433e+06 9.857497697349465460e-01 5.094658819483708495e-04
2.458759524419047870e+06 9.858842988730300849e-01 5.096046895029853960e-04
2.458759529433583841e+06 9.860327555154914103e-01 5.097434970447100797e-04
2.458759534448120277e+06 9.861970113921584291e-01 5.097747974087644008e-04
2.458759539462656714e+06 9.863770664899789153e-01 5.097687882437512653e-04
2.458759544477193151e+06 9.865749131824825824e-01 5.097627790787382382e-04
2.458759549491729122e+06 9.867970618057437804e-01 5.097567699142830332e-04
2.458759554506265558e+06 9.870440175429890939e-01 5.098967894545604514e-04
2.458759559520801995e+06 9.873157803747415473e-01 5.101391961180344126e-04
2.458759564535338432e+06 9.876020187092910962e-01 5.103816027815083738e-04
2.458759569549874868e+06 9.878432933813486860e-01 5.106240094449823351e-04
2.458759574564410839e+06 9.880301110913149998e-01 5.107334516078280420e-04
2.458759579578947276e+06 9.881624718738867275e-01 5.106690022736545169e-04
2.458759584593483713e+06 9.882455154292345556e-01 5.106045529394808834e-04
2.458759589608020149e+06 9.883383766880001753e-01 5.105401036053072500e-04
2.458759594622556586e+06 9.884578679539811619e-01 5.105912668296206996e-04
2.458759599637092557e+06 9.886039892123715811e-01 5.109415192294541365e-04
2.458759604651628993e+06 9.887770994630007415e-01 5.112917716618128796e-04
2.458759609666165430e+06 9.889888827415299621e-01 5.116420240941715143e-04
2.458759614680701867e+06 9.892449747475546840e-01 5.119679222661216531e-04
2.458759619695238303e+06 9.895453754810746849e-01 5.121221759950871566e-04
2.458759624709774274e+06 9.898898750047584461e-01 5.122764297097282893e-04
2.458759629724310711e+06 9.901749110359909789e-01 5.124306834386937928e-04
2.458759634738847148e+06 9.903141581321293074e-01 5.125849371676592962e-04
2.458759639753383584e+06 9.903076162931735427e-01 5.123991639717821950e-04
2.458759644767920021e+06 9.901552855191236846e-01 5.122027766962642835e-04
2.458759649782455992e+06 9.899821976537492851e-01 5.120063894389833030e-04
2.458759654796992429e+06 9.899754606549135971e-01 5.118100021634653914e-04
2.458759659811528865e+06 9.901368897740583375e-01 5.121368801035710260e-04
2.458759664826065302e+06 9.904664850111836172e-01 5.125823770754864284e-04
2.458759669840601739e+06 9.908833543030591828e-01 5.130278740474019392e-04
2.458759674855137710e+06 9.911814958751326010e-01 5.134733709779475477e-04
2.458759679869674146e+06 9.913507080426899876e-01 5.135452660806921104e-04
2.458759684884210583e+06 9.913909907720583892e-01 5.134252770828671465e-04
2.458759689898747019e+06 9.913429696945791347e-01 5.133052880850420743e-04
2.458759694913283456e+06 9.913840213173126248e-01 5.131852990872170020e-04
2.458759699927819427e+06 9.915348599014953690e-01 5.131615006578264370e-04
2.458759704942355864e+06 9.917954854751421800e-01 5.132315566892262440e-04
2.458759709956892300e+06 9.921438523767075468e-01 5.133016127206259426e-04
2.458759714971428737e+06 9.924013943062901522e-01 5.133716687520256412e-04
2.458759719985965174e+06 9.925290183299794178e-01 5.134177408084544640e-04
2.458759725000501145e+06 9.925267244540203482e-01 5.134195865792751546e-04
2.458759730015037581e+06 9.924022792084412625e-01 5.134214323502671491e-04
2.458759735029574018e+06 9.922999483345531502e-01 5.134232781212592521e-04
2.458759740044110455e+06 9.922740635321966041e-01 5.134388984303485219e-04
2.458759745058646426e+06 9.923246247931273301e-01 5.135106336887842885e-04
2.458759750073182862e+06 9.924510069610583685e-01 5.135823689538816100e-04
2.458759755087719299e+06 9.926004855413625982e-01 5.136541042189789316e-04
2.458759760102255736e+06 9.927393296185280658e-01 5.137327013845014020e-04
2.458759765116792172e+06 9.928675391925546601e-01 5.139656571076601848e-04
2.458759770131328143e+06 9.929851142530180530e-01 5.141986128091862070e-04
2.458759775145864580e+06 9.930528252041663784e-01 5.144315685323449898e-04
2.458759780160401016e+06 9.930257505928227202e-01 5.146645242555037726e-04
2.458759785174937453e+06 9.929038397202137878e-01 5.146678077391605077e-04
2.458759790189473890e+06 9.926870925863399142e-01 5.146421334821481286e-04
2.458759795204009861e+06 9.924482742365128285e-01 5.146164592275198017e-04
2.458759800218546297e+06 9.923320454734345653e-01 5.145907849705074226e-04
2.458759805233082734e+06 9.923423700816045301e-01 5.147202678328332550e-04
2.458759810247619171e+06 9.924792480610227230e-01 5.149061216976497666e-04
2.458759815262155607e+06 9.926959866914455421e-01 5.150919755624661697e-04
2.458759820276691578e+06 9.928352449875934571e-01 5.152778294100239173e-04
2.458759825291228015e+06 9.928842106582413951e-01 5.153631488743304172e-04
2.458759830305764452e+06 9.928428836862648321e-01 5.153753614936091264e-04
2.458759835320300888e+06 9.927372455013531161e-01 5.153875741128880524e-04
2.458759840334837325e+06 9.927221210571793852e-01 5.153997867321669785e-04
2.458759845349373296e+06 9.928231380353538249e-01 5.154599538927098420e-04
2.458759850363909733e+06 9.930402964546377609e-01 5.155851471154965877e-04
2.458759855378446169e+06 9.933570357386370953e-01 5.157103403382832249e-04
2.458759860392982606e+06 9.935736885861448098e-01 5.158355335610698622e-04
2.458759865407519042e+06 9.936317041520424942e-01 5.158944982543855898e-04
2.458759870422055013e+06 9.935310824530403373e-01 5.157743288701218754e-04
2.458759875436591450e+06 9.932754613233807373e-01 5.156541594746990101e-04
2.458759880451127887e+06 9.929933415136850128e-01 5.155339900792761448e-04
2.458759885465664323e+06 9.927486071137412438e-01 5.154096393874341500e-04
2.458759890480200760e+06 9.925412581235492082e-01 5.152532346032936278e-04
2.458759895494736731e+06 9.923713088909126290e-01 5.150968298336772947e-04
2.458759900509273168e+06 9.922493423059831619e-01 5.149404250495367725e-04
2.458759905523809604e+06 9.921844805708811554e-01 5.147840202653962503e-04
2.458759910538346041e+06 9.921767236856070538e-01 5.148499473945402629e-04
2.458759915552882012e+06 9.922260716429264216e-01 5.149249300910023084e-04
2.458759920567418449e+06 9.923069352054121328e-01 5.149999127944272087e-04
2.458759925581954885e+06 9.923797971400367679e-01 5.150748954978523258e-04
2.458759930596491322e+06 9.924442133738611282e-01 5.150567077234301629e-04
2.458759935611027759e+06 9.925001839068852139e-01 5.150161424018840977e-04
2.458759940625563730e+06 9.925252838632636632e-01 5.149755770841050930e-04
2.458759945640100166e+06 9.924606585982811424e-01 5.149350117625590278e-04
2.458759950654636603e+06 9.923032113960207345e-01 5.146760094470622087e-04
2.458759955669173039e+06 9.920529422564823285e-01 5.143003187800855320e-04
2.458759960683709476e+06 9.917371854303700385e-01 5.139246281131087469e-04
2.458759965698245447e+06 9.914792299764368932e-01 5.135489374810194192e-04
2.458759970712781884e+06 9.912940649292074635e-01 5.133682889233645574e-04
2.458759975727318320e+06 9.911816903160155512e-01 5.133848175914731233e-04
2.458759980741854757e+06 9.911403008273866888e-01 5.134013462595817976e-04
2.458759985756391194e+06 9.911546771491933638e-01 5.134178749276903635e-04
2.458759990770927165e+06 9.912213768862886409e-01 5.134813328729904416e-04
2.458759995785463601e+06 9.913404000510607217e-01 5.136347816380550709e-04
2.458760000800000038e+06 9.915068218628640961e-01 5.137882304031195918e-04
