2.459011000000000000e+06 9.934442600855318828e-01 4.851114747629707287e-04
2.459011005014536437e+06 9.933471692725572844e-01 4.848061993167978277e-04
2.459011010029072873e+06 9.931481832628195061e-01 4.845009238706248183e-04
2.459011015043608844e+06 9.928400766006926226e-01 4.842529056920804806e-04
2.459011020058145281e+06 9.924228492289536296e-01 4.840381426437040890e-04
2.459011025072681718e+06 9.919428396172974560e-01 4.838233795953275347e-04
2.459011030087218154e+06 9.916245225481771230e-01 4.836086165469510889e-04
2.459011035101754591e+06 9.914976108470241467e-01 4.834530661468670171e-04
2.459011040116290562e+06 9.915621044989618715e-01 4.833621650926538333e-04
2.459011045130826999e+06 9.917790833207504875e-01 4.832712640299993766e-04
2.459011050145363435e+06 9.917898685641866052e-01 4.831803629673449741e-04
2.459011055159899872e+06 9.915074605659663920e-01 4.830686582706867835e-04
2.459011060174436308e+06 9.909318593260899588e-01 4.829134525352021443e-04
2.459011065188972279e+06 9.900822983302203228e-01 4.827582468141302383e-04
2.459011070203508716e+06 9.893937049380782112e-01 4.826030410786455449e-04
2.459011075218045153e+06 9.890462840594655969e-01 4.824637927541967929e-04
2.459011080232581589e+06 9.890400356943820359e-01 4.824030208456061750e-04
2.459011085247118026e+06 9.893722798504908100e-01 4.823422489370155571e-04
2.459011090261653997e+06 9.896713025686360021e-01 4.822814770340683199e-04
2.459011095276190434e+06 9.896742380126904992e-01 4.822178830886854643e-04
2.459011100290726870e+06 9.893810861411387325e-01 4.819617193664232436e-04
2.459011105305263307e+06 9.887918469539807020e-01 4.817055556441610228e-04
2.459011110319799278e+06 9.880843395936945717e-01 4.814493919456867398e-04
2.459011115334335715e+06 9.874848640671762823e-01 4.811932282234245191e-04
2.459011120348872151e+06 9.869942195606740132e-01 4.810665102032147915e-04
2.459011125363408588e+06 9.866124060741876534e-01 4.809608811904812634e-04
2.459011130377945025e+06 9.863046305678772052e-01 4.808552521777477895e-04
2.459011135392480996e+06 9.859947639136971143e-01 4.807496231748232011e-04
2.459011140407017432e+06 9.856801223161487657e-01 4.807055720864595303e-04
2.459011145421553869e+06 9.853607058037854305e-01 4.806872419581574357e-04
2.459011150436090305e+06 9.850387221652704417e-01 4.806689118298553953e-04
2.459011155450626742e+06 9.847223821496398077e-01 4.806505817015533006e-04
2.459011160465162713e+06 9.844124598022332417e-01 4.805716859492589321e-04
2.459011165479699150e+06 9.841089550654902318e-01 4.804434028164174231e-04
2.459011170494235586e+06 9.838150220328927276e-01 4.803151196835759684e-04
2.459011175508772023e+06 9.835517373132156571e-01 4.801868365507344595e-04
2.459011180523308460e+06 9.833229985900339143e-01 4.801196645775117171e-04
2.459011185537844431e+06 9.831288058797768015e-01 4.801455877201812428e-04
2.459011190552380867e+06 9.829631891695522761e-01 4.801715108652579141e-04
2.459011195566917304e+06 9.827420051851192273e-01 4.801974340103346939e-04
2.459011200581453741e+06 9.824380531914800319e-01 4.801868803421100416e-04
2.459011205595990177e+06 9.820513331886346897e-01 4.800619217600587941e-04
2.459011210610526148e+06 9.815845190249929963e-01 4.799369631896114913e-04
2.459011215625062585e+06 9.811635957947666409e-01 4.798120046075601895e-04
2.459011220639599022e+06 9.808575493371012310e-01 4.796733061195790804e-04
2.459011225654135458e+06 9.806663796519966558e-01 4.793908167208682926e-04
2.459011230668671895e+06 9.805900801176753445e-01 4.791083273221575589e-04
2.459011235683207866e+06 9.805604720722417289e-01 4.788258379496794764e-04
2.459011240697744302e+06 9.805120185264428745e-01 4.785433485509687427e-04
2.459011245712280739e+06 9.804447194821533929e-01 4.783737484483655488e-04
2.459011250726817176e+06 9.803585749393730620e-01 4.782122961893839948e-04
2.459011255741353612e+06 9.802471594063181248e-01 4.780508439304023867e-04
2.459011260755889583e+06 9.800995195910183755e-01 4.778893916864136683e-04
2.459011265770426020e+06 9.799154718957907573e-01 4.776646258602236040e-04
2.459011270784962457e+06 9.796950163326548777e-01 4.774218089418925384e-04
2.459011275799498893e+06 9.794647641960823048e-01 4.771789920235615270e-04
2.459011280814034864e+06 9.793016029434167269e-01 4.769361751277789393e-04
2.459011285828571301e+06 9.792103796385358550e-01 4.767702359977718930e-04
2.459011290843107738e+06 9.791910942999313416e-01 4.766506980331887714e-04
2.459011295857644174e+06 9.792163665489437285e-01 4.765311600686057041e-04
2.459011300872180611e+06 9.791489945491711477e-01 4.764116221040226367e-04
2.459011305886716582e+06 9.789700994773776754e-01 4.761928719727735108e-04
2.459011310901253019e+06 9.786796813003378892e-01 4.758618261447111297e-04
2.459011315915789455e+06 9.782971656670277349e-01 4.755307803166486944e-04
2.459011320930325892e+06 9.780094058021852055e-01 4.751997344885862591e-04
2.459011325944862328e+06 9.778632109392956240e-01 4.749304821062640168e-04
2.459011330959398299e+06 9.778585810722156824e-01 4.747958969350297444e-04
2.459011335973934736e+06 9.779895137886024381e-01 4.746613117512976025e-04
2.459011340988471173e+06 9.781107919555724894e-01 4.745267265675654064e-04
2.459011346003007609e+06 9.781603847386859396e-01 4.743838184318640433e-04
2.459011351017544046e+06 9.781382921379425666e-01 4.741972134517730619e-04
2.459011356032080017e+06 9.780448309437020926e-01 4.740106084890107212e-04
2.459011361046616454e+06 9.779333132811317553e-01 4.738240035089197398e-04
2.459011366061152890e+06 9.778426848136901883e-01 4.736388817220998676e-04
2.459011371075689327e+06 9.777729455413771698e-01 4.737240151255736652e-04
2.459011376090225764e+06 9.777240954641930326e-01 4.738091485290473544e-04
2.459011381104761735e+06 9.777457211068073528e-01 4.738942819246154750e-04
2.459011386119298171e+06 9.779030511162940531e-01 4.739794153280892726e-04
2.459011391133834608e+06 9.781963822994332869e-01 4.739982609221800726e-04
2.459011396148371045e+06 9.786257146562250542e-01 4.740054930277092069e-04
2.459011401162907481e+06 9.790672759621488197e-01 4.740127251332382327e-04
2.459011406177443452e+06 9.792418504560127523e-01 4.740199572380957580e-04
2.459011411191979889e+06 9.791388435093892895e-01 4.741063203657878435e-04
2.459011416206516325e+06 9.787582550931784864e-01 4.742271839742842913e-04
2.459011421221052762e+06 9.782093005285756870e-01 4.743480475827807933e-04
2.459011426235589199e+06 9.779112937899023805e-01 4.744689111912772954e-04
2.459011431250125170e+06 9.779055712892638086e-01 4.746500254265863640e-04
2.459011436264661606e+06 9.781921330255974878e-01 4.748820843929585887e-04
2.459011441279198043e+06 9.787213979090296778e-01 4.751141433593308134e-04
2.459011446293734480e+06 9.791493595115836612e-01 4.753462023257030381e-04
2.459011451308270916e+06 9.794101614134550493e-01 4.755630920893301667e-04
2.459011456322806887e+06 9.795038036137092563e-01 4.757559852224601074e-04
2.459011461337343324e+06 9.794382624018246331e-01 4.759488783735025316e-04
2.459011466351879761e+06 9.793320179683900895e-01 4.761417715245449015e-04
2.459011471366416197e+06 9.792245723711472394e-01 4.763574828205828916e-04
2.459011476380952168e+06 9.791159256202409678e-01 4.766484049833993896e-04
2.459011481395488605e+06 9.790081541616690863e-01 4.769393271732316037e-04
2.459011486410025042e+06 9.790096861184620636e-01 4.772302493630638178e-04
2.459011491424561478e+06 9.791817651851240090e-01 4.775391010493853540e-04
2.459011496439097915e+06 9.795243913616550335e-01 4.780592087687496002e-04
2.459011501453633886e+06 9.800375644674303999e-01 4.785793164398154586e-04
2.459011506468170322e+06 9.805859921151525160e-01 4.790994241591797049e-04
2.459011511482706759e+06 9.810349011929125895e-01 4.796195318785439511e-04
2.459011516497243196e+06 9.813842917007108424e-01 4.801063473605295009e-04
2.459011521511779632e+06 9.816341636385471636e-01 4.805904125564960504e-04
2.459011526526315603e+06 9.818000756929176065e-01 4.810744777075111984e-04
2.459011531540852040e+06 9.819093907074122329e-01 4.815585429034778021e-04
2.459011536555388477e+06 9.819626208665021005e-01 4.820726686082736742e-04
2.459011541569924913e+06 9.819597661701874314e-01 4.825958162986110594e-04
2.459011546584461350e+06 9.819124498607945117e-01 4.831189639889484446e-04
2.459011551598997321e+06 9.818553046774162185e-01 4.836421116307051157e-04
2.459011556613533758e+06 9.817906356568271153e-01 4.840403947521107540e-04
2.459011561628070194e+06 9.817184428039846811e-01 4.843603841604613401e-04
2.459011566642606631e+06 9.816705539018856230e-01 4.846803735688120346e-04
2.459011571657143068e+06 9.818120045645347682e-01 4.850003629771626208e-04
2.459011576671679039e+06 9.821663888542268017e-01 4.854535928465368924e-04
2.459011581686215475e+06 9.827337068367798523e-01 4.860631856905210223e-04
2.459011586700751912e+06 9.834826263307212546e-01 4.866727785345050438e-04
2.459011591715288348e+06 9.840983081094272222e-01 4.872823713784891196e-04
2.459011596729824785e+06 9.844993077062590414e-01 4.878185180710073151e-04
2.459011601744360756e+06 9.846856251138824678e-01 4.881877301698581769e-04
2.459011606758897193e+06 9.846651234894672200e-01 4.885569423029949808e-04
2.459011611773433629e+06 9.846418695909919805e-01 4.889261544361318389e-04
2.459011616787970066e+06 9.847057343243386107e-01 4.892859089645380799e-04
2.459011621802506503e+06 9.848567176895069997e-01 4.895924891137194267e-04
2.459011626817042474e+06 9.850944781268162753e-01 4.898990692344309256e-04
2.459011631831578910e+06 9.853476140675268002e-01 4.902056493836121640e-04
2.459011636846115347e+06 9.855622272576400889e-01 4.905122295327935108e-04
2.459011641860651784e+06 9.857383176971561412e-01 4.908173434839604044e-04
2.459011646875187755e+06 9.858758853750889672e-01 4.911224522045917838e-04
2.459011651889724191e+06 9.860124502658247359e-01 4.914275609535560764e-04
2.459011656904260628e+06 9.861990154736059999e-01 4.917326697025204774e-04
2.459011661918797065e+06 9.864358709460495644e-01 4.918619483602900506e-04
2.459011666933333501e+06 9.867230166831558735e-01 4.919582144694564308e-04
2.459011671947869472e+06 9.870244602366252673e-01 4.920544805696833472e-04
2.459011676962405909e+06 9.872564894413383696e-01 4.921507466788497273e-04
2.459011681976942345e+06 9.874156948500865116e-01 4.922826226604159854e-04
2.459011686991478782e+06 9.875020764628698045e-01 4.924306934043858573e-04
2.459011692006015219e+06 9.875407230777475398e-01 4.925787641483556209e-04
2.459011697020551190e+06 9.876310981052494054e-01 4.927268348785752072e-04
2.459011702035087626e+06 9.877834466619626053e-01 4.928487808702215062e-04
2.459011707049624063e+06 9.879977687423723287e-01 4.929478232190176749e-04
2.459011712064160500e+06 9.882615880763491178e-01 4.930468655678140605e-04
2.459011717078696936e+06 9.884849751452611244e-01 4.931459079166103376e-04
2.459011722093232907e+06 9.886501134167094973e-01 4.932772569280826237e-04
2.459011727107769344e+06 9.887570029213643696e-01 4.934616964037717235e-04
2.459011732122305781e+06 9.888097791501458955e-01 4.936461358794607150e-04
2.459011737136842217e+06 9.888732783597591336e-01 4.938305753551498149e-04
2.459011742151378654e+06 9.889697940304498225e-01 4.940140270493337780e-04
2.459011747165914625e+06 9.890993261486561439e-01 4.941940522873922896e-04
2.459011752180451062e+06 9.892621997033853587e-01 4.943740775421686566e-04
2.459011757194987498e+06 9.894773416002030642e-01 4.945541027969448068e-04
2.459011762209523935e+06 9.897557810835729830e-01 4.947501170616896244e-04
2.459011767224060372e+06 9.900975181534946712e-01 4.951610838049160619e-04
2.459011772238596343e+06 9.905025527694168996e-01 4.955720505099793418e-04
2.459011777253132779e+06 9.908835704327717542e-01 4.959830172532058877e-04
2.459011782267669216e+06 9.911504216848048276e-01 4.963939839964323251e-04
2.459011787282205652e+06 9.913031007962845864e-01 4.963993682579242788e-04
2.459011792296742089e+06 9.913416077672110305e-01 4.963669278992992101e-04
2.459011797311278060e+06 9.913104829204012480e-01 4.963344875436867054e-04
2.459011802325814497e+06 9.912905325811892654e-01 4.963020471850617451e-04
2.459011807340350933e+06 9.912834354080840571e-01 4.963617142552658942e-04
2.459011812354887370e+06 9.912891914010857342e-01 4.964504428698706100e-04
2.459011817369423807e+06 9.913242890219577941e-01 4.965391714844752174e-04
2.459011822383959778e+06 9.914393992446258741e-01 4.966279000908404304e-04
2.459011827398496214e+06 9.916380776493908256e-01 4.967906413484242303e-04
2.459011832413032651e+06 9.919203242294434286e-01 4.970015800213584784e-04
2.459011837427569088e+06 9.922564128478200685e-01 4.972125186942927266e-04
2.459011842442105059e+06 9.924867840807363173e-01 4.974234573476386942e-04
2.459011847456641495e+06 9.925877494259494060e-01 4.975548621407398621e-04
2.459011852471177932e+06 9.925593088560575872e-01 4.975894818466031948e-04
2.459011857485714369e+06 9.924180827269132310e-01 4.976241015524664191e-04
2.459011862500250805e+06 9.923386970936508567e-01 4.976587212583297518e-04
2.459011867514786776e+06 9.923677910166467386e-01 4.976745786750763146e-04
2.459011872529323213e+06 9.925053645013037773e-01 4.976459278840170272e-04
2.459011877543859649e+06 9.927457193800055535e-01 4.976172770929577398e-04
2.459011882558396086e+06 9.929297640016847559e-01 4.975886263018984524e-04
2.459011887572932523e+06 9.929852594917228936e-01 4.975583335340847324e-04
2.459011892587468494e+06 9.929122058628716552e-01 4.975181197103755804e-04
2.459011897602004930e+06 9.927112032363633043e-01 4.974779058829321109e-04
2.459011902616541367e+06 9.925428120036603463e-01 4.974376920554886413e-04
2.459011907631077804e+06 9.925323091500690698e-01 4.973974782280450634e-04
2.459011912645614240e+06 9.926796946755895856e-01 4.972967061059366776e-04
2.459011917660150211e+06 9.929849685445427676e-01 4.971951651599812580e-04
2.459011922674686648e+06 9.932980273291929230e-01 4.970936242045967488e-04
2.459011927689223085e+06 9.934080652070710338e-01 4.969920832492121313e-04
2.459011932703759521e+06 9.933136208946246049e-01 4.967743558569610429e-04
2.459011937718295958e+06 9.930146943918540803e-01 4.965333227592320584e-04
2.459011942732831929e+06 9.926210985751142690e-01 4.962922896838857772e-04
2.459011947747368366e+06 9.923961621547148226e-01 4.960512565861566843e-04
2.459011952761904802e+06 9.923513670305866841e-01 4.958932985446136898e-04
2.459011957776441239e+06 9.924867132027296313e-01 4.957747253632729598e-04
2.459011962790977675e+06 9.927410001396708150e-01 4.956561521819321213e-04
2.459011967805513646e+06 9.928636353051231156e-01 4.955375790116023317e-04
2.459011972820050083e+06 9.928276704591230128e-01 4.953774048897399782e-04
2.459011977834586520e+06 9.926331055829186178e-01 4.951794173826615242e-04
2.459011982849122956e+06 9.923121458706871678e-01 4.949814298755830701e-04
2.459011987863659393e+06 9.921060972165508529e-01 4.947834423685047245e-04
2.459011992878195364e+06 9.920644187188124574e-01 4.945614631634031623e-04
2.459011997892731801e+06 9.921871103697318395e-01 4.942985116621232636e-04
2.459012002907268237e+06 9.924575109198049416e-01 4.940355601608432566e-04
2.459012007921804674e+06 9.925994831441499189e-01 4.937726086595633579e-04
2.459012012936340645e+06 9.925151124899596056e-01 4.935376034145281436e-04
2.459012017950877082e+06 9.922043989415646470e-01 4.934047742472499930e-04
2.459012022965413518e+06 9.916718201192916693e-01 4.932719450799720592e-04
2.459012027979949955e+06 9.912103847242547117e-01 4.931391159126940170e-04
2.459012032994486392e+06 9.909962757355427199e-01 4.930095290040383644e-04
2.459012038009022363e+06 9.910294931385872363e-01 4.929305311250661674e-04
2.459012043023558799e+06 9.913100369395573264e-01 4.928515332387580416e-04
2.459012048038095236e+06 9.916211794886986564e-01 4.927725353524498074e-04
2.459012053052631672e+06 9.917311001409618854e-01 4.926935374661416817e-04
2.459012058067168109e+06 9.916397337695134206e-01 4.923464024019295459e-04
2.459012063081704080e+06 9.913470804108757140e-01 4.919713464026410649e-04
2.459012068096240517e+06 9.909617656370853789e-01 4.915962903685241071e-04
2.459012073110776953e+06 9.906870668545570968e-01 4.912212343344069324e-04
2.459012078125313390e+06 9.905276437455421412e-01 4.909852312507453215e-04
2.459012083139849827e+06 9.904834963100402900e-01 4.907952948461846102e-04
2.459012088154385798e+06 9.905206717960780560e-01 4.906053584592620252e-04
2.459012093168922234e+06 9.905315416669662199e-01 4.904154220547013139e-04
2.459012098183458671e+06 9.905081543006361011e-01 4.902411132153637174e-04
2.459012103197995108e+06 9.904505096970875888e-01 4.900773706276128055e-04
2.459012108212531544e+06 9.903625744890163229e-01 4.899136280398617852e-04
2.459012113227067515e+06 9.902663976162559001e-01 4.897498854673162667e-04
2.459012118241603952e+06 9.901653767455546040e-01 4.895927273576135491e-04
2.459012123256140389e+06 9.900595118856186927e-01 4.894438792964734110e-04
2.459012128270676825e+06 9.899494810468107975e-01 4.892950312353333813e-04
2.459012133285213262e+06 9.898427400058624759e-01 4.891461831741933516e-04
2.459012138299749233e+06 9.897413443406788414e-01 4.890168087896065718e-04
2.459012143314285669e+06 9.896452940324278469e-01 4.889356870821269995e-04
2.459012148328822106e+06 9.895556410718480134e-01 4.888545653746475357e-04
2.459012153343358543e+06 9.895040821194673875e-01 4.887734436671680718e-04
2.459012158357894979e+06 9.895054572889576683e-01 4.887086307185784092e-04
2.459012163372430950e+06 9.895597665728181891e-01 4.887501354888415354e-04
2.459012168386967387e+06 9.896668967129533812e-01 4.887916402629590004e-04
2.459012173401503824e+06 9.897865339428701947e-01 4.888331450370763569e-04
2.459012178416040260e+06 9.898861550992692493e-01 4.888746498111937134e-04
2.459012183430576231e+06 9.899657601756874925e-01 4.888193954197072146e-04
2.459012188445112668e+06 9.900253491869094313e-01 4.887620105581014923e-04
2.459012193459649105e+06 9.900467278856796005e-01 4.887046256964956616e-04
2.459012198474185541e+06 9.900035034203141793e-01 4.886472408348899394e-04
2.459012203488721978e+06 9.898954570461110380e-01 4.884601495122824601e-04
2.459012208503257949e+06 9.897225887821328172e-01 4.882453380340809226e-04
2.459012213517794386e+06 9.895079416036965947e-01 4.880305265359315288e-04
2.459012218532330822e+06 9.893084875428402869e-01 4.878157150377820266e-04
2.459012223546867259e+06 9.891268797371225441e-01 4.876854121074438906e-04
2.459012228561403695e+06 9.889631181865431442e-01 4.875968500810662202e-04
2.459012233575939666e+06 9.888369798331675398e-01 4.875082880629127654e-04
2.459012238590476103e+06 9.888321226986331869e-01 4.874197260365351492e-04
2.459012243605012540e+06 9.889579320871922929e-01 4.873492662760242188e-04
2.459012248619548976e+06 9.892144079988448579e-01 4.872958653186795059e-04
2.459012253634085413e+06 9.895681317780997688e-01 4.872424643613347929e-04
2.459012258648621384e+06 9.897586530471359501e-01 4.871890634089489497e-04
2.459012263663157821e+06 9.897307595664148749e-01 4.870425567612367539e-04
2.459012268677694257e+06 9.894844513081031412e-01 4.867307434838720123e-04
2.459012273692230694e+06 9.890362968357985229e-01 4.864189302065072707e-04
2.459012278706767131e+06 9.886770733258493093e-01 4.861071169291424207e-04
2.459012283721303102e+06 9.885131032331644363e-01 4.858344191713905610e-04
2.459012288735839538e+06 9.885443865272909303e-01 4.857127088532209812e-04
2.459012293750375975e+06 9.887680659883600898e-01 4.855909985350512930e-04
2.459012298764912412e+06 9.889723168798123520e-01 4.854692882168817674e-04
2.459012303779448848e+06 9.890256911657119288e-01 4.853436780746200039e-04
2.459012308793984819e+06 9.889281888621188621e-01 4.851458294244141646e-04
2.459012313808521256e+06 9.886798099509243043e-01 4.849479807558355979e-04
2.459012318823057692e+06 9.884297538642440317e-01 4.847501320872570855e-04
2.459012323837594129e+06 9.883432888763288293e-01 4.845522834186784104e-04
2.459012328852130566e+06 9.884205217189178105e-01 4.843717609747725497e-04
2.459012333866666537e+06 9.886614523620368411e-01 4.841932349458454433e-04
2.459012338881202973e+06 9.889935876747629750e-01 4.840147089003400183e-04
2.459012343895739410e+06 9.892770066523719485e-01 4.838361828548346476e-04
2.459012348910275847e+06 9.895081882130382089e-01 4.837070333759994965e-04
2.459012353924812283e+06 9.896871323567617562e-01 4.835950398968658342e-04
2.459012358939348254e+06 9.898130157109182869e-01 4.834830464281321643e-04
2.459012363953884691e+06 9.898831456820591512e-01 4.833710529489985020e-04
2.459012368968421128e+06 9.898973130671060439e-01 4.832530969852437863e-04
2.459012373982957564e+06 9.898555178660589648e-01 4.831309563554878755e-04
2.459012378997493535e+06 9.897736139903453578e-01 4.830088157370742374e-04
2.459012384012029972e+06 9.897428991123335962e-01 4.828866751073183266e-04
2.459012389026566409e+06 9.897779692313360966e-01 4.828753099599678088e-04
2.459012394041102845e+06 9.898788243473529702e-01 4.830089650405001967e-04
2.459012399055639282e+06 9.900381631045213071e-01 4.831426201210326388e-04
2.459012404070175253e+06 9.901718674803292597e-01 4.832762751891535140e-04
2.459012409084711690e+06 9.902560009615040126e-01 4.833815018903569235e-04
2.459012414099248126e+06 9.902905635333281165e-01 4.834130885482736681e-04
2.459012419113784563e+06 9.902776792642866699e-01 4.834446752061904670e-04
2.459012424128320999e+06 9.902866509541619067e-01 4.834762618641072116e-04
2.459012429142856970e+06 9.903509367362425264e-01 4.835310919584031751e-04
2.459012434157393407e+06 9.904705366224682006e-01 4.837501510827461621e-04
2.459012439171929844e+06 9.906453653895280764e-01 4.839692102070892576e-04
2.459012444186466280e+06 9.908328915880779686e-01 4.841882693314322446e-04
2.459012449201002717e+06 9.909976253585585093e-01 4.844073284557752859e-04
2.459012454215538688e+06 9.911395666888470624e-01 4.845650100291011455e-04
2.459012459230075125e+06 9.912587156053057624e-01 4.847207570305628105e-04
2.459012464244611561e+06 9.913785205216597562e-01 4.848765040320244211e-04
2.459012469259147998e+06 9.915341080737958279e-01 4.850322510334861403e-04
2.459012474273684435e+06 9.917258207639482182e-01 4.853300295232652515e-04
2.459012479288220406e+06 9.919536585692817487e-01 4.856600687639167158e-04
2.459012484302756842e+06 9.921848817953863309e-01 4.859901080352163529e-04
2.459012489317293279e+06 9.923360285241284995e-01 4.863201473065159900e-04
2.459012494331829716e+06 9.924029567820026321e-01 4.867947079336782334e-04
2.459012499346366152e+06 9.923856665690090617e-01 4.873435980991404717e-04
2.459012504360902123e+06 9.923005915615442651e-01 4.878924882136314385e-04
2.459012509375438560e+06 9.922195658941073138e-01 4.884413783790935142e-04
2.459012514389974996e+06 9.921509905857562872e-01 4.888729260512845965e-04
2.459012519404511433e+06 9.920948656364917406e-01 4.891898337058670464e-04
2.459012524419047870e+06 9.920605328410666557e-01 4.895067413604496046e-04
2.459012529433583841e+06 9.921237701060240388e-01 4.898236489856032296e-04
2.459012534448120277e+06 9.923011873112691505e-01 4.902099457562284542e-04
2.459012539462656714e+06 9.925927844562305591e-01 4.907243828101636677e-04
2.459012544477193151e+06 9.929943684291671069e-01 4.912388198640988812e-04
2.459012549491729122e+06 9.934278751075409364e-01 4.917532568702624122e-04
2.459012554506265558e+06 9.938638710622055283e-01 4.922846647293119098e-04
2.459012559520801995e+06 9.943023562530198811e-01 4.928853594966300369e-04
2.459012564535338432e+06 9.947424895502287034e-01 4.934860542639479472e-04
2.459012569549874868e+06 9.951129470636467245e-01 4.940867490312660744e-04
2.459012574564410839e+06 9.953680422410221551e-01 4.946845489932521264e-04
2.459012579578947276e+06 9.955077751297327637e-01 4.952166567954032579e-04
2.459012584593483713e+06 9.955321457007331176e-01 4.957487645975544978e-04
2.459012589608020149e+06 9.955256403305412505e-01 4.962808723997055209e-04
2.459012594622556586e+06 9.955851373979632823e-01 4.968129802018566524e-04
2.459012599637092557e+06 9.957107484515058671e-01 4.972955170983359673e-04
2.459012604651628993e+06 9.959024735144978990e-01 4.977717808471616035e-04
2.459012609666165430e+06 9.961083663656592480e-01 4.982480445959873482e-04
2.459012614680701867e+06 9.962250229557141346e-01 4.987243083448129844e-04
2.459012619695238303e+06 9.962495997751510401e-01 4.990978386628770963e-04
2.459012624709774274e+06 9.961820968345138638e-01 4.994339717321530500e-04
2.459012629724310711e+06 9.960768539706754687e-01 4.997701048326429673e-04
2.459012634738847148e+06 9.961172265963211814e-01 5.001062379331331015e-04
2.459012639753383584e+06 9.963181764286481723e-01 5.005453826358629080e-04
2.459012644767920021e+06 9.966797034676566636e-01 5.010595559241243224e-04
2.459012649782455992e+06 9.971496571904757689e-01 5.015737291646385574e-04
2.459012654796992429e+06 9.974167765950144871e-01 5.020879024529000803e-04
2.459012659811528865e+06 9.974294574487563292e-01 5.024332987142172535e-04
2.459012664826065302e+06 9.971876997517014063e-01 5.025494565413864308e-04
2.459012669840601739e+06 9.967245640174468013e-01 5.026656143685556081e-04
2.459012674855137710e+06 9.964395249611411876e-01 5.027817721849380580e-04
2.459012679869674146e+06 9.964498921747723115e-01 5.029556435432574460e-04
2.459012684884210583e+06 9.967556656985252506e-01 5.032859465350964130e-04
2.459012689898747019e+06 9.973470749009446523e-01 5.036162495269354885e-04
2.459012694913283456e+06 9.978776156460539282e-01 5.039465525187744556e-04
2.459012699927819427e+06 9.981747761568600108e-01 5.042535333711821530e-04
2.459012704942355864e+06 9.982385564885527529e-01 5.043809766058143578e-04
2.459012709956892300e+06 9.980692141845166621e-01 5.045084198404465627e-04
2.459012714971428737e+06 9.978611619079271744e-01 5.046358630750788759e-04
2.459012719985965174e+06 9.977822531065044798e-01 5.047633063097110807e-04
2.459012725000501145e+06 9.978324877695873285e-01 5.051287900554435719e-04
2.459012730015037581e+06 9.980118659065057019e-01 5.055040819943955842e-04
2.459012735029574018e+06 9.982527748127474343e-01 5.058793739333473797e-04
2.459012740044110455e+06 9.984506371781385337e-01 5.062546658722993920e-04
2.459012745058646426e+06 9.986042695136770897e-01 5.063660306566223788e-04
2.459012750073182862e+06 9.987136718478965003e-01 5.064138236047586571e-04
2.459012755087719299e+06 9.987892676372649436e-01 5.064616165528948270e-04
2.459012760102255736e+06 9.988584558341805364e-01 5.065094095010311053e-04
2.459012765116792172e+06 9.989226824753940637e-01 5.066484489960543713e-04
2.459012770131328143e+06 9.989819475556322992e-01 5.068363309241677179e-04
2.459012775145864580e+06 9.990312940569735511e-01 5.070242128697282627e-04
2.459012780160401016e+06 9.990483253112005801e-01 5.072120948152889159e-04
2.459012785174937453e+06 9.990303126951189938e-01 5.074169484898549166e-04
2.459012790189473890e+06 9.989772562087282370e-01 5.076389920510804244e-04
2.459012795204009861e+06 9.988998329615579319e-01 5.078610355916863585e-04
2.459012800218546297e+06 9.988882496582417447e-01 5.080830791529118663e-04
2.459012805233082734e+06 9.989629454218106330e-01 5.083074982510032242e-04
2.459012810247619171e+06 9.991239202522651519e-01 5.085364824086660443e-04
2.459012815262155607e+06 9.993664544918411385e-01 5.087654665663289728e-04
2.459012820276691578e+06 9.995971577974389621e-01 5.089944507027278778e-04
2.459012825291228015e+06 9.997797218376228701e-01 5.091860092980700315e-04
2.459012830305764452e+06 9.999141465887338986e-01 5.092156317636647479e-04
2.459012835320300888e+06 1.000000000000000000e+00 5.092452542292596812e-04
2.459012840334837325e+06 9.999949113734910577e-01 5.092748766948545060e-04
2.459012845349373296e+06 9.998708598129443237e-01 5.092979036844602972e-04
2.459012850363909733e+06 9.996278452953204496e-01 5.091287891154465655e-04
2.459012855378446169e+06 9.992658678266156391e-01 5.089596745464328338e-04
2.459012860392982606e+06 9.988995589012993337e-01 5.087905599774189937e-04
2.459012865407519042e+06 9.986649391619688565e-01 5.086214454084052620e-04
2.459012870422055013e+06 9.985622523966928288e-01 5.085658208299104373e-04
2.459012875436591450e+06 9.985914985863995064e-01 5.085258707568167088e-04
2.459012880451127887e+06 9.986604263420573169e-01 5.084859206837230887e-04
2.459012885465664323e+06 9.985796582775556818e-01 5.084459706106293601e-04
2.459012890480200760e+06 9.983435273169929403e-01 5.083213570279689845e-04
2.459012895494736731e+06 9.979520335039383516e-01 5.081644856853645073e-04
2.459012900509273168e+06 9.974696887812140034e-01 5.080076143281927982e-04
2.459012905523809604e+06 9.971211266064179402e-01 5.078507429710208722e-04
2.459012910538346041e+06 9.969255779942547413e-01 5.077422895905551407e-04
2.459012915552882012e+06 9.968830429415699301e-01 5.076704266649282107e-04
2.459012920567418449e+06 9.969600060598805547e-01 5.075985637326277996e-04
2.459012925581954885e+06 9.969490489604946326e-01 5.075267008003274969e-04
2.459012930596491322e+06 9.968145256738671911e-01 5.072899850155125840e-04
2.459012935611027759e+06 9.965564361999982301e-01 5.068209117563717394e-04
2.459012940625563730e+06 9.961892884656127212e-01 5.063518385407900181e-04
2.459012945640100166e+06 9.958971474636184595e-01 5.058827652816491735e-04
2.459012950654636603e+06 9.957357872383307829e-01 5.055095594044948550e-04
2.459012955669173039e+06 9.957052077897493580e-01 5.054085182060759742e-04
2.459012960683709476e+06 9.957998254967820317e-01 5.053074770076573102e-04
2.459012965698245447e+06 9.958035202160976374e-01 5.052064358186213319e-04
2.459012970712781884e+06 9.956053231158182859e-01 5.050500639431323080e-04
2.459012975727318320e+06 9.952052341862268614e-01 5.044267706345993045e-04
2.459012980741854757e+06 9.946033715564772670e-01 5.038034773260665180e-04
2.459012985756391194e+06 9.939513900811239866e-01 5.031801840175335145e-04
2.459012990770927165e+06 9.933848214178766511e-01 5.025568907668810778e-04
2.459012995785463601e+06 9.929036654615099877e-01 5.022972558476657178e-04
2.459013000800000038e+06 9.925079222686024050e-01 5.020561950629781047e-04
