2.458962000000000000e+06 9.928555338388104223e-01 4.934025573383896222e-04
2.458962005014536437e+06 9.927026977206142577e-01 4.931812582623807534e-04
2.458962010029072873e+06 9.925705132896887051e-01 4.929599591863719930e-04
2.458962015043608844e+06 9.924628288505146223e-01 4.928222976762037470e-04
2.458962020058145281e+06 9.923796443830925629e-01 4.927355858723592033e-04
2.458962025072681718e+06 9.923264258246876635e-01 4.926488740685145513e-04
2.458962030087218154e+06 9.923307932698354206e-01 4.925621622646698993e-04
2.458962035101754591e+06 9.923965833520400626e-01 4.924735124164087829e-04
2.458962040116290562e+06 9.925237960566363205e-01 4.923826490070148812e-04
2.458962045130826999e+06 9.926996478836607185e-01 4.922917855891831762e-04
2.458962050145363435e+06 9.927998065990948362e-01 4.922009221713514711e-04
2.458962055159899872e+06 9.927928684420213035e-01 4.920482134157508130e-04
2.458962060174436308e+06 9.926788334124405644e-01 4.917592527512495417e-04
2.458962065188972279e+06 9.924606191114831999e-01 4.914702921135818406e-04
2.458962070203508716e+06 9.922101144451085375e-01 4.911813314490806777e-04
2.458962075218045153e+06 9.919582762839518342e-01 4.909460434031791883e-04
2.458962080232581589e+06 9.917051046280129789e-01 4.909976955905775032e-04
2.458962085247118026e+06 9.914507048314412652e-01 4.910493477779757096e-04
2.458962090261653997e+06 9.912138437567413751e-01 4.911009999605774057e-04
2.458962095276190434e+06 9.910083540488459075e-01 4.911515389375116980e-04
2.458962100290726870e+06 9.908342357312073245e-01 4.908266439090394574e-04
2.458962105305263307e+06 9.906914888038254041e-01 4.905017488805672168e-04
2.458962110319799278e+06 9.905990024729567356e-01 4.901768538822652869e-04
2.458962115334335715e+06 9.905818570063288364e-01 4.898519588537930463e-04
2.458962120348872151e+06 9.906401742953484524e-01 4.897519276555881628e-04
2.458962125363408588e+06 9.907739543400158055e-01 4.896920972051851039e-04
2.458962130377945025e+06 9.909168335509902503e-01 4.896322667547821535e-04
2.458962135392480996e+06 9.909177627023147972e-01 4.895724363099351970e-04
2.458962140407017432e+06 9.907708889842014033e-01 4.893838516911651034e-04
2.458962145421553869e+06 9.904762123897012938e-01 4.891384204910437499e-04
2.458962150436090305e+06 9.901003605721451217e-01 4.888929892909226133e-04
2.458962155450626742e+06 9.899016156367025365e-01 4.886475580908013682e-04
2.458962160465162713e+06 9.899057802950131935e-01 4.887141832327566689e-04
2.458962165479699150e+06 9.901128545478506959e-01 4.890476036489584512e-04
2.458962170494235586e+06 9.904819977190755242e-01 4.893810240651601251e-04
2.458962175508772023e+06 9.907264902450607647e-01 4.897144444813619074e-04
2.458962180523308460e+06 9.907908537951302108e-01 4.898113560810056543e-04
2.458962185537844431e+06 9.906750883883979064e-01 4.895296295259014005e-04
2.458962190552380867e+06 9.903936546568079535e-01 4.892479029446352400e-04
2.458962195566917304e+06 9.901650522728372428e-01 4.889661763633690794e-04
2.458962200581453741e+06 9.900628517238274640e-01 4.887465443145889250e-04
2.458962205595990177e+06 9.900870530097785061e-01 4.887349642274140590e-04
2.458962210610526148e+06 9.902347294613069728e-01 4.887233841413147215e-04
2.458962215625062585e+06 9.903475938527401823e-01 4.887118040541399639e-04
2.458962220639599022e+06 9.903353209730000328e-01 4.886997288100940803e-04
2.458962225654135458e+06 9.901979108220864134e-01 4.886815672349309339e-04
2.458962230668671895e+06 9.899353633999996571e-01 4.886634056597678960e-04
2.458962235683207866e+06 9.896672266976048737e-01 4.886452440862913346e-04
2.458962240697744302e+06 9.895140436468611300e-01 4.886270825111281883e-04
2.458962245712280739e+06 9.894758147950665217e-01 4.886557185047593274e-04
2.458962250726817176e+06 9.895525401422208267e-01 4.886883899017882994e-04
2.458962255741353612e+06 9.897070332068783616e-01 4.887210612988173797e-04
2.458962260755889583e+06 9.898731848956631163e-01 4.887537326928124287e-04
2.458962265770426020e+06 9.900497113425993367e-01 4.888475920002665611e-04
2.458962270784962457e+06 9.902366125327398683e-01 4.889601437802912559e-04
2.458962275799498893e+06 9.904111637065959872e-01 4.890726955603158423e-04
2.458962280814034864e+06 9.905049060162458563e-01 4.891852473298887198e-04
2.458962285828571301e+06 9.905131958056104802e-01 4.891481478712950831e-04
2.458962290843107738e+06 9.904360330620173292e-01 4.890159210515103222e-04
2.458962295857644174e+06 9.902883913718640851e-01 4.888836942317256696e-04
2.458962300872180611e+06 9.901488953545276583e-01 4.887514674119411255e-04
2.458962305886716582e+06 9.900289420799212037e-01 4.886543880843147256e-04
2.458962310901253019e+06 9.899285315257667639e-01 4.885991119128005756e-04
2.458962315915789455e+06 9.898541771977296122e-01 4.885438357412865340e-04
2.458962320930325892e+06 9.898724236531459830e-01 4.884885595697724923e-04
2.458962325944862328e+06 9.900006922740590687e-01 4.885317890288990231e-04
2.458962330959398299e+06 9.902389830332323228e-01 4.888025464316462284e-04
2.458962335973934736e+06 9.905806872132730811e-01 4.890733038595368410e-04
2.458962340988471173e+06 9.908494827402936078e-01 4.893440612874273453e-04
2.458962346003007609e+06 9.909668027604291440e-01 4.895335454288607174e-04
2.458962351017544046e+06 9.909326472736794678e-01 4.892533462034847572e-04
2.458962356032080017e+06 9.907476870027174254e-01 4.889731470041287819e-04
2.458962361046616454e+06 9.905657756498894573e-01 4.886929477787529301e-04
2.458962366061152890e+06 9.905045641319061289e-01 4.884127485533770784e-04
2.458962371075689327e+06 9.905640524487676624e-01 4.884466980058583185e-04
2.458962376090225764e+06 9.907442406004738356e-01 4.884828961920269913e-04
2.458962381104761735e+06 9.909538781768778559e-01 4.885190943748342037e-04
2.458962386119298171e+06 9.910672856929704233e-01 4.885552925610027681e-04
2.458962391133834608e+06 9.910836874074369085e-01 4.883917933923681001e-04
2.458962396148371045e+06 9.910030833202773115e-01 4.881897666961728961e-04
2.458962401162907481e+06 9.908959902777227935e-01 4.879877399999776378e-04
2.458962406177443452e+06 9.909284878893207527e-01 4.877857133225431429e-04
2.458962411191979889e+06 9.911075343957834738e-01 4.877386612951113199e-04
2.458962416206516325e+06 9.914331298008977056e-01 4.877633210485438141e-04
2.458962421221052762e+06 9.918504598519184423e-01 4.877879808019762540e-04
2.458962426235589199e+06 9.921392565941377084e-01 4.878126405554087481e-04
2.458962431250125170e+06 9.922764155211196702e-01 4.877885401863655407e-04
2.458962436264661606e+06 9.922619366583383949e-01 4.877210313343447747e-04
2.458962441279198043e+06 9.921299387823491189e-01 4.876535224823241171e-04
2.458962446293734480e+06 9.921304514216615633e-01 4.875860136303034596e-04
2.458962451308270916e+06 9.923137382171969278e-01 4.875644405142120857e-04
2.458962456322806887e+06 9.926797991264755261e-01 4.876196194843925567e-04
2.458962461337343324e+06 9.932117985630245505e-01 4.876747984596969672e-04
2.458962466351879761e+06 9.936393441539306259e-01 4.877299774350014861e-04
2.458962471366416197e+06 9.938682021313455239e-01 4.877521695065610650e-04
2.458962476380952168e+06 9.938983725016929949e-01 4.876572655635280466e-04
2.458962481395488605e+06 9.937331672148309591e-01 4.875623616116820909e-04
2.458962486410025042e+06 9.935755952184637252e-01 4.874674576598361352e-04
2.458962491424561478e+06 9.935456220586464937e-01 4.873786880128669558e-04
2.458962496439097915e+06 9.936432477353792647e-01 4.873779104530739817e-04
2.458962501453633886e+06 9.938684722218222856e-01 4.873771328933533238e-04
2.458962506468170322e+06 9.941368855245212854e-01 4.873763553335604039e-04
2.458962511482706759e+06 9.943599157871487737e-01 4.873755777737674298e-04
2.458962516497243196e+06 9.945375502633698739e-01 4.874925949670465102e-04
2.458962521511779632e+06 9.946697889531846970e-01 4.876211839178000830e-04
2.458962526526315603e+06 9.947948998776989793e-01 4.877497728566125242e-04
2.458962531540852040e+06 9.949833187757787245e-01 4.878783618073660971e-04
2.458962536555388477e+06 9.952365784092259693e-01 4.878429598668130901e-04
2.458962541569924913e+06 9.955546787780408247e-01 4.877546096353429866e-04
2.458962546584461350e+06 9.959031846269635890e-01 4.876662594038728288e-04
2.458962551598997321e+06 9.961747064975823296e-01 4.875779091806070457e-04
2.458962556613533758e+06 9.963615214234986528e-01 4.877638631043602793e-04
2.458962561628070194e+06 9.964636293755652074e-01 4.881316905413985775e-04
2.458962566642606631e+06 9.964969821364260127e-01 4.884995179784369299e-04
2.458962571657143068e+06 9.965486569492555402e-01 4.888673454154752280e-04
2.458962576671679039e+06 9.966318170036865265e-01 4.890692121269513831e-04
2.458962581686215475e+06 9.967464623151641723e-01 4.890655048329385895e-04
2.458962586700751912e+06 9.968895750268851330e-01 4.890617975389260127e-04
2.458962591715288348e+06 9.970287324106706928e-01 4.890580902449134359e-04
2.458962596729824785e+06 9.971551384036916321e-01 4.890970577310018060e-04
2.458962601744360756e+06 9.972687929959856978e-01 4.892394622398519004e-04
2.458962606758897193e+06 9.973688885931843995e-01 4.893818667619260088e-04
2.458962611773433629e+06 9.974320086608350344e-01 4.895242712840001172e-04
2.458962616787970066e+06 9.974473560900956048e-01 4.896617538391480730e-04
2.458962621802506503e+06 9.974149308809658887e-01 4.897683489533765202e-04
2.458962626817042474e+06 9.973350868190221652e-01 4.898749440577063099e-04
2.458962631831578910e+06 9.973166998942576411e-01 4.899815391719347570e-04
2.458962636846115347e+06 9.974461767894209352e-01 4.900881342861633126e-04
2.458962641860651784e+06 9.977235175045120474e-01 4.902788059259387482e-04
2.458962646875187755e+06 9.981487219931800547e-01 4.904709464869242211e-04
2.458962651889724191e+06 9.985852085917286125e-01 4.906630870657524091e-04
2.458962656904260628e+06 9.988379049374812579e-01 4.908552276445804887e-04
2.458962661918797065e+06 9.989053240929980371e-01 4.908704803296237533e-04
2.458962666933333501e+06 9.987874660582792830e-01 4.908490418953333559e-04
2.458962671947869472e+06 9.985790256129254416e-01 4.908276034630337705e-04
2.458962676962405909e+06 9.985107743755327059e-01 4.908061650287433731e-04
2.458962681976942345e+06 9.985931335867811454e-01 4.909247842532773413e-04
2.458962686991478782e+06 9.988261032466707601e-01 4.911112736386104901e-04
2.458962692006015219e+06 9.991614649840510065e-01 4.912977630239436389e-04
2.458962697020551190e+06 9.993983069450083079e-01 4.914842523919590433e-04
2.458962702035087626e+06 9.995145246828495145e-01 4.915451075671446691e-04
2.458962707049624063e+06 9.995101181699796999e-01 4.914895120419511673e-04
2.458962712064160500e+06 9.994007014964360058e-01 4.914339165167576655e-04
2.458962717078696936e+06 9.993058004052258747e-01 4.913783209915640552e-04
2.458962722093232907e+06 9.992503693090390993e-01 4.914093247389714420e-04
2.458962727107769344e+06 9.992344081975802483e-01 4.915914125764069475e-04
2.458962732122305781e+06 9.992567737116464510e-01 4.917735004138424531e-04
2.458962737136842217e+06 9.992979084586806060e-01 4.919555882512778502e-04
2.458962742151378654e+06 9.993507583090117663e-01 4.920830080497188078e-04
2.458962747165914625e+06 9.994153232561007183e-01 4.920044328629420921e-04
2.458962752180451062e+06 9.994915417369455435e-01 4.919258576688686959e-04
2.458962757194987498e+06 9.995750951652858651e-01 4.918472824747951912e-04
2.458962762209523935e+06 9.996633402725477735e-01 4.917860586740435127e-04
2.458962767224060372e+06 9.997562770587317127e-01 4.920223535411121299e-04
2.458962772238596343e+06 9.998539055145533316e-01 4.922586483862380130e-04
2.458962777253132779e+06 9.998944147338754140e-01 4.924949432533067386e-04
2.458962782267669216e+06 9.998103475147120944e-01 4.927312381203755726e-04
2.458962787282205652e+06 9.996016719842154563e-01 4.925421100032956450e-04
2.458962792296742089e+06 9.992683881423857217e-01 4.923059678764643695e-04
2.458962797311278060e+06 9.989281735068579193e-01 4.920698257715617335e-04
2.458962802325814497e+06 9.988052472019650629e-01 4.918336836447305665e-04
2.458962807340350933e+06 9.989050391519463945e-01 4.918505573335539300e-04
2.458962812354887370e+06 9.992275493568023581e-01 4.919536395461004833e-04
2.458962817369423807e+06 9.996766590285680598e-01 4.920567217586471450e-04
2.458962822383959778e+06 9.999420172425395048e-01 4.921598039616212773e-04
2.458962827398496214e+06 1.000000000000000000e+00 4.920959636266889793e-04
2.458962832413032651e+06 9.998506072666795141e-01 4.919167222134317565e-04
2.458962837427569088e+06 9.995273042430935506e-01 4.917374808001745336e-04
2.458962842442105059e+06 9.992200917577634955e-01 4.915582394035620910e-04
2.458962847456641495e+06 9.989589037644545089e-01 4.915145259848412640e-04
2.458962852471177932e+06 9.987437402938323938e-01 4.916456836599107736e-04
2.458962857485714369e+06 9.985748104085003796e-01 4.917768413349801748e-04
2.458962862500250805e+06 9.984544789525626740e-01 4.919079990100495760e-04
2.458962867514786776e+06 9.983834106147554399e-01 4.919463170077781507e-04
2.458962872529323213e+06 9.983616053818792357e-01 4.917482614249522920e-04
2.458962877543859649e+06 9.983868295163434992e-01 4.915502058421262165e-04
2.458962882558396086e+06 9.983884137394199998e-01 4.913521502593002493e-04
2.458962887572932523e+06 9.983326378868075945e-01 4.911917916289272124e-04
2.458962892587468494e+06 9.982195019716754159e-01 4.912896669587717450e-04
2.458962897602004930e+06 9.980490122032247280e-01 4.913875422977050361e-04
2.458962902616541367e+06 9.978238896810150971e-01 4.914854176366383271e-04
2.458962907631077804e+06 9.975463765081590273e-01 4.915832929755717265e-04
2.458962912645614240e+06 9.972164726846565186e-01 4.917147597827980663e-04
2.458962917660150211e+06 9.968341782484407831e-01 4.918471670922794749e-04
2.458962922674686648e+06 9.964462942549787705e-01 4.919795744140566035e-04
2.458962927689223085e+06 9.961221163771502018e-01 4.921119817358337320e-04
2.458962932703759521e+06 9.958622825660944367e-01 4.918148477717477996e-04
2.458962937718295958e+06 9.956667928218115859e-01 4.914222356163103558e-04
2.458962942732831929e+06 9.955120004600090944e-01 4.910296234973315953e-04
2.458962947747368366e+06 9.953382754094471929e-01 4.906370113418941515e-04
2.458962952761904802e+06 9.951427237554490990e-01 4.904025682642343051e-04
2.458962957776441239e+06 9.949253454980148126e-01 4.902483337287583728e-04
2.458962962790977675e+06 9.946975102326235385e-01 4.900940991932823320e-04
2.458962967805513646e+06 9.945083539889894020e-01 4.899398646721287104e-04
2.458962972820050083e+06 9.943635415733171889e-01 4.897983491380222603e-04
2.458962977834586520e+06 9.942630730052319787e-01 4.896691075924425275e-04
2.458962982849122956e+06 9.942010197746468103e-01 4.895398660468627946e-04
2.458962987863659393e+06 9.941299390658658863e-01 4.894106245012831702e-04
2.458962992878195364e+06 9.940395479610077967e-01 4.893902844373638822e-04
2.458962997892731801e+06 9.939298464432855251e-01 4.895684289359377795e-04
2.458963002907268237e+06 9.937988657924294866e-01 4.897465734345115684e-04
2.458963007921804674e+06 9.936106640591886308e-01 4.899247179330854657e-04
2.458963012936340645e+06 9.933518252691188044e-01 4.900337793266356301e-04
2.458963017950877082e+06 9.930223493741469065e-01 4.898659236100916465e-04
2.458963022965413518e+06 9.926227724826049981e-01 4.896980678935476628e-04
2.458963027979949955e+06 9.921965963453285298e-01 4.895302121770036792e-04
2.458963032994486392e+06 9.917714048741123056e-01 4.893581775175107410e-04
2.458963038009022363e+06 9.913471981083039619e-01 4.890975422819532521e-04
2.458963043023558799e+06 9.909239759691174099e-01 4.888369070221926845e-04
2.458963048038095236e+06 9.905135903148807319e-01 4.885762717624320085e-04
2.458963053052631672e+06 9.901294869189698478e-01 4.883156365026713325e-04
2.458963058067168109e+06 9.897716789589802167e-01 4.881080159051385983e-04
2.458963063081704080e+06 9.894401664644756345e-01 4.879069195223699495e-04
2.458963068096240517e+06 9.891208817349731452e-01 4.877058231209268940e-04
2.458963073110776953e+06 9.887860805156427624e-01 4.875047267194839470e-04
2.458963078125313390e+06 9.884350196345086381e-01 4.873151546372692360e-04
2.458963083139849827e+06 9.880676990915708835e-01 4.871297205157996838e-04
2.458963088154385798e+06 9.876931673134428102e-01 4.869442864115500810e-04
2.458963093168922234e+06 9.873416772466484526e-01 4.867588522900805829e-04
2.458963098183458671e+06 9.870156626844295289e-01 4.866146300654539255e-04
2.458963103197995108e+06 9.867151236267860392e-01 4.865001066185142093e-04
2.458963108212531544e+06 9.864413595323926476e-01 4.863855831715744389e-04
2.458963113227067515e+06 9.862020477055799539e-01 4.862710597352695534e-04
2.458963118241603952e+06 9.859984479422611026e-01 4.860356996499703422e-04
2.458963123256140389e+06 9.858305602663168798e-01 4.856378945148074125e-04
2.458963128270676825e+06 9.856941273541678372e-01 4.852400893796444286e-04
2.458963133285213262e+06 9.855383809165392250e-01 4.848422842444816074e-04
2.458963138299749233e+06 9.853485403471317072e-01 4.845550973231168082e-04
2.458963143314285669e+06 9.851246056106871540e-01 4.845640670305275495e-04
2.458963148328822106e+06 9.848664881665512016e-01 4.845730367379381281e-04
2.458963153343358543e+06 9.845711173400384375e-01 4.845820064453488151e-04
2.458963158357894979e+06 9.842369767929828317e-01 4.845667956169588935e-04
2.458963163372430950e+06 9.838640665618133552e-01 4.843696564621751571e-04
2.458963168386967387e+06 9.834524775556994225e-01 4.841725172890847212e-04
2.458963173401503824e+06 9.830634117740923994e-01 4.839753781159941226e-04
2.458963178416040260e+06 9.827492483159847581e-01 4.837782389429036325e-04
2.458963183430576231e+06 9.825099872001171741e-01 4.838322135219318100e-04
2.458963188445112668e+06 9.823456283820527490e-01 4.838959178835418795e-04
2.458963193459649105e+06 9.822086125086837427e-01 4.839596222451518406e-04
2.458963198474185541e+06 9.820259574648034784e-01 4.840233266067619101e-04
2.458963203488721978e+06 9.817968663125018480e-01 4.837973768012582211e-04
2.458963208503257949e+06 9.815213390795206605e-01 4.835026330762144642e-04
2.458963213517794386e+06 9.812172130009670923e-01 4.832078893238001319e-04
2.458963218532330822e+06 9.809310332192051618e-01 4.829131455713857996e-04
2.458963223546867259e+06 9.806652208894252043e-01 4.829429387486581116e-04
2.458963228561403695e+06 9.804197760116269977e-01 4.831448404753737810e-04
2.458963233575939666e+06 9.801981320210984006e-01 4.833467421833403423e-04
2.458963238590476103e+06 9.800156838611278065e-01 4.835486439100560659e-04
2.458963243605012540e+06 9.798742897339005609e-01 4.835423393532496564e-04
2.458963248619548976e+06 9.797739496394164416e-01 4.833268581004540967e-04
2.458963253634085413e+06 9.797096200160239077e-01 4.831113768476584828e-04
2.458963258648621384e+06 9.796390732546907953e-01 4.828958956148730127e-04
2.458963263663157821e+06 9.795528109186637522e-01 4.827664373406564523e-04
2.458963268677694257e+06 9.794508330137645657e-01 4.828008651882179157e-04
2.458963273692230694e+06 9.793334718868388356e-01 4.828352930357794333e-04
2.458963278706767131e+06 9.792072184201523477e-01 4.828697208833408966e-04
2.458963283721303102e+06 9.790745798334626881e-01 4.828829672419177065e-04
2.458963288735839538e+06 9.789355561021355623e-01 4.828056764117297380e-04
2.458963293750375975e+06 9.787901927081176234e-01 4.827283855815418237e-04
2.458963298764912412e+06 9.786428149656648534e-01 4.826510947513538551e-04
2.458963303779448848e+06 9.784962648158989085e-01 4.825793754923142866e-04
2.458963308793984819e+06 9.783505422723133282e-01 4.826613802710263165e-04
2.458963313808521256e+06 9.782056473078442060e-01 4.827433850573534030e-04
2.458963318823057692e+06 9.780827404697052252e-01 4.828253898436805436e-04
2.458963323837594129e+06 9.780067652768938968e-01 4.829073946300076843e-04
2.458963328852130566e+06 9.779777630794854737e-01 4.829191618196127791e-04
2.458963333866666537e+06 9.779957338736302574e-01 4.829213834187650873e-04
2.458963338881202973e+06 9.780505572663125147e-01 4.829236050181238277e-04
2.458963343895739410e+06 9.781215756134450379e-01 4.829258266174824596e-04
2.458963348910275847e+06 9.782081801517320541e-01 4.828173239692643069e-04
2.458963353924812283e+06 9.783103708811735633e-01 4.826669772326658584e-04
2.458963358939348254e+06 9.784155088776949061e-01 4.825166305100290608e-04
2.458963363953884691e+06 9.784798285082560998e-01 4.823662837734306124e-04
2.458963368968421128e+06 9.784996141920324630e-01 4.822294456733768725e-04
2.458963373982957564e+06 9.784748659290241068e-01 4.821027520302822176e-04
2.458963378997493535e+06 9.784179019055275761e-01 4.819760583989525656e-04
2.458963384012029972e+06 9.784044934816336081e-01 4.818493647558578564e-04
2.458963389026566409e+06 9.784475847787857949e-01 4.817829793788351816e-04
2.458963394041102845e+06 9.785471757969842477e-01 4.818010854136083867e-04
2.458963399055639282e+06 9.786986389921006335e-01 4.818191914483816460e-04
2.458963404070175253e+06 9.788437197028713177e-01 4.818372974814734704e-04
2.458963409084711690e+06 9.789648532955896876e-01 4.818553835175863956e-04
2.458963414099248126e+06 9.790620397556716314e-01 4.818734131848816126e-04
2.458963419113784563e+06 9.791370846153047980e-01 4.818914428521768839e-04
2.458963424128320999e+06 9.792589465907123314e-01 4.819094725194721551e-04
2.458963429142856970e+06 9.794628701898856482e-01 4.819357859489409248e-04
2.458963434157393407e+06 9.797488554506985636e-01 4.820310509064402028e-04
2.458963439171929844e+06 9.801168137628486488e-01 4.821263158639393725e-04
2.458963444186466280e+06 9.804621935126621723e-01 4.822215808214385963e-04
2.458963449201002717e+06 9.806920123031028780e-01 4.823168457789378202e-04
2.458963454215538688e+06 9.808062701289257390e-01 4.821303955286236273e-04
2.458963459230075125e+06 9.808049670113515583e-01 4.819299378459716452e-04
2.458963464244611561e+06 9.807619415729328383e-01 4.817294801633196632e-04
2.458963469259147998e+06 9.807945994255511390e-01 4.815290224806676811e-04
2.458963474273684435e+06 9.809044385960966617e-01 4.816034086704052320e-04
2.458963479288220406e+06 9.810914590636186094e-01 4.817473613529816429e-04
2.458963484302756842e+06 9.813294824468086208e-01 4.818913140489258871e-04
2.458963489317293279e+06 9.815478185295517521e-01 4.820352667448700771e-04
2.458963494331829716e+06 9.817425357467447489e-01 4.821043120453312155e-04
2.458963499346366152e+06 9.819136340983873890e-01 4.821318390492695255e-04
2.458963504360902123e+06 9.820653047234774169e-01 4.821593660506516121e-04
2.458963509375438560e+06 9.822170519310223780e-01 4.821868930545899221e-04
2.458963514389974996e+06 9.823713382851337883e-01 4.822295304111243988e-04
2.458963519404511433e+06 9.825281637858118700e-01 4.822879723592535250e-04
2.458963524419047870e+06 9.826881547597507982e-01 4.823464143073827055e-04
2.458963529433583841e+06 9.828568024299697559e-01 4.824048562500848035e-04
2.458963534448120277e+06 9.830353882487951056e-01 4.824188731640244028e-04
2.458963539462656714e+06 9.832239122010274501e-01 4.823443662755328549e-04
2.458963544477193151e+06 9.834236505437865539e-01 4.822698593870411985e-04
2.458963549491729122e+06 9.836613356282916110e-01 4.821953525054685410e-04
2.458963554506265558e+06 9.839476524390903256e-01 4.822014922336692166e-04
2.458963559520801995e+06 9.842826009563686585e-01 4.825761927271267609e-04
2.458963564535338432e+06 9.846654769062576085e-01 4.829508932205843594e-04
2.458963569549874868e+06 9.850165088226632282e-01 4.833255937140419037e-04
2.458963574564410839e+06 9.852813713355553782e-01 4.836910783520084354e-04
2.458963579578947276e+06 9.854600644941253762e-01 4.836958200781396426e-04
2.458963584593483713e+06 9.855525882697766527e-01 4.837005618042707956e-04
2.458963589608020149e+06 9.856038026503416427e-01 4.837053035304020028e-04
2.458963594622556586e+06 9.856686273479775551e-01 4.837100452565331558e-04
2.458963599637092557e+06 9.857471995274229570e-01 4.836923651712788253e-04
2.458963604651628993e+06 9.858395192032709531e-01 4.836713432878171973e-04
2.458963609666165430e+06 9.859501660971980996e-01 4.836503214043556234e-04
2.458963614680701867e+06 9.860888145231294644e-01 4.836292995208939954e-04
2.458963619695238303e+06 9.862557766153117189e-01 4.839961114799711884e-04
2.458963624709774274e+06 9.864510523542963094e-01 4.845170070445863866e-04
2.458963629724310711e+06 9.866666460149160489e-01 4.850379026575731022e-04
2.458963634738847148e+06 9.868738767499442011e-01 4.855587982705598178e-04
2.458963639753383584e+06 9.870701783968728327e-01 4.857481679127535648e-04
2.458963644767920021e+06 9.872555509557019437e-01 4.856781597629632424e-04
2.458963649782455992e+06 9.874344745610497132e-01 4.856081516196740673e-04
2.458963654796992429e+06 9.876356576425512346e-01 4.855381434698838533e-04
2.458963659811528865e+06 9.878642029993643936e-01 4.854640157416322400e-04
2.458963664826065302e+06 9.881201106314893012e-01 4.853838715465594073e-04
2.458963669840601739e+06 9.884010390902331356e-01 4.853037273514865203e-04
2.458963674855137710e+06 9.886758263749119147e-01 4.852235831638559765e-04
2.458963679869674146e+06 9.889347434421482674e-01 4.851927515415359392e-04
2.458963684884210583e+06 9.891777902656879728e-01 4.853084413255531922e-04
2.458963689898747019e+06 9.894054231793860676e-01 4.854241311095702826e-04
2.458963694913283456e+06 9.896369463407178602e-01 4.855398208935874814e-04
2.458963699927819427e+06 9.898825723833944989e-01 4.856685571338619119e-04
2.458963704942355864e+06 9.901423013530347150e-01 4.859184870561265553e-04
2.458963709956892300e+06 9.904161121641422705e-01 4.861684169783913614e-04
2.458963714971428737e+06 9.906486169423954768e-01 4.864183469006560590e-04
2.458963719985965174e+06 9.907886033037505147e-01 4.866682768229207024e-04
2.458963725000501145e+06 9.908360712480950294e-01 4.867290917881872208e-04
2.458963730015037581e+06 9.907910207842450800e-01 4.867783835239578656e-04
2.458963735029574018e+06 9.907214238793807803e-01 4.868276752597284563e-04
2.458963740044110455e+06 9.907392409473954054e-01 4.868769669954991553e-04
2.458963745058646426e+06 9.908461203390287464e-01 4.868483614067150591e-04
2.458963750073182862e+06 9.910420620741311470e-01 4.867987919721325518e-04
2.458963755087719299e+06 9.912896440657273933e-01 4.867492225375500987e-04
2.458963760102255736e+06 9.914842880344614251e-01 4.866996531029675914e-04
2.458963765116792172e+06 9.916197892795906021e-01 4.867494792061514020e-04
2.458963770131328143e+06 9.916961477967700667e-01 4.868568518677846208e-04
2.458963775145864580e+06 9.917398755274792199e-01 4.869642245393886507e-04
2.458963780160401016e+06 9.918790690487344630e-01 4.870715972109927348e-04
2.458963785174937453e+06 9.921306328528228802e-01 4.871383843670410948e-04
2.458963790189473890e+06 9.924945669397450265e-01 4.871609752550147034e-04
2.458963795204009861e+06 9.929497992514595417e-01 4.871835661408904349e-04
2.458963800218546297e+06 9.933026941061137149e-01 4.872061570288639893e-04
2.458963805233082734e+06 9.935063872398625096e-01 4.872560534315154360e-04
2.458963810247619171e+06 9.935608786527057035e-01 4.873628984732835930e-04
2.458963815262155607e+06 9.934702104936964373e-01 4.874697435150516958e-04
2.458963820276691578e+06 9.933254342269816073e-01 4.875765885468980477e-04
2.458963825291228015e+06 9.931642080883446022e-01 4.876505925625826150e-04
2.458963830305764452e+06 9.929865320904653903e-01 4.875636447196258247e-04
2.458963835320300888e+06 9.927928924429383351e-01 4.874766968766690886e-04
2.458963840334837325e+06 9.926501208970831547e-01 4.873897490337122983e-04
2.458963845349373296e+06 9.926054037012005393e-01 4.873039690145117178e-04
2.458963850363909733e+06 9.926587408469851326e-01 4.872956935570856257e-04
2.458963855378446169e+06 9.928101323431423042e-01 4.872874180996595878e-04
2.458963860392982606e+06 9.929952744733778758e-01 4.872791426422334957e-04
2.458963865407519042e+06 9.931324402821561925e-01 4.872708671848072952e-04
2.458963870422055013e+06 9.932213442985196039e-01 4.873929985007412484e-04
2.458963875436591450e+06 9.932619865389792357e-01 4.875363194261643409e-04
2.458963880451127887e+06 9.932780368628750800e-01 4.876796403515875418e-04
2.458963885465664323e+06 9.933212377668027004e-01 4.878229612770106343e-04
2.458963890480200760e+06 9.933934090972501574e-01 4.877281197415445232e-04
2.458963895494736731e+06 9.934945508434804839e-01 4.875339103249839144e-04
2.458963900509273168e+06 9.935960824947802639e-01 4.873397008903885240e-04
2.458963905523809604e+06 9.935917854395822646e-01 4.871454914557931336e-04
2.458963910538346041e+06 9.934716562616355828e-01 4.871377143839526096e-04
2.458963915552882012e+06 9.932356949882304997e-01 4.872818683957301608e-04
2.458963920567418449e+06 9.929144765508665094e-01 4.874260224208941937e-04
2.458963925581954885e+06 9.927122217112855918e-01 4.875701764460582265e-04
2.458963930596491322e+06 9.926666809624987708e-01 4.876221636072990422e-04
2.458963935611027759e+06 9.927778543045057136e-01 4.875337856097870857e-04
2.458963940625563730e+06 9.930306214911944762e-01 4.874454076204821603e-04
2.458963945640100166e+06 9.932119033496199512e-01 4.873570296229702038e-04
2.458963950654636603e+06 9.932528244511990012e-01 4.872980149847794176e-04
2.458963955669173039e+06 9.931533847959314043e-01 4.873311029294881479e-04
2.458963960683709476e+06 9.929166501855598570e-01 4.873641908741968782e-04
2.458963965698245447e+06 9.926871688269933713e-01 4.873972788158329795e-04
2.458963970712781884e+06 9.925441067698785869e-01 4.874154490560057536e-04
2.458963975727318320e+06 9.924874640395374703e-01 4.872773072339717606e-04
2.458963980741854757e+06 9.925172310675228760e-01 4.871391654119378760e-04
2.458963985756391194e+06 9.925320640560663099e-01 4.870010235899039372e-04
2.458963990770927165e+06 9.924344917398771893e-01 4.868628817806981159e-04
2.458963995785463601e+06 9.922245141008336766e-01 4.867629747079488061e-04
2.458964000800000038e+06 9.919021311427775878e-01 4.866658352781619073e-04
