2.459003000000000000e+06 9.946762424137423064e-01 5.021387836998007564e-04
2.459003005014536437e+06 9.948424628059989727e-01 5.020747237077274579e-04
2.459003010029072873e+06 9.947760216009297052e-01 5.020106637156542678e-04
2.459003015043608844e+06 9.944601546700756467e-01 5.017448915613257829e-04
2.459003020058145281e+06 9.938948619547723906e-01 5.013553657044746105e-04
2.459003025072681718e+06 9.931443028825218677e-01 5.009658398476235465e-04
2.459003030087218154e+06 9.925347121559627839e-01 5.005763139907723740e-04
2.459003035101754591e+06 9.921117246145955137e-01 5.002374557084469453e-04
2.459003040116290562e+06 9.918753402717068735e-01 4.999568443623342512e-04
2.459003045130826999e+06 9.918056457407221638e-01 4.996762329901635168e-04
2.459003050145363435e+06 9.917074751217296313e-01 4.993956216179926740e-04
2.459003055159899872e+06 9.915312541293634929e-01 4.991378048240551401e-04
2.459003060174436308e+06 9.912769827636234155e-01 4.989305715134744260e-04
2.459003065188972279e+06 9.909456751890312054e-01 4.987233382221377583e-04
2.459003070203508716e+06 9.905626160973137750e-01 4.985161049115571525e-04
2.459003075218045153e+06 9.901387499976542772e-01 4.983159746457401342e-04
2.459003080232581589e+06 9.896740768900530449e-01 4.981542485092378203e-04
2.459003085247118026e+06 9.891692259319843084e-01 4.979925223727356149e-04
2.459003090261653997e+06 9.887402116105690197e-01 4.978307962512515611e-04
2.459003095276190434e+06 9.884730015388147883e-01 4.976694001819260711e-04
2.459003100290726870e+06 9.883675957640736254e-01 4.977238504808462758e-04
2.459003105305263307e+06 9.884239942863455308e-01 4.977783007797665889e-04
2.459003110319799278e+06 9.884872760340023268e-01 4.978327510736305084e-04
2.459003115334335715e+06 9.883506888465876106e-01 4.978872013725507131e-04
2.459003120348872151e+06 9.880131919922645611e-01 4.978188595142046249e-04
2.459003125363408588e+06 9.874747854710331785e-01 4.977283312054412356e-04
2.459003130377945025e+06 9.868246948194000501e-01 4.976378028966779547e-04
2.459003135392480996e+06 9.862669297888482234e-01 4.975472745963211438e-04
2.459003140407017432e+06 9.858094793019235302e-01 4.973489869597619599e-04
2.459003145421553869e+06 9.854523434150792571e-01 4.971028288371756761e-04
2.459003150436090305e+06 9.851841542757957537e-01 4.968566707145895007e-04
2.459003155450626742e+06 9.849606434145462552e-01 4.966105125920033253e-04
2.459003160465162713e+06 9.847773606517116196e-01 4.964837990124619169e-04
2.459003165479699150e+06 9.846343059532516317e-01 4.964597192322202064e-04
2.459003170494235586e+06 9.845182544790126444e-01 4.964356394519784960e-04
2.459003175508772023e+06 9.843358825773281806e-01 4.964115596717367856e-04
2.459003180523308460e+06 9.840690487314344148e-01 4.963644486708162183e-04
2.459003185537844431e+06 9.837177529778751151e-01 4.962802805425047935e-04
2.459003190552380867e+06 9.832883241900390869e-01 4.961961124063773553e-04
2.459003195566917304e+06 9.828770555525684349e-01 4.961119442702499171e-04
2.459003200581453741e+06 9.825164983663514651e-01 4.960234372612743392e-04
2.459003205595990177e+06 9.822066526313879553e-01 4.959202997019576502e-04
2.459003210610526148e+06 9.819475183693872067e-01 4.958171621522184779e-04
2.459003215625062585e+06 9.817390955322216062e-01 4.957140245929018973e-04
2.459003220639599022e+06 9.815812044222699262e-01 4.956108870335850999e-04
2.459003225654135458e+06 9.814366885599872248e-01 4.955077494742684109e-04
2.459003230668671895e+06 9.812775447873085533e-01 4.954046119149517220e-04
2.459003235683207866e+06 9.811037731210494606e-01 4.953014743652126581e-04
2.459003240697744302e+06 9.809153735289366516e-01 4.951983368058959691e-04
2.459003245712280739e+06 9.807123460264276504e-01 4.950316277454116934e-04
2.459003250726817176e+06 9.804946906135223461e-01 4.948593614974885731e-04
2.459003255741353612e+06 9.802694244964709203e-01 4.946870952495656696e-04
2.459003260755889583e+06 9.800490647200645888e-01 4.945148290176398440e-04
2.459003265770426020e+06 9.798338571039694189e-01 4.944037153682384177e-04
2.459003270784962457e+06 9.796238016688878503e-01 4.943113817702989585e-04
2.459003275799498893e+06 9.794275675342382081e-01 4.942190481723594993e-04
2.459003280814034864e+06 9.792713525432586996e-01 4.941267145829942361e-04
2.459003285828571301e+06 9.791569432791971117e-01 4.939812844827960433e-04
2.459003290843107738e+06 9.790843397585008434e-01 4.938019776070863044e-04
2.459003295857644174e+06 9.790454519244544684e-01 4.936226707313763487e-04
2.459003300872180611e+06 9.789976608084263177e-01 4.934433638556665015e-04
2.459003305886716582e+06 9.789347664512193514e-01 4.932091568671467547e-04
2.459003310901253019e+06 9.788567688411521361e-01 4.929094372033885436e-04
2.459003315915789455e+06 9.787675401992678159e-01 4.926097175396303325e-04
2.459003320930325892e+06 9.787067957014098374e-01 4.923099978758721214e-04
2.459003325944862328e+06 9.786849620061938149e-01 4.920272614467258382e-04
2.459003330959398299e+06 9.787020391102271288e-01 4.917838946069820038e-04
2.459003335973934736e+06 9.787569955717820847e-01 4.915405277446387340e-04
2.459003340988471173e+06 9.788221494238236176e-01 4.912971608822952474e-04
2.459003346003007609e+06 9.788851353315640713e-01 4.910393145984609693e-04
2.459003351017544046e+06 9.789459532950033349e-01 4.906973233943015805e-04
2.459003356032080017e+06 9.790043347725845280e-01 4.903553322219002079e-04
2.459003361046616454e+06 9.789975529137572297e-01 4.900133410177407106e-04
2.459003366061152890e+06 9.788775229714624659e-01 4.896713498135812134e-04
2.459003371075689327e+06 9.786442449457001258e-01 4.892287836548811931e-04
2.459003376090225764e+06 9.782977188364702092e-01 4.887854324069015616e-04
2.459003381104761735e+06 9.779433692625948416e-01 4.883420812000924477e-04
2.459003386119298171e+06 9.777267180133101254e-01 4.878987299521128705e-04
2.459003391133834608e+06 9.776486755016688956e-01 4.875372396859631524e-04
2.459003396148371045e+06 9.777092417276713743e-01 4.871916101374972660e-04
2.459003401162907481e+06 9.778529266677435938e-01 4.868459805890313795e-04
2.459003406177443452e+06 9.779487986675724498e-01 4.865003510726614551e-04
2.459003411191979889e+06 9.779913492710811118e-01 4.862259089161544319e-04
2.459003416206516325e+06 9.779805784668911262e-01 4.859844862059456904e-04
2.459003421221052762e+06 9.779388129489808845e-01 4.857430634957367863e-04
2.459003426235589199e+06 9.779559278221706675e-01 4.855016407855280449e-04
2.459003431250125170e+06 9.780413722921511566e-01 4.853705200572486721e-04
2.459003436264661606e+06 9.781951463747915465e-01 4.853377748889615550e-04
2.459003441279198043e+06 9.784132192445418319e-01 4.853050297206742752e-04
2.459003446293734480e+06 9.786659981519181262e-01 4.852722845523871581e-04
2.459003451308270916e+06 9.789475244803724774e-01 4.852627509715350422e-04
2.459003456322806887e+06 9.792577981997572234e-01 4.852920660870100114e-04
2.459003461337343324e+06 9.795907392246068213e-01 4.853213812052073581e-04
2.459003466351879761e+06 9.798484767080528623e-01 4.853506963234045964e-04
2.459003471366416197e+06 9.799968594392541865e-01 4.853627469710242929e-04
2.459003476380952168e+06 9.800358874196639647e-01 4.853133931468997671e-04
2.459003481395488605e+06 9.799675000272327630e-01 4.852640393181921561e-04
2.459003486410025042e+06 9.799110392947625314e-01 4.852146854894845451e-04
2.459003491424561478e+06 9.799371034318482554e-01 4.851763383304154732e-04
2.459003496439097915e+06 9.800456924384896018e-01 4.852965844763860960e-04
2.459003501453633886e+06 9.802368062931077208e-01 4.854168306111903038e-04
2.459003506468170322e+06 9.804724341962891554e-01 4.855370767571608182e-04
2.459003511482706759e+06 9.807126531248153700e-01 4.856573229031314410e-04
2.459003516497243196e+06 9.809574571040780011e-01 4.858506002822379983e-04
2.459003521511779632e+06 9.812068461340770487e-01 4.860510706973471587e-04
2.459003526526315603e+06 9.814556638621990681e-01 4.862515410938402969e-04
2.459003531540852040e+06 9.816944137111579538e-01 4.864520115089495658e-04
2.459003536555388477e+06 9.819228885873830803e-01 4.867098811627047512e-04
2.459003541569924913e+06 9.821410884908743366e-01 4.869862987092509810e-04
2.459003546584461350e+06 9.823433248209046953e-01 4.872627162557971567e-04
2.459003551598997321e+06 9.825118497607908674e-01 4.875391337766746833e-04
2.459003556613533758e+06 9.826453861074387897e-01 4.876876357044388453e-04
2.459003561628070194e+06 9.827439338435740579e-01 4.877512929767345335e-04
2.459003566642606631e+06 9.828268833439423036e-01 4.878149502490302216e-04
2.459003571657143068e+06 9.830001070092418969e-01 4.878786075213259097e-04
2.459003576671679039e+06 9.832796131863166256e-01 4.881174475047769844e-04
2.459003581686215475e+06 9.836654019270776317e-01 4.885733107852419013e-04
2.459003586700751912e+06 9.841445348733122156e-01 4.890291740657067097e-04
2.459003591715288348e+06 9.845780075887057281e-01 4.894850373461716265e-04
2.459003596729824785e+06 9.849281092259736248e-01 4.898467283318139664e-04
2.459003601744360756e+06 9.851948397642178445e-01 4.899801947368956573e-04
2.459003606758897193e+06 9.853817604357714144e-01 4.901136611543715138e-04
2.459003611773433629e+06 9.855920726013274180e-01 4.902471275718472618e-04
2.459003616787970066e+06 9.858733513439884577e-01 4.904020185857295520e-04
2.459003621802506503e+06 9.862255966637546445e-01 4.906912536789614313e-04
2.459003626817042474e+06 9.866484318834569667e-01 4.909804887453341534e-04
2.459003631831578910e+06 9.870263949348928589e-01 4.912697238385660328e-04
2.459003636846115347e+06 9.872678938255302628e-01 4.915589589317979121e-04
2.459003641860651784e+06 9.873729285553691781e-01 4.917325059765795779e-04
2.459003646875187755e+06 9.873414991336643132e-01 4.919040500929020877e-04
2.459003651889724191e+06 9.872673147768500357e-01 4.920755942251545632e-04
2.459003656904260628e+06 9.872841270684244996e-01 4.922471383574070387e-04
2.459003661918797065e+06 9.873929518308928177e-01 4.924685070283495647e-04
2.459003666933333501e+06 9.875937890642552119e-01 4.927001950586683233e-04
2.459003671947869472e+06 9.878478531471973634e-01 4.929318830674720656e-04
2.459003676962405909e+06 9.880607017835918437e-01 4.931635710977909327e-04
2.459003681976942345e+06 9.882280777137057992e-01 4.933275833552442117e-04
2.459003686991478782e+06 9.883499809375392298e-01 4.934588417622552811e-04
2.459003692006015219e+06 9.884449424718637633e-01 4.935901001692664589e-04
2.459003697020551190e+06 9.885900905271778338e-01 4.937213585640886021e-04
2.459003702035087626e+06 9.887938986938739072e-01 4.938294176418695381e-04
2.459003707049624063e+06 9.890563669611968090e-01 4.939160020861896793e-04
2.459003712064160500e+06 9.893672398093779075e-01 4.940025865305099290e-04
2.459003717078696936e+06 9.896481368169792736e-01 4.940891709748300702e-04
2.459003722093232907e+06 9.898827161973541289e-01 4.941725390502410466e-04
2.459003727107769344e+06 9.900709779940691790e-01 4.942503053532130985e-04
2.459003732122305781e+06 9.902162159234434435e-01 4.943280716561851505e-04
2.459003737136842217e+06 9.903746170143720162e-01 4.944058379591572024e-04
2.459003742151378654e+06 9.905664178130401121e-01 4.944988257809672686e-04
2.459003747165914625e+06 9.907916182969841445e-01 4.946490119362784632e-04
2.459003752180451062e+06 9.910491760395154781e-01 4.947991981055362923e-04
2.459003757194987498e+06 9.912664705951134136e-01 4.949493842747942299e-04
2.459003762209523935e+06 9.913991290983343863e-01 4.950878175799748159e-04
2.459003767224060372e+06 9.914471515491782849e-01 4.950267154861481660e-04
2.459003772238596343e+06 9.914105379549745800e-01 4.949656133979956881e-04
2.459003777253132779e+06 9.913634179273955738e-01 4.949045113041691465e-04
2.459003782267669216e+06 9.913865206430380050e-01 4.948434092103424966e-04
2.459003787282205652e+06 9.914798824201485061e-01 4.951383005094221442e-04
2.459003792296742089e+06 9.916435032587271881e-01 4.954722789995424925e-04
2.459003797311278060e+06 9.918575972045895472e-01 4.958062574586488041e-04
2.459003802325814497e+06 9.920845435355518660e-01 4.961402359487691524e-04
2.459003807340350933e+06 9.923234368932760674e-01 4.961913097718269978e-04
2.459003812354887370e+06 9.925742772777619294e-01 4.961463164118274467e-04
2.459003817369423807e+06 9.928236186082510795e-01 4.961013230518278956e-04
2.459003822383959778e+06 9.930281463353417548e-01 4.960563296960064259e-04
2.459003827398496214e+06 9.931845756688046922e-01 4.961840358327356416e-04
2.459003832413032651e+06 9.932929065874136487e-01 4.964307910894339392e-04
2.459003837427569088e+06 9.933457204820244080e-01 4.966775463461322367e-04
2.459003842442105059e+06 9.933010185344280929e-01 4.969243015799162467e-04
2.459003847456641495e+06 9.931522036707097767e-01 4.970365741593559808e-04
2.459003852471177932e+06 9.928992758901868942e-01 4.969758608970354947e-04
2.459003857485714369e+06 9.925620032489196332e-01 4.969151476347151170e-04
2.459003862500250805e+06 9.923630800786293893e-01 4.968544343723947394e-04
2.459003867514786776e+06 9.923649251318426012e-01 4.969014820560781111e-04
2.459003872529323213e+06 9.925675384089016617e-01 4.972217820092849662e-04
2.459003877543859649e+06 9.929638701417076163e-01 4.975420819624918212e-04
2.459003882558396086e+06 9.933325654278645223e-01 4.978623819156986763e-04
2.459003887572932523e+06 9.935683102023721291e-01 4.981581132878385929e-04
2.459003892587468494e+06 9.936711044618579125e-01 4.982868720517817174e-04
2.459003897602004930e+06 9.936411280511885380e-01 4.984156308276817488e-04
2.459003902616541367e+06 9.935542444471666679e-01 4.985443896035817802e-04
2.459003907631077804e+06 9.934727493394214237e-01 4.986731483794818115e-04
2.459003912645614240e+06 9.933966427279524725e-01 4.986520458016500523e-04
2.459003917660150211e+06 9.933259246190768721e-01 4.986268967376400419e-04
2.459003922674686648e+06 9.932593022330407084e-01 4.986017476712945517e-04
2.459003927689223085e+06 9.931948680989540756e-01 4.985765986049491699e-04
2.459003932703759521e+06 9.931326049596798100e-01 4.984414609058237817e-04
2.459003937718295958e+06 9.930725128152174674e-01 4.982820399882944250e-04
2.459003942732831929e+06 9.930376526288567929e-01 4.981226190855693068e-04
2.459003947747368366e+06 9.930859732130409290e-01 4.979631981680398417e-04
2.459003952761904802e+06 9.932202664934791647e-01 4.978907425459435342e-04
2.459003957776441239e+06 9.934405324701711670e-01 4.978621773170795965e-04
2.459003962790977675e+06 9.937083969485830393e-01 4.978336120882156587e-04
2.459003967805513646e+06 9.938586791249259811e-01 4.978050468620043301e-04
2.459003972820050083e+06 9.938724314487794587e-01 4.977423500918865982e-04
2.459003977834586520e+06 9.937496538998491502e-01 4.976468641855772909e-04
2.459003982849122956e+06 9.935086198650128209e-01 4.975513782792680920e-04
2.459003987863659393e+06 9.932948113164264958e-01 4.974558923729588931e-04
2.459003992878195364e+06 9.931396256530298228e-01 4.972828217387979246e-04
2.459003997892731801e+06 9.930430628460007458e-01 4.969690763738379095e-04
2.459004002907268237e+06 9.930028449011546465e-01 4.966553310088778943e-04
2.459004007921804674e+06 9.929777150030359989e-01 4.963415856439178792e-04
2.459004012936340645e+06 9.929523370001646088e-01 4.960420889129169919e-04
2.459004017950877082e+06 9.929267108878275794e-01 4.957992636373143459e-04
2.459004022965413518e+06 9.929008319368672897e-01 4.955564383617116998e-04
2.459004027979949955e+06 9.928743235082564400e-01 4.953136130861089453e-04
2.459004032994486392e+06 9.928469478531439796e-01 4.950713387943935038e-04
2.459004038009022363e+06 9.928187049741925563e-01 4.948404006748535105e-04
2.459004043023558799e+06 9.927895948661568104e-01 4.946094625338679981e-04
2.459004048038095236e+06 9.927424286096647732e-01 4.943785243928825943e-04
2.459004053052631672e+06 9.926578053930018575e-01 4.941475862518970820e-04
2.459004058067168109e+06 9.925357077074059564e-01 4.939411068448766075e-04
2.459004063081704080e+06 9.923761355694348252e-01 4.937375952308140255e-04
2.459004068096240517e+06 9.922037922673677679e-01 4.935340835978530407e-04
2.459004073110776953e+06 9.920671649123000702e-01 4.933305719648919474e-04
2.459004078125313390e+06 9.919675346312212261e-01 4.932319673351512248e-04
2.459004083139849827e+06 9.919049014241306805e-01 4.931707541479768376e-04
2.459004088154385798e+06 9.918695426754394751e-01 4.931095409664868140e-04
2.459004093168922234e+06 9.918291157335030750e-01 4.930483277793124269e-04
2.459004098183458671e+06 9.917810393080628284e-01 4.929931346535440127e-04
2.459004103197995108e+06 9.917253133991189573e-01 4.929422532735939491e-04
2.459004108212531544e+06 9.916592003559551172e-01 4.928913718936438855e-04
2.459004113227067515e+06 9.915666235913390691e-01 4.928404905184185581e-04
2.459004118241603952e+06 9.914449610418052394e-01 4.928278423227518482e-04
2.459004123256140389e+06 9.912942127145996096e-01 4.928662672076651813e-04
2.459004128270676825e+06 9.911215915330958692e-01 4.929046920925782976e-04
2.459004133285213262e+06 9.910123920360210947e-01 4.929431169774915224e-04
2.459004138299749233e+06 9.909913099432526851e-01 4.929689906398537725e-04
2.459004143314285669e+06 9.910583452508747726e-01 4.929615334072057599e-04
2.459004148328822106e+06 9.912091155674563892e-01 4.929540761745577473e-04
2.459004153343358543e+06 9.912939705175982663e-01 4.929466189419096263e-04
2.459004158357894979e+06 9.912394244074813621e-01 4.929293924134308747e-04
2.459004163372430950e+06 9.910454772615887586e-01 4.928398361937728770e-04
2.459004168386967387e+06 9.907123284469678826e-01 4.927502799657983981e-04
2.459004173401503824e+06 9.903637336343188435e-01 4.926607237378239192e-04
2.459004178416040260e+06 9.901049258533800579e-01 4.925711675098494403e-04
2.459004183430576231e+06 9.899359051156785272e-01 4.925009908844588937e-04
2.459004188445112668e+06 9.898566713898225844e-01 4.924315289132495579e-04
2.459004193459649105e+06 9.898409736528347436e-01 4.923620669420403304e-04
2.459004198474185541e+06 9.898487797026858104e-01 4.922926049708311030e-04
2.459004203488721978e+06 9.898796648082257565e-01 4.923180418524698929e-04
2.459004208503257949e+06 9.899336289633715591e-01 4.923657570275152525e-04
2.459004213517794386e+06 9.900005228614497943e-01 4.924134722069914210e-04
2.459004218532330822e+06 9.900540265392678840e-01 4.924611873864675896e-04
2.459004223546867259e+06 9.900927877773320063e-01 4.924741577716708514e-04
2.459004228561403695e+06 9.901168065756424941e-01 4.924688529990981422e-04
2.459004233575939666e+06 9.901201982859541006e-01 4.924635482270179861e-04
2.459004238590476103e+06 9.900767592542928375e-01 4.924582434544452769e-04
2.459004243605012540e+06 9.899833535752086133e-01 4.924511584792772055e-04
2.459004248619548976e+06 9.898399812487014282e-01 4.924422986756723554e-04
2.459004253634085413e+06 9.896611373540298295e-01 4.924334388720675052e-04
2.459004258648621384e+06 9.895671174932932912e-01 4.924245790692854561e-04
2.459004263663157821e+06 9.895847872938313694e-01 4.924384638930113427e-04
2.459004268677694257e+06 9.897141467695607098e-01 4.924953027258391000e-04
2.459004273692230694e+06 9.899482741129957963e-01 4.925521415586669657e-04
2.459004278706767131e+06 9.901538177210331693e-01 4.926089803914946146e-04
2.459004283721303102e+06 9.902796190117064690e-01 4.926260657877217560e-04
2.459004288735839538e+06 9.903256780083803390e-01 4.924754630132786816e-04
2.459004293750375975e+06 9.902924253289860923e-01 4.923248602388356071e-04
2.459004298764912412e+06 9.902194603510675597e-01 4.921742574643926411e-04
2.459004303779448848e+06 9.901326115839871322e-01 4.920238158495859838e-04
2.459004308793984819e+06 9.900318790377437006e-01 4.918775596727591399e-04
2.459004313808521256e+06 9.899172626936287855e-01 4.917313034823504953e-04
2.459004318823057692e+06 9.898136087175113396e-01 4.915850472919420676e-04
2.459004323837594129e+06 9.897499697262290841e-01 4.914387911015335314e-04
2.459004328852130566e+06 9.897263893117040912e-01 4.912707080768567280e-04
2.459004333866666537e+06 9.897428674705464058e-01 4.910997194417190308e-04
2.459004338881202973e+06 9.897913225344933119e-01 4.909287307907031928e-04
2.459004343895739410e+06 9.898553812207711022e-01 4.907577421396871380e-04
2.459004348910275847e+06 9.899345707460034394e-01 4.905971354670996204e-04
2.459004353924812283e+06 9.900288911101904343e-01 4.904404085964344379e-04
2.459004358939348254e+06 9.901287817204944552e-01 4.902836817403233684e-04
2.459004363953884691e+06 9.902013958080339018e-01 4.901269548696581858e-04
2.459004368968421128e+06 9.902439778478770993e-01 4.898910867867981283e-04
2.459004373982957564e+06 9.902565278400240478e-01 4.895963386248705683e-04
2.459004378997493535e+06 9.902471570534554512e-01 4.893015904903139091e-04
2.459004384012029972e+06 9.902652965369274085e-01 4.890068423283863491e-04
2.459004389026566409e+06 9.903193133658444447e-01 4.886901781617841115e-04
2.459004394041102845e+06 9.904092075402066708e-01 4.883431043897673617e-04
2.459004399055639282e+06 9.905317006442133643e-01 4.879960306177506119e-04
2.459004404070175253e+06 9.906460510623501525e-01 4.876489568779638316e-04
2.459004409084711690e+06 9.907400754957725875e-01 4.873534430064597979e-04
2.459004414099248126e+06 9.908137739329179183e-01 4.872014654383026856e-04
2.459004419113784563e+06 9.908681089578448287e-01 4.870494878701455733e-04
2.459004424128320999e+06 9.909389773231747078e-01 4.868975103019884069e-04
2.459004429142856970e+06 9.910445734506553306e-01 4.867463875215420144e-04
2.459004434157393407e+06 9.911848973598986756e-01 4.866022004701735975e-04
2.459004439171929844e+06 9.913599184159000988e-01 4.864580134188052889e-04
2.459004444186466280e+06 9.915387064139578044e-01 4.863138263674368720e-04
2.459004449201002717e+06 9.916940157000992961e-01 4.861696393160685093e-04
2.459004454215538688e+06 9.918258462631726058e-01 4.860784823694094207e-04
2.459004459230075125e+06 9.919341981276621478e-01 4.859898148991634325e-04
2.459004464244611561e+06 9.920516395411759225e-01 4.859011474289172817e-04
2.459004469259147998e+06 9.922294909169935284e-01 4.858124799586711852e-04
2.459004474273684435e+06 9.924683824782033481e-01 4.859593211342959677e-04
2.459004479288220406e+06 9.927683141941183731e-01 4.861648185616301290e-04
2.459004484302756842e+06 9.930828864182092985e-01 4.863703160080473870e-04
2.459004489317293279e+06 9.932879166148795846e-01 4.865758134544645366e-04
2.459004494331829716e+06 9.933766157846185552e-01 4.866079013741407035e-04
2.459004499346366152e+06 9.933489839274262101e-01 4.865449801057453107e-04
2.459004504360902123e+06 9.932425205418198288e-01 4.864820588431928460e-04
2.459004509375438560e+06 9.932300121874362286e-01 4.864191375747973448e-04
2.459004514389974996e+06 9.933330164965623599e-01 4.864115544175450921e-04
2.459004519404511433e+06 9.935515334691983336e-01 4.864612276413479816e-04
2.459004524419047870e+06 9.938668793678754332e-01 4.865109008651508169e-04
2.459004529433583841e+06 9.941173030351810880e-01 4.865605740843408598e-04
2.459004534448120277e+06 9.942654334195918375e-01 4.866125445888418318e-04
2.459004539462656714e+06 9.943112704931030832e-01 4.866690362494270291e-04
2.459004544477193151e+06 9.942601317313380926e-01 4.867255279100122264e-04
2.459004549491729122e+06 9.942212201156311879e-01 4.867820195653514573e-04
2.459004554506265558e+06 9.942377709623327897e-01 4.868642762156445876e-04
2.459004559520801995e+06 9.943097842776312811e-01 4.870620525794689564e-04
2.459004564535338432e+06 9.944371401623834927e-01 4.872598289432933795e-04
2.459004569549874868e+06 9.946069382553476279e-01 4.874576053071177483e-04
2.459004574564410839e+06 9.948104824821836223e-01 4.876561646434390135e-04
2.459004579578947276e+06 9.950477728806945699e-01 4.878821035171521819e-04
2.459004584593483713e+06 9.953188094335458924e-01 4.881080423908653503e-04
2.459004589608020149e+06 9.955769414461436151e-01 4.883339812645784645e-04
2.459004594622556586e+06 9.957656786797633996e-01 4.885599201382916871e-04
2.459004599637092557e+06 9.958848947281240260e-01 4.887570826049424545e-04
2.459004604651628993e+06 9.959345896133668941e-01 4.889500680092442181e-04
2.459004609666165430e+06 9.959731568932023160e-01 4.891430534135461985e-04
2.459004614680701867e+06 9.961227014977641625e-01 4.893360388178479622e-04
2.459004619695238303e+06 9.963870604655594709e-01 4.896232277246934973e-04
2.459004624709774274e+06 9.967662337560465602e-01 4.899472909740697256e-04
2.459004629724310711e+06 9.972221784189266858e-01 4.902713542535393947e-04
2.459004634738847148e+06 9.976198837999392666e-01 4.905954175330089553e-04
2.459004639753383584e+06 9.979474587507350947e-01 4.908600215284282097e-04
2.459004644767920021e+06 9.982049032713142811e-01 4.910786836935153660e-04
2.459004649782455992e+06 9.983859692114547268e-01 4.912973458382970419e-04
2.459004654796992429e+06 9.984511234109036959e-01 4.915160080033840898e-04
2.459004659811528865e+06 9.983934240862486487e-01 4.916705032122260528e-04
2.459004664826065302e+06 9.982128712374894741e-01 4.917324940623954204e-04
2.459004669840601739e+06 9.979286516689941378e-01 4.917944849125647881e-04
2.459004674855137710e+06 9.977916492380410896e-01 4.918564757569774759e-04
2.459004679869674146e+06 9.978793396962063467e-01 4.919578519145175605e-04
2.459004684884210583e+06 9.981917230666458307e-01 4.921742921902208653e-04
2.459004689898747019e+06 9.987226821565020618e-01 4.923907324659241701e-04
2.459004694913283456e+06 9.992219453229458370e-01 4.926071727416274750e-04
2.459004699927819427e+06 9.995585671522969617e-01 4.928160793425893351e-04
2.459004704942355864e+06 9.997325477070738708e-01 4.929575167966355727e-04
2.459004709956892300e+06 9.997439171309907557e-01 4.930989542506819187e-04
2.459004714971428737e+06 9.996514661184005002e-01 4.932403917047281563e-04
2.459004719985965174e+06 9.995088641979379407e-01 4.933818291587743939e-04
2.459004725000501145e+06 9.993161113898308967e-01 4.932641322925545007e-04
2.459004730015037581e+06 9.990732076582804488e-01 4.931316101861104662e-04
2.459004735029574018e+06 9.988575531431538312e-01 4.929990880796664317e-04
2.459004740044110455e+06 9.987951525864994240e-01 4.928665659732223972e-04
2.459004745058646426e+06 9.988877771060166166e-01 4.930960878663150776e-04
2.459004750073182862e+06 9.991354267189077598e-01 4.934210815640108260e-04
2.459004755087719299e+06 9.994758888277719411e-01 4.937460752617064659e-04
2.459004760102255736e+06 9.997373162623256482e-01 4.940710689594022143e-04
2.459004765116792172e+06 9.999097315948622944e-01 4.940845000666456389e-04
2.459004770131328143e+06 9.999931348217699911e-01 4.939202048910511884e-04
2.459004775145864580e+06 1.000000000000000000e+00 4.937559097001997365e-04
2.459004780160401016e+06 9.999898200975771978e-01 4.935916145093483930e-04
2.459004785174937453e+06 9.999703281028428092e-01 4.934698677545348551e-04
2.459004790189473890e+06 9.999415240157969453e-01 4.933938095379603863e-04
2.459004795204009861e+06 9.999045692688353082e-01 4.933177513284487357e-04
2.459004800218546297e+06 9.998699608586539833e-01 4.932416931118742669e-04
2.459004805233082734e+06 9.998402070981029510e-01 4.932171770386772338e-04
2.459004810247619171e+06 9.998153079871825444e-01 4.932984289348109341e-04
2.459004815262155607e+06 9.997946135962622050e-01 4.933796808309447429e-04
2.459004820276691578e+06 9.997638635545740282e-01 4.934609327195331550e-04
2.459004825291228015e+06 9.997172313273056110e-01 4.935497752881287540e-04
2.459004830305764452e+06 9.996547169165750368e-01 4.936748818196459937e-04
2.459004835320300888e+06 9.995766156567138516e-01 4.937999883511631251e-04
2.459004840334837325e+06 9.995206769072545461e-01 4.939250948826803649e-04
2.459004845349373296e+06 9.995132056832685130e-01 4.940472562352433723e-04
2.459004850363909733e+06 9.995542019833683067e-01 4.940134001220411464e-04
2.459004855378446169e+06 9.996436658104975725e-01 4.939795440088389205e-04
2.459004860392982606e+06 9.997092224205333943e-01 4.939456878956366946e-04
2.459004865407519042e+06 9.996601446446857775e-01 4.939118317824344687e-04
2.459004870422055013e+06 9.994961505157434756e-01 4.939343412451322130e-04
2.459004875436591450e+06 9.992172400032492963e-01 4.939657255010128541e-04
2.459004880451127887e+06 9.988837595460123842e-01 4.939971097568934951e-04
2.459004885465664323e+06 9.986259446973070331e-01 4.940284940127742446e-04
2.459004890480200760e+06 9.984482323357426470e-01 4.940407960369536458e-04
2.459004895494736731e+06 9.983506224666643947e-01 4.940452814855973403e-04
2.459004900509273168e+06 9.982983771098405956e-01 4.940497669346575853e-04
2.459004905523809604e+06 9.981641294150909172e-01 4.940542523837177218e-04
2.459004910538346041e+06 9.979361145266925082e-01 4.939556128846714226e-04
2.459004915552882012e+06 9.976143324788800948e-01 4.937742368988343091e-04
2.459004920567418449e+06 9.972176962075880446e-01 4.935928608961540065e-04
2.459004925581954885e+06 9.968705107339624893e-01 4.934114848934738123e-04
2.459004930596491322e+06 9.965954093287897608e-01 4.933002936190098667e-04
2.459004935611027759e+06 9.963923919920703032e-01 4.932942528440947523e-04
2.459004940625563730e+06 9.962567264350516982e-01 4.932882120697407126e-04
2.459004945640100166e+06 9.961232190166915412e-01 4.932821712948255981e-04
2.459004950654636603e+06 9.959710819316148767e-01 4.932942435414362824e-04
2.459004955669173039e+06 9.958003151798214825e-01 4.933619141073241178e-04
2.459004960683709476e+06 9.956109035790983164e-01 4.934295846732119533e-04
2.459004965698245447e+06 9.954021622027672267e-01 4.934972552328157529e-04
2.459004970712781884e+06 9.951737210355492413e-01 4.935169385243893311e-04
2.459004975727318320e+06 9.949255800959142526e-01 4.930582562360096184e-04
2.459004980741854757e+06 9.946577407432001250e-01 4.925995739476299057e-04
2.459004985756391194e+06 9.943774420820941096e-01 4.921408916592500847e-04
2.459004990770927165e+06 9.940915358527786516e-01 4.916822094134646638e-04
2.459004995785463601e+06 9.938000220021543374e-01 4.913943941462454047e-04
2.459005000800000038e+06 9.935029005565102489e-01 4.911181432603012147e-04
