2.458860000000000000e+06 9.917098168995543972e-01 5.867708292240870951e-04
2.458860005014536437e+06 9.916624441087683595e-01 5.867744539190061998e-04
2.458860010029072873e+06 9.915883585879680107e-01 5.867780786139251961e-04
2.458860015043608844e+06 9.914875603477547594e-01 5.861464932850223757e-04
2.458860020058145281e+06 9.913600493694072480e-01 5.855070471055167291e-04
2.458860025072681718e+06 9.912374269569510510e-01 5.848676009260110826e-04
2.458860030087218154e+06 9.911640337611674623e-01 5.842281547465055444e-04
2.458860035101754591e+06 9.911401755339237507e-01 5.840552255694254338e-04
2.458860040116290562e+06 9.911658522705357743e-01 5.839757461588207434e-04
2.458860045130826999e+06 9.912185228031007433e-01 5.838962667408353468e-04
2.458860050145363435e+06 9.912441577047257368e-01 5.838167873228499501e-04
2.458860055159899872e+06 9.912404034193139646e-01 5.838207319620246057e-04
2.458860060174436308e+06 9.912072599468655376e-01 5.838642144123608237e-04
2.458860065188972279e+06 9.911416768203095140e-01 5.839076968586591476e-04
2.458860070203508716e+06 9.910311638736759576e-01 5.839511793089954741e-04
2.458860075218045153e+06 9.908743779938953278e-01 5.839377185112785539e-04
2.458860080232581589e+06 9.906713191809676244e-01 5.838724878948303677e-04
2.458860085247118026e+06 9.904362865138148786e-01 5.838072572783820731e-04
2.458860090261653997e+06 9.902764725167975124e-01 5.837420266679914328e-04
2.458860095276190434e+06 9.902138572012583184e-01 5.838325058108353310e-04
2.458860100290726870e+06 9.902484405865509265e-01 5.841891007732669420e-04
2.458860105305263307e+06 9.903726901882916600e-01 5.845456957356985530e-04
2.458860110319799278e+06 9.904615810868589998e-01 5.849022906650159191e-04
2.458860115334335715e+06 9.904707454408751000e-01 5.851239523257951557e-04
2.458860120348872151e+06 9.904001832383838577e-01 5.848514058391448981e-04
2.458860125363408588e+06 9.902506164241208220e-01 5.845788593524945320e-04
2.458860130377945025e+06 9.900695148491327480e-01 5.843063128658442743e-04
2.458860135392480996e+06 9.898854573180517757e-01 5.840366071975922448e-04
2.458860140407017432e+06 9.896984437966939163e-01 5.838115567151743379e-04
2.458860145421553869e+06 9.895084743020140516e-01 5.835865062327565394e-04
2.458860150436090305e+06 9.893470109626820719e-01 5.833614557503385241e-04
2.458860155450626742e+06 9.892477700048289968e-01 5.831364052679207256e-04
2.458860160465162713e+06 9.892107614330045706e-01 5.831851396686244925e-04
2.458860165479699150e+06 9.892359852403354026e-01 5.832625636989506633e-04
2.458860170494235586e+06 9.893040932843003565e-01 5.833399877292768342e-04
2.458860175508772023e+06 9.893788033153093631e-01 5.834174117596031134e-04
2.458860180523308460e+06 9.894592783150957249e-01 5.834355625640387424e-04
2.458860185537844431e+06 9.895455182753832846e-01 5.834340071397173906e-04
2.458860190552380867e+06 9.896266848937517180e-01 5.834324517152516230e-04
2.458860195566917304e+06 9.896683352911680442e-01 5.834308962907858555e-04
2.458860200581453741e+06 9.896679144063005307e-01 5.834132217657770399e-04
2.458860205595990177e+06 9.896254222391493993e-01 5.833846130664214645e-04
2.458860210610526148e+06 9.895500478152340351e-01 5.833560043697225096e-04
2.458860215625062585e+06 9.894930381786888329e-01 5.833273956703670425e-04
2.458860220639599022e+06 9.894623178593541235e-01 5.833391135755234365e-04
2.458860225654135458e+06 9.894578868572299069e-01 5.834019138355207032e-04
2.458860230668671895e+06 9.894765267055247726e-01 5.834647140955178616e-04
2.458860235683207866e+06 9.894826695809589845e-01 5.835275143496832049e-04
2.458860240697744302e+06 9.894664759432688639e-01 5.835805662835404518e-04
2.458860245712280739e+06 9.894279457908469189e-01 5.836093416348703657e-04
2.458860250726817176e+06 9.893690570959273733e-01 5.836381169862003880e-04
2.458860255741353612e+06 9.893499725275914924e-01 5.836668923375303020e-04
2.458860260755889583e+06 9.893989644032152864e-01 5.837255059262450160e-04
2.458860265770426020e+06 9.895160327318981430e-01 5.839805955215226141e-04
2.458860270784962457e+06 9.897009490263068976e-01 5.842356851168002121e-04
2.458860275799498893e+06 9.898689010863418458e-01 5.844907747120779186e-04
2.458860280814034864e+06 9.899511566790644146e-01 5.847458642836673255e-04
2.458860285828571301e+06 9.899477158197513837e-01 5.846762851003542514e-04
2.458860290843107738e+06 9.898585784967853796e-01 5.845991249418523196e-04
2.458860295857644174e+06 9.897372168477026610e-01 5.845219647833504962e-04
2.458860300872180611e+06 9.896615697305836123e-01 5.844448046248485644e-04
2.458860305886716582e+06 9.896322994646945537e-01 5.843942827855294923e-04
2.458860310901253019e+06 9.896494060445990559e-01 5.843495087852684311e-04
2.458860315915789455e+06 9.897146061199965095e-01 5.843047347850075868e-04
2.458860320930325892e+06 9.898321649942005696e-01 5.842599607847466341e-04
2.458860325944862328e+06 9.900022833802444300e-01 5.843306055397076617e-04
2.458860330959398299e+06 9.902249612550095836e-01 5.844586502804244993e-04
2.458860335973934736e+06 9.904832889546708596e-01 5.845866950330317821e-04
2.458860340988471173e+06 9.907053261208118577e-01 5.847147397856391733e-04
2.458860346003007609e+06 9.908829426021714681e-01 5.847465964173709230e-04
2.458860351017544046e+06 9.910161383987494688e-01 5.846872125399401503e-04
2.458860356032080017e+06 9.911050757916798348e-01 5.846278286680239552e-04
2.458860361046616454e+06 9.911510291158029951e-01 5.845684447905932909e-04
2.458860366061152890e+06 9.911542702153173234e-01 5.846674960326821375e-04
2.458860371075689327e+06 9.911147990902232641e-01 5.850500054104923030e-04
2.458860376090225764e+06 9.910394360036391959e-01 5.854325147883022518e-04
2.458860381104761735e+06 9.910492960065186985e-01 5.858150241305915690e-04
2.458860386119298171e+06 9.911889405762399630e-01 5.860695615150627886e-04
2.458860391133834608e+06 9.914583697179132349e-01 5.858243738788126553e-04
2.458860396148371045e+06 9.918557039622790672e-01 5.855791862425626304e-04
2.458860401162907481e+06 9.922376303303547251e-01 5.853339986063124971e-04
2.458860406177443452e+06 9.925146063097231020e-01 5.851204958263918343e-04
2.458860411191979889e+06 9.926866319518254933e-01 5.855191288342433522e-04
2.458860416206516325e+06 9.927537072260683715e-01 5.859177618420946532e-04
2.458860421221052762e+06 9.927808521191890945e-01 5.863163948499460626e-04
2.458860426235589199e+06 9.928406652717770564e-01 5.867150278577975804e-04
2.458860431250125170e+06 9.929332010936182673e-01 5.864078319256605743e-04
2.458860436264661606e+06 9.930584596018979804e-01 5.860174343335580347e-04
2.458860441279198043e+06 9.932058400530833220e-01 5.856270367414554952e-04
2.458860446293734480e+06 9.933547276249677926e-01 5.852366391493529557e-04
2.458860451308270916e+06 9.935045920331239122e-01 5.850671623813969444e-04
2.458860456322806887e+06 9.936554332634991438e-01 5.849753506997053352e-04
2.458860461337343324e+06 9.938143242513000075e-01 5.848835390094878853e-04
2.458860466351879761e+06 9.940045813870980185e-01 5.847917273192703271e-04
2.458860471366416197e+06 9.942280392781757126e-01 5.848598483190419308e-04
2.458860476380952168e+06 9.944846978991580544e-01 5.850413190866512103e-04
2.458860481395488605e+06 9.947598894130581515e-01 5.852227898711121357e-04
2.458860486410025042e+06 9.949683292314464023e-01 5.854042606555731696e-04
2.458860491424561478e+06 9.950962475930046347e-01 5.855085529078634743e-04
2.458860496439097915e+06 9.951436444977327378e-01 5.855107749423674613e-04
2.458860501453633886e+06 9.951214682025647518e-01 5.855129969766652330e-04
2.458860506468170322e+06 9.951575542561625909e-01 5.855152190111694369e-04
2.458860511482706759e+06 9.952886062084176366e-01 5.855674023984080512e-04
2.458860516497243196e+06 9.955146240593300000e-01 5.857507063531816821e-04
2.458860521511779632e+06 9.958317698799162843e-01 5.859340103079553131e-04
2.458860526526315603e+06 9.961117330684308158e-01 5.861173142457069699e-04
2.458860531540852040e+06 9.962919992138815628e-01 5.863049286865249822e-04
2.458860536555388477e+06 9.963725682856412469e-01 5.865237851925692025e-04
2.458860541569924913e+06 9.963536051356954859e-01 5.867426416986133144e-04
2.458860546584461350e+06 9.963277820410970653e-01 5.869614982046576432e-04
2.458860551598997321e+06 9.963732491452469420e-01 5.871803546903782769e-04
2.458860556613533758e+06 9.964900064565896942e-01 5.870659167181844400e-04
2.458860561628070194e+06 9.966780539742130518e-01 5.869399551428652710e-04
2.458860566642606631e+06 9.969120697507853901e-01 5.868139935675463189e-04
2.458860571657143068e+06 9.971537243104852122e-01 5.866880319922272583e-04
2.458860576671679039e+06 9.974026248577442244e-01 5.866834307100603435e-04
2.458860581686215475e+06 9.976587714387892269e-01 5.867069426116056216e-04
2.458860586700751912e+06 9.978971775732488059e-01 5.867304545131507912e-04
2.458860591715288348e+06 9.980534837377591506e-01 5.867539664146960692e-04
2.458860596729824785e+06 9.981244281105470240e-01 5.867288454490807636e-04
2.458860601744360756e+06 9.981100106969146291e-01 5.866783636107639850e-04
2.458860606758897193e+06 9.980393742938420409e-01 5.866278817677595498e-04
2.458860611773433629e+06 9.980413923608144611e-01 5.865773999247550063e-04
2.458860616787970066e+06 9.981313560486620995e-01 5.866085269032868081e-04
2.458860621802506503e+06 9.983092653573846231e-01 5.867204202207798244e-04
2.458860626817042474e+06 9.985643387868140541e-01 5.868323135278821724e-04
2.458860631831578910e+06 9.988078184060513731e-01 5.869442068453752971e-04
2.458860636846115347e+06 9.990200116955889609e-01 5.870609563025212547e-04
2.458860641860651784e+06 9.992009186554271505e-01 5.871868067704941185e-04
2.458860646875187755e+06 9.993489726637264647e-01 5.873126572267803672e-04
2.458860651889724191e+06 9.994343337105779934e-01 5.874385076947534479e-04
2.458860656904260628e+06 9.994456194071421606e-01 5.875515739152278004e-04
2.458860661918797065e+06 9.993828297534186333e-01 5.876112771981369847e-04
2.458860666933333501e+06 9.992468010908804876e-01 5.876709804810461690e-04
2.458860671947869472e+06 9.991125077607238003e-01 5.877306837584111770e-04
2.458860676962405909e+06 9.990285784485388731e-01 5.877798084615753257e-04
2.458860681976942345e+06 9.989950131691347490e-01 5.875655071453223357e-04
2.458860686991478782e+06 9.990118119225117610e-01 5.873512058290694541e-04
2.458860692006015219e+06 9.990800608852582476e-01 5.871369045128163556e-04
2.458860697020551190e+06 9.992010230041638019e-01 5.869226032164640049e-04
2.458860702035087626e+06 9.993747000643236067e-01 5.870751693851487558e-04
2.458860707049624063e+06 9.996010920569526892e-01 5.872759024047274987e-04
2.458860712064160500e+06 9.998309249222772088e-01 5.874766354243063501e-04
2.458860717078696936e+06 9.999648383341572799e-01 5.876773684438850931e-04
2.458860722093232907e+06 1.000000000000000000e+00 5.876646321841555052e-04
2.458860727107769344e+06 9.999364099263362560e-01 5.875726538577931771e-04
2.458860732122305781e+06 9.998074196932996704e-01 5.874806755314309573e-04
2.458860737136842217e+06 9.997271061210188936e-01 5.873886972050686292e-04
2.458860742151378654e+06 9.997049745230224271e-01 5.874383028414798891e-04
2.458860747165914625e+06 9.997410248932611099e-01 5.875927203167495604e-04
2.458860752180451062e+06 9.998233853010793926e-01 5.877471378063585643e-04
2.458860757194987498e+06 9.998800459904032545e-01 5.879015552959676767e-04
2.458860762209523935e+06 9.998988747057222515e-01 5.880144646646955943e-04
2.458860767224060372e+06 9.998798714470363835e-01 5.880700432927906838e-04
2.458860772238596343e+06 9.998240009606256251e-01 5.881256219157247542e-04
2.458860777253132779e+06 9.997431832497305493e-01 5.881812005438199521e-04
2.458860782267669216e+06 9.996409696702283076e-01 5.882222813008752870e-04
2.458860787282205652e+06 9.995173602221185671e-01 5.882232117776574993e-04
2.458860792296742089e+06 9.993733855575899216e-01 5.882241422544397117e-04
2.458860797311278060e+06 9.992471228321722077e-01 5.882250727311355131e-04
2.458860802325814497e+06 9.991578080927422389e-01 5.881919943906640559e-04
2.458860807340350933e+06 9.991054413527402644e-01 5.878855203364900545e-04
2.458860812354887370e+06 9.990899687895936632e-01 5.875790462823160532e-04
2.458860817369423807e+06 9.990597307643745983e-01 5.872725722281420518e-04
2.458860822383959778e+06 9.989693711850758939e-01 5.869660982024279237e-04
2.458860827398496214e+06 9.988188900349149746e-01 5.868326266964732753e-04
2.458860832413032651e+06 9.986082873194915832e-01 5.867071234353863751e-04
2.458860837427569088e+06 9.983612064488495141e-01 5.865816201742994748e-04
2.458860842442105059e+06 9.981148049224608521e-01 5.864561169248669889e-04
2.458860847456641495e+06 9.978695337758199946e-01 5.863432331770830229e-04
2.458860852471177932e+06 9.976253930318605967e-01 5.862334785848287997e-04
2.458860857485714369e+06 9.973963518742009482e-01 5.861237239925747933e-04
2.458860862500250805e+06 9.972197137690291813e-01 5.860139694003205701e-04
2.458860867514786776e+06 9.970975093015036483e-01 5.862571626224872753e-04
2.458860872529323213e+06 9.970297384489276160e-01 5.866932229087314056e-04
2.458860877543859649e+06 9.969937671560811232e-01 5.871292831949756442e-04
2.458860882558396086e+06 9.968855167358502412e-01 5.875653434812197744e-04
2.458860887572932523e+06 9.966920337150360076e-01 5.877199461355307091e-04
2.458860892587468494e+06 9.964133181234781089e-01 5.875839160037708018e-04
2.458860897602004930e+06 9.960587095040086547e-01 5.874478858593789633e-04
2.458860902616541367e+06 9.957088975470922421e-01 5.873118557149869081e-04
2.458860907631077804e+06 9.953824944405947894e-01 5.870062579251938409e-04
2.458860912645614240e+06 9.950795001845168519e-01 5.863675342640364049e-04
2.458860917660150211e+06 9.948009238977643109e-01 5.857288106621925255e-04
2.458860922674686648e+06 9.945674389647860547e-01 5.850900870010350896e-04
2.458860927689223085e+06 9.943872208085127173e-01 5.845870570332150837e-04
2.458860932703759521e+06 9.942602694289447429e-01 5.846912287603689678e-04
2.458860937718295958e+06 9.941854920445621913e-01 5.847954004875226350e-04
2.458860942732831929e+06 9.940458132401618352e-01 5.848995722050028337e-04
2.458860947747368366e+06 9.937623810194279317e-01 5.849916057085914481e-04
2.458860952761904802e+06 9.933351953886567776e-01 5.846621475259449179e-04
2.458860957776441239e+06 9.927642563478483728e-01 5.843326893432982793e-04
2.458860962790977675e+06 9.922001684446711822e-01 5.840032311606517491e-04
2.458860967805513646e+06 9.918252075021521952e-01 5.836737730085994526e-04
2.458860972820050083e+06 9.916397791224724756e-01 5.836280256567693420e-04
2.458860977834586520e+06 9.916438833492519089e-01 5.836234288241219561e-04
2.458860982849122956e+06 9.917243435125796536e-01 5.836188319914745702e-04
2.458860987863659393e+06 9.916445271205709400e-01 5.836142351588272928e-04
2.458860992878195364e+06 9.913970005087917592e-01 5.836893934999153521e-04
2.458860997892731801e+06 9.909817636312702183e-01 5.837957733685098741e-04
2.458861002907268237e+06 9.904459529300451148e-01 5.839021532371042877e-04
2.458861007921804674e+06 9.899568912427717526e-01 5.840085331056987013e-04
2.458861012936340645e+06 9.895293209798484702e-01 5.840260117468309064e-04
2.458861017950877082e+06 9.891632420618650112e-01 5.839747660921163017e-04
2.458861022965413518e+06 9.888555734203805514e-01 5.839235204374018055e-04
2.458861027979949955e+06 9.885868065270185800e-01 5.838722747826873092e-04
2.458861032994486392e+06 9.883535134870178318e-01 5.836637082707767706e-04
2.458861038009022363e+06 9.881556943171012630e-01 5.832281341338628510e-04
2.458861043023558799e+06 9.879890177060286494e-01 5.827925599565004925e-04
2.458861048038095236e+06 9.877967614690840170e-01 5.823569857791380255e-04
2.458861053052631672e+06 9.875613923794793747e-01 5.819780510516373408e-04
2.458861058067168109e+06 9.872829104372148334e-01 5.817648746878741279e-04
2.458861063081704080e+06 9.869622356545095787e-01 5.815516983439068203e-04
2.458861068096240517e+06 9.866371542074113821e-01 5.813385219801437158e-04
2.458861073110776953e+06 9.863274621795121710e-01 5.811533774254102041e-04
2.458861078125313390e+06 9.860331595708116126e-01 5.812204828434350701e-04
2.458861083139849827e+06 9.857542328439345969e-01 5.812875882614597194e-04
2.458861088154385798e+06 9.854632005474743828e-01 5.813546936732529166e-04
2.458861093168922234e+06 9.851349279486841803e-01 5.814217990912777826e-04
2.458861098183458671e+06 9.847694150728605322e-01 5.811726331453235216e-04
2.458861103197995108e+06 9.843666619200035495e-01 5.809051836129723156e-04
2.458861108212531544e+06 9.839626480693736132e-01 5.806377340806210012e-04
2.458861113227067515e+06 9.836160677239514927e-01 5.803702845731056143e-04
2.458861118241603952e+06 9.833277526381913880e-01 5.801398623650696768e-04
2.458861123256140389e+06 9.830977028469828349e-01 5.799192421931446918e-04
2.458861128270676825e+06 9.829081534140816645e-01 5.796986220212195983e-04
2.458861133285213262e+06 9.827099171975125502e-01 5.794780018492946133e-04
2.458861138299749233e+06 9.825001257917129749e-01 5.794244029809948607e-04
2.458861143314285669e+06 9.822787791577196614e-01 5.794663855285157395e-04
2.458861148328822106e+06 9.820517176543972493e-01 5.795083680760365098e-04
2.458861153343358543e+06 9.818468787476789528e-01 5.795503506235573886e-04
2.458861158357894979e+06 9.816679064581325109e-01 5.795090517346241504e-04
2.458861163372430950e+06 9.815148007987745116e-01 5.793780211994177315e-04
2.458861168386967387e+06 9.813843586533693708e-01 5.792469906520434199e-04
2.458861173401503824e+06 9.812475082326361786e-01 5.791159601046692168e-04
2.458861178416040260e+06 9.810972800627107970e-01 5.790491787822143934e-04
2.458861183430576231e+06 9.809336741594073539e-01 5.791148120924109353e-04
2.458861188445112668e+06 9.807578453393378526e-01 5.791804454087022113e-04
2.458861193459649105e+06 9.805953182382657340e-01 5.792460787249934873e-04
2.458861198474185541e+06 9.804565573196337702e-01 5.792676708286140751e-04
2.458861203488721978e+06 9.803415625834422942e-01 5.790772980990688658e-04
2.458861208503257949e+06 9.802498367453340578e-01 5.788869253872020067e-04
2.458861213517794386e+06 9.801164208157263635e-01 5.786965526576566890e-04
2.458861218532330822e+06 9.798958688606274059e-01 5.785069636067302233e-04
2.458861223546867259e+06 9.795881808800372959e-01 5.783617120536730782e-04
2.458861228561403695e+06 9.791933568739560334e-01 5.782164605006161499e-04
2.458861233575939666e+06 9.787769463812534543e-01 5.780712089610474556e-04
2.458861238590476103e+06 9.784214907580589538e-01 5.779259574079903105e-04
2.458861243605012540e+06 9.781272567648472416e-01 5.778065368684978361e-04
2.458861248619548976e+06 9.778942444016180957e-01 5.776912272169983315e-04
2.458861253634085413e+06 9.777266704310811907e-01 5.775759175654989353e-04
2.458861258648621384e+06 9.776336759834145518e-01 5.774606079247074451e-04
2.458861263663157821e+06 9.776155759596751871e-01 5.774783592910749490e-04
2.458861268677694257e+06 9.776723703719761849e-01 5.775509781237487964e-04
2.458861273692230694e+06 9.777893995137202365e-01 5.776235969564226438e-04
2.458861278706767131e+06 9.779126438221240614e-01 5.776962157890963828e-04
2.458861283721303102e+06 9.780370774876895323e-01 5.778624395902961890e-04
2.458861288735839538e+06 9.781627005335270519e-01 5.781042107185734155e-04
2.458861293750375975e+06 9.782825056842999745e-01 5.783459818468505336e-04
2.458861298764912412e+06 9.783501470451784199e-01 5.785877529751276517e-04
2.458861303779448848e+06 9.783571359318465888e-01 5.786190159238659017e-04
2.458861308793984819e+06 9.783034723521041309e-01 5.783328180406527731e-04
2.458861313808521256e+06 9.781981910697905569e-01 5.780466201308627049e-04
2.458861318823057692e+06 9.781669207206963312e-01 5.777604222210725284e-04
2.458861323837594129e+06 9.782499449193842178e-01 5.775419591644016500e-04
2.458861328852130566e+06 9.784472636658544387e-01 5.775333071218058259e-04
2.458861333866666537e+06 9.787551322962444456e-01 5.775246550800136125e-04
2.458861338881202973e+06 9.790013932928190998e-01 5.775160030374177885e-04
2.458861343895739410e+06 9.790924990213992762e-01 5.775097828114928496e-04
2.458861348910275847e+06 9.790284494819853078e-01 5.775283367900636150e-04
2.458861353924812283e+06 9.788092633990495006e-01 5.775468907686344888e-04
2.458861358939348254e+06 9.785668950698541702e-01 5.775654447454823485e-04
2.458861363953884691e+06 9.784271409833407152e-01 5.775839987240531138e-04
2.458861368968421128e+06 9.783900011667808760e-01 5.776303972372219412e-04
2.458861373982957564e+06 9.784554756201744308e-01 5.776787403505489679e-04
2.458861378997493535e+06 9.785957665756527257e-01 5.777270834593868556e-04
2.458861384012029972e+06 9.787638126795906723e-01 5.777754265727138823e-04
2.458861389026566409e+06 9.789588448627623007e-01 5.778928313679708743e-04
2.458861394041102845e+06 9.791808631251676109e-01 5.780297086199966431e-04
2.458861399055639282e+06 9.794120832937874832e-01 5.781665858720224120e-04
2.458861404070175253e+06 9.796014455328291293e-01 5.783034631113374282e-04
2.458861409084711690e+06 9.797457672979126286e-01 5.783116506544832809e-04
2.458861414099248126e+06 9.798450485693622758e-01 5.782427537340998442e-04
2.458861419113784563e+06 9.799067109637055184e-01 5.781738568137162991e-04
2.458861424128320999e+06 9.799677026265899427e-01 5.781049598933328624e-04
2.458861429142856970e+06 9.800330701758930285e-01 5.781069800797123716e-04
2.458861434157393407e+06 9.801028136237548427e-01 5.781887370160623167e-04
2.458861439171929844e+06 9.801854449325159147e-01 5.782704939524122619e-04
2.458861444186466280e+06 9.803622151500254178e-01 5.783522508887623155e-04
2.458861449201002717e+06 9.806533627736538916e-01 5.785100895108399996e-04
2.458861454215538688e+06 9.810588877604324853e-01 5.788325620581062647e-04
2.458861459230075125e+06 9.815718624770456424e-01 5.791550346353180855e-04
2.458861464244611561e+06 9.820265515227029063e-01 5.794775072125297978e-04
2.458861469259147998e+06 9.823525112859495811e-01 5.797613770153098485e-04
2.458861474273684435e+06 9.825497417667857780e-01 5.798446754853737312e-04
2.458861479288220406e+06 9.826188900561743100e-01 5.799279739477024818e-04
2.458861484302756842e+06 9.826656160305513588e-01 5.800112724177663645e-04
2.458861489317293279e+06 9.827667318794109930e-01 5.800949223436116086e-04
2.458861494331829716e+06 9.829222376027529906e-01 5.802303969310529603e-04
2.458861499346366152e+06 9.831321332005774627e-01 5.803658715184943119e-04
2.458861504360902123e+06 9.833756561686053388e-01 5.805013460933553405e-04
2.458861509375438560e+06 9.836256159288325751e-01 5.806368206807968006e-04
2.458861514389974996e+06 9.838818926657332264e-01 5.805036315483209182e-04
2.458861519404511433e+06 9.841444863793074038e-01 5.803237996268888936e-04
2.458861524419047870e+06 9.844075672946366318e-01 5.801439677054569775e-04
2.458861529433583841e+06 9.846580325868761197e-01 5.799641358007245938e-04
2.458861534448120277e+06 9.848953894569353329e-01 5.802769026259570629e-04
2.458861539462656714e+06 9.851196378809468079e-01 5.808033994962487605e-04
2.458861544477193151e+06 9.853276582240102499e-01 5.813298963665405666e-04
2.458861549491729122e+06 9.855075139856422917e-01 5.818563931879407094e-04
2.458861554506265558e+06 9.856580340528413586e-01 5.821859289060107422e-04
2.458861559520801995e+06 9.857792184075435671e-01 5.823495260939881612e-04
2.458861564535338432e+06 9.858823820912897551e-01 5.825131232819655801e-04
2.458861569549874868e+06 9.860457566053580925e-01 5.826767204699429990e-04
2.458861574564410839e+06 9.862842707132010167e-01 5.826835096837160947e-04
2.458861579578947276e+06 9.865979244591166486e-01 5.824430440377206071e-04
2.458861584593483713e+06 9.869807681199147531e-01 5.822025783917249026e-04
2.458861589608020149e+06 9.873447933088378425e-01 5.819621127457291982e-04
2.458861594622556586e+06 9.876607286345228109e-01 5.818034127419394620e-04
2.458861599637092557e+06 9.879285740743296573e-01 5.819132506036236649e-04
2.458861604651628993e+06 9.881483566949703645e-01 5.820230884755076082e-04
2.458861609666165430e+06 9.883214776340762953e-01 5.821329263473915515e-04
2.458861614680701867e+06 9.884487267255730458e-01 5.822339275758033105e-04
2.458861619695238303e+06 9.885301039694606162e-01 5.822315527779665240e-04
2.458861624709774274e+06 9.885656094570010044e-01 5.822291779803500473e-04
2.458861629724310711e+06 9.886014255611956791e-01 5.822268031825131524e-04
2.458861634738847148e+06 9.886834739511818348e-01 5.822244283846762574e-04
2.458861639753383584e+06 9.888117546269592495e-01 5.823063049450602968e-04
2.458861644767920021e+06 9.889862675885282561e-01 5.823951029393869237e-04
2.458861649782455992e+06 9.892242223834394332e-01 5.824839009254674342e-04
2.458861654796992429e+06 9.895558509055277785e-01 5.825726989197939527e-04
2.458861659811528865e+06 9.899817168355282693e-01 5.829569396031332885e-04
2.458861664826065302e+06 9.905018201734407945e-01 5.834297187794379880e-04
2.458861669840601739e+06 9.910449340563337595e-01 5.839024979557425792e-04
2.458861674855137710e+06 9.913989764037639540e-01 5.843752770881438128e-04
2.458861679869674146e+06 9.915498486460672112e-01 5.845005017456445483e-04
2.458861684884210583e+06 9.914975507409325983e-01 5.844079262972631805e-04
2.458861689898747019e+06 9.912868291184279146e-01 5.843153508488819212e-04
2.458861694913283456e+06 9.911496401061596906e-01 5.842227754005004450e-04
2.458861699927819427e+06 9.911191346253122036e-01 5.842941953213483556e-04
2.458861704942355864e+06 9.911953126702196526e-01 5.845580617358767149e-04
2.458861709956892300e+06 9.913714518273288867e-01 5.848219281504050742e-04
2.458861714971428737e+06 9.915799849380226849e-01 5.850857945649333251e-04
2.458861719985965174e+06 9.918034300791646052e-01 5.852650738491288127e-04
2.458861725000501145e+06 9.920417872279277960e-01 5.852519916315578573e-04
2.458861730015037581e+06 9.922933432382187169e-01 5.852389094127721618e-04
2.458861735029574018e+06 9.925135732964551760e-01 5.852258271939863579e-04
2.458861740044110455e+06 9.926828567836892825e-01 5.851996676227147129e-04
2.458861745058646426e+06 9.928011936912977120e-01 5.850998428055193337e-04
2.458861750073182862e+06 9.928687111151801581e-01 5.850000179790538091e-04
2.458861755087719299e+06 9.929121847228352671e-01 5.849001931525883930e-04
2.458861760102255736e+06 9.929518490365679684e-01 5.848003683261229768e-04
2.458861765116792172e+06 9.929877040563783730e-01 5.847837380468508088e-04
2.458861770131328143e+06 9.930197497794677197e-01 5.847674338822170812e-04
2.458861775145864580e+06 9.930470696995298274e-01 5.847511297160692652e-04
2.458861780160401016e+06 9.930684159832313673e-01 5.847348255499214493e-04
2.458861785174937453e+06 9.930837814651705120e-01 5.847023135436497975e-04
2.458861790189473890e+06 9.930931661453473724e-01 5.846667471308974757e-04
2.458861795204009861e+06 9.931065231484060840e-01 5.846311807214478505e-04
2.458861800218546297e+06 9.931470457264339746e-01 5.845956143086956372e-04
2.458861805233082734e+06 9.932156825717755044e-01 5.850132839077876916e-04
2.458861810247619171e+06 9.933124336844307845e-01 5.856376751289299378e-04
2.458861815262155607e+06 9.934448919203293649e-01 5.862620663500721840e-04
2.458861820276691578e+06 9.936432327369199013e-01 5.868864575132320570e-04
2.458861825291228015e+06 9.939105746644940620e-01 5.868878789971354072e-04
2.458861830305764452e+06 9.942469176878375725e-01 5.863414950155207504e-04
2.458861835320300888e+06 9.946228712521218984e-01 5.857951110339058767e-04
2.458861840334837325e+06 9.948258499088701301e-01 5.852487270522911114e-04
2.458861845349373296e+06 9.948136070622131122e-01 5.848907091259375685e-04
2.458861850363909733e+06 9.945861427098768859e-01 5.848433937167885933e-04
2.458861855378446169e+06 9.941595490292847170e-01 5.847960783076396182e-04
2.458861860392982606e+06 9.937875662397597232e-01 5.847487628984907515e-04
2.458861865407519042e+06 9.935577219006319627e-01 5.846833891948309981e-04
2.458861870422055013e+06 9.934700160134458669e-01 5.845550112637090982e-04
2.458861875436591450e+06 9.935228501129499401e-01 5.844266333206657449e-04
2.458861880451127887e+06 9.936218702027652672e-01 5.842982553776222832e-04
2.458861885465664323e+06 9.937118894892612575e-01 5.841844874913219030e-04
2.458861890480200760e+06 9.937929079724376891e-01 5.842706329202595117e-04
2.458861895494736731e+06 9.938649256460251324e-01 5.843567783411975514e-04
2.458861900509273168e+06 9.939135046501738069e-01 5.844429237701352685e-04
2.458861905523809604e+06 9.939236679574073863e-01 5.845290691990728772e-04
2.458861910538346041e+06 9.938954143152444187e-01 5.845379087307977410e-04
2.458861915552882012e+06 9.938287437316597472e-01 5.845394224904449949e-04
2.458861920567418449e+06 9.937267710175519131e-01 5.845409362502327613e-04
2.458861925581954885e+06 9.935951729490027917e-01 5.845424500100206361e-04
2.458861930596491322e+06 9.934340692089741465e-01 5.845313133453327583e-04
2.458861935611027759e+06 9.932434597974666435e-01 5.845161549164056437e-04
2.458861940625563730e+06 9.930233447362901700e-01 5.845009964888862571e-04
2.458861945640100166e+06 9.927737239845643158e-01 5.844858380599591424e-04
2.458861950654636603e+06 9.925220361002651259e-01 5.844706796310321362e-04
2.458861955669173039e+06 9.923794287172177375e-01 5.844555212021051299e-04
2.458861960683709476e+06 9.923576855736122582e-01 5.844403627731780152e-04
2.458861965698245447e+06 9.924568066546320955e-01 5.844252043456585203e-04
2.458861970712781884e+06 9.926767919786861905e-01 5.844665180072531512e-04
2.458861975727318320e+06 9.930176415421821945e-01 5.845770085766535716e-04
2.458861980741854757e+06 9.934532896135945812e-01 5.846874991460537753e-04
2.458861985756391194e+06 9.937075247743908379e-01 5.847979897154541957e-04
2.458861990770927165e+06 9.937061318878036564e-01 5.848263343893103910e-04
2.458861995785463601e+06 9.934491109535743547e-01 5.846581542956270005e-04
2.458862000800000038e+06 9.929471718352588239e-01 5.844899742019436101e-04
