2.458824000000000000e+06 9.914382570924993310e-01 4.716060477312122227e-04
2.458824005014536437e+06 9.912202374778588121e-01 4.715884932594183350e-04
2.458824010029072873e+06 9.911093237136396894e-01 4.715859715125712967e-04
2.458824015043608844e+06 9.911055157952228800e-01 4.717484180353309305e-04
2.458824020058145281e+06 9.912088100907628929e-01 4.719108645731756656e-04
2.458824025072681718e+06 9.913236809298444641e-01 4.720733111110205090e-04
2.458824030087218154e+06 9.913569331694946918e-01 4.722357576488652982e-04
2.458824035101754591e+06 9.913085668097137981e-01 4.721095088376706366e-04
2.458824040116290562e+06 9.911785818663616521e-01 4.719611600359435526e-04
2.458824045130826999e+06 9.910134345095878983e-01 4.718128112204404874e-04
2.458824050145363435e+06 9.908933788948682819e-01 4.716644624049373680e-04
2.458824055159899872e+06 9.908198261703036192e-01 4.716068981736659324e-04
2.458824060174436308e+06 9.907927763358937989e-01 4.715758012855200969e-04
2.458824065188972279e+06 9.907855458416962025e-01 4.715447044002619255e-04
2.458824070203508716e+06 9.907199977180563000e-01 4.715136075121160357e-04
2.458824075218045153e+06 9.905910872610582674e-01 4.714722051048696812e-04
2.458824080232581589e+06 9.903988144707022157e-01 4.714244769367151831e-04
2.458824085247118026e+06 9.901613333017308394e-01 4.713767487685605767e-04
2.458824090261653997e+06 9.899710045325730290e-01 4.713290206048380802e-04
2.458824095276190434e+06 9.898407560871498312e-01 4.712725352623254129e-04
2.458824100290726870e+06 9.897705879859249878e-01 4.712059754303832607e-04
2.458824105305263307e+06 9.897543963079242779e-01 4.711394155984410001e-04
2.458824110319799278e+06 9.897322961585857115e-01 4.710728557726797760e-04
2.458824115334335715e+06 9.896890645467504299e-01 4.710580316561728022e-04
2.458824120348872151e+06 9.896247014734897984e-01 4.711581455819883091e-04
2.458824125363408588e+06 9.895393489030156475e-01 4.712582595078037618e-04
2.458824130377945025e+06 9.894365539743261717e-01 4.713583734336192687e-04
2.458824135392480996e+06 9.893178535149484976e-01 4.714453863429461569e-04
2.458824140407017432e+06 9.891832475028370375e-01 4.714613998510136321e-04
2.458824145421553869e+06 9.890330630203607587e-01 4.714774133590809990e-04
2.458824150436090305e+06 9.889281043308749686e-01 4.714934268671484201e-04
2.458824155450626742e+06 9.889134837427144831e-01 4.715093084425876074e-04
2.458824160465162713e+06 9.889892012446535041e-01 4.714111242009246948e-04
2.458824165479699150e+06 9.891552568507547827e-01 4.713129399501441840e-04
2.458824170494235586e+06 9.893589376627102139e-01 4.712147556993636732e-04
2.458824175508772023e+06 9.895297912118887762e-01 4.711165714485831624e-04
2.458824180523308460e+06 9.896674592937511061e-01 4.715322029757840054e-04
2.458824185537844431e+06 9.897719419001353991e-01 4.720409840563461346e-04
2.458824190552380867e+06 9.898286768292516857e-01 4.725497651841547588e-04
2.458824195566917304e+06 9.898043154333798777e-01 4.730585463119634372e-04
2.458824200581453741e+06 9.896975469626164701e-01 4.729632499976582269e-04
2.458824205595990177e+06 9.895083714169614630e-01 4.725989722139452179e-04
2.458824210610526148e+06 9.892772972625999417e-01 4.722346944640599671e-04
2.458824215625062585e+06 9.891623703648525501e-01 4.718704166803469580e-04
2.458824220639599022e+06 9.891795199102674241e-01 4.716056181410462110e-04
2.458824225654135458e+06 9.893287458988446748e-01 4.714264917638286557e-04
2.458824230668671895e+06 9.895895961479684866e-01 4.712473653866110462e-04
2.458824235683207866e+06 9.898173817550499631e-01 4.710682390260274833e-04
2.458824240697744302e+06 9.899839123455986822e-01 4.710262849247686605e-04
2.458824245712280739e+06 9.900891878956178394e-01 4.712056264813125586e-04
2.458824250726817176e+06 9.901333783011341261e-01 4.713849680378564026e-04
2.458824255741353612e+06 9.901190787126991077e-01 4.715643095944003550e-04
2.458824260755889583e+06 9.900471683952914992e-01 4.716781087382775572e-04
2.458824265770426020e+06 9.899176473355555395e-01 4.715700331887565794e-04
2.458824270784962457e+06 9.897327303887699657e-01 4.714619576392354932e-04
2.458824275799498893e+06 9.896148663395710754e-01 4.713538820897144612e-04
2.458824280814034864e+06 9.896343709458291782e-01 4.712600111251507521e-04
2.458824285828571301e+06 9.897912442111669318e-01 4.713454164900566026e-04
2.458824290843107738e+06 9.900854861401509055e-01 4.714308218549624532e-04
2.458824295857644174e+06 9.903921610972480361e-01 4.715162272198683579e-04
2.458824300872180611e+06 9.905843770455073916e-01 4.716016325847742084e-04
2.458824305886716582e+06 9.906621320720224722e-01 4.715272156730885059e-04
2.458824310901253019e+06 9.906254261912345038e-01 4.714386728549205111e-04
2.458824315915789455e+06 9.905389294692730218e-01 4.713501300367524080e-04
2.458824320930325892e+06 9.905183375424732040e-01 4.712615872185844132e-04
2.458824325944862328e+06 9.905659453949032800e-01 4.713080176664612110e-04
2.458824330959398299e+06 9.906817530126424964e-01 4.713961023488053861e-04
2.458824335973934736e+06 9.908466227287922035e-01 4.714841870393293786e-04
2.458824340988471173e+06 9.910025390322280137e-01 4.715722717298533170e-04
2.458824346003007609e+06 9.911455241317131959e-01 4.716996879577746893e-04
2.458824351017544046e+06 9.912755780272478612e-01 4.718522986753365058e-04
2.458824356032080017e+06 9.913900962073934897e-01 4.720049093787265530e-04
2.458824361046616454e+06 9.914753063014838386e-01 4.721575200962883695e-04
2.458824366061152890e+06 9.915291965273824726e-01 4.722248120273562556e-04
2.458824371075689327e+06 9.915517668850891697e-01 4.721898766256693819e-04
2.458824376090225764e+06 9.915531372277817113e-01 4.721549412239823998e-04
2.458824381104761735e+06 9.916376394743828815e-01 4.721200058255396758e-04
2.458824386119298171e+06 9.918327660768335718e-01 4.721091958305513353e-04
2.458824391133834608e+06 9.921385170324230618e-01 4.721545986623055667e-04
2.458824396148371045e+06 9.925483755864943358e-01 4.722000014940597439e-04
2.458824401162907481e+06 9.928858635549027145e-01 4.722454043258139753e-04
2.458824406177443452e+06 9.930718522709225393e-01 4.722742210502314081e-04
2.458824411191979889e+06 9.931063417690964013e-01 4.722057662685833716e-04
2.458824416206516325e+06 9.929900692367974457e-01 4.721373114869352266e-04
2.458824421221052762e+06 9.929008745243679268e-01 4.720688567052871900e-04
2.458824426235589199e+06 9.929756735096454401e-01 4.720004019236390992e-04
2.458824431250125170e+06 9.932144661628410365e-01 4.721199472907973015e-04
2.458824436264661606e+06 9.936172525283044621e-01 4.722411904075683275e-04
2.458824441279198043e+06 9.940541097178259289e-01 4.723624335243392994e-04
2.458824446293734480e+06 9.943448953152044245e-01 4.724836766411102712e-04
2.458824451308270916e+06 9.944884514013099253e-01 4.726411541190591930e-04
2.458824456322806887e+06 9.944847779833201340e-01 4.728057176700685253e-04
2.458824461337343324e+06 9.943997048819109841e-01 4.729702812363595788e-04
2.458824466351879761e+06 9.943892484392167219e-01 4.731348448026506865e-04
2.458824471366416197e+06 9.944600373980995167e-01 4.731699820082942978e-04
2.458824476380952168e+06 9.946120717406690126e-01 4.731447157974931592e-04
2.458824481395488605e+06 9.948386167461911178e-01 4.731194495843457529e-04
2.458824486410025042e+06 9.951124287454867767e-01 4.730941833711982923e-04
2.458824491424561478e+06 9.954306246532603764e-01 4.731153644538328078e-04
2.458824496439097915e+06 9.957932044695115836e-01 4.731782037443269537e-04
2.458824501453633886e+06 9.961811761617624938e-01 4.732410430289856525e-04
2.458824506468170322e+06 9.964542463074472778e-01 4.733038823194797985e-04
2.458824511482706759e+06 9.965840133835581760e-01 4.734037401445351863e-04
2.458824516497243196e+06 9.965704773900957436e-01 4.735659436726769034e-04
2.458824521511779632e+06 9.964246554583015003e-01 4.737281472008185662e-04
2.458824526526315603e+06 9.963255346263359957e-01 4.738903507138976252e-04
2.458824531540852040e+06 9.963358908093047361e-01 4.740230292073875510e-04
2.458824536555388477e+06 9.964557240214950706e-01 4.740497530848861597e-04
2.458824541569924913e+06 9.966837250265152548e-01 4.740764769623847684e-04
2.458824546584461350e+06 9.969376787007573348e-01 4.741032008398833771e-04
2.458824551598997321e+06 9.971686846676226512e-01 4.741288503349671375e-04
2.458824556613533758e+06 9.973767429700142184e-01 4.741386028149373777e-04
2.458824561628070194e+06 9.975618535854153812e-01 4.741483552949076721e-04
2.458824566642606631e+06 9.976952995194522389e-01 4.741581077748779124e-04
2.458824571657143068e+06 9.977467261949051203e-01 4.741678602548482068e-04
2.458824576671679039e+06 9.977161278232252739e-01 4.740698067033576285e-04
2.458824581686215475e+06 9.976035043987302453e-01 4.739609190546354507e-04
2.458824586700751912e+06 9.974762171190817428e-01 4.738520314059133272e-04
2.458824591715288348e+06 9.974590515828873905e-01 4.737431437571912036e-04
2.458824596729824785e+06 9.975547791844128209e-01 4.737661817925771708e-04
2.458824601744360756e+06 9.977633998990429465e-01 4.738322487616786682e-04
2.458824606758897193e+06 9.980462322489509486e-01 4.738983157369153405e-04
2.458824611773433629e+06 9.982818621262660175e-01 4.739643827121519585e-04
2.458824616787970066e+06 9.984614638790906271e-01 4.740137980945165436e-04
2.458824621802506503e+06 9.985850375074247776e-01 4.740520861200744310e-04
2.458824626817042474e+06 9.986670898536258445e-01 4.740903741420767316e-04
2.458824631831578910e+06 9.987873911160274343e-01 4.741286621676346191e-04
2.458824636846115347e+06 9.989580939340072518e-01 4.741505245497148677e-04
2.458824641860651784e+06 9.991791983075651862e-01 4.741518850379022529e-04
2.458824646875187755e+06 9.994421022598130033e-01 4.741532455259632743e-04
2.458824651889724191e+06 9.996535024561643556e-01 4.741546060141507138e-04
2.458824656904260628e+06 9.997879175626419590e-01 4.741955522756922557e-04
2.458824661918797065e+06 9.998453475792458134e-01 4.743333294697298867e-04
2.458824666933333501e+06 9.998281470704417639e-01 4.744711066637675176e-04
2.458824671947869472e+06 9.998056902380477728e-01 4.746088838450108582e-04
2.458824676962405909e+06 9.998101708858043724e-01 4.747251990380167057e-04
2.458824681976942345e+06 9.998415890170472275e-01 4.747046528907992047e-04
2.458824686991478782e+06 9.998997834800199547e-01 4.746841067435817038e-04
2.458824692006015219e+06 9.999320414546859492e-01 4.746635605963641486e-04
2.458824697020551190e+06 9.998962337162891068e-01 4.746430144510546266e-04
2.458824702035087626e+06 9.997923602581783031e-01 4.748602152881190009e-04
2.458824707049624063e+06 9.996204210805191837e-01 4.750820373241427890e-04
2.458824712064160500e+06 9.994190732526382348e-01 4.753038593601665229e-04
2.458824717078696936e+06 9.992439061038526082e-01 4.755256813961902568e-04
2.458824722093232907e+06 9.990953594147496952e-01 4.753362418715924471e-04
2.458824727107769344e+06 9.989734331577406756e-01 4.750603543212361104e-04
2.458824732122305781e+06 9.989063020004513849e-01 4.747844667708797737e-04
2.458824737136842217e+06 9.989630724560534247e-01 4.745085792205234370e-04
2.458824742151378654e+06 9.991469087101328972e-01 4.745800820850121812e-04
2.458824747165914625e+06 9.994578107279187273e-01 4.748213882267610141e-04
2.458824752180451062e+06 9.998317372422309557e-01 4.750626943909181375e-04
2.458824757194987498e+06 1.000000000000000000e+00 4.753040005550752066e-04
2.458824762209523935e+06 9.999327724162214714e-01 4.752668690286052751e-04
2.458824767224060372e+06 9.996300544908953700e-01 4.749696718055386067e-04
2.458824772238596343e+06 9.991344408896285501e-01 4.746724746100704131e-04
2.458824777253132779e+06 9.987747339538416425e-01 4.743752773870037989e-04
2.458824782267669216e+06 9.986200724589461286e-01 4.741928912259728659e-04
2.458824787282205652e+06 9.986704564049424526e-01 4.742124725359100922e-04
2.458824792296742089e+06 9.989096305164643086e-01 4.742320538458472102e-04
2.458824797311278060e+06 9.990561242946003340e-01 4.742516351539660668e-04
2.458824802325814497e+06 9.990077491372422180e-01 4.742415322690684762e-04
2.458824807340350933e+06 9.987645050217383025e-01 4.741182692793156862e-04
2.458824812354887370e+06 9.983289920259365013e-01 4.739950062895629504e-04
2.458824817369423807e+06 9.978885440205012003e-01 4.738717432998102146e-04
2.458824822383959778e+06 9.975585964910105297e-01 4.737595712389119419e-04
2.458824827398496214e+06 9.973391493761855076e-01 4.738448516228658267e-04
2.458824832413032651e+06 9.972302027117961876e-01 4.739301320068196573e-04
2.458824837427569088e+06 9.971666455155672182e-01 4.740154123907735421e-04
2.458824842442105059e+06 9.970768871283631762e-01 4.741006927668081432e-04
2.458824847456641495e+06 9.969608877245407230e-01 4.741097741896927245e-04
2.458824852471177932e+06 9.968186473112166102e-01 4.741102531369791777e-04
2.458824857485714369e+06 9.966481856916067361e-01 4.741107320842655767e-04
2.458824862500250805e+06 9.964457047835501013e-01 4.741112110315520299e-04
2.458824867514786776e+06 9.962111107934985554e-01 4.739769398595205358e-04
2.458824872529323213e+06 9.959444036778820619e-01 4.737962864960846296e-04
2.458824877543859649e+06 9.956618706542250674e-01 4.736156331326486692e-04
2.458824882558396086e+06 9.954164537921049716e-01 4.734349797692127089e-04
2.458824887572932523e+06 9.952122266266926198e-01 4.733372946972103177e-04
2.458824892587468494e+06 9.950491891712152093e-01 4.732974310167877095e-04
2.458824897602004930e+06 9.949208034347150065e-01 4.732575673326632013e-04
2.458824902616541367e+06 9.947896651878337382e-01 4.732177036485387474e-04
2.458824907631077804e+06 9.946498347417349617e-01 4.731857994347167659e-04
2.458824912645614240e+06 9.945013120964183440e-01 4.731642468077900646e-04
2.458824917660150211e+06 9.943386822591703256e-01 4.731426941828648547e-04
2.458824922674686648e+06 9.941000701649486126e-01 4.731211415559381534e-04
2.458824927689223085e+06 9.937679656083723279e-01 4.730417159205905510e-04
2.458824932703759521e+06 9.933423685894415822e-01 4.728135149070628301e-04
2.458824937718295958e+06 9.928278761075921555e-01 4.725853138935351091e-04
2.458824942732831929e+06 9.923724790642458604e-01 4.723571129011986617e-04
2.458824947747368366e+06 9.920472629651300167e-01 4.721480250686943330e-04
2.458824952761904802e+06 9.918522278585785168e-01 4.720722056376488660e-04
2.458824957776441239e+06 9.917870508045693034e-01 4.719963862066035073e-04
2.458824962790977675e+06 9.916994696455611047e-01 4.719205667755580402e-04
2.458824967805513646e+06 9.914630997367037679e-01 4.718447473515534362e-04
2.458824972820050083e+06 9.910779410340978535e-01 4.716134210949877764e-04
2.458824977834586520e+06 9.905439935527843298e-01 4.713774181053746867e-04
2.458824982849122956e+06 9.899861980388053873e-01 4.711414151157615970e-04
2.458824987863659393e+06 9.895908450783988952e-01 4.709054121261484530e-04
2.458824992878195364e+06 9.893597100840423320e-01 4.709292371756967021e-04
2.458824997892731801e+06 9.892927930128084801e-01 4.710115813934379709e-04
2.458825002907268237e+06 9.893155809920973764e-01 4.710939256111791856e-04
2.458825007921804674e+06 9.892389141941911879e-01 4.711762698289204544e-04
2.458825012936340645e+06 9.890534851888640455e-01 4.711194302645831176e-04
2.458825017950877082e+06 9.887592939416768312e-01 4.709913847687752491e-04
2.458825022965413518e+06 9.883755842977360873e-01 4.708633392729673806e-04
2.458825027979949955e+06 9.879861232344959721e-01 4.707352937771594578e-04
2.458825032994486392e+06 9.876006561033340292e-01 4.705764771741841740e-04
2.458825038009022363e+06 9.872191829394895146e-01 4.703877303385739137e-04
2.458825043023558799e+06 9.868386578239215501e-01 4.701989834854362242e-04
2.458825048038095236e+06 9.864344903657362718e-01 4.700102366322984806e-04
2.458825053052631672e+06 9.860013115798486050e-01 4.698716133190828726e-04
2.458825058067168109e+06 9.855391214662583277e-01 4.698251415580772129e-04
2.458825063081704080e+06 9.850518295285838333e-01 4.697786698013869488e-04
2.458825068096240517e+06 9.846117506846642220e-01 4.697321980403812349e-04
2.458825073110776953e+06 9.842460608524736809e-01 4.697233727867208873e-04
2.458825078125313390e+06 9.839547600320120990e-01 4.698673484800414330e-04
2.458825083139849827e+06 9.837374439928572301e-01 4.700113241733618703e-04
2.458825088154385798e+06 9.835603007929262231e-01 4.701552998533124685e-04
2.458825093168922234e+06 9.834017396910652575e-01 4.702833847395724459e-04
2.458825098183458671e+06 9.832617607045868180e-01 4.700582170938853266e-04
2.458825103197995108e+06 9.831403638334911266e-01 4.698330494481983157e-04
2.458825108212531544e+06 9.830189218808284002e-01 4.696078818025112506e-04
2.458825113227067515e+06 9.828761405588183342e-01 4.693827141777337834e-04
2.458825118241603952e+06 9.827119963909829448e-01 4.692622150708726449e-04
2.458825123256140389e+06 9.825264893895893081e-01 4.691548614900534491e-04
2.458825128270676825e+06 9.823074857861060494e-01 4.690475079092341448e-04
2.458825133285213262e+06 9.820308908569953532e-01 4.689401543284148948e-04
2.458825138299749233e+06 9.816960465784925205e-01 4.687819068608098448e-04
2.458825143314285669e+06 9.813029528884086305e-01 4.686051961793531208e-04
2.458825148328822106e+06 9.808711112393850851e-01 4.684284854978963968e-04
2.458825153343358543e+06 9.804661809324521915e-01 4.682517748164396728e-04
2.458825158357894979e+06 9.800935017069188904e-01 4.681246608764763118e-04
2.458825163372430950e+06 9.797530735929007584e-01 4.680335845689863393e-04
2.458825168386967387e+06 9.794566016730714697e-01 4.679425082530386682e-04
2.458825173401503824e+06 9.792737982136029418e-01 4.678514319370911056e-04
2.458825178416040260e+06 9.792161959062315457e-01 4.678413736192960190e-04
2.458825183430576231e+06 9.792837947388666198e-01 4.679411334419263297e-04
2.458825188445112668e+06 9.794611833474764495e-01 4.680408932738206059e-04
2.458825193459649105e+06 9.795625933390805784e-01 4.681406531057148279e-04
2.458825198474185541e+06 9.795335578963537682e-01 4.682289186789330058e-04
2.458825203488721978e+06 9.793740770192959078e-01 4.682860938622973785e-04
2.458825208503257949e+06 9.790881221017595504e-01 4.683432690403523590e-04
2.458825213517794386e+06 9.788160467833825207e-01 4.684004442237167318e-04
2.458825218532330822e+06 9.786276408733556309e-01 4.684483629093478077e-04
2.458825223546867259e+06 9.785229043716788810e-01 4.684252485040609317e-04
2.458825228561403695e+06 9.785017585325814782e-01 4.684021340987740557e-04
2.458825233575939666e+06 9.785056103853829734e-01 4.683790196956336832e-04
2.458825238590476103e+06 9.784839250839586500e-01 4.683559052903468072e-04
2.458825243605012540e+06 9.784367026267650758e-01 4.680915484453243808e-04
2.458825248619548976e+06 9.783639430138021398e-01 4.678173130388193503e-04
2.458825253634085413e+06 9.782785468183714528e-01 4.675430776323143741e-04
2.458825258648621384e+06 9.782004539629324258e-01 4.672688422512754096e-04
2.458825263663157821e+06 9.781298894020613588e-01 4.672600737915757639e-04
2.458825268677694257e+06 9.780668531433598378e-01 4.673151874161323577e-04
2.458825273692230694e+06 9.780144823142319366e-01 4.673703010406888973e-04
2.458825278706767131e+06 9.779810201694255634e-01 4.674254146652454911e-04
2.458825283721303102e+06 9.779669014578091790e-01 4.673748676184424238e-04
2.458825288735839538e+06 9.779721261767607698e-01 4.672677778223903694e-04
2.458825293750375975e+06 9.779834494768859798e-01 4.671606880263383149e-04
2.458825298764912412e+06 9.779410329358729781e-01 4.670535982302862063e-04
2.458825303779448848e+06 9.778375869282870392e-01 4.670075397246237409e-04
2.458825308793984819e+06 9.776731114722349014e-01 4.670233033300326994e-04
2.458825313808521256e+06 9.774691190189107592e-01 4.670390669369056018e-04
2.458825318823057692e+06 9.774074174456947040e-01 4.670548305437784500e-04
2.458825323837594129e+06 9.775292113583573528e-01 4.671222999152819448e-04
2.458825328852130566e+06 9.778345007568988168e-01 4.672891817380449872e-04
2.458825333866666537e+06 9.783121628003252912e-01 4.674560635453110942e-04
2.458825338881202973e+06 9.787418686712561211e-01 4.676229453680741366e-04
2.458825343895739410e+06 9.790379131647287680e-01 4.677906967100450624e-04
2.458825348910275847e+06 9.792002962807434541e-01 4.679622152958730244e-04
2.458825353924812283e+06 9.792296288522834846e-01 4.681337338817009321e-04
2.458825358939348254e+06 9.791860602381736722e-01 4.683052524516013136e-04
2.458825363953884691e+06 9.791094032404278336e-01 4.684657303841727335e-04
2.458825368968421128e+06 9.789996578615552947e-01 4.683016667174783867e-04
2.458825373982957564e+06 9.788568241015560556e-01 4.681376030507840942e-04
2.458825378997493535e+06 9.787613316018582976e-01 4.679735393993251190e-04
2.458825384012029972e+06 9.788087365186889377e-01 4.678094757326308265e-04
2.458825389026566409e+06 9.789992126110256265e-01 4.678001062049335062e-04
2.458825394041102845e+06 9.793327598788685862e-01 4.678121770591392274e-04
2.458825399055639282e+06 9.797216499276214519e-01 4.678242479133448402e-04
2.458825404070175253e+06 9.799855336202232259e-01 4.678363187664294964e-04
2.458825409084711690e+06 9.801189934391245639e-01 4.678497609027426683e-04
2.458825414099248126e+06 9.801220293537645789e-01 4.678637267214096149e-04
2.458825419113784563e+06 9.800325099888680391e-01 4.678776925400764532e-04
2.458825424128320999e+06 9.799825284702965433e-01 4.678916583587433998e-04
2.458825429142856970e+06 9.799834234443227654e-01 4.679384106517918049e-04
2.458825434157393407e+06 9.800351949111131278e-01 4.680099958811521996e-04
2.458825439171929844e+06 9.801390291792114740e-01 4.680815811105126486e-04
2.458825444186466280e+06 9.803022856174096189e-01 4.681531663398730433e-04
2.458825449201002717e+06 9.805262319428754703e-01 4.682560898615152666e-04
2.458825454215538688e+06 9.808108681263590922e-01 4.684033001207311584e-04
2.458825459230075125e+06 9.811504800807140381e-01 4.685505103936174302e-04
2.458825464244611561e+06 9.814723005699672598e-01 4.686977206665036478e-04
2.458825469259147998e+06 9.817542281668615312e-01 4.688183643338015411e-04
2.458825474273684435e+06 9.819962628713969632e-01 4.688633020584366670e-04
2.458825479288220406e+06 9.821992072750607150e-01 4.689082397788988071e-04
2.458825484302756842e+06 9.823943656914529976e-01 4.689531775035338788e-04
2.458825489317293279e+06 9.825978538606170432e-01 4.689895002949946191e-04
2.458825494331829716e+06 9.828096717825531847e-01 4.689524964310180571e-04
2.458825499346366152e+06 9.830298103834551604e-01 4.689154925670414951e-04
2.458825504360902123e+06 9.832459125764437813e-01 4.688784887065011492e-04
2.458825509375438560e+06 9.834468986986121264e-01 4.688414848425245872e-04
2.458825514389974996e+06 9.836327687291905875e-01 4.689044892149292227e-04
2.458825519404511433e+06 9.838035226681793866e-01 4.689727009851251522e-04
2.458825524419047870e+06 9.839802808190992733e-01 4.690409127553210275e-04
2.458825529433583841e+06 9.841968773682746585e-01 4.691091245191826684e-04
2.458825534448120277e+06 9.844537577682889173e-01 4.693485818520419365e-04
2.458825539462656714e+06 9.847509220008990871e-01 4.696319588318415917e-04
2.458825544477193151e+06 9.850719028524795862e-01 4.699153358116413552e-04
2.458825549491729122e+06 9.853719087379736452e-01 4.701987127651259600e-04
2.458825554506265558e+06 9.856484136633288928e-01 4.702403864172724447e-04
2.458825559520801995e+06 9.859014175995948204e-01 4.701468390471307186e-04
2.458825564535338432e+06 9.861314123844286961e-01 4.700532916769889925e-04
2.458825569549874868e+06 9.863407051755294086e-01 4.699597443068472121e-04
2.458825574564410839e+06 9.865295900305647292e-01 4.699638485830829248e-04
2.458825579578947276e+06 9.866980669846151519e-01 4.700709730567141469e-04
2.458825584593483713e+06 9.868480959653145312e-01 4.701780975303454231e-04
2.458825589608020149e+06 9.869970326966391871e-01 4.702852220039765909e-04
2.458825594622556586e+06 9.871489590594538788e-01 4.704164465937526237e-04
2.458825599637092557e+06 9.873038750392334473e-01 4.705961627532308060e-04
2.458825604651628993e+06 9.874630154667081161e-01 4.707758789293978955e-04
2.458825609666165430e+06 9.876526447687229426e-01 4.709555951055649308e-04
2.458825614680701867e+06 9.878833381117443357e-01 4.710971713986219318e-04
2.458825619695238303e+06 9.881550954957722954e-01 4.710618542658768907e-04
2.458825624709774274e+06 9.884673741558933635e-01 4.710265371364115612e-04
2.458825629724310711e+06 9.887561949723888688e-01 4.709912200036666286e-04
2.458825634738847148e+06 9.889776483613592628e-01 4.709589551415291819e-04
2.458825639753383584e+06 9.891317343228046566e-01 4.710578680995415645e-04
2.458825644767920021e+06 9.892184528567252721e-01 4.711567810575538928e-04
2.458825649782455992e+06 9.892932794468755064e-01 4.712556940063809688e-04
2.458825654796992429e+06 9.894246838461602245e-01 4.713546069643933514e-04
2.458825659811528865e+06 9.896128509071818735e-01 4.713815118184378297e-04
2.458825664826065302e+06 9.898577806299405646e-01 4.713974767165671816e-04
2.458825669840601739e+06 9.901177668712197733e-01 4.714134416146965336e-04
2.458825674855137710e+06 9.903040515990579884e-01 4.714294065113433475e-04
2.458825679869674146e+06 9.904137160241550664e-01 4.714099959415639189e-04
2.458825684884210583e+06 9.904467601256549125e-01 4.713763794198628457e-04
2.458825689898747019e+06 9.904404214915991655e-01 4.713427628981618268e-04
2.458825694913283456e+06 9.905293039199017935e-01 4.713091463764608078e-04
2.458825699927819427e+06 9.907255871644163880e-01 4.713692384763898597e-04
2.458825704942355864e+06 9.910292712615973443e-01 4.715033019671231425e-04
2.458825709956892300e+06 9.914136491280826080e-01 4.716373654578564253e-04
2.458825714971428737e+06 9.917060351568444121e-01 4.717714289485897623e-04
2.458825719985965174e+06 9.918754698809669756e-01 4.718267158729048515e-04
2.458825725000501145e+06 9.919219533018427404e-01 4.717658965620180069e-04
2.458825730015037581e+06 9.918573171118006959e-01 4.717050772454833905e-04
2.458825735029574018e+06 9.918409929366458488e-01 4.716442579289487741e-04
2.458825740044110455e+06 9.919231379345647692e-01 4.716735536475277074e-04
2.458825745058646426e+06 9.921037520842134194e-01 4.719737769794696844e-04
2.458825750073182862e+06 9.923804571490933979e-01 4.722740003392911072e-04
2.458825755087719299e+06 9.926502734702676856e-01 4.725742236991125299e-04
2.458825760102255736e+06 9.928583045745323910e-01 4.728333204134273215e-04
2.458825765116792172e+06 9.930045504618878471e-01 4.727004855345762462e-04
2.458825770131328143e+06 9.930890015475836163e-01 4.725676506680605185e-04
2.458825775145864580e+06 9.930798523823481938e-01 4.724348157892094974e-04
2.458825780160401016e+06 9.929474393758557227e-01 4.723019809103584220e-04
2.458825785174937453e+06 9.926917625281059809e-01 4.721459942760222327e-04
2.458825790189473890e+06 9.923128218390994126e-01 4.719885387505032021e-04
2.458825795204009861e+06 9.919435006304962998e-01 4.718310832396058847e-04
2.458825800218546297e+06 9.918043921050797573e-01 4.716736277140868541e-04
2.458825805233082734e+06 9.918988437201040620e-01 4.718728191567223506e-04
2.458825810247619171e+06 9.922268554755692138e-01 4.721692803339665287e-04
2.458825815262155607e+06 9.926866866346293339e-01 4.724657415112105984e-04
2.458825820276691578e+06 9.929918343208984366e-01 4.727622026609246608e-04
2.458825825291228015e+06 9.931250588480347030e-01 4.727823595435797378e-04
2.458825830305764452e+06 9.930863601797191853e-01 4.726409938633923833e-04
2.458825835320300888e+06 9.929112982772246854e-01 4.724996281832050289e-04
2.458825840334837325e+06 9.927731424814864036e-01 4.723582625030176745e-04
2.458825845349373296e+06 9.926949832105353977e-01 4.723047950008950812e-04
2.458825850363909733e+06 9.926768204498553905e-01 4.723479141006542968e-04
2.458825855378446169e+06 9.927117268936983541e-01 4.723910332004134039e-04
2.458825860392982606e+06 9.927353627328562302e-01 4.724341523001726194e-04
2.458825865407519042e+06 9.927320290463808039e-01 4.724530563891070995e-04
2.458825870422055013e+06 9.927017258383386000e-01 4.724209322470121508e-04
2.458825875436591450e+06 9.926459990331180094e-01 4.723888081019340739e-04
2.458825880451127887e+06 9.926002604360749659e-01 4.723566839568559429e-04
2.458825885465664323e+06 9.925792692144524976e-01 4.723217652426979778e-04
2.458825890480200760e+06 9.925830253682506044e-01 4.722729265478584374e-04
2.458825895494736731e+06 9.926112431762705857e-01 4.722240878575541690e-04
2.458825900509273168e+06 9.926227675311177778e-01 4.721752491627145745e-04
2.458825905523809604e+06 9.925883018018755166e-01 4.721279525700807856e-04
2.458825910538346041e+06 9.925078459885434690e-01 4.722018492064708776e-04
2.458825915552882012e+06 9.923814001049992006e-01 4.722757458359986746e-04
2.458825920567418449e+06 9.922515976749645139e-01 4.723496424723887667e-04
2.458825925581954885e+06 9.921730832421697954e-01 4.724235391087788045e-04
2.458825930596491322e+06 9.921460611594905554e-01 4.723300960727650584e-04
2.458825935611027759e+06 9.921705314269265719e-01 4.722089433522387754e-04
2.458825940625563730e+06 9.922214571571065234e-01 4.720877906429628789e-04
2.458825945640100166e+06 9.922436793637734453e-01 4.719666379224365959e-04
2.458825950654636603e+06 9.922352206452358381e-01 4.719745215982315166e-04
2.458825955669173039e+06 9.921960810014933685e-01 4.720368402143015137e-04
2.458825960683709476e+06 9.921218616184491745e-01 4.720991588303715108e-04
2.458825965698245447e+06 9.919960808651188122e-01 4.721614774406544162e-04
2.458825970712781884e+06 9.918171684839540703e-01 4.721982524373874619e-04
2.458825975727318320e+06 9.915851244841688006e-01 4.722140160340424094e-04
2.458825980741854757e+06 9.913191034737406371e-01 4.722297796306974111e-04
2.458825985756391194e+06 9.911482814408638653e-01 4.722455432273523586e-04
2.458825990770927165e+06 9.910967509980365131e-01 4.722806964886474613e-04
2.458825995785463601e+06 9.911645121356883470e-01 4.723456666624433397e-04
2.458826000800000038e+06 9.913389162417286515e-01 4.724106368362392724e-04
