2.459012000000000000e+06 9.922754615078130946e-01 4.941819061815381229e-04
2.459012005014536437e+06 9.925324836978459686e-01 4.939189579285861546e-04
2.459012010029072873e+06 9.925793388366339620e-01 4.936560096756344032e-04
2.459012015043608844e+06 9.923998539018090703e-01 4.934756882144952133e-04
2.459012020058145281e+06 9.919940288600361811e-01 4.933428606881004553e-04
2.459012025072681718e+06 9.914355336190302515e-01 4.932100331617056974e-04
2.459012030087218154e+06 9.910780370872023237e-01 4.930772056353109395e-04
2.459012035101754591e+06 9.909678639063930206e-01 4.929702416697825116e-04
2.459012040116290562e+06 9.911050140523830487e-01 4.928912447666975458e-04
2.459012045130826999e+06 9.914530237925627265e-01 4.928122478562768681e-04
2.459012050145363435e+06 9.916796414395986359e-01 4.927332509458560821e-04
2.459012055159899872e+06 9.917049745494891377e-01 4.925577631179033078e-04
2.459012060174436308e+06 9.915290231222337880e-01 4.921827117169792678e-04
2.459012065188972279e+06 9.911615733693185382e-01 4.918076603508833794e-04
2.459012070203508716e+06 9.908200456482131324e-01 4.914326089499593394e-04
2.459012075218045153e+06 9.905937921765819443e-01 4.910892836525823256e-04
2.459012080232581589e+06 9.904828129544248627e-01 4.908993495943698819e-04
2.459012085247118026e+06 9.904864457466471261e-01 4.907094155361574382e-04
2.459012090261653997e+06 9.905171764866221862e-01 4.905194814955825787e-04
2.459012095276190434e+06 9.905136504170142242e-01 4.903299886578693992e-04
2.459012100290726870e+06 9.904758675333791285e-01 4.901662480928854239e-04
2.459012105305263307e+06 9.904038278357167879e-01 4.900025075279015570e-04
2.459012110319799278e+06 9.903105142021039198e-01 4.898387669781229751e-04
2.459012115334335715e+06 9.902123029350651251e-01 4.896750264131391082e-04
2.459012120348872151e+06 9.901092477386312929e-01 4.895241293228331202e-04
2.459012125363408588e+06 9.900013486128022011e-01 4.893752831004631121e-04
2.459012130377945025e+06 9.898917452752823420e-01 4.892264368780931041e-04
2.459012135392480996e+06 9.897872518282359033e-01 4.890775906695452643e-04
2.459012140407017432e+06 9.896881036718014890e-01 4.889766782923716127e-04
2.459012145421553869e+06 9.895943008159308052e-01 4.888955575870156632e-04
2.459012150436090305e+06 9.895153020329074955e-01 4.888144368816599306e-04
2.459012155450626742e+06 9.894859880495286975e-01 4.887333161763040895e-04
2.459012160465162713e+06 9.895096075294568250e-01 4.887200349478911486e-04
2.459012165479699150e+06 9.895861604770788134e-01 4.887615392092861536e-04
2.459012170494235586e+06 9.897073840841782433e-01 4.888030434706811585e-04
2.459012175508772023e+06 9.898186085473804630e-01 4.888445477320761635e-04
2.459012180523308460e+06 9.899098171843301319e-01 4.888466263653036201e-04
2.459012185537844431e+06 9.899810099893455728e-01 4.887892422179211747e-04
2.459012190552380867e+06 9.900298725641466513e-01 4.887318580652097672e-04
2.459012195566917304e+06 9.900242298430914634e-01 4.886744739124983597e-04
2.459012200581453741e+06 9.899537660139653417e-01 4.885786547147678979e-04
2.459012205595990177e+06 9.898184810767681752e-01 4.883638458702569893e-04
2.459012210610526148e+06 9.896195261364439943e-01 4.881490370456937201e-04
2.459012215625062585e+06 9.894097279779817677e-01 4.879342282011827031e-04
2.459012220639599022e+06 9.892177758541972343e-01 4.877307323689804232e-04
2.459012225654135458e+06 9.890436697650903941e-01 4.876421714366392353e-04
2.459012230668671895e+06 9.888874183003185658e-01 4.875536105042981017e-04
2.459012235683207866e+06 9.888068058940038263e-01 4.874650495801808583e-04
2.459012240697744302e+06 9.888568583830623648e-01 4.873764886478397789e-04
2.459012245712280739e+06 9.890375757810468960e-01 4.873208053782319494e-04
2.459012250726817176e+06 9.893489580879574197e-01 4.872674050805671751e-04
2.459012255741353612e+06 9.896625760784170112e-01 4.872140047829024009e-04
2.459012260755889583e+06 9.897613112781913358e-01 4.871606044901964421e-04
2.459012265770426020e+06 9.896416344178360358e-01 4.869055078923067580e-04
2.459012270784962457e+06 9.893035454780408910e-01 4.865936984668760333e-04
2.459012275799498893e+06 9.888493384347463167e-01 4.862818890414452003e-04
2.459012280814034864e+06 9.885721700783663968e-01 4.859700796449697752e-04
2.459012285828571301e+06 9.884902526862550109e-01 4.857772715687980018e-04
2.459012290843107738e+06 9.886035862932165408e-01 4.856555627541567352e-04
2.459012295857644174e+06 9.888600624241962178e-01 4.855338539395155227e-04
2.459012300872180611e+06 9.890009084123421168e-01 4.854121451248742561e-04
2.459012305886716582e+06 9.889908796667014057e-01 4.852545411839098732e-04
2.459012310901253019e+06 9.888299761854115744e-01 4.850566949594222431e-04
2.459012315915789455e+06 9.885426369069040264e-01 4.848588487349346672e-04
2.459012320930325892e+06 9.883612673801837056e-01 4.846610025104470913e-04
2.459012325944862328e+06 9.883435936617532835e-01 4.844692797946153866e-04
2.459012330959398299e+06 9.884896157304520203e-01 4.842907559710801823e-04
2.459012335973934736e+06 9.887931332472337242e-01 4.841122321309669846e-04
2.459012340988471173e+06 9.891068339372550700e-01 4.839337082908536786e-04
2.459012346003007609e+06 9.893682978556400665e-01 4.837659874246935383e-04
2.459012351017544046e+06 9.895775250023886027e-01 4.836539953290529140e-04
2.459012356032080017e+06 9.897345018755642210e-01 4.835420032438121738e-04
2.459012361046616454e+06 9.898370759014905040e-01 4.834300111481715494e-04
2.459012366061152890e+06 9.898836880326475907e-01 4.833179395630779820e-04
2.459012371075689327e+06 9.898743382690352588e-01 4.831958004421662818e-04
2.459012376090225764e+06 9.898090266106535084e-01 4.830736613212545274e-04
2.459012381104761735e+06 9.897404660402620014e-01 4.829515222116849372e-04
2.459012386119298171e+06 9.897373961547879517e-01 4.828293830907732370e-04
2.459012391133834608e+06 9.898001104536640060e-01 4.829255102745348542e-04
2.459012396148371045e+06 9.899286089368902752e-01 4.830591637039812359e-04
2.459012401162907481e+06 9.900881575661539813e-01 4.831928171334275634e-04
2.459012406177443452e+06 9.902010292718694817e-01 4.833264705504625950e-04
2.459012411191979889e+06 9.902643306933831546e-01 4.833888040739562492e-04
2.459012416206516325e+06 9.902780618179121142e-01 4.834203903416724808e-04
2.459012421221052762e+06 9.902624779767044139e-01 4.834519766093886041e-04
2.459012426235589199e+06 9.902946940185264335e-01 4.834835628771047816e-04
2.459012431250125170e+06 9.903822234670818236e-01 4.836171732325429901e-04
2.459012436264661606e+06 9.905250663386270249e-01 4.838362296507750884e-04
2.459012441279198043e+06 9.907147076388262974e-01 4.840552860690073493e-04
2.459012446293734480e+06 9.908926535336571861e-01 4.842743424872395018e-04
2.459012451308270916e+06 9.910478072819811635e-01 4.844687280225641601e-04
2.459012456322806887e+06 9.911801688725655479e-01 4.846244730855679673e-04
2.459012461337343324e+06 9.912926133928685601e-01 4.847802181630345977e-04
2.459012466351879761e+06 9.914272550792598837e-01 4.849359632405013366e-04
2.459012471366416197e+06 9.915980214574013907e-01 4.851326902027542601e-04
2.459012476380952168e+06 9.918049125064037908e-01 4.854627253663202670e-04
2.459012481395488605e+06 9.920464286981832691e-01 4.857927605605340672e-04
2.459012486410025042e+06 9.922464001390018939e-01 4.861227957547478674e-04
2.459012491424561478e+06 9.923621541493315990e-01 4.864704693209251905e-04
2.459012496439097915e+06 9.923936907291722731e-01 4.870193527057629186e-04
2.459012501453633886e+06 9.923410104221436212e-01 4.875682360396301884e-04
2.459012506468170322e+06 9.922527675238445033e-01 4.881171194244680249e-04
2.459012511482706759e+06 9.921769748308278958e-01 4.886660028093057530e-04
2.459012516497243196e+06 9.921136323430941317e-01 4.890000599022593280e-04
2.459012521511779632e+06 9.920627400606428781e-01 4.893169636419751915e-04
2.459012526526315603e+06 9.920609425121279523e-01 4.896338673522626639e-04
2.459012531540852040e+06 9.921721604573036091e-01 4.899507710919786358e-04
2.459012536555388477e+06 9.923975569316924039e-01 4.904200702209005839e-04
2.459012541569924913e+06 9.927371319352948920e-01 4.909345009198223852e-04
2.459012546584461350e+06 9.931639695090686004e-01 4.914489316187441864e-04
2.459012551598997321e+06 9.935985168756189534e-01 4.919633622698947389e-04
2.459012556613533758e+06 9.940355534878058119e-01 4.925310113597113938e-04
2.459012561628070194e+06 9.944750793053922511e-01 4.931316987064454085e-04
2.459012566642606631e+06 9.948999303998160570e-01 4.937323860531795316e-04
2.459012571657143068e+06 9.952219050091911656e-01 4.943330733999135463e-04
2.459012576671679039e+06 9.954285187121352241e-01 4.949020439021008938e-04
2.459012581686215475e+06 9.955197715470216480e-01 4.954341451309458898e-04
2.459012586700751912e+06 9.955091246972280761e-01 4.959662463597908858e-04
2.459012591715288348e+06 9.955302907148460001e-01 4.964983475886357734e-04
2.459012596729824785e+06 9.956175699165900062e-01 4.970132547688574116e-04
2.459012601744360756e+06 9.957709622851462772e-01 4.974895125900108492e-04
2.459012606758897193e+06 9.959862608009549811e-01 4.979657704553906283e-04
2.459012611773433629e+06 9.961563002036316616e-01 4.984420283207705157e-04
2.459012616787970066e+06 9.962342609731830168e-01 4.988967962999043540e-04
2.459012621802506503e+06 9.962201431096084914e-01 4.992329252480295129e-04
2.459012626817042474e+06 9.961146779822880326e-01 4.995690541649408165e-04
2.459012631831578910e+06 9.960619537180397387e-01 4.999051831130658669e-04
2.459012636846115347e+06 9.961698046768086012e-01 5.002413120611909174e-04
2.459012641860651784e+06 9.964382308585949533e-01 5.007552685820338637e-04
2.459012646875187755e+06 9.968672322161047372e-01 5.012694354707934730e-04
2.459012651889724191e+06 9.972805847219754494e-01 5.017836024072998280e-04
2.459012656904260628e+06 9.974407789506568589e-01 5.022977693438061830e-04
2.459012661918797065e+06 9.973465377717065650e-01 5.024759046091083810e-04
2.459012666933333501e+06 9.969978611851242345e-01 5.025920610013408620e-04
2.459012671947869472e+06 9.965564846253446296e-01 5.027082173827868324e-04
2.459012676962405909e+06 9.963955866729478084e-01 5.028243737750194217e-04
2.459012681976942345e+06 9.965300913814199024e-01 5.030882325042528892e-04
2.459012686991478782e+06 9.969599987507605787e-01 5.034185314157482629e-04
2.459012692006015219e+06 9.975861314145287873e-01 5.037488303272436366e-04
2.459012697020551190e+06 9.980185929745042372e-01 5.040791292080668224e-04
2.459012702035087626e+06 9.982176772509546714e-01 5.043008592097948444e-04
2.459012707049624063e+06 9.981833841928848816e-01 5.044283008700781081e-04
2.459012712064160500e+06 9.979537237028386354e-01 5.045557425303612634e-04
2.459012717078696936e+06 9.977999435345545898e-01 5.046831841906445270e-04
2.459012722093232907e+06 9.977753052423764535e-01 5.049049704253849363e-04
2.459012727107769344e+06 9.978798088217283313e-01 5.052802577282295869e-04
2.459012732122305781e+06 9.981054753244578137e-01 5.056555450310743459e-04
2.459012737136842217e+06 9.983289780818803694e-01 5.060308323339189965e-04
2.459012742151378654e+06 9.985082513680513250e-01 5.063320668674117439e-04
2.459012747165914625e+06 9.986432951724844020e-01 5.063798592207075476e-04
2.459012752180451062e+06 9.987345445305525482e-01 5.064276515784415329e-04
2.459012757194987498e+06 9.988066083889260982e-01 5.064754439361753013e-04
2.459012762209523935e+06 9.988737107528891102e-01 5.065332635857531423e-04
2.459012767224060372e+06 9.989358516224419171e-01 5.067211432103450744e-04
2.459012772238596343e+06 9.989930309925045826e-01 5.069090228174899168e-04
2.459012777253132779e+06 9.990303786161175426e-01 5.070969024420817406e-04
2.459012782267669216e+06 9.990326832894964593e-01 5.072847820666736727e-04
2.459012787282205652e+06 9.989999445254752475e-01 5.075039888340993153e-04
2.459012792296742089e+06 9.989321623240535741e-01 5.077260296523462358e-04
2.459012797311278060e+06 9.988721153444596323e-01 5.079480704499737993e-04
2.459012802325814497e+06 9.988967889529747346e-01 5.081701112682206114e-04
2.459012807340350933e+06 9.990077405625409357e-01 5.083974442180197407e-04
2.459012812354887370e+06 9.992049701731581246e-01 5.086264255469645067e-04
2.459012817369423807e+06 9.994569208675557759e-01 5.088554068759091643e-04
2.459012822383959778e+06 9.996673919098296723e-01 5.090843881835902321e-04
2.459012827398496214e+06 9.998297242794913497e-01 5.091921673038480754e-04
2.459012832413032651e+06 9.999439179547612300e-01 5.092217894035066693e-04
2.459012837427569088e+06 1.000000000000000000e+00 5.092514115031652631e-04
2.459012842442105059e+06 9.999449200370054136e-01 5.092810336000730192e-04
2.459012847456641495e+06 9.997708785929275699e-01 5.092205456970241417e-04
2.459012852471177932e+06 9.994778756673580178e-01 5.090514332171394100e-04
2.459012857485714369e+06 9.990836604196501325e-01 5.088823207372546783e-04
2.459012862500250805e+06 9.987725539965069954e-01 5.087132082573698382e-04
2.459012867514786776e+06 9.985933789247092296e-01 5.085826998373645363e-04
2.459012872529323213e+06 9.985461351709792321e-01 5.085427502577874936e-04
2.459012877543859649e+06 9.986237682307657071e-01 5.085028006782104509e-04
2.459012882558396086e+06 9.986330745015863375e-01 5.084628510986334083e-04
2.459012887572932523e+06 9.984870197955960647e-01 5.084060254481060628e-04
2.459012892587468494e+06 9.981856041479986175e-01 5.082491560433860089e-04
2.459012897602004930e+06 9.977295210646882628e-01 5.080922866240987230e-04
2.459012902616541367e+06 9.972922519099702843e-01 5.079354172048113287e-04
2.459012907631077804e+06 9.970079944276570849e-01 5.077785477855240428e-04
2.459012912645614240e+06 9.968767486177494419e-01 5.077058185558405191e-04
2.459012917660150211e+06 9.968985144711214330e-01 5.076339565179602796e-04
2.459012922674686648e+06 9.969581382773883282e-01 5.075620944734068841e-04
2.459012927689223085e+06 9.968952555005694549e-01 5.074902324288534886e-04
2.459012932703759521e+06 9.967088080629634694e-01 5.070866011779696187e-04
2.459012937718295958e+06 9.963987959645708159e-01 5.066175337134480074e-04
2.459012942732831929e+06 9.960382854273557296e-01 5.061484662924850856e-04
2.459012947747368366e+06 9.958011056102886727e-01 5.056793988279635827e-04
2.459012952761904802e+06 9.956947049543489747e-01 5.054608544645624755e-04
2.459012957776441239e+06 9.957190834595371909e-01 5.053598145143394773e-04
2.459012962790977675e+06 9.958136705245743681e-01 5.052587745641164791e-04
2.459012967805513646e+06 9.957325248661703654e-01 5.051577346232763834e-04
2.459012972820050083e+06 9.954494898743302400e-01 5.047819003915419685e-04
2.459012977834586520e+06 9.949645655472156847e-01 5.041586147827605002e-04
2.459012982849122956e+06 9.943067001262118065e-01 5.035353291739788151e-04
2.459012987863659393e+06 9.936906194299012229e-01 5.029120435651972384e-04
2.459012992878195364e+06 9.931599504872308248e-01 5.024308084265874993e-04
2.459012997892731801e+06 9.927146931996421175e-01 5.021897506198045929e-04
2.459013002907268237e+06 9.923553812299075183e-01 5.019486928130217950e-04
2.459013007921804674e+06 9.920907308537226799e-01 5.017076350062389970e-04
2.459013012936340645e+06 9.919238082697729997e-01 5.014715616187262123e-04
2.459013017950877082e+06 9.918546134470567210e-01 5.012534630251804868e-04
2.459013022965413518e+06 9.918808619720753672e-01 5.010353644316348698e-04
2.459013027979949955e+06 9.918576076801163266e-01 5.008172658380892527e-04
2.459013032994486392e+06 9.916984010393575799e-01 5.005897463557742360e-04
2.459013038009022363e+06 9.914032420835207082e-01 5.002210525972008125e-04
2.459013043023558799e+06 9.909721307577875615e-01 4.998523588043895854e-04
2.459013048038095236e+06 9.904973261374018234e-01 4.994836650115783584e-04
2.459013053052631672e+06 9.900766183470927073e-01 4.991149712187672397e-04
2.459013058067168109e+06 9.897100279577454307e-01 4.988026686665628876e-04
2.459013063081704080e+06 9.893975549958644589e-01 4.984960785960237516e-04
2.459013068096240517e+06 9.891218161886164983e-01 4.981894884970139003e-04
2.459013073110776953e+06 9.888505405029262008e-01 4.978828983980040489e-04
2.459013078125313390e+06 9.885830063943015222e-01 4.976250683044382978e-04
2.459013083139849827e+06 9.883192138627425738e-01 4.973831915174298495e-04
2.459013088154385798e+06 9.880495336192522959e-01 4.971413147528823840e-04
2.459013093168922234e+06 9.877436849626983761e-01 4.968994379658738273e-04
2.459013098183458671e+06 9.873994600618531958e-01 4.966822782784598720e-04
2.459013103197995108e+06 9.870168589167165329e-01 4.964816697706999531e-04
2.459013108212531544e+06 9.866152697047848585e-01 4.962810612629402511e-04
2.459013113227067515e+06 9.863014920992095869e-01 4.960804527738094192e-04
2.459013118241603952e+06 9.860918269361379496e-01 4.958733671543226517e-04
2.459013123256140389e+06 9.859862742495423271e-01 4.956581835798844248e-04
2.459013128270676825e+06 9.859707404616104842e-01 4.954430000054460895e-04
2.459013133285213262e+06 9.858920691755939103e-01 4.952278164310079710e-04
2.459013138299749233e+06 9.857083788041430816e-01 4.950451749562813971e-04
2.459013143314285669e+06 9.854196693131423990e-01 4.949422610705541238e-04
2.459013148328822106e+06 9.850280631383172558e-01 4.948393471848268506e-04
2.459013153343358543e+06 9.845962467016466935e-01 4.947364332990995773e-04
2.459013158357894979e+06 9.841533384074410140e-01 4.946010919951684308e-04
2.459013163372430950e+06 9.836993382983746370e-01 4.942585362116011863e-04
2.459013168386967387e+06 9.832344997275278553e-01 4.939159803962233416e-04
2.459013173401503824e+06 9.828422672083967360e-01 4.935734245808456053e-04
2.459013178416040260e+06 9.825893809017736125e-01 4.932308687654677606e-04
2.459013183430576231e+06 9.824758408117320041e-01 4.932970919474978641e-04
2.459013188445112668e+06 9.825016469171847788e-01 4.933713276432851597e-04
2.459013193459649105e+06 9.825414436653063799e-01 4.934455633390725637e-04
2.459013198474185541e+06 9.824148936882853844e-01 4.935197990348598593e-04
2.459013203488721978e+06 9.821205671472221788e-01 4.932454233143945084e-04
2.459013208503257949e+06 9.816584640928187611e-01 4.928977315460754058e-04
2.459013213517794386e+06 9.811223634719845599e-01 4.925500397454687625e-04
2.459013218532330822e+06 9.807423095425308324e-01 4.922023479448621192e-04
2.459013223546867259e+06 9.805288376965459740e-01 4.919768913346642602e-04
2.459013228561403695e+06 9.804819479340302069e-01 4.918111797160574497e-04
2.459013233575939666e+06 9.805441390458791151e-01 4.916454681128389374e-04
2.459013238590476103e+06 9.804742093576201967e-01 4.914797564942320184e-04
2.459013243605012540e+06 9.802453902646747208e-01 4.912467164655792261e-04
2.459013248619548976e+06 9.798576817670426875e-01 4.909508147655554594e-04
2.459013253634085413e+06 9.793340792430056396e-01 4.906549130655315843e-04
2.459013258648621384e+06 9.788519840769785985e-01 4.903590113929858375e-04
2.459013263663157821e+06 9.784486798468764457e-01 4.901151656828241828e-04
2.459013268677694257e+06 9.781241666011257774e-01 4.899628214866263726e-04
2.459013273692230694e+06 9.778800045216511361e-01 4.898104772904284540e-04
2.459013278706767131e+06 9.777431705445018828e-01 4.896581330942306439e-04
2.459013283721303102e+06 9.777234512606498562e-01 4.895231850040422054e-04
2.459013288735839538e+06 9.778208466664333187e-01 4.894544461937725289e-04
2.459013293750375975e+06 9.780331412416530812e-01 4.893857073835028524e-04
2.459013298764912412e+06 9.782014001164931472e-01 4.893169685732332843e-04
2.459013303779448848e+06 9.782277930703157098e-01 4.892350471929931936e-04
2.459013308793984819e+06 9.781123201204309225e-01 4.889200591199337762e-04
2.459013313808521256e+06 9.778549812453926071e-01 4.886050710176237767e-04
2.459013318823057692e+06 9.775875699652858408e-01 4.882900829153138857e-04
2.459013323837594129e+06 9.774547754393755339e-01 4.879750948130039405e-04
2.459013328852130566e+06 9.774566755803615337e-01 4.877396225103103897e-04
2.459013333866666537e+06 9.775932703693052117e-01 4.875130842874860816e-04
2.459013338881202973e+06 9.777852505530277849e-01 4.872865460436249445e-04
2.459013343895739410e+06 9.778807474376467468e-01 4.870600077997637532e-04
2.459013348910275847e+06 9.778760279591970361e-01 4.868385020968310885e-04
2.459013353924812283e+06 9.777710921176786529e-01 4.866187239096341367e-04
2.459013358939348254e+06 9.776095148068073559e-01 4.863989457428463149e-04
2.459013363953884691e+06 9.775326618733032324e-01 4.861791675556493631e-04
2.459013368968421128e+06 9.775513766073450350e-01 4.860023384714201350e-04
2.459013373982957564e+06 9.776656590089326526e-01 4.858553662333072332e-04
2.459013378997493535e+06 9.778450078309187665e-01 4.857083940088425394e-04
2.459013384012029972e+06 9.779153675118597011e-01 4.855614217707296377e-04
2.459013389026566409e+06 9.778491712642914946e-01 4.854364958593951622e-04
2.459013394041102845e+06 9.776464190882144800e-01 4.853401615838279812e-04
2.459013399055639282e+06 9.773263425515035241e-01 4.852438273082609085e-04
2.459013404070175253e+06 9.771078565695929807e-01 4.851474930416396422e-04
2.459013409084711690e+06 9.770527536290009030e-01 4.850957972826123836e-04
2.459013414099248126e+06 9.771610337576028815e-01 4.851584145631307509e-04
2.459013419113784563e+06 9.774295274765784081e-01 4.852210318436489555e-04
2.459013424128320999e+06 9.777569441972691067e-01 4.852836491241671601e-04
2.459013429142856970e+06 9.780947656201326446e-01 4.853632112882900812e-04
2.459013434157393407e+06 9.784429918079110555e-01 4.855600025022259719e-04
2.459013439171929844e+06 9.788014726029926615e-01 4.857567937161618625e-04
2.459013444186466280e+06 9.791019080236500471e-01 4.859535849300977532e-04
2.459013449201002717e+06 9.792877978923262283e-01 4.861503761440336439e-04
2.459013454215538688e+06 9.793591422077146946e-01 4.863930969739306792e-04
2.459013459230075125e+06 9.793159409830657358e-01 4.866371530593804331e-04
2.459013464244611561e+06 9.792310479053103478e-01 4.868812091448301328e-04
2.459013469259147998e+06 9.792127082831552087e-01 4.871252652302798325e-04
2.459013474273684435e+06 9.792619359883183439e-01 4.873088253637852287e-04
2.459013479288220406e+06 9.793787310068168273e-01 4.874788539562700741e-04
2.459013484302756842e+06 9.795296300007477752e-01 4.876488825645439932e-04
2.459013489317293279e+06 9.796299915335769937e-01 4.878189111728180208e-04
2.459013494331829716e+06 9.796756820119867371e-01 4.882486139722766027e-04
2.459013499346366152e+06 9.796667014359766723e-01 4.888105037494407112e-04
2.459013504360902123e+06 9.796264518648549746e-01 4.893723934744266145e-04
2.459013509375438560e+06 9.796563707527697895e-01 4.899342832515908314e-04
2.459013514389974996e+06 9.797681966057939507e-01 4.903717803782201316e-04
2.459013519404511433e+06 9.799619294239276801e-01 4.906888645074390263e-04
2.459013524419047870e+06 9.802322077830526448e-01 4.910059486366580295e-04
2.459013529433583841e+06 9.805359863203719772e-01 4.913230327364318363e-04
2.459013534448120277e+06 9.808639098877072193e-01 4.917776139600189920e-04
2.459013539462656714e+06 9.812159784579699284e-01 4.924835609546887811e-04
2.459013544477193151e+06 9.815877078703294512e-01 4.931895079493585701e-04
2.459013549491729122e+06 9.818968791794974171e-01 4.938954548784725085e-04
2.459013554506265558e+06 9.821127342323556775e-01 4.945531852054477727e-04
2.459013559520801995e+06 9.822352729958609974e-01 4.950168945440061759e-04
2.459013564535338432e+06 9.822655099329918871e-01 4.954806038825645791e-04
2.459013569549874868e+06 9.822864852770299970e-01 4.959443132211229822e-04
2.459013574564410839e+06 9.823509605748267370e-01 4.964132342260571887e-04
2.459013579578947276e+06 9.824589358383567506e-01 4.969940438324235363e-04
2.459013584593483713e+06 9.826104110636526556e-01 4.975748534387898839e-04
2.459013589608020149e+06 9.828041480223008719e-01 4.981556630451563399e-04
2.459013594622556586e+06 9.830387392911599242e-01 4.987364726515226875e-04
2.459013599637092557e+06 9.833141834219699673e-01 4.993842018245237425e-04
2.459013604651628993e+06 9.836304804658875245e-01 5.000402049120259221e-04
2.459013609666165430e+06 9.839804154104481171e-01 5.006962079995281017e-04
2.459013614680701867e+06 9.843497385759909513e-01 5.013522110870303897e-04
2.459013619695238303e+06 9.847380667175298363e-01 5.018920113728049179e-04
2.459013624709774274e+06 9.851453997963564024e-01 5.023900067611052588e-04
2.459013629724310711e+06 9.855464167573450007e-01 5.028880021956507254e-04
2.459013634738847148e+06 9.858563582648431911e-01 5.033859976301960837e-04
2.459013639753383584e+06 9.860683932878756552e-01 5.038354360748095121e-04
2.459013644767920021e+06 9.861825218264423931e-01 5.042498400227198030e-04
2.459013649782455992e+06 9.862197483411705434e-01 5.046642439321475304e-04
2.459013654796992429e+06 9.863042951543316006e-01 5.050786478800578213e-04
2.459013659811528865e+06 9.864565681264232389e-01 5.055100544832673206e-04
2.459013664826065302e+06 9.866765672574456802e-01 5.059643385892537712e-04
2.459013669840601739e+06 9.869562284912054562e-01 5.064186226952401134e-04
2.459013674855137710e+06 9.871992983051441906e-01 5.068729067590406912e-04
2.459013679869674146e+06 9.873777363522279193e-01 5.072439455518189125e-04
2.459013684884210583e+06 9.874915426068837654e-01 5.073919588598032378e-04
2.459013689898747019e+06 9.875433291641874112e-01 5.075399721677876716e-04
2.459013694913283456e+06 9.876237514568904086e-01 5.076879854757721054e-04
2.459013699927819427e+06 9.877775910454551500e-01 5.078563989884294239e-04
2.459013704942355864e+06 9.880048479584533361e-01 5.081783831031499781e-04
2.459013709956892300e+06 9.883054269596928121e-01 5.085003672178705324e-04
2.459013714971428737e+06 9.886152165739355846e-01 5.088223513325909782e-04
2.459013719985965174e+06 9.888793440919606548e-01 5.091443354473116408e-04
2.459013725000501145e+06 9.890978094956007771e-01 5.094668941650430920e-04
2.459013730015037581e+06 9.892706128254302733e-01 5.097894751635769633e-04
2.459013735029574018e+06 9.893963758783271834e-01 5.101120561621107262e-04
2.459013740044110455e+06 9.894729842401172037e-01 5.104346371606445975e-04
2.459013745058646426e+06 9.895004148453049320e-01 5.106870023331979910e-04
2.459013750073182862e+06 9.894786676989849594e-01 5.109227020343513588e-04
2.459013755087719299e+06 9.894540030365713834e-01 5.111584017355048351e-04
2.459013760102255736e+06 9.895470752366839484e-01 5.113941014366583113e-04
2.459013765116792172e+06 9.897641543802523367e-01 5.117278006741409358e-04
2.459013770131328143e+06 9.901052404298451570e-01 5.121134292247701142e-04
2.459013775145864580e+06 9.905492229105840041e-01 5.124990578112096230e-04
2.459013780160401016e+06 9.910015221242672867e-01 5.128846863976492402e-04
2.459013785174937453e+06 9.914507337080042948e-01 5.131058648607329711e-04
2.459013790189473890e+06 9.918968576617946953e-01 5.131619996999651047e-04
2.459013795204009861e+06 9.923238543859494998e-01 5.132181345339841775e-04
2.459013800218546297e+06 9.925976149547048877e-01 5.132742693732162027e-04
2.459013805233082734e+06 9.926880070232456665e-01 5.133379562910494890e-04
2.459013810247619171e+06 9.925950305915717253e-01 5.134160092604007604e-04
2.459013815262155607e+06 9.923281200663045531e-01 5.134940622297521403e-04
2.459013820276691578e+06 9.920710552269002003e-01 5.135721151918553034e-04
2.459013825291228015e+06 9.918947319739381818e-01 5.136773965214883140e-04
2.459013830305764452e+06 9.917991503350386262e-01 5.138987432490850450e-04
2.459013835320300888e+06 9.917843433555662003e-01 5.141200899766817760e-04
2.459013840334837325e+06 9.918534306727310179e-01 5.143414367042786154e-04
2.459013845349373296e+06 9.920084586737198951e-01 5.145606298963672229e-04
2.459013850363909733e+06 9.922494273873250226e-01 5.147212749246638658e-04
2.459013855378446169e+06 9.925763368031408351e-01 5.148819199529607255e-04
2.459013860392982606e+06 9.929198039864695069e-01 5.150425649812573684e-04
2.459013865407519042e+06 9.931982091063381590e-01 5.152032100095541196e-04
2.459013870422055013e+06 9.934114201532422417e-01 5.152442256494383591e-04
2.459013875436591450e+06 9.935594371667805236e-01 5.152690726727384351e-04
2.459013880451127887e+06 9.936353619741422616e-01 5.152939196960385111e-04
2.459013885465664323e+06 9.936251439081175141e-01 5.153187667193384787e-04
2.459013890480200760e+06 9.935283712757848607e-01 5.152744637869234980e-04
2.459013895494736731e+06 9.933450440981872465e-01 5.152041147911745134e-04
2.459013900509273168e+06 9.931182128735920323e-01 5.151337657888925602e-04
2.459013905523809604e+06 9.929965879784855565e-01 5.150634167866108238e-04
2.459013910538346041e+06 9.929927478629001492e-01 5.149977829110349414e-04
2.459013915552882012e+06 9.931066925107859822e-01 5.149356792395706241e-04
2.459013920567418449e+06 9.933163024893078008e-01 5.148735755623391102e-04
2.459013925581954885e+06 9.934859438718406377e-01 5.148114718851077047e-04
2.459013930596491322e+06 9.935925177322892932e-01 5.146348457510913727e-04
2.459013935611027759e+06 9.936360240706544333e-01 5.142983143360714418e-04
2.459013940625563730e+06 9.936203924424757972e-01 5.139617829523026628e-04
2.459013945640100166e+06 9.935948598306834079e-01 5.136252515372827319e-04
2.459013950654636603e+06 9.935742277356138796e-01 5.133233244771427369e-04
2.459013955669173039e+06 9.935584961572672125e-01 5.131184822901916319e-04
2.459013960683709476e+06 9.935463668860634590e-01 5.129136401032404185e-04
2.459013965698245447e+06 9.934887132454414127e-01 5.127087979353114238e-04
2.459013970712781884e+06 9.933605072810658410e-01 5.124762190069358410e-04
2.459013975727318320e+06 9.931617489950148592e-01 5.120151054499507423e-04
2.459013980741854757e+06 9.928925172461036119e-01 5.115539918929657521e-04
2.459013985756391194e+06 9.926400111723505670e-01 5.110928783359806535e-04
2.459013990770927165e+06 9.924814785425083441e-01 5.106317648218155775e-04
2.459013995785463601e+06 9.924169193271333844e-01 5.104352300026711526e-04
2.459014000800000038e+06 9.924463335453107549e-01 5.102515424875986565e-04
